,distance_travelled_center_in_m,speed_in_km/h,is_immobile,immobile_threshold[km/h],distance_nose_left_dish,distance_nose_right_dish,center_is_left_cagehalf,center_is_right_cagehalf,is_investigating_left_dish,is_investigating_right_dish,object_investigation_radius[cm]
0,0.0017741150294564034,0.3832088463625832,0.0,0.1,299.4201087177157,821.0628789890325,1.0,0.0,0.0,0.0,2.0
1,,,,0.1,301.6572591831447,816.1403510974757,1.0,0.0,0.0,0.0,2.0
2,,,,0.1,307.9884223808923,799.8592583878377,,,0.0,0.0,2.0
3,0.004638418608131535,1.0018984193564116,0.0,0.1,316.753669521482,785.9640375339364,1.0,0.0,0.0,0.0,2.0
4,0.0019801420342138586,0.42771067939019347,0.0,0.1,324.6609237123817,774.4860941234583,1.0,0.0,0.0,0.0,2.0
5,0.004668791897293863,1.0084590498154744,0.0,0.1,329.759565191509,768.6467753358107,1.0,0.0,0.0,0.0,2.0
6,0.004477128476464122,0.9670597509162505,0.0,0.1,338.6301781271652,758.894006629691,1.0,0.0,0.0,0.0,2.0
7,0.006969586298686443,1.5054306405162716,0.0,0.1,348.94017776039885,745.0959629921902,1.0,0.0,0.0,0.0,2.0
8,0.0029116673877334484,0.6289201557504248,0.0,0.1,359.15326086163964,732.5543909863384,1.0,0.0,0.0,0.0,2.0
9,0.0024539378725922574,0.5300505804799276,0.0,0.1,369.67163465308374,717.1645288837348,1.0,0.0,0.0,0.0,2.0
10,0.003522044591937914,0.7607616318585894,0.0,0.1,374.1711357659344,712.4208947502251,1.0,0.0,0.0,0.0,2.0
11,0.0034146320467628457,0.7375605221007747,0.0,0.1,382.6313465051958,701.7673221245864,1.0,0.0,0.0,0.0,2.0
12,0.0030491358894978123,0.6586133521315275,0.0,0.1,392.8716787063386,696.6615696233731,1.0,0.0,0.0,0.0,2.0
13,0.0008668265044650152,0.1872345249644433,0.0,0.1,403.5367113246055,689.6384339797036,1.0,0.0,0.0,0.0,2.0
14,0.0028372022401511048,0.6128356838726386,0.0,0.1,408.3104545691875,687.8106530228409,1.0,0.0,0.0,0.0,2.0
15,0.00246511254281003,0.5324643092469665,0.0,0.1,415.49692292046853,683.4658614292329,1.0,0.0,0.0,0.0,2.0
16,0.003016199386631928,0.6514990675124965,0.0,0.1,419.3002422913698,674.471337369809,1.0,0.0,0.0,0.0,2.0
17,0.0030178064091436465,0.6518461843750276,0.0,0.1,424.21330686597696,659.167715948493,1.0,0.0,0.0,0.0,2.0
18,0.0016241717743969181,0.3508211032697343,0.0,0.1,432.1322378239681,648.0535824548181,1.0,0.0,0.0,0.0,2.0
19,0.0023374772642179163,0.50489508907107,0.0,0.1,433.85966421571743,640.4838265503956,1.0,0.0,0.0,0.0,2.0
20,0.0022068917271163796,0.47668861305713806,0.0,0.1,435.43084280555985,625.8857474170244,1.0,0.0,0.0,0.0,2.0
21,0.0032104284594010194,0.6934525472306202,0.0,0.1,437.362936529613,615.8190572909301,1.0,0.0,0.0,0.0,2.0
22,0.0018524938384748455,0.40013866911056667,0.0,0.1,439.421872172943,596.5625567521898,1.0,0.0,0.0,0.0,2.0
23,0.0038773971798055275,0.8375177908379939,0.0,0.1,439.8265502961948,585.9926004137676,1.0,0.0,0.0,0.0,2.0
24,0.00443183938857334,0.9572773079318416,0.0,0.1,446.5323474866544,568.7480286439894,1.0,0.0,0.0,0.0,2.0
25,,,,0.1,454.22488209152857,555.225996530153,1.0,0.0,0.0,0.0,2.0
26,,,,0.1,458.4705735487097,542.4137697902431,,,0.0,0.0,2.0
27,,,,0.1,463.26671789315753,528.8840033278065,,,0.0,0.0,2.0
28,,,,0.1,466.6851202204267,522.1757278271144,,,0.0,0.0,2.0
29,,,,0.1,474.60760990269847,513.3731993416844,,,0.0,0.0,2.0
30,0.005446040222308527,1.1763446880186417,0.0,0.1,480.1755651560414,505.70897563343135,1.0,0.0,0.0,0.0,2.0
31,0.0016204425962266986,0.3500156007849669,0.0,0.1,483.8857895442007,498.65262246217026,1.0,0.0,0.0,0.0,2.0
32,0.0026920194442196436,0.5814761999514431,0.0,0.1,484.3506617706876,495.9340329198705,1.0,0.0,0.0,0.0,2.0
33,0.0007918116027226154,0.17103130618808496,0.0,0.1,489.110046271036,488.170198264263,1.0,0.0,0.0,0.0,2.0
34,0.0017036215076641343,0.367982245655453,0.0,0.1,492.6502247399872,481.4677068198327,1.0,0.0,0.0,0.0,2.0
35,0.0027843284812406987,0.601414951947991,0.0,0.1,491.0771893563276,479.99003849356654,1.0,0.0,0.0,0.0,2.0
36,0.0006059942118422772,0.1308947497579319,0.0,0.1,485.1902842532842,480.5786973777782,1.0,0.0,0.0,0.0,2.0
37,0.0018126956070446119,0.39154225112163615,0.0,0.1,483.16918880321236,478.55211564116667,1.0,0.0,0.0,0.0,2.0
38,0.001826236704063659,0.3944671280777503,0.0,0.1,486.4020890245346,471.66497790412933,1.0,0.0,0.0,0.0,2.0
39,0.0004193020261097903,0.09056923763971471,1.0,0.1,493.7461083992105,459.9798367251592,1.0,0.0,0.0,0.0,2.0
40,0.0007071335991427194,0.15274085741482737,0.0,0.1,497.95765556641356,451.53582374544817,1.0,0.0,0.0,0.0,2.0
41,0.0021520142587305603,0.46483507988580103,0.0,0.1,500.0661747713655,448.17579553193616,1.0,0.0,0.0,0.0,2.0
42,0.0019920521619677897,0.43028326698504255,0.0,0.1,508.1081157225918,440.23823099190815,1.0,0.0,0.0,0.0,2.0
43,0.0020629009855541772,0.4455866128797023,0.0,0.1,516.6668048519292,431.9860843586623,1.0,0.0,0.0,0.0,2.0
44,0.0018840312299002607,0.40695074565845635,0.0,0.1,527.8713629853843,423.99737893826847,1.0,0.0,0.0,0.0,2.0
45,0.0011249377181409297,0.24298654711844084,0.0,0.1,535.3890084607418,416.5794540055308,1.0,0.0,0.0,0.0,2.0
46,,,,0.1,539.1901803308286,413.4787735346638,1.0,0.0,0.0,0.0,2.0
47,,,,0.1,549.5074937135971,400.67454810482855,,,0.0,0.0,2.0
48,0.003522586714036834,0.7608787302319562,0.0,0.1,561.9286259007473,385.60414316874744,1.0,0.0,0.0,0.0,2.0
49,0.001308698215519754,0.28267881455226684,0.0,0.1,572.8817157447703,373.80449518346325,1.0,0.0,0.0,0.0,2.0
50,0.004056892475895095,0.8762887747933407,0.0,0.1,576.5873351230547,367.67791711233485,1.0,0.0,0.0,0.0,2.0
51,,,,0.1,582.3547924544376,358.61693428223043,1.0,0.0,0.0,0.0,2.0
52,,,,0.1,591.857145817099,346.7863791897889,,,0.0,0.0,2.0
53,,,,0.1,601.5057146697178,333.08811171883474,,,0.0,0.0,2.0
54,0.0009632877080789341,0.20807014494504977,0.0,0.1,610.7388261531946,320.09293672030566,1.0,0.0,0.0,0.0,2.0
55,0.005731506768651482,1.23800546202872,0.0,0.1,614.0671231742413,314.6382390604044,1.0,0.0,0.0,0.0,2.0
56,0.003059803369008046,0.660917527705738,0.0,0.1,621.8458993275199,308.5202394349175,1.0,0.0,0.0,0.0,2.0
57,0.0032455953470893633,0.7010485949713026,0.0,0.1,632.8562953253517,299.5974941042586,1.0,0.0,0.0,0.0,2.0
58,0.0008632872510913561,0.1864700462357329,0.0,0.1,648.1288033806165,285.4106813220903,0.0,1.0,0.0,0.0,2.0
59,0.0035274636857031056,0.7619321561118708,0.0,0.1,654.5271259305683,280.63598372774516,0.0,1.0,0.0,0.0,2.0
60,0.004179812998392975,0.9028396076528826,0.0,0.1,666.9875099257745,274.015544083962,0.0,1.0,0.0,0.0,2.0
61,0.00150579962717854,0.3252527194705646,0.0,0.1,674.9467563063707,268.9176945128697,0.0,1.0,0.0,0.0,2.0
62,0.0032999846108555156,0.7127966759447913,0.0,0.1,685.7378211914596,258.9247709939014,0.0,1.0,0.0,0.0,2.0
63,0.0010426646250057386,0.22521555900123952,0.0,0.1,697.5623446004148,250.2622505695116,0.0,1.0,0.0,0.0,2.0
64,0.0027026998458364966,0.5837831667006833,0.0,0.1,702.9351149209746,245.08085046740422,0.0,1.0,0.0,0.0,2.0
65,0.004061381536530864,0.8772584118906667,0.0,0.1,709.5990016291396,239.55454355707613,0.0,1.0,0.0,0.0,2.0
66,0.0027981119990154674,0.6043921917873409,0.0,0.1,711.178204053471,233.89641575976734,0.0,1.0,0.0,0.0,2.0
67,0.0024370146216767686,0.5263951582821821,0.0,0.1,715.2426682722072,226.36501326646777,0.0,1.0,0.0,0.0,2.0
68,0.0011010455794948182,0.23782584517088073,0.0,0.1,719.7065793973942,221.17610481149683,0.0,1.0,0.0,0.0,2.0
69,,,,0.1,726.728334005307,214.8228251597844,0.0,1.0,0.0,0.0,2.0
70,,,,0.1,729.8568217246204,207.74014587390283,,,0.0,0.0,2.0
71,,,,0.1,735.5585202725874,199.44431051530066,0.0,1.0,0.0,0.0,2.0
72,,,,0.1,738.1059032824227,194.04417461591723,,,0.0,0.0,2.0
73,,,,0.1,741.3508003315734,190.7134968730389,,,0.0,0.0,2.0
74,,,,0.1,745.7963228888611,185.322679873465,,,0.0,0.0,2.0
75,,,,0.1,751.2262389795785,178.72255965189584,,,0.0,0.0,2.0
76,,,,0.1,755.7921998753676,174.4421894691893,,,0.0,0.0,2.0
77,,,,0.1,757.4443201228615,171.90683712175974,,,0.0,0.0,2.0
78,,,,0.1,759.3986817949061,170.01400591639498,,,0.0,0.0,2.0
79,0.00037615700275823755,0.08124991259577931,1.0,0.1,762.4456588297229,171.50354527244423,0.0,1.0,0.0,0.0,2.0
80,0.0005695710215482848,0.12302734065442951,0.0,0.1,760.2139310166788,178.93289656987278,0.0,1.0,0.0,0.0,2.0
81,0.00029990620491961075,0.06477974026263593,1.0,0.1,755.2223385359591,190.50655411021515,0.0,1.0,0.0,0.0,2.0
82,0.0010889555731021566,0.23521440379006586,0.0,0.1,756.01984280745,191.92570482992264,0.0,1.0,0.0,0.0,2.0
83,0.0009730632295951294,0.21018165759254795,0.0,0.1,755.9257445598473,196.8599108895473,0.0,1.0,0.0,0.0,2.0
84,0.00041728061166108877,0.09013261211879517,1.0,0.1,754.2650839832412,201.73929217128023,0.0,1.0,0.0,0.0,2.0
85,0.0006236766106467231,0.1347141478996922,0.0,0.1,747.5523193932667,207.64853568930567,0.0,1.0,0.0,0.0,2.0
86,0.0009553692649068381,0.206359761219877,0.0,0.1,745.908981430329,210.67193310965564,0.0,1.0,0.0,0.0,2.0
87,0.0003085847635325744,0.06665430892303607,1.0,0.1,744.9892594161706,215.08906879085052,0.0,1.0,0.0,0.0,2.0
88,0.00022503403927724879,0.04860735248388574,1.0,0.1,746.7475149219897,216.8867735074039,0.0,1.0,0.0,0.0,2.0
89,0.0004097663746039747,0.08850953691445854,1.0,0.1,749.6597001861248,215.6692328283986,0.0,1.0,0.0,0.0,2.0
90,0.00036839780979552774,0.079573926915834,1.0,0.1,753.5748646138205,212.14803610809204,0.0,1.0,0.0,0.0,2.0
91,0.000404284601877985,0.08732547400564475,1.0,0.1,755.1072990342842,212.5649911621111,0.0,1.0,0.0,0.0,2.0
92,0.000317404590245679,0.06855939149306667,1.0,0.1,758.7404662771083,209.39907694429755,0.0,1.0,0.0,0.0,2.0
93,0.00013389427211579806,0.028921162777012382,1.0,0.1,764.198008772534,207.63517070147793,0.0,1.0,0.0,0.0,2.0
94,0.0007564617363450249,0.1633957350505254,0.0,0.1,770.2271822852686,206.7377736482799,0.0,1.0,0.0,0.0,2.0
95,0.0018796737097197115,0.40600952129945767,0.0,0.1,773.0006511762055,206.37831479136548,0.0,1.0,0.0,0.0,2.0
96,0.0015493282188175175,0.33465489526458375,0.0,0.1,778.4437411870646,205.16699993633574,0.0,1.0,0.0,0.0,2.0
97,0.0007636011275087545,0.16493784354189098,0.0,0.1,783.6163797000548,204.97811517594644,0.0,1.0,0.0,0.0,2.0
98,0.00110606365768614,0.23890975006020623,0.0,0.1,790.4332021747969,212.29850426792402,0.0,1.0,0.0,0.0,2.0
99,0.0002748917337326762,0.05937661448625806,1.0,0.1,794.7203336054506,217.15387421793304,0.0,1.0,0.0,0.0,2.0
100,,,,0.1,796.6140093529297,218.18671980693028,0.0,1.0,0.0,0.0,2.0
101,,,,0.1,800.8269404228965,220.72728079506788,,,0.0,0.0,2.0
102,0.0026628768583605634,0.5751814014058817,0.0,0.1,805.366412159475,224.61613224201326,0.0,1.0,0.0,0.0,2.0
103,0.0009697857199259224,0.20947371550399926,0.0,0.1,811.0288280421065,229.83332561642655,0.0,1.0,0.0,0.0,2.0
104,0.0006408072929165829,0.1384143752699819,0.0,0.1,812.7197877920964,232.42309944893165,0.0,1.0,0.0,0.0,2.0
105,0.001531058746722863,0.3307086892921384,0.0,0.1,818.5196869798544,234.91750893185244,0.0,1.0,0.0,0.0,2.0
106,0.0007685341047712887,0.16600336663059836,0.0,0.1,823.5030481293276,236.1679357446308,0.0,1.0,0.0,0.0,2.0
107,0.0016543776147859607,0.3573455647937675,0.0,0.1,834.4520120130106,238.5027021781715,0.0,1.0,0.0,0.0,2.0
108,0.0007674088710377644,0.1657603161441571,0.0,0.1,841.636433818656,240.83097928414253,0.0,1.0,0.0,0.0,2.0
109,0.003828790653056135,0.8270187810601252,0.0,0.1,844.8677358304475,241.89308153857684,0.0,1.0,0.0,0.0,2.0
110,0.0046850902035968185,1.0119794839769127,0.0,0.1,850.0521782382426,241.65013297872167,0.0,1.0,0.0,0.0,2.0
111,0.0017984788579246812,0.3884714333117311,0.0,0.1,856.1064981210873,236.54527795167215,0.0,1.0,0.0,0.0,2.0
112,0.001776250662277796,0.383670143052004,0.0,0.1,859.5851052786833,237.01488374092602,0.0,1.0,0.0,0.0,2.0
113,0.0010391036794756552,0.22444639476674152,0.0,0.1,863.6053206169653,236.65884549576884,0.0,1.0,0.0,0.0,2.0
114,0.0019563639771572657,0.4225746190659694,0.0,0.1,869.5579949646866,233.1733354246403,0.0,1.0,0.0,0.0,2.0
115,0.003989002124308575,0.8616244588506522,0.0,0.1,877.0542364404416,228.9878824371128,0.0,1.0,0.0,0.0,2.0
116,0.0010878264704773752,0.23497051762311305,0.0,0.1,884.1995940798327,228.10231852724613,0.0,1.0,0.0,0.0,2.0
117,0.00016519277482630608,0.035681639362482115,1.0,0.1,890.6475329608062,228.8196362279042,0.0,1.0,0.0,0.0,2.0
118,0.0035484810321069794,0.7664719029351076,0.0,0.1,894.5923209935096,227.5353568252583,0.0,1.0,0.0,0.0,2.0
119,0.004931542536680856,1.0652131879230649,0.0,0.1,901.899135664835,227.98986917192903,0.0,1.0,0.0,0.0,2.0
120,0.006366784809048427,1.3752255187544602,0.0,0.1,913.0672955815301,231.30671550958021,0.0,1.0,0.0,0.0,2.0
121,0.0005507366451016715,0.11895911534196106,0.0,0.1,922.0448078855126,235.240110958176,0.0,1.0,0.0,0.0,2.0
122,0.0016015211143878957,0.3459285607077855,0.0,0.1,923.899868489379,234.18155703425128,0.0,1.0,0.0,0.0,2.0
123,0.0012645885869420987,0.2731511347794933,0.0,0.1,926.4109807708702,235.35869944960416,0.0,1.0,0.0,0.0,2.0
124,0.00047677028230540855,0.10298238097796825,0.0,0.1,923.3944046149729,235.07845121194956,0.0,1.0,0.0,0.0,2.0
125,0.0017869740453172855,0.38598639378853367,0.0,0.1,916.9649563326964,227.63793136036614,0.0,1.0,0.0,0.0,2.0
126,0.0016230890001692234,0.3505872240365523,0.0,0.1,900.7378530946522,218.7320142036516,0.0,1.0,0.0,0.0,2.0
127,0.001747322224089699,0.37742160040337497,0.0,0.1,892.8251716929063,213.14165339037595,0.0,1.0,0.0,0.0,2.0
128,0.0035364811300434965,0.7638799240893952,0.0,0.1,877.2252469442748,212.09896302032948,0.0,1.0,0.0,0.0,2.0
129,0.0012548057492734377,0.27103804184306257,0.0,0.1,860.3440692526722,214.9846335350519,0.0,1.0,0.0,0.0,2.0
130,0.000988663638709886,0.2135513459613354,0.0,0.1,846.4746270240424,217.28418406621776,0.0,1.0,0.0,0.0,2.0
131,0.002639559862408824,0.570144930280306,0.0,0.1,841.2822640342382,217.83695626589244,0.0,1.0,0.0,0.0,2.0
132,0.001282322995636431,0.27698176705746913,0.0,0.1,837.333022516695,223.23804777991216,0.0,1.0,0.0,0.0,2.0
133,0.0010072050889671585,0.21755629921690622,0.0,0.1,834.2950458752865,218.70503574367632,0.0,1.0,0.0,0.0,2.0
134,0.0009702636760440769,0.20957695402552062,0.0,0.1,826.3051498605148,222.6295484570029,0.0,1.0,0.0,0.0,2.0
135,0.00039352908789384844,0.08500228298507126,1.0,0.1,818.9749021781018,223.8550724927225,0.0,1.0,0.0,0.0,2.0
136,0.00048293185420218807,0.10431328050767262,0.0,0.1,815.8106749844054,222.57804035231896,0.0,1.0,0.0,0.0,2.0
137,0.000758713349040217,0.1638820833926869,0.0,0.1,812.4544832828672,221.36684411301653,0.0,1.0,0.0,0.0,2.0
138,0.00022681763744112813,0.048992609687283674,1.0,0.1,812.3392567673505,221.32171835435676,0.0,1.0,0.0,0.0,2.0
139,0.00020858005361915847,0.04505329158173823,1.0,0.1,813.3900009508023,216.40233456178657,0.0,1.0,0.0,0.0,2.0
140,0.00011599195654042634,0.02505426261273209,1.0,0.1,814.4162921361612,214.25911310332344,0.0,1.0,0.0,0.0,2.0
141,0.0005745353062286787,0.1240996261453946,0.0,0.1,815.9317251386974,213.88785677605267,0.0,1.0,0.0,0.0,2.0
142,0.0007935381565095166,0.1714042418060556,0.0,0.1,820.9720675310701,211.49647292379925,0.0,1.0,0.0,0.0,2.0
143,0.0008711256744174258,0.18816314567416398,0.0,0.1,825.6230434286798,213.334216692321,0.0,1.0,0.0,0.0,2.0
144,0.00027153489644708386,0.05865153763257012,1.0,0.1,831.1296737414505,206.53074676371122,0.0,1.0,0.0,0.0,2.0
145,0.0005370391491439292,0.11600045621508871,0.0,0.1,832.2041255754561,206.02588477545794,0.0,1.0,0.0,0.0,2.0
146,0.00013331536333825066,0.028796118481062144,1.0,0.1,834.3888678187366,202.61967435733345,0.0,1.0,0.0,0.0,2.0
147,0.00024138641624502877,0.052139465908926215,1.0,0.1,829.7354522627273,188.50595330585446,0.0,1.0,0.0,0.0,2.0
148,0.00015376801176813747,0.033213890541917694,1.0,0.1,822.6874647498727,168.6036424714497,0.0,1.0,0.0,0.0,2.0
149,8.760461270647229e-05,0.018922596344598013,1.0,0.1,819.1739267237641,160.07958388255165,0.0,1.0,0.0,0.0,2.0
150,0.0006325568775791116,0.13663228555708812,0.0,0.1,811.7192071869104,144.79775179467856,0.0,1.0,0.0,0.0,2.0
151,0.0006070864260300756,0.13113066802249634,0.0,0.1,808.2446101288788,140.35293317158215,0.0,1.0,0.0,0.0,2.0
152,0.0005438794033909126,0.11747795113243711,0.0,0.1,802.5672879783688,132.27505275318805,0.0,1.0,0.0,0.0,2.0
153,0.0011259348310834335,0.24320192351402165,0.0,0.1,798.6470989832749,120.93252396262483,0.0,1.0,0.0,0.0,2.0
154,0.0007394605769369629,0.15972348461838398,0.0,0.1,798.5820405723919,117.44371118001341,0.0,1.0,0.0,0.0,2.0
155,0.0008662280735446929,0.18710526388565368,0.0,0.1,798.7796278414264,113.03058590061421,0.0,1.0,0.0,0.0,2.0
156,0.0017105094086592191,0.3694700322703913,0.0,0.1,799.2657159598568,104.36375108524875,0.0,1.0,0.0,0.0,2.0
157,0.0004701138926783606,0.1015446008185259,0.0,0.1,807.2770987697419,90.03551011274779,0.0,1.0,0.0,0.0,2.0
158,0.0022425423306002006,0.48438914340964334,0.0,0.1,809.578219951559,85.57104810981728,0.0,1.0,0.0,0.0,2.0
159,0.0022643540985804876,0.48910048529338535,0.0,0.1,813.6335012403168,80.05300878723502,0.0,1.0,0.0,0.0,2.0
160,0.0006086097245068189,0.1314597004934729,0.0,0.1,817.3630821053613,77.76312503627217,0.0,1.0,0.0,0.0,2.0
161,0.0008146613169276843,0.1759668444563798,0.0,0.1,821.1796113282285,71.57781520360936,0.0,1.0,0.0,0.0,2.0
162,8.761074543342066e-05,0.018923921013618863,1.0,0.1,824.4577951306867,68.8705425478393,0.0,1.0,0.0,1.0,2.0
163,0.0012129048906730608,0.2619874563853811,0.0,0.1,825.1146253187464,67.3498558077759,0.0,1.0,0.0,1.0,2.0
164,0.0006028417603139118,0.13021382022780495,0.0,0.1,831.7384102253121,61.381992569601344,0.0,1.0,0.0,1.0,2.0
165,0.001721606408168448,0.37186698416438474,0.0,0.1,835.9782441277362,57.68517403098669,0.0,1.0,0.0,1.0,2.0
166,0.0005123020484543966,0.11065724246614966,0.0,0.1,836.9228399069106,55.49110584595824,0.0,1.0,0.0,1.0,2.0
167,0.00229549043414416,0.49582593377513856,0.0,0.1,837.477127538486,54.07538982295957,0.0,1.0,0.0,1.0,2.0
168,0.0013833195505394376,0.29879702291651855,0.0,0.1,839.6648930780896,51.57560941477809,0.0,1.0,0.0,1.0,2.0
169,0.0012697648950079703,0.2742692173217216,0.0,0.1,837.2419438901444,52.25258888014997,0.0,1.0,0.0,1.0,2.0
170,0.0016125287487728623,0.34830620973493825,0.0,0.1,836.7260627758446,50.63142452035682,0.0,1.0,0.0,1.0,2.0
171,0.0002771559388873996,0.05986568279967831,1.0,0.1,834.895273120905,50.77569596963675,0.0,1.0,0.0,1.0,2.0
172,0.00030555432731213224,0.06599973469942057,1.0,0.1,831.0416966893043,51.19923530600028,0.0,1.0,0.0,1.0,2.0
173,0.0014052674023888525,0.3035377589159921,0.0,0.1,831.1526745975209,49.06779115688988,0.0,1.0,0.0,1.0,2.0
174,0.0001905205201133735,0.041152432344488676,1.0,0.1,833.1082907954319,45.930125784011594,0.0,1.0,0.0,1.0,2.0
175,0.00035109843166121235,0.07583726123882187,1.0,0.1,830.1607963611634,45.1415331624711,0.0,1.0,0.0,1.0,2.0
176,0.0008788322986967624,0.18982777651850066,0.0,0.1,831.3646644457503,42.95481335096929,0.0,1.0,0.0,1.0,2.0
177,0.0006888997358682418,0.14880234294754024,0.0,0.1,833.1039400348315,40.923329625889274,0.0,1.0,0.0,1.0,2.0
178,0.001428428491454374,0.30854055415414483,0.0,0.1,830.6228008207065,44.095607329478824,0.0,1.0,0.0,1.0,2.0
179,0.001943036030602929,0.41969578261023266,0.0,0.1,,,0.0,1.0,,,2.0
180,0.001072405950200962,0.2316396852434078,0.0,0.1,,,0.0,1.0,,,2.0
181,0.0018583760289947718,0.40140922226287074,0.0,0.1,,,0.0,1.0,,,2.0
182,0.00015325652283112992,0.03310340893152406,1.0,0.1,,,0.0,1.0,,,2.0
183,0.0014809696188857887,0.31988943767933037,0.0,0.1,829.2248007259626,58.80710807644786,0.0,1.0,0.0,1.0,2.0
184,,,,0.1,836.8008899138694,61.81617994815449,0.0,1.0,0.0,1.0,2.0
185,,,,0.1,841.2338160369235,63.73241286639964,,,0.0,1.0,2.0
186,0.002452654868143274,0.5297734515189473,0.0,0.1,846.2820260722449,67.40451905502236,0.0,1.0,0.0,1.0,2.0
187,0.001458290521201462,0.3149907525795158,0.0,0.1,847.6448682121451,70.5418251538895,0.0,1.0,0.0,0.0,2.0
188,0.0006289138507503197,0.13584539176206908,0.0,0.1,835.5039892302977,81.4030551174782,0.0,1.0,0.0,0.0,2.0
189,0.0006527852115255572,0.14100160568952036,0.0,0.1,827.1602509059412,92.36928674959637,0.0,1.0,0.0,0.0,2.0
190,0.002240578591156098,0.4839649756897172,0.0,0.1,824.4655216899795,97.20117999413749,0.0,1.0,0.0,0.0,2.0
191,0.003218981400244422,0.6952999824527951,0.0,0.1,818.0056619391379,105.7585143570212,0.0,1.0,0.0,0.0,2.0
192,0.0019577731841872426,0.4228790077844444,0.0,0.1,811.4180207719445,113.58087326092449,0.0,1.0,0.0,0.0,2.0
193,0.0010311635280123598,0.22273132205066973,0.0,0.1,801.8365427577482,124.8596925258985,0.0,1.0,0.0,0.0,2.0
194,0.0008146892105921629,0.1759728694879072,0.0,0.1,793.3024514585793,132.65697384190017,0.0,1.0,0.0,0.0,2.0
195,0.0009403629185790912,0.2031183904130837,0.0,0.1,783.7596655248909,145.08084130110512,0.0,1.0,0.0,0.0,2.0
196,0.0027192231799631496,0.5873522068720404,0.0,0.1,777.060559054283,154.82979967615034,0.0,1.0,0.0,0.0,2.0
197,0.002556970358859161,0.5523055975135788,0.0,0.1,773.78733216249,165.93093355508563,0.0,1.0,0.0,0.0,2.0
198,0.002027036109649385,0.4378397996842671,0.0,0.1,773.2418308994447,180.38013614449454,0.0,1.0,0.0,0.0,2.0
199,,,,0.1,773.8065286568141,187.4943027575013,0.0,1.0,0.0,0.0,2.0
200,,,,0.1,778.7685926325789,200.71566997748934,,,0.0,0.0,2.0
201,,,,0.1,782.3588059641619,210.9533597097867,,,0.0,0.0,2.0
202,,,,0.1,787.4433135861988,223.4482557597,,,0.0,0.0,2.0
203,0.005401021931833022,1.1666207372759327,0.0,0.1,789.4996086617102,230.9733226930505,0.0,1.0,0.0,0.0,2.0
204,,,,0.1,795.818524520859,241.49678753207465,0.0,1.0,0.0,0.0,2.0
205,,,,0.1,800.2379248749294,250.74592888711786,,,0.0,0.0,2.0
206,0.002943404180588992,0.6357753030072223,0.0,0.1,807.4391609735636,256.48178449203283,0.0,1.0,0.0,0.0,2.0
207,0.0007743338237353985,0.1672561059268461,0.0,0.1,815.7066746613602,268.4632716377363,0.0,1.0,0.0,0.0,2.0
208,0.0027553818839391813,0.5951624869308632,0.0,0.1,819.3931338872286,276.05809928987514,0.0,1.0,0.0,0.0,2.0
209,0.0021073174543757805,0.45518057014516866,0.0,0.1,823.8735215073973,286.2594917406214,0.0,1.0,0.0,0.0,2.0
210,0.0033880628557957566,0.7318215768518834,0.0,0.1,825.0674018292195,293.7264947126191,0.0,1.0,0.0,0.0,2.0
211,0.0053379146057423695,1.1529895548403517,0.0,0.1,828.4379920827246,300.5810680929454,0.0,1.0,0.0,0.0,2.0
212,0.0018989161507902545,0.41016588857069497,0.0,0.1,832.8520356148715,311.7604871112725,0.0,1.0,0.0,0.0,2.0
213,0.0030301558785957687,0.654513669776686,0.0,0.1,835.4200042446338,317.31035075031906,0.0,1.0,0.0,0.0,2.0
214,0.0021782688504121523,0.47050607168902486,0.0,0.1,838.8048607008262,326.4298286637854,0.0,1.0,0.0,0.0,2.0
215,0.0021166902815435715,0.4572051008134115,0.0,0.1,839.3803098760529,331.3962515907319,0.0,1.0,0.0,0.0,2.0
216,0.0012801321013404647,0.2765085338895404,0.0,0.1,841.5128197299974,334.6693434794731,0.0,1.0,0.0,0.0,2.0
217,0.0019650177746944417,0.42444383933399943,0.0,0.1,843.1399264456651,336.299063564179,0.0,1.0,0.0,0.0,2.0
218,0.000971109093766073,0.20975956425347178,0.0,0.1,847.6061926691686,339.8980063317466,0.0,1.0,0.0,0.0,2.0
219,0.0012372991969743306,0.26725662654645543,0.0,0.1,851.359638998775,342.0500555168797,0.0,1.0,0.0,0.0,2.0
220,0.0013408476292501958,0.2896230879180423,0.0,0.1,850.2913895719932,344.3510934073262,0.0,1.0,0.0,0.0,2.0
221,0.0009774560612770171,0.2111305092358357,0.0,0.1,846.936083243572,344.48800870463856,0.0,1.0,0.0,0.0,2.0
222,0.001082104975660811,0.2337346747427352,0.0,0.1,832.3179526222428,347.41177910090045,0.0,1.0,0.0,0.0,2.0
223,0.0006245067080103309,0.13489344893023147,0.0,0.1,814.8826937391747,355.6234738642794,0.0,1.0,0.0,0.0,2.0
224,0.0008068720554031607,0.17428436396708272,0.0,0.1,796.400335531836,364.25712209461227,0.0,1.0,0.0,0.0,2.0
225,0.0006802985027703557,0.14694447659839682,0.0,0.1,784.9318248054104,369.4694251615618,0.0,1.0,0.0,0.0,2.0
226,0.0029613036855936636,0.6396415960882313,0.0,0.1,780.3484895562798,370.7174006259836,0.0,1.0,0.0,0.0,2.0
227,,,,0.1,765.6155841645174,378.0696388071798,0.0,1.0,0.0,0.0,2.0
228,,,,0.1,756.2035366399494,385.5430338028223,,,0.0,0.0,2.0
229,,,,0.1,753.8875691520611,391.966172928666,,,0.0,0.0,2.0
230,0.0011986983734530525,0.2589188486658594,0.0,0.1,748.5491212745194,396.47732734198615,0.0,1.0,0.0,0.0,2.0
231,0.0008828956056644931,0.19070545082353052,0.0,0.1,738.6986751853651,403.62651581422733,0.0,1.0,0.0,0.0,2.0
232,0.0007906199738564307,0.17077391435298905,0.0,0.1,724.7442699369537,411.6321407600172,0.0,1.0,0.0,0.0,2.0
233,0.0014405455615893977,0.3111578413033099,0.0,0.1,719.9001938213829,420.9576386182693,0.0,1.0,0.0,0.0,2.0
234,0.0001640511940881168,0.03543505792303323,1.0,0.1,712.05404932705,427.2311187857687,0.0,1.0,0.0,0.0,2.0
235,0.0009036498335825139,0.195188364053823,0.0,0.1,707.2501891461393,429.28421890808477,0.0,1.0,0.0,0.0,2.0
236,0.0038692295813507627,0.8357535895717648,0.0,0.1,701.6691623587166,437.0708410781833,0.0,1.0,0.0,0.0,2.0
237,0.001705565151397958,0.3684020727019589,0.0,0.1,688.7439428029368,443.0408402531559,0.0,1.0,0.0,0.0,2.0
238,0.0006111623870450799,0.13201107560173725,0.0,0.1,680.5536258746071,452.24987489006395,0.0,1.0,0.0,0.0,2.0
239,0.0009206542865186367,0.19886132588802555,0.0,0.1,679.5613912967901,455.9914482266853,0.0,1.0,0.0,0.0,2.0
240,0.0026783439897248213,0.5785223017805614,0.0,0.1,675.4372303080421,460.8805814792901,0.0,1.0,0.0,0.0,2.0
241,0.002233750803928491,0.48249017364855407,0.0,0.1,671.5477208641186,468.9200296668508,0.0,1.0,0.0,0.0,2.0
242,0.0037767717552820686,0.8157826991409268,0.0,0.1,660.9505500479889,476.71417954200774,0.0,1.0,0.0,0.0,2.0
243,0.0011122798286432392,0.24025244298693968,0.0,0.1,655.0481657481433,487.4122408152601,0.0,1.0,0.0,0.0,2.0
244,0.0012657236478140215,0.27339630792782865,0.0,0.1,652.7283842282179,490.8158284258571,0.0,1.0,0.0,0.0,2.0
245,0.0032516442999479304,0.7023551687887529,0.0,0.1,650.7770990760924,494.05843389941316,0.0,1.0,0.0,0.0,2.0
246,0.0006579676066090551,0.1421210030275559,0.0,0.1,650.7033625750938,493.83410323875535,0.0,1.0,0.0,0.0,2.0
247,0.0016666756500405943,0.3600019404087684,0.0,0.1,656.9494676701177,493.4012056835134,0.0,1.0,0.0,0.0,2.0
248,0.000674739685388781,0.1457437720439767,0.0,0.1,660.2827479439159,496.17009380230263,0.0,1.0,0.0,0.0,2.0
249,0.0015810274637735463,0.341501932175086,0.0,0.1,662.3526712488796,499.97442796289266,0.0,1.0,0.0,0.0,2.0
250,0.0022454156712421614,0.4850097849883069,0.0,0.1,661.3071731329275,503.60579052774705,0.0,1.0,0.0,0.0,2.0
251,0.0026353224436823208,0.5692296478353813,0.0,0.1,659.2715019288347,506.20277165140334,0.0,1.0,0.0,0.0,2.0
252,0.0008531556006517711,0.18428160974078256,0.0,0.1,646.0865111639589,504.05033580231145,0.0,1.0,0.0,0.0,2.0
253,0.0010651940749431834,0.23008192018772763,0.0,0.1,641.624327087561,502.4681814062907,0.0,1.0,0.0,0.0,2.0
254,0.0003022452340944196,0.06528497056439464,1.0,0.1,629.6002093547448,500.74143831420344,0.0,1.0,0.0,0.0,2.0
255,0.000481240592245347,0.10394796792499496,0.0,0.1,612.164130173508,501.16797073254304,0.0,1.0,0.0,0.0,2.0
256,0.000572141312193174,0.12358252343372557,0.0,0.1,598.9533243440465,506.03166247787277,0.0,1.0,0.0,0.0,2.0
257,0.0006355296170128642,0.1372743972747787,0.0,0.1,594.5293203145648,507.7123498634338,0.0,1.0,0.0,0.0,2.0
258,0.0013231711144961187,0.28580496073116163,0.0,0.1,586.3275552256526,513.6183877100659,0.0,1.0,0.0,0.0,2.0
259,0.001326640226661816,0.2865542889589523,0.0,0.1,578.4229071095466,519.3922433109979,0.0,1.0,0.0,0.0,2.0
260,0.0006435201563787494,0.13900035377780987,0.0,0.1,568.1928212113307,524.0215481846441,0.0,1.0,0.0,0.0,2.0
261,0.0006075124693763125,0.1312226933852835,0.0,0.1,558.3552387141754,530.7989466159141,0.0,1.0,0.0,0.0,2.0
262,0.0018939469437384356,0.4090925398475021,0.0,0.1,554.5746574336741,534.7442610308266,0.0,1.0,0.0,0.0,2.0
263,0.002052424478527671,0.4433236873619769,0.0,0.1,548.168061403797,541.8970621781565,0.0,1.0,0.0,0.0,2.0
264,0.0035074967038665186,0.757619288035168,0.0,0.1,537.3870359475845,551.5234814093853,0.0,1.0,0.0,0.0,2.0
265,0.0012902312133964032,0.2786899420936231,0.0,0.1,527.2443302894065,562.6860449222081,0.0,1.0,0.0,0.0,2.0
266,0.0036545667765015646,0.789386423724338,0.0,0.1,522.9509142430991,567.8754728031714,0.0,1.0,0.0,0.0,2.0
267,0.001716363575543999,0.3707345323175038,0.0,0.1,516.0910897987753,577.3681034917048,0.0,1.0,0.0,0.0,2.0
268,0.0026234212337476926,0.5666589864895015,0.0,0.1,509.4862452335207,586.0540960759363,0.0,1.0,0.0,0.0,2.0
269,0.00328232537917355,0.7089822819014868,0.0,0.1,496.64640271719577,597.2588089307538,0.0,1.0,0.0,0.0,2.0
270,0.0015303925742065467,0.3305647960286141,0.0,0.1,482.70163378664455,605.8437685534127,0.0,1.0,0.0,0.0,2.0
271,0.002624141131421527,0.5668144843870497,0.0,0.1,478.83849551366666,609.8520864688205,0.0,1.0,0.0,0.0,2.0
272,0.0025553928250093253,0.5519648502020142,0.0,0.1,474.7130060726271,617.600452280352,0.0,1.0,0.0,0.0,2.0
273,0.0021694530977330157,0.46860186911033136,0.0,0.1,469.6018499068237,623.2463972697553,0.0,1.0,0.0,0.0,2.0
274,0.0008902964885372169,0.19230404152403888,0.0,0.1,465.0423268314275,631.2658020118313,0.0,1.0,0.0,0.0,2.0
275,0.0032125679488662208,0.6939146769551037,0.0,0.1,464.82275220421707,634.7448215820897,0.0,1.0,0.0,0.0,2.0
276,0.001776211481065763,0.3836616799102048,0.0,0.1,465.70982774182335,638.5331329091279,0.0,1.0,0.0,0.0,2.0
277,0.0020185220046914387,0.43600075301335073,0.0,0.1,467.74805103180415,637.9549105694111,0.0,1.0,0.0,0.0,2.0
278,0.001743007144802329,0.3764895432773031,0.0,0.1,470.8576571319471,636.2412784517466,0.0,1.0,0.0,0.0,2.0
279,0.0015595812885619395,0.3368695583293789,0.0,0.1,469.9238577583076,636.3797085761274,0.0,1.0,0.0,0.0,2.0
280,0.0009832123267524062,0.21237386257851973,0.0,0.1,468.55754231264615,636.8346452997681,0.0,1.0,0.0,0.0,2.0
281,0.0011663592691472148,0.2519336021357984,0.0,0.1,465.7216547333117,641.5423972609325,0.0,1.0,0.0,0.0,2.0
282,0.0010188764635472643,0.2200773161262091,0.0,0.1,460.9007451162693,648.0083873911105,0.0,1.0,0.0,0.0,2.0
283,0.0012209828633037273,0.26373229847360513,0.0,0.1,460.008066874632,652.26921291627,0.0,1.0,0.0,0.0,2.0
284,0.00046715948435359866,0.10090644862037731,0.0,0.1,459.74394513398335,654.0250006180261,0.0,1.0,0.0,0.0,2.0
285,0.0004025304523757411,0.08694657771316008,1.0,0.1,452.2959650979689,656.6866012649309,0.0,1.0,0.0,0.0,2.0
286,0.0011116435798340183,0.240115013244148,0.0,0.1,445.7626888134471,660.7276786227268,0.0,1.0,0.0,0.0,2.0
287,0.00193561444673399,0.4180927204945419,0.0,0.1,440.57917697301446,663.2282858582598,0.0,1.0,0.0,0.0,2.0
288,0.001476104383835043,0.31883854690836927,0.0,0.1,436.049977930116,667.6672106134719,0.0,1.0,0.0,0.0,2.0
289,0.0029741178769433557,0.6424094614197648,0.0,0.1,431.67922420888056,672.0254538486593,0.0,1.0,0.0,0.0,2.0
290,0.0019670999038224313,0.4248935792256452,0.0,0.1,426.60330539169547,681.126530022954,0.0,1.0,0.0,0.0,2.0
291,0.0026602714508102473,0.5746186333750134,0.0,0.1,413.16922694983015,691.5945144612639,0.0,1.0,0.0,0.0,2.0
292,0.0013561199838692162,0.2929219165157507,0.0,0.1,396.0848889274137,701.55377500164,0.0,1.0,0.0,0.0,2.0
293,0.00258141601326233,0.5575858588646633,0.0,0.1,390.06920582585127,705.0038257436763,0.0,1.0,0.0,0.0,2.0
294,0.005951347758472916,1.2854911158301499,0.0,0.1,383.02503587369256,712.9960345620442,0.0,1.0,0.0,0.0,2.0
295,0.0012782964499319764,0.2761120331853069,0.0,0.1,373.7542769511941,725.3834160453133,1.0,0.0,0.0,0.0,2.0
296,0.0036705607956361865,0.7928411318574163,0.0,0.1,367.29218488014607,739.3657992122082,1.0,0.0,0.0,0.0,2.0
297,0.002556339620312187,0.5521693579874324,0.0,0.1,364.47835494755594,749.1354394969059,1.0,0.0,0.0,0.0,2.0
298,0.0018265622278526134,0.3945374412161645,0.0,0.1,361.8313875720496,752.3009544188625,1.0,0.0,0.0,0.0,2.0
299,,,,0.1,357.0128775342042,762.7502218204457,1.0,0.0,0.0,0.0,2.0
300,,,,0.1,351.28145968618793,771.525612279083,,,0.0,0.0,2.0
301,,,,0.1,347.66262606656665,780.4274091278436,1.0,0.0,0.0,0.0,2.0
302,,,,0.1,347.2110001818283,786.7298083562263,,,0.0,0.0,2.0
303,0.0035146799567278854,0.7591708706532233,0.0,0.1,342.85728512774705,795.9358177653713,1.0,0.0,0.0,0.0,2.0
304,0.0015589819717681786,0.3367401059019266,0.0,0.1,337.63229349341384,805.2082183696918,1.0,0.0,0.0,0.0,2.0
305,0.003602155457297841,0.7780655787763338,0.0,0.1,329.42227867980455,817.8095504617269,1.0,0.0,0.0,0.0,2.0
306,0.0014005352961819542,0.30251562397530213,0.0,0.1,322.4480595064015,828.6658833211249,1.0,0.0,0.0,0.0,2.0
307,0.0021323063633802946,0.4605781744901437,0.0,0.1,322.4509097441566,835.1109173574174,1.0,0.0,0.0,0.0,2.0
308,0.0029794898728945393,0.6435698125452205,0.0,0.1,322.7071803862889,849.0688797622366,1.0,0.0,0.0,0.0,2.0
309,0.004007942836739559,0.8657156527357448,0.0,0.1,321.9456830192394,861.8161285896978,1.0,0.0,0.0,0.0,2.0
310,0.004340372882560903,0.937520542633155,0.0,0.1,316.5252614637191,875.5981737998253,1.0,0.0,0.0,0.0,2.0
311,0.005273322673642337,1.1390376975067449,0.0,0.1,312.37679847770653,882.2085602412944,1.0,0.0,0.0,0.0,2.0
312,0.004843881634460466,1.0462784330434607,0.0,0.1,307.00670927193005,896.4377180521237,1.0,0.0,0.0,0.0,2.0
313,0.004694046847912466,1.0139141191490928,0.0,0.1,303.91583392181116,909.6433290505009,1.0,0.0,0.0,0.0,2.0
314,0.0016784931878093944,0.3625545285668292,0.0,0.1,302.94064635924764,919.2407022100313,1.0,0.0,0.0,0.0,2.0
315,0.0009166745925054266,0.19800171198117217,0.0,0.1,302.4340292973769,927.8238514831838,1.0,0.0,0.0,0.0,2.0
316,0.0037873267014822986,0.8180625675201766,0.0,0.1,301.7442275796367,933.0729567321831,1.0,0.0,0.0,0.0,2.0
317,0.0033415788029268387,0.7217810214321971,0.0,0.1,300.15294549651196,942.9024490035943,1.0,0.0,0.0,0.0,2.0
318,0.00550529584825854,1.1891439032238447,0.0,0.1,299.3644304602012,954.8981851146509,1.0,0.0,0.0,0.0,2.0
319,0.0025092038167244604,0.5419880244124835,0.0,0.1,301.25731483934,967.036912503965,1.0,0.0,0.0,0.0,2.0
320,0.0048287894745007165,1.0430185264921548,0.0,0.1,304.4131756935067,972.9039057799242,1.0,0.0,0.0,0.0,2.0
321,0.0036713318706366868,0.7930076840575243,0.0,0.1,303.8923158656757,985.3055492923032,1.0,0.0,0.0,0.0,2.0
322,0.0044882131063254446,0.9694540309662961,0.0,0.1,306.16921275133166,997.8855346458244,1.0,0.0,0.0,0.0,2.0
323,0.004914144123493063,1.0614551306745017,0.0,0.1,310.35123735727115,1011.2533359483118,1.0,0.0,0.0,0.0,2.0
324,0.0019120562957667278,0.4130041598856132,0.0,0.1,315.686391292327,1023.5020807926271,1.0,0.0,0.0,0.0,2.0
325,0.004651613017590828,1.0047484117996188,0.0,0.1,318.7716662603803,1031.1720676006698,1.0,0.0,0.0,0.0,2.0
326,0.003546878201648156,0.7661256915560017,0.0,0.1,326.9922585591545,1047.3775442653514,1.0,0.0,0.0,0.0,2.0
327,0.0018879810538272076,0.40780390762667684,0.0,0.1,336.2071829975797,1064.282757365274,1.0,0.0,0.0,0.0,2.0
328,0.0012587262029693084,0.2718848598413706,0.0,0.1,342.97139792753575,1075.204067471936,1.0,0.0,0.0,0.0,2.0
329,0.0031652641444087494,0.6836970551922898,0.0,0.1,343.10305958294845,1077.247171460947,1.0,0.0,0.0,0.0,2.0
330,0.00201450289912273,0.4351326262105097,0.0,0.1,345.46639503821024,1081.2426314970414,1.0,0.0,0.0,0.0,2.0
331,0.0032556688145940114,0.7032244639523064,0.0,0.1,349.50514289681877,1081.9192825769246,1.0,0.0,0.0,0.0,2.0
332,0.0012269295564181033,0.2650167841863103,0.0,0.1,352.0984415441605,1080.7610074327974,1.0,0.0,0.0,0.0,2.0
333,0.001872231727862343,0.4044020532182661,0.0,0.1,352.6838926687942,1073.6111311597217,1.0,0.0,0.0,0.0,2.0
334,0.002937594202513854,0.6345203477429925,0.0,0.1,351.64269055130865,1066.4784149737345,1.0,0.0,0.0,0.0,2.0
335,0.0036493758098993245,0.7882651749382541,0.0,0.1,354.92407185573046,1058.07651199683,1.0,0.0,0.0,0.0,2.0
336,0.002183584687423219,0.4716542924834154,0.0,0.1,354.42899185452376,1047.2544105225602,1.0,0.0,0.0,0.0,2.0
337,0.003468696039230086,0.7492383444736986,0.0,0.1,352.6438309296408,1036.179385070334,1.0,0.0,0.0,0.0,2.0
338,0.0006344677700343332,0.13704503832741596,0.0,0.1,353.5597144627623,1026.4781257525867,1.0,0.0,0.0,0.0,2.0
339,0.0027569971574867014,0.5955113860171275,0.0,0.1,355.768553923638,1019.5663029082665,1.0,0.0,0.0,0.0,2.0
340,0.001647531112916425,0.3558667203899478,0.0,0.1,361.74179652607756,1007.7594193714623,1.0,0.0,0.0,0.0,2.0
341,0.001256549108793506,0.27141460749939733,0.0,0.1,365.5638757420105,1001.5959931235454,1.0,0.0,0.0,0.0,2.0
342,0.0007592002946752467,0.16398726364985328,0.0,0.1,366.24331080159715,991.9072953459853,1.0,0.0,0.0,0.0,2.0
343,0.0010845118195944655,0.23425455303240456,0.0,0.1,364.415357695806,983.6348124734986,1.0,0.0,0.0,0.0,2.0
344,0.0008823561444528785,0.19058892720182175,0.0,0.1,365.1184103622458,972.0621660606568,1.0,0.0,0.0,0.0,2.0
345,0.0005028507702754179,0.10861576637949026,0.0,0.1,369.42870614264046,970.6048713192289,1.0,0.0,0.0,0.0,2.0
346,0.0004709675338952182,0.10172898732136713,0.0,0.1,376.0390868513813,977.8905986139658,1.0,0.0,0.0,0.0,2.0
347,0.00027839078384441504,0.06013240931039366,1.0,0.1,378.5278329770695,980.0325409722413,1.0,0.0,0.0,0.0,2.0
348,0.00035199563115544846,0.07603105632957688,1.0,0.1,378.7305086242173,979.8471868314678,1.0,0.0,0.0,0.0,2.0
349,0.0007340684006562286,0.15855877454174538,0.0,0.1,377.99631007213844,977.6392908995422,1.0,0.0,0.0,0.0,2.0
350,0.0009979204448825065,0.2155508160946214,0.0,0.1,378.6868318595415,977.3194556356602,1.0,0.0,0.0,0.0,2.0
351,0.0006160868396189961,0.13307475735770316,0.0,0.1,384.0440566357295,977.4255390891699,1.0,0.0,0.0,0.0,2.0
352,0.0007109593943958822,0.15356722918951055,0.0,0.1,387.30807160492844,977.3687849727906,1.0,0.0,0.0,0.0,2.0
353,0.0005807149717239611,0.1254344338923756,0.0,0.1,385.9617795145352,979.7669963197976,1.0,0.0,0.0,0.0,2.0
354,0.0005353856472569182,0.11564329980749434,0.0,0.1,383.47930184185213,980.5980401660345,1.0,0.0,0.0,0.0,2.0
355,0.0005374926654143745,0.11609841572950488,0.0,0.1,385.7362490072247,981.9392861862423,1.0,0.0,0.0,0.0,2.0
356,0.0014579120243027207,0.31490899724938765,0.0,0.1,386.9522082226189,983.4448111953021,1.0,0.0,0.0,0.0,2.0
357,0.0014153471157945853,0.3057149770116304,0.0,0.1,389.8395878816981,984.7631860894342,1.0,0.0,0.0,0.0,2.0
358,0.0010306568029335502,0.22262186943364684,0.0,0.1,391.7907598503653,985.0987988483984,1.0,0.0,0.0,0.0,2.0
359,0.001588972285414442,0.3432180136495195,0.0,0.1,383.83106505691586,975.721789365961,1.0,0.0,0.0,0.0,2.0
360,0.0004772157885396203,0.10307861032455798,0.0,0.1,379.0360903926607,962.6696057984419,1.0,0.0,0.0,0.0,2.0
361,0.0022711514912469822,0.4905687221093482,0.0,0.1,378.08699874611244,953.4743594932123,1.0,0.0,0.0,0.0,2.0
362,0.0013766276041756878,0.2973515625019486,0.0,0.1,375.23937511903654,933.568821446252,1.0,0.0,0.0,0.0,2.0
363,0.0005130624195942248,0.11082148263235256,0.0,0.1,366.0814215427083,905.2222405716506,1.0,0.0,0.0,0.0,2.0
364,0.0001164343774924815,0.025149825538376004,1.0,0.1,,,1.0,0.0,,,2.0
365,0.0002698101686537719,0.058278996429214726,1.0,0.1,367.63161214185897,879.2651225658816,1.0,0.0,0.0,0.0,2.0
366,0.0011877763443536213,0.25655969038038223,0.0,0.1,,,1.0,0.0,,,2.0
367,0.0021464796684693027,0.4636396083893694,0.0,0.1,,,1.0,0.0,,,2.0
368,0.002341410295310486,0.505744623787065,0.0,0.1,,,1.0,0.0,,,2.0
369,0.0012012387730228192,0.25946757497292894,0.0,0.1,,,1.0,0.0,,,2.0
370,0.0016320286198467087,0.35251818188688905,0.0,0.1,365.55291412643487,808.5250131825653,1.0,0.0,0.0,0.0,2.0
371,0.000504469297977223,0.10896536836308017,0.0,0.1,357.86860976974504,780.3915127698848,1.0,0.0,0.0,0.0,2.0
372,0.0015055583258861023,0.3252005983913981,0.0,0.1,356.11658393128846,758.6091573300868,1.0,0.0,0.0,0.0,2.0
373,5.865881753466365e-05,0.012670304587487349,1.0,0.1,358.0235410631119,737.9587415700269,1.0,0.0,0.0,0.0,2.0
374,,,,0.1,358.31816088874035,728.154481479314,1.0,0.0,0.0,0.0,2.0
375,,,,0.1,359.81349554012894,709.5265096488673,,,0.0,0.0,2.0
376,,,,0.1,362.7084683003963,690.4243566945836,,,0.0,0.0,2.0
377,0.003913214558727743,0.8452543446851924,0.0,0.1,373.40218296144434,671.142073692826,1.0,0.0,0.0,0.0,2.0
378,0.0016431650635581458,0.3549236537285595,0.0,0.1,384.5150842562114,652.9390212726823,1.0,0.0,0.0,0.0,2.0
379,0.004286372973232861,0.9258565622182978,0.0,0.1,392.95447583031114,642.0335429644916,1.0,0.0,0.0,0.0,2.0
380,0.005046071181952315,1.0899513753017,0.0,0.1,408.30322177967776,623.2645145620311,1.0,0.0,0.0,0.0,2.0
381,0.004888517652011522,1.0559198128344889,0.0,0.1,423.4500454248606,607.6261902448687,1.0,0.0,0.0,0.0,2.0
382,0.002033527391441743,0.4392419165514165,0.0,0.1,441.2047123210368,593.060503484345,1.0,0.0,0.0,0.0,2.0
383,0.0027101164893738876,0.5853851617047597,0.0,0.1,449.74289313280093,585.377225536378,1.0,0.0,0.0,0.0,2.0
384,0.005624206315696882,1.2148285641905268,0.0,0.1,468.53729492010115,569.9050245923567,1.0,0.0,0.0,0.0,2.0
385,0.008252729848192338,1.782589647209545,0.0,0.1,482.82237341876066,557.6321005362873,1.0,0.0,0.0,0.0,2.0
386,0.0062166802679743645,1.3428029378824626,0.0,0.1,495.3507578712814,544.7415930660812,1.0,0.0,0.0,0.0,2.0
387,0.0009643174920425833,0.20829257828119802,0.0,0.1,510.36236519402235,525.2917749613104,1.0,0.0,0.0,0.0,2.0
388,0.007915457833769825,1.7097388920942822,0.0,0.1,517.1581707336941,518.0346272898086,1.0,0.0,0.0,0.0,2.0
389,0.004872999300987329,1.052567849013263,0.0,0.1,535.256952398757,501.31119270498164,1.0,0.0,0.0,0.0,2.0
390,0.005066504418748424,1.0943649544496596,0.0,0.1,550.7451763758701,491.25110359882757,1.0,0.0,0.0,0.0,2.0
391,0.0026235948423399837,0.5666964859454365,0.0,0.1,563.8159688197084,479.7717513659551,1.0,0.0,0.0,0.0,2.0
392,0.004667631285243836,1.0082083576126686,0.0,0.1,571.7801354615382,474.47297700744235,1.0,0.0,0.0,0.0,2.0
393,0.005666063268942371,1.2238696660915522,0.0,0.1,591.3252951845384,464.8337626122592,1.0,0.0,0.0,0.0,2.0
394,0.005997162320688863,1.2953870612687943,0.0,0.1,611.75497819372,456.93474563173396,1.0,0.0,0.0,0.0,2.0
395,0.0038171806001301273,0.8245110096281075,0.0,0.1,630.04178402034,445.4888458387858,1.0,0.0,0.0,0.0,2.0
396,,,,0.1,645.9231957360861,433.9137735338944,1.0,0.0,0.0,0.0,2.0
397,,,,0.1,653.015886680086,428.1737311284567,,,0.0,0.0,2.0
398,,,,0.1,665.0023498384737,416.3466438962594,,,0.0,0.0,2.0
399,0.004492909324504478,0.9704684140929671,0.0,0.1,674.489484457166,403.5661574180695,1.0,0.0,0.0,0.0,2.0
400,0.005783457654151009,1.249226853296618,0.0,0.1,685.643984404567,388.432576282047,0.0,1.0,0.0,0.0,2.0
401,0.0035284702023696255,0.7621495637118391,0.0,0.1,701.8886127366226,373.88496413073005,0.0,1.0,0.0,0.0,2.0
402,0.004986440898227271,1.0770712340170907,0.0,0.1,707.937982856468,364.01336169455175,0.0,1.0,0.0,0.0,2.0
403,0.003732249047110424,0.8061657941758515,0.0,0.1,715.9841552290364,342.7275754746706,0.0,1.0,0.0,0.0,2.0
404,0.003297920129667437,0.7123507480081664,0.0,0.1,723.6722537916512,323.17313340297727,0.0,1.0,0.0,0.0,2.0
405,0.002012813539603161,0.4347677245542828,0.0,0.1,729.3493675370134,305.2067346552516,0.0,1.0,0.0,0.0,2.0
406,0.004817805437329744,1.0406459744632246,0.0,0.1,733.63558026581,296.929524061306,0.0,1.0,0.0,0.0,2.0
407,0.0039645768053677925,0.8563485899594432,0.0,0.1,742.4318556415104,283.40193615471844,0.0,1.0,0.0,0.0,2.0
408,0.0036464860302642095,0.7876409825370693,0.0,0.1,752.4206742413552,272.22063075489245,0.0,1.0,0.0,0.0,2.0
409,0.0020062316661131926,0.4333460398804496,0.0,0.1,765.5763943769092,259.78037552567065,0.0,1.0,0.0,0.0,2.0
410,0.005803422879541495,1.2535393419809628,0.0,0.1,773.9310977182231,251.9127966704591,0.0,1.0,0.0,0.0,2.0
411,0.004657848678766606,1.006095314613587,0.0,0.1,796.4545310295922,239.9734548922155,0.0,1.0,0.0,0.0,2.0
412,0.005622873325024601,1.2145406382053137,0.0,0.1,815.7107082607997,230.24238467816411,0.0,1.0,0.0,0.0,2.0
413,0.00566569002293868,1.2237890449547548,0.0,0.1,830.9496968294249,226.80519678105904,0.0,1.0,0.0,0.0,2.0
414,0.002036818583584973,0.43995281405435416,0.0,0.1,848.0939414996805,224.34296654013667,0.0,1.0,0.0,0.0,2.0
415,0.005143469969902321,1.1109895134989014,0.0,0.1,857.8964169436751,221.01302743088502,0.0,1.0,0.0,0.0,2.0
416,0.0031678858824543475,0.6842633506101391,0.0,0.1,875.7427684164687,213.17707671132757,0.0,1.0,0.0,0.0,2.0
417,0.007494842647530227,1.6188860118665291,0.0,0.1,892.5348602566402,206.85348695993915,0.0,1.0,0.0,0.0,2.0
418,0.005232870345978852,1.130299994731432,0.0,0.1,908.5291613095668,202.20020923553747,0.0,1.0,0.0,0.0,2.0
419,0.002602731059497017,0.5621899088513558,0.0,0.1,921.8420951606263,196.11748089112302,0.0,1.0,0.0,0.0,2.0
420,0.00359740426602305,0.7770393214609789,0.0,0.1,926.84141239729,192.83820533064147,0.0,1.0,0.0,0.0,2.0
421,0.003117743879846109,0.6734326780467594,0.0,0.1,938.6921855947506,186.3702396378468,0.0,1.0,0.0,0.0,2.0
422,0.007018239700407981,1.5159397752881238,0.0,0.1,949.3376868277447,183.29755293811445,0.0,1.0,0.0,0.0,2.0
423,0.001732460521876645,0.3742114727253554,0.0,0.1,956.3184688355886,180.18710679226743,0.0,1.0,0.0,0.0,2.0
424,0.004705094979081265,1.0163005154815532,0.0,0.1,960.3263847850684,181.66697575568674,0.0,1.0,0.0,0.0,2.0
425,0.0037345845785148875,0.8066702689592157,0.0,0.1,977.3943660328714,188.77229792754522,0.0,1.0,0.0,0.0,2.0
426,0.004807709882678895,1.0384653346586412,0.0,0.1,996.6762439793509,198.72137961006527,0.0,1.0,0.0,0.0,2.0
427,0.0021114224748128843,0.456067254559583,0.0,0.1,1009.5166158551741,206.11972776855475,0.0,1.0,0.0,0.0,2.0
428,0.004504202992534217,0.9729078463873908,0.0,0.1,1015.9014639863437,210.54076201629064,0.0,1.0,0.0,0.0,2.0
429,0.004991379693956192,1.0781380138945376,0.0,0.1,1034.6428012340882,225.23179008930438,0.0,1.0,0.0,0.0,2.0
430,0.003663036003783897,0.7912157768173217,0.0,0.1,1054.3524631420394,240.95217691439467,0.0,1.0,0.0,0.0,2.0
431,0.0022253609852346725,0.48067797281068925,0.0,0.1,1068.5680739437132,251.39634344336096,0.0,1.0,0.0,0.0,2.0
432,0.0015474536575765686,0.3342499900365388,0.0,0.1,1076.0709763481268,256.93774637268706,0.0,1.0,0.0,0.0,2.0
433,0.001850961555817288,0.3998076960565342,0.0,0.1,1078.147230392936,257.63834548805636,0.0,1.0,0.0,0.0,2.0
434,0.002040622433720703,0.4407744456836719,0.0,0.1,1082.584243430974,259.20494107605833,0.0,1.0,0.0,0.0,2.0
435,0.0005306919367376433,0.11462945833533095,0.0,0.1,1092.941108214637,266.8254363020923,0.0,1.0,0.0,0.0,2.0
436,0.00026743418444900494,0.05776578384098507,1.0,0.1,1092.668397941536,265.00521986303147,0.0,1.0,0.0,0.0,2.0
437,0.0010707965177595984,0.23129204783607327,0.0,0.1,1093.8970870510836,265.3301019786225,0.0,1.0,0.0,0.0,2.0
438,0.0007294628853023642,0.15756398322531068,0.0,0.1,1099.5170748885987,268.29561617186573,0.0,1.0,0.0,0.0,2.0
439,0.0007959502599117267,0.17192525614093299,0.0,0.1,1097.5403912682073,262.8116847542222,0.0,1.0,0.0,0.0,2.0
440,0.002184959769009202,0.4719513101059876,0.0,0.1,1101.5372313498888,264.6740133887524,0.0,1.0,0.0,0.0,2.0
441,0.0005420362292359075,0.11707982551495602,0.0,0.1,1104.2968380150319,264.30485641923093,0.0,1.0,0.0,0.0,2.0
442,0.001094618709782999,0.2364376413131278,0.0,0.1,1103.059693538436,260.9543387424442,0.0,1.0,0.0,0.0,2.0
443,0.001608580284406007,0.34745334143169754,0.0,0.1,1098.2379569990649,255.8861576761806,0.0,1.0,0.0,0.0,2.0
444,0.001543197889770831,0.3333307441904995,0.0,0.1,1086.9671933360369,244.7702966906602,0.0,1.0,0.0,0.0,2.0
445,0.0006031419654931011,0.13027866454650983,0.0,0.1,1072.0448336737848,226.89705080595613,0.0,1.0,0.0,0.0,2.0
446,0.0010955424266679867,0.23663716416028513,0.0,0.1,1063.070123606413,215.0434173477374,0.0,1.0,0.0,0.0,2.0
447,0.0016916893459452754,0.36540489872417947,0.0,0.1,1042.093364731815,188.34357700883686,0.0,1.0,0.0,0.0,2.0
448,0.001066990226939154,0.23046988901885723,0.0,0.1,1020.2323899697748,162.17254367569777,0.0,1.0,0.0,0.0,2.0
449,0.0012051126431710767,0.2603043309249526,0.0,0.1,1001.892571864867,138.67040317694568,0.0,1.0,0.0,0.0,2.0
450,0.0004690154192218457,0.10130733055191868,0.0,0.1,985.8993776027434,118.16192394706371,0.0,1.0,0.0,0.0,2.0
451,0.001311697995254399,0.2833267669749502,0.0,0.1,977.9339500321722,109.14509297520202,0.0,1.0,0.0,0.0,2.0
452,0.0005762382602937356,0.1244674642234469,0.0,0.1,962.9326544834001,92.24101795503273,0.0,1.0,0.0,0.0,2.0
453,0.0004371350494716999,0.09442117068588718,1.0,0.1,956.2130521235581,85.7293724655542,0.0,1.0,0.0,0.0,2.0
454,0.0006925487123810362,0.14959052187430383,0.0,0.1,951.2526081411072,81.10149190666479,0.0,1.0,0.0,0.0,2.0
455,0.00028156831942496136,0.06081875699579165,1.0,0.1,948.4887702102232,78.37769013161731,0.0,1.0,0.0,0.0,2.0
456,0.0005312614400458007,0.11475247104989296,0.0,0.1,945.8621012505425,75.3194383725399,0.0,1.0,0.0,0.0,2.0
457,0.0007554273506909769,0.163172307749251,0.0,0.1,943.5664320040347,72.08574491199992,0.0,1.0,0.0,0.0,2.0
458,0.0007625690183200546,0.16471490795713178,0.0,0.1,944.8806515375901,72.08184372967399,0.0,1.0,0.0,0.0,2.0
459,0.0009934187965109987,0.2145784600463757,0.0,0.1,944.3662366308752,70.82303342405388,0.0,1.0,0.0,0.0,2.0
460,0.0016117176710243306,0.3481310169412554,0.0,0.1,945.1975279818241,71.59532657895991,0.0,1.0,0.0,0.0,2.0
461,0.002640027694754235,0.5702459820669148,0.0,0.1,950.5167359354132,76.93206043928332,0.0,1.0,0.0,0.0,2.0
462,0.0022788201778849134,0.49222515842314124,0.0,0.1,952.994639655147,80.45472065719292,0.0,1.0,0.0,0.0,2.0
463,0.0007771794189404954,0.167870754491147,0.0,0.1,,,0.0,1.0,,,2.0
464,0.002886622230924156,0.6235104018796177,0.0,0.1,,,0.0,1.0,,,2.0
465,0.002917832716093587,0.6302518666762148,0.0,0.1,954.4119639789485,88.60942783843502,0.0,1.0,0.0,0.0,2.0
466,0.00330060300968983,0.7129302500930033,0.0,0.1,955.4738645782261,93.24855690077894,0.0,1.0,0.0,0.0,2.0
467,0.002841670929845513,0.6138009208466308,0.0,0.1,962.8862183664709,105.14178790061474,0.0,1.0,0.0,0.0,2.0
468,0.0013076418647610065,0.2824506427883774,0.0,0.1,969.7296759108094,116.26205209817178,0.0,1.0,0.0,0.0,2.0
469,0.004354058529319159,0.9404766423329383,0.0,0.1,973.0772398567351,121.21923250249604,0.0,1.0,0.0,0.0,2.0
470,0.004642638086263618,1.0028098266329415,0.0,0.1,976.281420655129,127.8687581206328,0.0,1.0,0.0,0.0,2.0
471,0.002186048323631795,0.4721864379044677,0.0,0.1,985.9302499852927,140.74328270347615,0.0,1.0,0.0,0.0,2.0
472,0.0021178263378227894,0.45745048896972257,0.0,0.1,995.2385610417473,155.12256384677409,0.0,1.0,0.0,0.0,2.0
473,0.0034510487911193605,0.7454265388817819,0.0,0.1,1001.4419277735552,163.31413694860274,0.0,1.0,0.0,0.0,2.0
474,0.004167686218298206,0.9002202231524126,0.0,0.1,1007.9536491324436,175.07825702116108,0.0,1.0,0.0,0.0,2.0
475,,,,0.1,1015.2451487689953,186.33415633051038,0.0,1.0,0.0,0.0,2.0
476,,,,0.1,1027.7759391821367,200.4527230217933,,,0.0,0.0,2.0
477,0.0017072635512971374,0.36876892708018166,0.0,0.1,1036.415255523375,216.43292639189514,0.0,1.0,0.0,0.0,2.0
478,0.0036164191533425206,0.7811465371219845,0.0,0.1,1040.1680251495688,224.81824824051202,0.0,1.0,0.0,0.0,2.0
479,0.0033175793866405774,0.7165971475143648,0.0,0.1,1047.1248723290435,237.65053741329186,0.0,1.0,0.0,0.0,2.0
480,0.0038689705332801893,0.8356976351885209,0.0,0.1,1048.6422114079198,245.9702723930065,0.0,1.0,0.0,0.0,2.0
481,0.0016652532596732998,0.35969470408943277,0.0,0.1,1050.45834552438,256.33208644740847,0.0,1.0,0.0,0.0,2.0
482,0.004343147123509939,0.9381197786781467,0.0,0.1,1050.1129381000253,260.17422814629975,0.0,1.0,0.0,0.0,2.0
483,0.002825062966196567,0.6102136006984584,0.0,0.1,1047.851753957559,266.44488482388704,0.0,1.0,0.0,0.0,2.0
484,0.0014954307755395552,0.3230130475165439,0.0,0.1,1043.9375537616722,269.00600887790677,0.0,1.0,0.0,0.0,2.0
485,0.0027673610421431296,0.597749985102916,0.0,0.1,1042.6463384201288,275.10856757155636,0.0,1.0,0.0,0.0,2.0
486,0.0018207487686506536,0.39328173402854116,0.0,0.1,1048.3252205701444,289.45788419072903,0.0,1.0,0.0,0.0,2.0
487,0.002848367666964561,0.6152474160643452,0.0,0.1,1048.614036951006,296.3992691777015,0.0,1.0,0.0,0.0,2.0
488,0.0038825532188620565,0.8386314952742042,0.0,0.1,1050.4613005942108,305.39603653406175,0.0,1.0,0.0,0.0,2.0
489,0.0015288130672335921,0.3302236225224559,0.0,0.1,1049.5522940155463,310.7049308299951,0.0,1.0,0.0,0.0,2.0
490,0.00030056047609079516,0.06492106283561175,1.0,0.1,1049.6520802272146,316.510559030463,0.0,1.0,0.0,0.0,2.0
491,0.0022627401265405554,0.48875186733276,0.0,0.1,1049.5513298799806,318.21660289004603,0.0,1.0,0.0,0.0,2.0
492,0.0019861845440829213,0.429015861521911,0.0,0.1,1055.7663496531516,329.5782799975626,0.0,1.0,0.0,0.0,2.0
493,0.002718273137135922,0.5871469976213592,0.0,0.1,1062.322107032666,338.8807010250727,0.0,1.0,0.0,0.0,2.0
494,0.002354029604060262,0.5084703944770166,0.0,0.1,1062.6355798187024,340.4246213721213,0.0,1.0,0.0,0.0,2.0
495,0.000612652028373597,0.13233283812869695,0.0,0.1,1062.435304402853,345.3072910720019,0.0,1.0,0.0,0.0,2.0
496,0.003213191443253708,0.6940493517428009,0.0,0.1,1063.1035186193305,346.3119023130119,0.0,1.0,0.0,0.0,2.0
497,0.002514547747359364,0.5431423134296226,0.0,0.1,1066.9744956950035,349.5427274291563,0.0,1.0,0.0,0.0,2.0
498,0.0017467015429685356,0.37728753328120374,0.0,0.1,,,0.0,1.0,,,2.0
499,8.979843543335656e-05,0.01939646205360502,1.0,0.1,,,0.0,1.0,,,2.0
500,0.0012437394244649929,0.2686477156844385,0.0,0.1,,,0.0,1.0,,,2.0
501,0.00047387110223769374,0.10235615808334185,0.0,0.1,,,0.0,1.0,,,2.0
502,0.0011055947519901966,0.23880846642988246,0.0,0.1,,,0.0,1.0,,,2.0
503,0.0017684880506615077,0.38199341894288563,0.0,0.1,,,0.0,1.0,,,2.0
504,0.0007036943584332894,0.15199798142159052,0.0,0.1,,,0.0,1.0,,,2.0
505,0.0008511042890729298,0.18383852643975282,0.0,0.1,,,0.0,1.0,,,2.0
506,0.0007584693766781766,0.16382938536248617,0.0,0.1,,,0.0,1.0,,,2.0
507,0.0002512733732059548,0.05427504861248624,1.0,0.1,,,0.0,1.0,,,2.0
508,0.0006938758818680864,0.14987719048350667,0.0,0.1,,,0.0,1.0,,,2.0
509,3.4824166230428e-05,0.007522019905772448,1.0,0.1,,,0.0,1.0,,,2.0
510,0.0008355371895317766,0.18047603293886375,0.0,0.1,,,0.0,1.0,,,2.0
511,0.0009858230806989957,0.21293778543098307,0.0,0.1,,,0.0,1.0,,,2.0
512,0.0006532309242490011,0.14109787963778422,0.0,0.1,,,0.0,1.0,,,2.0
513,0.0007492700960587283,0.1618423407486853,0.0,0.1,,,0.0,1.0,,,2.0
514,0.0005594859089281424,0.12084895632847874,0.0,0.1,,,0.0,1.0,,,2.0
515,0.0008357202753932771,0.18051557948494784,0.0,0.1,,,0.0,1.0,,,2.0
516,0.001677916453356185,0.362429953924936,0.0,0.1,,,0.0,1.0,,,2.0
517,0.00040592519781188575,0.08767984272736733,1.0,0.1,,,0.0,1.0,,,2.0
518,0.0016520468788397866,0.35684212582939395,0.0,0.1,1131.1436361884796,402.07804702754885,0.0,1.0,0.0,0.0,2.0
519,0.0016395114124502998,0.35413446508926477,0.0,0.1,1135.2477802442097,406.38155565333875,0.0,1.0,0.0,0.0,2.0
520,0.0036017170705178593,0.7779708872318576,0.0,0.1,1141.9634000027038,416.90078521555574,0.0,1.0,0.0,0.0,2.0
521,,,,0.1,1145.9914151156638,421.6359010306717,0.0,1.0,0.0,0.0,2.0
522,,,,0.1,,,,,,,2.0
523,0.002154598503030803,0.4653932766546534,0.0,0.1,1152.8946435617033,428.33449163950837,0.0,1.0,0.0,0.0,2.0
524,0.001175941622837815,0.25400339053296805,0.0,0.1,,,0.0,1.0,,,2.0
525,0.000935993363167175,0.2021745664441098,0.0,0.1,,,0.0,1.0,,,2.0
526,0.0008051186069451611,0.17390561910015478,0.0,0.1,1163.3923742116804,438.0489164467134,0.0,1.0,0.0,0.0,2.0
527,0.00013920950573662898,0.03006925323911186,1.0,0.1,1166.8814366390134,439.4949966519358,0.0,1.0,0.0,0.0,2.0
528,0.0011018353713160242,0.2379964402042612,0.0,0.1,,,0.0,1.0,,,2.0
529,0.0009596158655589696,0.20727702696073744,0.0,0.1,,,0.0,1.0,,,2.0
530,0.0010763842138317788,0.23249899018766423,0.0,0.1,,,0.0,1.0,,,2.0
531,8.478691009099722e-05,0.018313972579655398,1.0,0.1,,,0.0,1.0,,,2.0
532,0.001542189099671902,0.33311284552913084,0.0,0.1,,,0.0,1.0,,,2.0
533,0.0006247364693918802,0.1349430773886461,0.0,0.1,,,0.0,1.0,,,2.0
534,0.00013423420199238888,0.028994587630356,1.0,0.1,,,0.0,1.0,,,2.0
535,0.0007664715303622739,0.16555785055825115,0.0,0.1,,,0.0,1.0,,,2.0
536,0.0013575285419795413,0.2932261650675809,0.0,0.1,,,0.0,1.0,,,2.0
537,0.0007494445656519463,0.16188002618082042,0.0,0.1,,,0.0,1.0,,,2.0
538,0.0010319639825580502,0.22290422023253884,0.0,0.1,,,0.0,1.0,,,2.0
539,0.0008807956629545283,0.1902518631981781,0.0,0.1,,,0.0,1.0,,,2.0
540,0.0008860355255704619,0.19138367352321978,0.0,0.1,,,0.0,1.0,,,2.0
541,0.0021242904928029023,0.4588467464454269,0.0,0.1,,,0.0,1.0,,,2.0
542,0.0013892520110769448,0.30007843439262005,0.0,0.1,,,0.0,1.0,,,2.0
543,8.099846773810872e-05,0.01749566903143148,1.0,0.1,,,0.0,1.0,,,2.0
544,0.00019362429666088413,0.041822848078750974,1.0,0.1,,,0.0,1.0,,,2.0
545,0.00029523273448358884,0.0637702706484552,1.0,0.1,,,0.0,1.0,,,2.0
546,0.0004299220287726602,0.0928631582148946,1.0,0.1,,,0.0,1.0,,,2.0
547,0.00023129905983985762,0.049960596925409245,1.0,0.1,,,0.0,1.0,,,2.0
548,0.00029045932673575414,0.0627392145749229,1.0,0.1,,,0.0,1.0,,,2.0
549,0.00010681732457000591,0.023072542107121275,1.0,0.1,,,0.0,1.0,,,2.0
550,0.00021306097038342338,0.04602116960281945,1.0,0.1,,,0.0,1.0,,,2.0
551,0.0005195607131329602,0.1122251140367194,0.0,0.1,,,0.0,1.0,,,2.0
552,0.0005306713708199095,0.11462501609710046,0.0,0.1,,,0.0,1.0,,,2.0
553,0.00021102079956336137,0.04558049270568606,1.0,0.1,,,0.0,1.0,,,2.0
554,0.0009739481139639467,0.21037279261621247,0.0,0.1,,,0.0,1.0,,,2.0
555,0.0007814639036469104,0.16879620318773264,0.0,0.1,,,0.0,1.0,,,2.0
556,0.0014727846146302848,0.3181214767601415,0.0,0.1,,,0.0,1.0,,,2.0
557,0.002024741757001216,0.4373442195122627,0.0,0.1,,,0.0,1.0,,,2.0
558,0.0012374205805647796,0.2672828454019924,0.0,0.1,,,0.0,1.0,,,2.0
559,0.0032058927811471453,0.6924728407277834,0.0,0.1,,,0.0,1.0,,,2.0
560,0.002919257594060063,0.6305596403169736,0.0,0.1,,,0.0,1.0,,,2.0
561,0.0006720280024141461,0.14515804852145556,0.0,0.1,1179.9361492985643,378.1316910180288,0.0,1.0,0.0,0.0,2.0
562,0.0011940545954572915,0.25791579261877495,0.0,0.1,,,0.0,1.0,,,2.0
563,0.0011259020763076683,0.2431948484824564,0.0,0.1,,,0.0,1.0,,,2.0
564,0.0005365135777960988,0.11588693280395736,0.0,0.1,,,0.0,1.0,,,2.0
565,0.0012038391765262697,0.26002926212967425,0.0,0.1,,,0.0,1.0,,,2.0
566,0.0012780411582753914,0.2760568901874846,0.0,0.1,,,0.0,1.0,,,2.0
567,0.0011894971012899106,0.2569313738786207,0.0,0.1,,,0.0,1.0,,,2.0
568,0.0020818943285266143,0.4496891749617487,0.0,0.1,,,0.0,1.0,,,2.0
569,0.003536143986062865,0.7638071009895788,0.0,0.1,,,0.0,1.0,,,2.0
570,0.001980186728884221,0.4277203334389917,0.0,0.1,,,0.0,1.0,,,2.0
571,0.0008396777933959402,0.18137040337352311,0.0,0.1,1073.3359155764829,363.83228910660796,0.0,1.0,0.0,0.0,2.0
572,0.002301943746605312,0.49721984926674745,0.0,0.1,1067.4521267361897,357.4250838717487,0.0,1.0,0.0,0.0,2.0
573,0.0005914340806891279,0.12774976142885164,0.0,0.1,1052.6061316054313,345.59014989890767,0.0,1.0,0.0,0.0,2.0
574,0.0011687675019014818,0.25245378041072003,0.0,0.1,1044.210228576728,340.72976913320406,0.0,1.0,0.0,0.0,2.0
575,0.0005973788031150296,0.1290338214728464,0.0,0.1,1040.5943981898781,337.79223962273915,0.0,1.0,0.0,0.0,2.0
576,0.0006570265101720645,0.14191772619716594,0.0,0.1,1036.798257797392,331.11965185519864,0.0,1.0,0.0,0.0,2.0
577,0.002556058919068366,0.5521087265187671,0.0,0.1,1034.2160224967847,326.941365416884,0.0,1.0,0.0,0.0,2.0
578,0.002023434587899327,0.43706187098625465,0.0,0.1,1027.5632989299813,319.6324511587266,0.0,1.0,0.0,0.0,2.0
579,0.0015123883285866155,0.32667587897470896,0.0,0.1,1027.2850511174688,314.7746701115218,0.0,1.0,0.0,0.0,2.0
580,0.0010505020715151992,0.22690844744728303,0.0,0.1,1022.5633413631906,304.38637740269513,0.0,1.0,0.0,0.0,2.0
581,0.0013775501458927445,0.2975508315128328,0.0,0.1,1019.171350199342,299.02179264685276,0.0,1.0,0.0,0.0,2.0
582,0.0013643337494134982,0.2946960898733156,0.0,0.1,1014.8813390517508,288.6669320720632,0.0,1.0,0.0,0.0,2.0
583,0.001054489094571352,0.22776964442741204,0.0,0.1,,,0.0,1.0,,,2.0
584,0.0007345731592090291,0.1586678023891503,0.0,0.1,1012.6589928712884,276.14154479033823,0.0,1.0,0.0,0.0,2.0
585,0.00038241639638829394,0.0826019416198715,1.0,0.1,1014.6285490273723,275.4876851489458,0.0,1.0,0.0,0.0,2.0
586,0.0007256036091125675,0.15673037956831457,0.0,0.1,1017.471343770518,276.7455053575759,0.0,1.0,0.0,0.0,2.0
587,0.0004919615979554163,0.10626370515836991,0.0,0.1,1020.6150424978562,277.5494091807292,0.0,1.0,0.0,0.0,2.0
588,0.0010757046666680001,0.23235220800028805,0.0,0.1,1021.4146661712184,278.5663097263972,0.0,1.0,0.0,0.0,2.0
589,0.0003175853185877831,0.06859842881496116,1.0,0.1,1018.0233388134942,276.8736804805048,0.0,1.0,0.0,0.0,2.0
590,0.0003243610405216913,0.07006198475268532,1.0,0.1,1016.77416946784,277.1588126686579,0.0,1.0,0.0,0.0,2.0
591,0.0003177466901528234,0.06863328507300985,1.0,0.1,1013.166237632731,277.25443800438626,0.0,1.0,0.0,0.0,2.0
592,9.61363526705002e-05,0.020765452176828045,1.0,0.1,1011.145729880349,278.7411982513403,0.0,1.0,0.0,0.0,2.0
593,0.00042007946741309636,0.09073716496122881,1.0,0.1,1008.4007717946974,281.06114693666655,0.0,1.0,0.0,0.0,2.0
594,0.0003884822981723614,0.08391217640523006,1.0,0.1,1006.535703205398,285.19288651699367,0.0,1.0,0.0,0.0,2.0
595,0.0004080861504837779,0.08814660850449603,1.0,0.1,1005.2901515814144,286.0927473183809,0.0,1.0,0.0,0.0,2.0
596,0.00022501367270800416,0.0486029533049289,1.0,0.1,1000.7679093796921,288.22752451362595,0.0,1.0,0.0,0.0,2.0
597,0.0004406411003193168,0.09517847766897243,1.0,0.1,994.4163575270657,287.4471352359923,0.0,1.0,0.0,0.0,2.0
598,0.0007156444123996752,0.15457919307832985,0.0,0.1,990.8495093865139,285.11550884304205,0.0,1.0,0.0,0.0,2.0
599,0.0014974527105986032,0.3234497854892983,0.0,0.1,989.7136129871807,282.861613124906,0.0,1.0,0.0,0.0,2.0
600,0.0015469746629832744,0.33414652720438726,0.0,0.1,987.7707403778267,278.2252193754703,0.0,1.0,0.0,0.0,2.0
601,0.001277848207383913,0.2760152127949252,0.0,0.1,982.9988839646676,276.27897035935365,0.0,1.0,0.0,0.0,2.0
602,0.0011292081289760187,0.24390895585882008,0.0,0.1,973.8638620766031,272.1743761158832,0.0,1.0,0.0,0.0,2.0
603,0.0008261543215754038,0.17844933346028724,0.0,0.1,966.6966512250383,271.45034409230857,0.0,1.0,0.0,0.0,2.0
604,0.0018853068445212073,0.4072262784165808,0.0,0.1,961.3911309855573,268.4541152798858,0.0,1.0,0.0,0.0,2.0
605,0.0015289819677739677,0.330260105039177,0.0,0.1,939.6415418009593,256.1017768546064,0.0,1.0,0.0,0.0,2.0
606,0.0012950260382885886,0.27972562427033515,0.0,0.1,921.3978224555881,249.29514184887168,0.0,1.0,0.0,0.0,2.0
607,0.0009808224193832158,0.2118576425867746,0.0,0.1,904.5430832116202,243.331607332043,0.0,1.0,0.0,0.0,2.0
608,0.0022300192001013033,0.4816841472218815,0.0,0.1,895.8249637405515,242.0459365788751,0.0,1.0,0.0,0.0,2.0
609,0.0027024800350903848,0.5837356875795232,0.0,0.1,885.7280350596474,241.46375873438842,0.0,1.0,0.0,0.0,2.0
610,0.0032348507489566,0.6987277617746256,0.0,0.1,873.4286110063332,238.32869233116747,0.0,1.0,0.0,0.0,2.0
611,0.0017747721861119973,0.3833507922001914,0.0,0.1,859.1085513165656,239.55839617747617,0.0,1.0,0.0,0.0,2.0
612,0.0015375285933468914,0.33210617616292853,0.0,0.1,848.2393127253039,243.1560623920082,0.0,1.0,0.0,0.0,2.0
613,0.0027412333432282484,0.5921064021373017,0.0,0.1,845.0980097518909,245.84247464341146,0.0,1.0,0.0,0.0,2.0
614,0.0021448483079785645,0.46328723452336995,0.0,0.1,839.7041729788651,247.9865040363559,0.0,1.0,0.0,0.0,2.0
615,0.0028622457531801188,0.6182450826869056,0.0,0.1,828.8320781375055,254.57135199545053,0.0,1.0,0.0,0.0,2.0
616,0.0016155213967465071,0.34895262169724556,0.0,0.1,816.1689243588256,262.8106896619061,0.0,1.0,0.0,0.0,2.0
617,0.0022248261470121525,0.480562447754625,0.0,0.1,812.4463674409635,266.7033485484116,0.0,1.0,0.0,0.0,2.0
618,0.0009716474063839503,0.2098758397789333,0.0,0.1,806.5391000144929,269.52375984755895,0.0,1.0,0.0,0.0,2.0
619,0.0016392171632858704,0.35407090726974805,0.0,0.1,807.2630430044778,265.1356697166864,0.0,1.0,0.0,0.0,2.0
620,0.0006771161934174247,0.14625709777816376,0.0,0.1,813.3781960334018,257.33264775189815,0.0,1.0,0.0,0.0,2.0
621,0.0006002873207686012,0.12966206128601787,0.0,0.1,813.786843422123,252.46145794850386,0.0,1.0,0.0,0.0,2.0
622,0.0002886975126332469,0.062358662728781336,1.0,0.1,815.1740919473908,251.96723485013501,0.0,1.0,0.0,0.0,2.0
623,0.00022989738424645007,0.04965783499723322,1.0,0.1,815.6806387445238,251.0753066011169,0.0,1.0,0.0,0.0,2.0
624,0.0005196836749813236,0.1122516737959659,0.0,0.1,815.4053780623582,253.08077435074898,0.0,1.0,0.0,0.0,2.0
625,0.00020180422645113923,0.04358971291344607,1.0,0.1,816.8959526969829,252.97054276006543,0.0,1.0,0.0,0.0,2.0
626,0.00032677528085615367,0.0705834606649292,1.0,0.1,817.3303115157945,253.34081858476875,0.0,1.0,0.0,0.0,2.0
627,1.9078237999403936e-05,0.004120899407871251,1.0,0.1,821.5257690364094,254.80079430456001,0.0,1.0,0.0,0.0,2.0
628,0.00020706496264796934,0.044726031931961376,1.0,0.1,825.2564630610784,253.40849899659293,0.0,1.0,0.0,0.0,2.0
629,0.0006638473667007146,0.14339103120735433,0.0,0.1,826.9385246624058,249.74484586045944,0.0,1.0,0.0,0.0,2.0
630,0.0005974502755739887,0.12904925952398155,0.0,0.1,830.7740540315673,247.1943404545481,0.0,1.0,0.0,0.0,2.0
631,0.001674669825816882,0.3617286823764465,0.0,0.1,833.6331692061768,243.9297279324217,0.0,1.0,0.0,0.0,2.0
632,0.0006594573469981176,0.1424427869515934,0.0,0.1,837.6992920166329,240.3774581666155,0.0,1.0,0.0,0.0,2.0
633,0.000360899233832775,0.0779542345078794,1.0,0.1,840.4619559822785,235.96096322061553,0.0,1.0,0.0,0.0,2.0
634,0.00035249570806067165,0.07613907294110508,1.0,0.1,840.7183007834118,234.59330969007954,0.0,1.0,0.0,0.0,2.0
635,0.00019037445247312382,0.041120881734194745,1.0,0.1,838.3037088042825,234.86254012624386,0.0,1.0,0.0,0.0,2.0
636,0.00015743647590016162,0.03400627879443491,1.0,0.1,836.4417792162765,239.06318546060544,0.0,1.0,0.0,0.0,2.0
637,0.000663068240079112,0.1432227398570882,0.0,0.1,837.159539764121,243.43077239672462,0.0,1.0,0.0,0.0,2.0
638,0.0003594052549137525,0.07763153506137055,1.0,0.1,836.4293013402441,245.70565181639762,0.0,1.0,0.0,0.0,2.0
639,0.0001061997270487638,0.02293914104253298,1.0,0.1,834.6468361209603,249.5767264922846,0.0,1.0,0.0,0.0,2.0
640,0.0007796577968023875,0.1684060841093157,0.0,0.1,832.4151213661514,251.46471860069937,0.0,1.0,0.0,0.0,2.0
641,0.0012166414092067376,0.2627945443886553,0.0,0.1,831.8459306896793,256.2560267461071,0.0,1.0,0.0,0.0,2.0
642,0.0008326104968555657,0.17984386732080218,0.0,0.1,827.1203086472716,260.0482631697716,0.0,1.0,0.0,0.0,2.0
643,0.0002520363607101197,0.054439853913385856,1.0,0.1,823.4407353582699,264.9589619423572,0.0,1.0,0.0,0.0,2.0
644,0.00033113119148321223,0.07152433736037385,1.0,0.1,823.5829899293013,264.2974478719709,0.0,1.0,0.0,0.0,2.0
645,0.0013945121537492185,0.3012146252098312,0.0,0.1,825.6873204882442,263.55880844988025,0.0,1.0,0.0,0.0,2.0
646,0.0015512585447519504,0.3350718456664213,0.0,0.1,825.649923717845,262.7742756784408,0.0,1.0,0.0,0.0,2.0
647,0.0019487462861268738,0.42092919780340476,0.0,0.1,825.1142005646749,262.457529260517,0.0,1.0,0.0,0.0,2.0
648,0.0007710415695673805,0.16654497902655419,0.0,0.1,824.647453424793,263.37016876978606,0.0,1.0,0.0,0.0,2.0
649,0.0018174774273925635,0.3925751243167937,0.0,0.1,823.8600746396502,264.35760347924355,0.0,1.0,0.0,0.0,2.0
650,0.0006336623477042467,0.13687106710411728,0.0,0.1,812.1966328877811,249.38814449863253,0.0,1.0,0.0,0.0,2.0
651,0.002459487031840033,0.5312491988774471,0.0,0.1,807.1404412740437,239.19854645581248,0.0,1.0,0.0,0.0,2.0
652,0.0016828185167653996,0.3634887996213263,0.0,0.1,823.6416632883921,263.90900539622766,0.0,1.0,0.0,0.0,2.0
653,0.0011259108541573355,0.24319674449798448,0.0,0.1,813.056609523316,241.03926656019283,0.0,1.0,0.0,0.0,2.0
654,0.0011033524120699165,0.238324121007102,0.0,0.1,819.026879405045,245.37327182474587,0.0,1.0,0.0,0.0,2.0
655,0.0001613053115964153,0.034841947304825704,1.0,0.1,817.1767542747508,244.14074565523026,0.0,1.0,0.0,0.0,2.0
656,0.0010036662403508907,0.2167919079157924,0.0,0.1,820.912853118967,240.98209395407034,0.0,1.0,0.0,0.0,2.0
657,0.000914531396548727,0.19753878165452504,0.0,0.1,822.851601057385,232.92360381121375,0.0,1.0,0.0,0.0,2.0
658,0.0016132516034084046,0.34846234633621537,0.0,0.1,824.5264036730794,230.94503674146773,0.0,1.0,0.0,0.0,2.0
659,0.002144539435829313,0.4632205181391317,0.0,0.1,829.8954302629662,223.99024536166124,0.0,1.0,0.0,0.0,2.0
660,0.002279863186827724,0.49245044835478835,0.0,0.1,836.6934621114799,219.105577031226,0.0,1.0,0.0,0.0,2.0
661,0.00029396404985096956,0.06349623476780943,1.0,0.1,845.7400292975764,215.0882878148615,0.0,1.0,0.0,0.0,2.0
662,0.0005048591126102578,0.10904956832381568,0.0,0.1,849.9483481692351,213.23514836311358,0.0,1.0,0.0,0.0,2.0
663,0.0016521955187669502,0.3568742320536612,0.0,0.1,856.4175374751052,207.53505541320038,0.0,1.0,0.0,0.0,2.0
664,0.0005656617123605304,0.12218292986987458,0.0,0.1,860.2075552447781,205.12516543238877,0.0,1.0,0.0,0.0,2.0
665,0.0005117561651140226,0.1105393316646289,0.0,0.1,868.3547218961797,197.53063794521606,0.0,1.0,0.0,0.0,2.0
666,0.00011888594844837908,0.025679364864849882,1.0,0.1,928.5399552896561,259.2864555530308,0.0,1.0,0.0,0.0,2.0
667,0.0006617043442241449,0.1429281383524153,0.0,0.1,879.4007316552268,197.997739206068,0.0,1.0,0.0,0.0,2.0
668,0.0023405363357557854,0.5055558485232496,0.0,0.1,883.4310557182923,199.83928354007514,0.0,1.0,0.0,0.0,2.0
669,0.0015997092472678407,0.3455371974098536,0.0,0.1,880.720853183955,193.86208657763422,0.0,1.0,0.0,0.0,2.0
670,0.00044513179842207095,0.09614846845916733,1.0,0.1,,,0.0,1.0,,,2.0
671,0.001108250767906764,0.23938216586786104,0.0,0.1,,,0.0,1.0,,,2.0
672,0.0005398846587366772,0.11661508628712228,0.0,0.1,881.2767160206897,185.6700692911255,0.0,1.0,0.0,0.0,2.0
673,0.00013488680711165436,0.029135550336117345,1.0,0.1,,,0.0,1.0,,,2.0
674,0.0004829290794989913,0.10431268117178212,0.0,0.1,876.2456931455367,192.4081441826558,0.0,1.0,0.0,0.0,2.0
675,0.0001773150100333976,0.03830004216721388,1.0,0.1,869.1963486493798,194.20070569153143,0.0,1.0,0.0,0.0,2.0
676,0.0005982980295991268,0.12923237439341137,0.0,0.1,866.1020213780213,193.77195977145578,0.0,1.0,0.0,0.0,2.0
677,0.00032689049854148965,0.07060834768496176,1.0,0.1,860.3792501278818,193.0921649013354,0.0,1.0,0.0,0.0,2.0
678,0.0003266641353233378,0.07055945322984097,1.0,0.1,854.7162692184478,191.27193093735866,0.0,1.0,0.0,0.0,2.0
679,0.0009819979322701698,0.2121115533703567,0.0,0.1,847.0407192977417,189.583865161323,0.0,1.0,0.0,0.0,2.0
680,0.0006081372252462351,0.13135764065318678,0.0,0.1,844.4043115522976,185.4784687859928,0.0,1.0,0.0,0.0,2.0
681,0.00042654213459770437,0.09213310107310414,1.0,0.1,842.679681795195,183.57629191606583,0.0,1.0,0.0,0.0,2.0
682,0.0002926373487171725,0.06320966732290927,1.0,0.1,841.5796645720854,181.48435438222364,0.0,1.0,0.0,0.0,2.0
683,0.0007707938501017109,0.16649147162196956,0.0,0.1,840.1267237135968,175.85701917200132,0.0,1.0,0.0,0.0,2.0
684,4.1395561590128526e-05,0.008941441303467763,1.0,0.1,839.1834979850967,175.7419344939671,0.0,1.0,0.0,0.0,2.0
685,0.0004179630438585839,0.09028001747345413,1.0,0.1,838.5650074841859,180.8231139712469,0.0,1.0,0.0,0.0,2.0
686,0.0006211060067430066,0.13415889745648943,0.0,0.1,835.825631724771,184.72661949055197,0.0,1.0,0.0,0.0,2.0
687,0.0011012517266990266,0.2378703729669898,0.0,0.1,837.8991599263785,185.7088200537323,0.0,1.0,0.0,0.0,2.0
688,0.0002679720237906029,0.05788195713877022,1.0,0.1,838.6839125770474,184.13150089580316,0.0,1.0,0.0,0.0,2.0
689,0.0006169331457447567,0.13325755948086745,0.0,0.1,839.2893983672114,184.09833570461774,0.0,1.0,0.0,0.0,2.0
690,0.0003555274042329476,0.07679391931431667,1.0,0.1,842.1519777695199,183.66250080734864,0.0,1.0,0.0,0.0,2.0
691,0.0007944748430099127,0.17160656609014113,0.0,0.1,841.3047092453452,185.7247354391263,0.0,1.0,0.0,0.0,2.0
692,0.001379426820393816,0.2979561932050643,0.0,0.1,841.8596417263412,182.64289412797942,0.0,1.0,0.0,0.0,2.0
693,0.0008906574844397721,0.1923820166389908,0.0,0.1,838.3028596024353,174.96232268088943,0.0,1.0,0.0,0.0,2.0
694,0.0010079372284960586,0.21771444135514867,0.0,0.1,836.4911427542204,171.03279383640862,0.0,1.0,0.0,0.0,2.0
695,0.001212627137029017,0.2619274615982677,0.0,0.1,837.8063775217743,162.5357004831466,0.0,1.0,0.0,0.0,2.0
696,0.0008229744985111757,0.17776249167841396,0.0,0.1,836.9984641118997,149.98985053671254,0.0,1.0,0.0,0.0,2.0
697,0.00012670182328232714,0.027367593828982663,1.0,0.1,837.2876922116445,137.97902798411727,0.0,1.0,0.0,0.0,2.0
698,0.00021307917089551573,0.0460251009134314,1.0,0.1,837.5924787620415,133.26386041330605,0.0,1.0,0.0,0.0,2.0
699,0.00029420100647871514,0.06354741739940248,1.0,0.1,834.192770516089,128.90402074643686,0.0,1.0,0.0,0.0,2.0
700,0.00026029049471926706,0.05622274685936168,1.0,0.1,832.6626900590564,130.3880516493711,0.0,1.0,0.0,0.0,2.0
701,0.0003073210566017088,0.0663813482259691,1.0,0.1,831.6567326120124,126.48728899183534,0.0,1.0,0.0,0.0,2.0
702,0.0002184925675982149,0.047194394601214426,1.0,0.1,834.6266409622399,114.87895564230683,0.0,1.0,0.0,0.0,2.0
703,0.00011184097198273882,0.024157649948271583,1.0,0.1,836.5423540509054,106.26097509389815,0.0,1.0,0.0,0.0,2.0
704,0.0012404477908408741,0.26793672282162884,0.0,0.1,840.8306435179204,96.07925445256392,0.0,1.0,0.0,0.0,2.0
705,0.0003524236347182399,0.07612350509913983,1.0,0.1,843.0625262517516,91.35237518781938,0.0,1.0,0.0,0.0,2.0
706,0.00022789835833099764,0.049226045399495495,1.0,0.1,843.1950082290384,89.77594336701905,0.0,1.0,0.0,0.0,2.0
707,0.00042295148840169205,0.09135752149476549,1.0,0.1,842.6092950022711,88.37463274913839,0.0,1.0,0.0,0.0,2.0
708,0.00022552789263633396,0.048714024809448135,1.0,0.1,842.3660145852309,82.5596446960174,0.0,1.0,0.0,0.0,2.0
709,0.00046386804066055255,0.10019549678267936,0.0,0.1,842.8790384301948,80.13105625402972,0.0,1.0,0.0,0.0,2.0
710,0.00022729821655232354,0.04909641477530188,1.0,0.1,844.3348720631726,79.56804680529378,0.0,1.0,0.0,0.0,2.0
711,0.0001972210327348078,0.04259974307071849,1.0,0.1,844.4687824119941,87.90143133057428,0.0,1.0,0.0,0.0,2.0
712,0.0003394410799294197,0.07331927326475465,1.0,0.1,844.2728670159295,93.89426799639982,0.0,1.0,0.0,0.0,2.0
713,0.0004844205796888566,0.10463484521279302,0.0,0.1,848.3952023294443,103.8539901042309,0.0,1.0,0.0,0.0,2.0
714,0.00033691699708714683,0.07277407137082371,1.0,0.1,847.2094376628022,111.89953618208791,0.0,1.0,0.0,0.0,2.0
715,0.00035689472255819477,0.07708926007257007,1.0,0.1,846.9474083331367,114.79485150028799,0.0,1.0,0.0,0.0,2.0
716,0.00025397400119258555,0.05485838425759848,1.0,0.1,847.3567599860961,116.40655456580332,0.0,1.0,0.0,0.0,2.0
717,0.0006129544825237165,0.13239816822512276,0.0,0.1,846.5147252238323,118.21769531479111,0.0,1.0,0.0,0.0,2.0
718,0.00034140675327677905,0.07374385870778427,1.0,0.1,849.757988222329,122.43728916541477,0.0,1.0,0.0,0.0,2.0
719,0.0002826912484810978,0.06106130967191713,1.0,0.1,850.0365625611213,126.64237306372439,0.0,1.0,0.0,0.0,2.0
720,4.912687204581641e-05,0.010611404361896344,1.0,0.1,850.1752485605525,124.42212823875096,0.0,1.0,0.0,0.0,2.0
721,0.00014939965343822083,0.0322703251426557,1.0,0.1,850.4941885553912,124.25837572726235,0.0,1.0,0.0,0.0,2.0
722,0.0002251466264994316,0.04863167132387723,1.0,0.1,850.0187858830017,122.87623806546067,0.0,1.0,0.0,0.0,2.0
723,7.258922076986602e-05,0.01567927168629106,1.0,0.1,846.7435609992788,120.04550964430106,0.0,1.0,0.0,0.0,2.0
724,0.00011657684867793937,0.025180599314434907,1.0,0.1,842.0384120698337,120.35618250011207,0.0,1.0,0.0,0.0,2.0
725,0.0005136111226643925,0.11094000249550878,0.0,0.1,839.8883606122522,120.87774955381306,0.0,1.0,0.0,0.0,2.0
726,0.0005239412545232554,0.11317131097702318,0.0,0.1,837.0385731920464,122.04572801523888,0.0,1.0,0.0,0.0,2.0
727,0.000874008114820747,0.18878575280128135,0.0,0.1,833.4076005867453,124.75470979075423,0.0,1.0,0.0,0.0,2.0
728,0.0010247740468171465,0.22135119411250365,0.0,0.1,825.5741490661329,125.97193727955265,0.0,1.0,0.0,0.0,2.0
729,0.0004711762629943692,0.10177407280678374,0.0,0.1,818.0694721399198,130.50908994847302,0.0,1.0,0.0,0.0,2.0
730,0.0012933926147762759,0.2793728047916756,0.0,0.1,815.2884646578777,133.71979633200533,0.0,1.0,0.0,0.0,2.0
731,0.0011677473703572965,0.252233431997176,0.0,0.1,811.3402085060112,134.62896944396232,0.0,1.0,0.0,0.0,2.0
732,0.0007629713536774496,0.16480181239432912,0.0,0.1,807.0082142494311,141.19675449303267,0.0,1.0,0.0,0.0,2.0
733,0.0008742539558866131,0.18883885447150844,0.0,0.1,801.7513229917264,151.31069409530653,0.0,1.0,0.0,0.0,2.0
734,0.0019498260040468893,0.4211624168741281,0.0,0.1,798.3060806616245,155.3915349675846,0.0,1.0,0.0,0.0,2.0
735,0.0017817073706774753,0.38484879206633466,0.0,0.1,789.8435095759238,165.94836126199687,0.0,1.0,0.0,0.0,2.0
736,0.0007601559991574613,0.16419369581801163,0.0,0.1,781.8459117480002,173.84543666073031,0.0,1.0,0.0,0.0,2.0
737,0.0013394393468493604,0.2893188989194619,0.0,0.1,776.8793799836611,180.38219522292937,0.0,1.0,0.0,0.0,2.0
738,0.0008027347047858545,0.1733906962337446,0.0,0.1,769.0494793513163,185.91546815003449,0.0,1.0,0.0,0.0,2.0
739,0.001927291996860911,0.41629507132195676,0.0,0.1,763.501943643936,189.3566943272595,0.0,1.0,0.0,0.0,2.0
740,0.0032776025959417687,0.7079621607234221,0.0,0.1,752.1127043161102,197.25164544908353,0.0,1.0,0.0,0.0,2.0
741,0.002224092055562438,0.48040388400148654,0.0,0.1,742.6200801771513,202.97397224720956,0.0,1.0,0.0,0.0,2.0
742,0.0009929724922258785,0.21448205832078976,0.0,0.1,736.8924868967417,207.41248502257042,0.0,1.0,0.0,0.0,2.0
743,0.002736656330881018,0.5911177674702999,0.0,0.1,735.1735434104637,208.63822591423505,0.0,1.0,0.0,0.0,2.0
744,0.0013566013724357368,0.29302589644611915,0.0,0.1,733.3819429182331,212.10282655137374,0.0,1.0,0.0,0.0,2.0
745,0.0024639376369612726,0.5322105295836349,0.0,0.1,732.4161100884978,222.10231329687585,0.0,1.0,0.0,0.0,2.0
746,0.00102150863088861,0.22064586427193977,0.0,0.1,726.7667821603495,233.60636216467526,0.0,1.0,0.0,0.0,2.0
747,0.001090351705873062,0.23551596846858142,0.0,0.1,721.151027920016,240.77021319182194,0.0,1.0,0.0,0.0,2.0
748,0.0021569514019015076,0.4659015028107256,0.0,0.1,719.3448846579396,242.1598719910758,0.0,1.0,0.0,0.0,2.0
749,0.001386272994831652,0.29943496688363685,0.0,0.1,716.9696534789886,241.69618294130817,0.0,1.0,0.0,0.0,2.0
750,0.002427959004958028,0.524439145070934,0.0,0.1,713.6785827960825,243.42655891732906,0.0,1.0,0.0,0.0,2.0
751,0.0010583624659868589,0.2286062926531615,0.0,0.1,707.960947762905,248.48455456983046,0.0,1.0,0.0,0.0,2.0
752,0.002067928134564959,0.4466724770660312,0.0,0.1,705.2512472129529,250.61365976657066,0.0,1.0,0.0,0.0,2.0
753,0.0021408176197135306,0.4624166058581226,0.0,0.1,701.2222318964377,256.38875407022016,0.0,1.0,0.0,0.0,2.0
754,0.0020383801128527495,0.44029010437619387,0.0,0.1,693.9497003317799,262.4063914508911,0.0,1.0,0.0,0.0,2.0
755,0.0017054123368614848,0.3683690647620807,0.0,0.1,685.8775027323818,268.92480763002953,0.0,1.0,0.0,0.0,2.0
756,0.000657520789373822,0.14202449050474558,0.0,0.1,680.5047482608722,273.6388244633263,0.0,1.0,0.0,0.0,2.0
757,0.0020066284258941237,0.4334317399931307,0.0,0.1,676.5108569209999,276.40514362331714,0.0,1.0,0.0,0.0,2.0
758,0.0006092389038379289,0.13159560322899264,0.0,0.1,670.8230115194713,280.97483067265176,0.0,1.0,0.0,0.0,2.0
759,0.0023367172820867345,0.5047309329307347,0.0,0.1,658.5028134751518,288.9945789766827,0.0,1.0,0.0,0.0,2.0
760,0.0013423183947984254,0.2899407732764599,0.0,0.1,647.5016390389079,298.1480164415341,0.0,1.0,0.0,0.0,2.0
761,0.0025381255684704582,0.548235122789619,0.0,0.1,641.5374914766394,303.0926387270129,0.0,1.0,0.0,0.0,2.0
762,0.003140101077680276,0.6782618327789396,0.0,0.1,633.5927222352682,310.7032913606585,0.0,1.0,0.0,0.0,2.0
763,0.002602786663756837,0.5622019193714768,0.0,0.1,626.4312497788958,318.00077579692027,0.0,1.0,0.0,0.0,2.0
764,0.003504686141977137,0.7570122066670616,0.0,0.1,616.4717461075368,328.41482599939974,0.0,1.0,0.0,0.0,2.0
765,0.0014630718372569502,0.31602351684750124,0.0,0.1,600.7075078963471,340.2525170194463,0.0,1.0,0.0,0.0,2.0
766,0.0037179833205512637,0.803084397239073,0.0,0.1,594.2241336192479,346.2404958333642,0.0,1.0,0.0,0.0,2.0
767,0.002437766693758112,0.5265576058517522,0.0,0.1,585.5738631246721,353.4455128655672,0.0,1.0,0.0,0.0,2.0
768,0.004194797246223439,0.9060762051842628,0.0,0.1,577.9786650623606,359.27617972967465,0.0,1.0,0.0,0.0,2.0
769,0.0012001285152550168,0.2592277592950836,0.0,0.1,567.610533467265,370.7672771513275,0.0,1.0,0.0,0.0,2.0
770,0.004166412635716545,0.8999451293147738,0.0,0.1,560.2920310694545,378.8989552944226,0.0,1.0,0.0,0.0,2.0
771,0.003238881317741847,0.699598364632239,0.0,0.1,547.7693889060257,393.1918626181549,0.0,1.0,0.0,0.0,2.0
772,0.005287412314348438,1.1420810598992626,0.0,0.1,538.4463540515032,403.3591352472215,0.0,1.0,0.0,0.0,2.0
773,0.0015242311148085232,0.329233920798641,0.0,0.1,531.0807955912613,414.93731795505715,0.0,1.0,0.0,0.0,2.0
774,0.0017666193589141533,0.38158978152545714,0.0,0.1,520.9289212026655,430.22006365069126,0.0,1.0,0.0,0.0,2.0
775,0.0024714916346096003,0.5338421930756737,0.0,0.1,516.3753308380395,437.7740599421862,0.0,1.0,0.0,0.0,2.0
776,0.0027339982337046763,0.5905436184802101,0.0,0.1,510.55498858112946,449.66986060731955,0.0,1.0,0.0,0.0,2.0
777,0.003890760662032023,0.840404302998917,0.0,0.1,506.3766421595497,456.4608507154657,0.0,1.0,0.0,0.0,2.0
778,0.001793576624010267,0.38741255078621767,0.0,0.1,506.04830556937924,459.4659314606394,0.0,1.0,0.0,0.0,2.0
779,0.0028480391171389805,0.6151764493020198,0.0,0.1,506.6055460258031,461.7421432317675,0.0,1.0,0.0,0.0,2.0
780,0.0013942369590240406,0.30115518314919276,0.0,0.1,506.90655092747295,472.124681080372,0.0,1.0,0.0,0.0,2.0
781,0.0016396514058582324,0.3541647036653782,0.0,0.1,499.54347667779626,486.4456910090468,0.0,1.0,0.0,0.0,2.0
782,0.0027077118122630778,0.5848657514488248,0.0,0.1,495.8344173614894,498.8262421371134,0.0,1.0,0.0,0.0,2.0
783,0.0024351686003259896,0.5259964176704137,0.0,0.1,494.109336494121,504.3991962856961,0.0,1.0,0.0,0.0,2.0
784,0.0012786120842668948,0.2761802102016493,0.0,0.1,492.84660102238155,510.50529637846284,0.0,1.0,0.0,0.0,2.0
785,0.0021929560543915393,0.47367850774857245,0.0,0.1,490.46181184114675,522.8070003665326,0.0,1.0,0.0,0.0,2.0
786,0.002708306607871409,0.5849942273002244,0.0,0.1,484.11591999095674,535.4920234991457,0.0,1.0,0.0,0.0,2.0
787,0.0015728450814261538,0.3397345375880492,0.0,0.1,479.3643719840506,549.0398621882872,0.0,1.0,0.0,0.0,2.0
788,0.004180365023905899,0.9029588451636743,0.0,0.1,478.50118778552775,553.2979157083973,0.0,1.0,0.0,0.0,2.0
789,0.003008774399191221,0.6498952702253038,0.0,0.1,473.52739080306355,562.2329351188724,0.0,1.0,0.0,0.0,2.0
790,0.0025756277112924343,0.5563355856391659,0.0,0.1,469.3256261992927,569.7848838571242,0.0,1.0,0.0,0.0,2.0
791,0.0035075739321275374,0.7576359693395481,0.0,0.1,464.10217840614416,584.2667535720157,0.0,1.0,0.0,0.0,2.0
792,0.0008089695233914947,0.17473741705256288,0.0,0.1,459.02810159338543,597.9277395673778,0.0,1.0,0.0,0.0,2.0
793,0.004018655146006082,0.8680295115373137,0.0,0.1,455.9072344074711,605.0345591284822,0.0,1.0,0.0,0.0,2.0
794,0.004086135268021872,0.8826052178927244,0.0,0.1,451.3201491990433,622.5311957319306,0.0,1.0,0.0,0.0,2.0
795,0.0027099086167348,0.5853402612147168,0.0,0.1,446.5608635783202,636.3814714866465,0.0,1.0,0.0,0.0,2.0
796,0.002606958044089502,0.5631029375233324,0.0,0.1,439.39259149744515,645.4671500102276,0.0,1.0,0.0,0.0,2.0
797,0.00259734007785732,0.5610254568171811,0.0,0.1,434.34477796292435,652.223642927496,0.0,1.0,0.0,0.0,2.0
798,0.0026157374959735183,0.5649992991302799,0.0,0.1,428.5401109764038,664.8033478563965,0.0,1.0,0.0,0.0,2.0
799,0.0027510629999776774,0.5942296079951783,0.0,0.1,420.9275679533328,673.2386062262635,0.0,1.0,0.0,0.0,2.0
800,0.004937962808137647,1.0665999665577317,0.0,0.1,411.43085958514536,681.159094768226,0.0,1.0,0.0,0.0,2.0
801,0.001178356149116615,0.25452492820918887,0.0,0.1,402.47198456034545,688.4113961069911,1.0,0.0,0.0,0.0,2.0
802,0.0036150774531500747,0.7808567298804162,0.0,0.1,394.28360229312835,693.288099376142,1.0,0.0,0.0,0.0,2.0
803,0.0030811044710278997,0.6655185657420264,0.0,0.1,381.8197537697757,702.9755456386167,1.0,0.0,0.0,0.0,2.0
804,0.003524659140098228,0.7613263742612172,0.0,0.1,367.3781944058938,713.5239176983857,1.0,0.0,0.0,0.0,2.0
805,0.0021812989923248433,0.4711605823421661,0.0,0.1,358.571968591765,724.6776106100752,1.0,0.0,0.0,0.0,2.0
806,0.003892706036447087,0.8408245038725708,0.0,0.1,356.08980300558875,728.5967949448396,1.0,0.0,0.0,0.0,2.0
807,0.0036003010384191574,0.777665024298538,0.0,0.1,350.3704701142768,736.7070903544029,1.0,0.0,0.0,0.0,2.0
808,0.0038990115945908605,0.8421865044316258,0.0,0.1,345.1820368375814,747.5101555847676,1.0,0.0,0.0,0.0,2.0
809,0.0034059041477834885,0.7356752959212336,0.0,0.1,340.586043991307,762.9790884458307,1.0,0.0,0.0,0.0,2.0
810,0.0022618356580168335,0.4885565021316361,0.0,0.1,338.42778484988605,779.229679941093,1.0,0.0,0.0,0.0,2.0
811,0.003755122868128703,0.8111065395157999,0.0,0.1,337.0693134798574,787.2105070954848,1.0,0.0,0.0,0.0,2.0
812,0.0035088616880130695,0.757914124610823,0.0,0.1,336.28854170878816,796.2306702581182,1.0,0.0,0.0,0.0,2.0
813,0.00407207171877227,0.8795674912548104,0.0,0.1,338.76712320104764,804.0887415775609,1.0,0.0,0.0,0.0,2.0
814,0.001457980092106163,0.3149236998949312,0.0,0.1,340.2111865615969,813.7046402406513,1.0,0.0,0.0,0.0,2.0
815,0.0015654263270767563,0.33813208664857936,0.0,0.1,341.3807757866884,816.1753736497506,1.0,0.0,0.0,0.0,2.0
816,0.001477956416929758,0.31923858605682776,0.0,0.1,343.6220280477836,824.3011367723886,1.0,0.0,0.0,0.0,2.0
817,0.001615530381093792,0.34895456231625904,0.0,0.1,350.4827065283886,831.1324847931334,1.0,0.0,0.0,0.0,2.0
818,0.00034463872260564023,0.0744419640828183,1.0,0.1,362.75205429028847,833.1525949745812,1.0,0.0,0.0,0.0,2.0
819,8.31003973826629e-05,0.01794968583465519,1.0,0.1,368.94578022403664,831.0208554616382,1.0,0.0,0.0,0.0,2.0
820,0.00152548792150119,0.3295053910442571,0.0,0.1,371.73797812206226,830.4192962517174,1.0,0.0,0.0,0.0,2.0
821,0.0015654543367297255,0.3381381367336207,0.0,0.1,376.94353616926225,832.5236054598591,1.0,0.0,0.0,0.0,2.0
822,0.0019251702229325604,0.415836768153433,0.0,0.1,384.88299642245096,836.0534280154129,1.0,0.0,0.0,0.0,2.0
823,0.0008754648176281414,0.18910040060767852,0.0,0.1,390.60831978299404,838.4606360517861,1.0,0.0,0.0,0.0,2.0
824,0.0011634145793694244,0.25129754914379565,0.0,0.1,391.62358171344465,839.1296044668542,1.0,0.0,0.0,0.0,2.0
825,0.001354186380069192,0.29250425809494546,0.0,0.1,389.8485354279077,837.931132140003,1.0,0.0,0.0,0.0,2.0
826,0.0009944157109176553,0.21479379355821354,0.0,0.1,386.8925643003125,843.1010613933514,1.0,0.0,0.0,0.0,2.0
827,0.0009408294301044962,0.2032191569025712,0.0,0.1,391.22125751137276,849.6195089431709,1.0,0.0,0.0,0.0,2.0
828,0.00041716317049723045,0.09010724482740178,1.0,0.1,,,1.0,0.0,,,2.0
829,0.0009774415624785324,0.211127377495363,0.0,0.1,397.7622807991308,856.2428698440496,1.0,0.0,0.0,0.0,2.0
830,0.0020209588923730763,0.4365271207525845,0.0,0.1,394.7014031820201,858.9761623411738,1.0,0.0,0.0,0.0,2.0
831,0.0013653959530072362,0.294925525849563,0.0,0.1,389.37929004664494,863.2136014385059,1.0,0.0,0.0,0.0,2.0
832,0.00040691868309140016,0.08789443554774243,1.0,0.1,389.4511829291079,868.5356894397689,1.0,0.0,0.0,0.0,2.0
833,0.00206041813947234,0.4450503181260254,0.0,0.1,392.7183563644727,870.3782521327275,1.0,0.0,0.0,0.0,2.0
834,0.0016792458999630117,0.3627171143920105,0.0,0.1,392.11742526223276,872.8116349146942,1.0,0.0,0.0,0.0,2.0
835,0.0013318454779612822,0.28767862323963694,0.0,0.1,390.60563974393085,875.8853577306016,1.0,0.0,0.0,0.0,2.0
836,0.0009298057824117164,0.20083804900093075,0.0,0.1,392.0819828677813,878.8808946212021,1.0,0.0,0.0,0.0,2.0
837,0.00013101048574421837,0.02829826492075117,1.0,0.1,388.40963704761424,877.4409703759145,1.0,0.0,0.0,0.0,2.0
838,0.0005645878812202156,0.12195098234356658,0.0,0.1,385.92314224496226,872.9017008430343,1.0,0.0,0.0,0.0,2.0
839,0.0005626023716030458,0.12152211226625789,0.0,0.1,381.8088362914146,866.8277765844414,1.0,0.0,0.0,0.0,2.0
840,0.001060254287933825,0.2290149261937062,0.0,0.1,379.66546631032065,859.8248879551171,1.0,0.0,0.0,0.0,2.0
841,0.001465234073359765,0.31649055984570923,0.0,0.1,381.5520597953086,850.1833345207117,1.0,0.0,0.0,0.0,2.0
842,0.0018932719500226324,0.4089467412048886,0.0,0.1,384.7309405403794,842.004277191518,1.0,0.0,0.0,0.0,2.0
843,0.0001280173452989117,0.027651746584564926,1.0,0.1,,,1.0,0.0,,,2.0
844,0.0010000935981339242,0.21602021719692763,0.0,0.1,,,1.0,0.0,,,2.0
845,0.0008966083834181829,0.1936674108183275,0.0,0.1,,,1.0,0.0,,,2.0
846,0.001135744253907024,0.24532075884391719,0.0,0.1,,,1.0,0.0,,,2.0
847,0.0006467157537197842,0.13969060280347342,0.0,0.1,,,1.0,0.0,,,2.0
848,0.000385595598024935,0.08328864917338596,1.0,0.1,,,1.0,0.0,,,2.0
849,0.001275145609358864,0.27543145162151467,0.0,0.1,,,1.0,0.0,,,2.0
850,0.0013418078399463098,0.2898304934284029,0.0,0.1,,,1.0,0.0,,,2.0
851,0.0013698939069439848,0.2958970838999007,0.0,0.1,,,1.0,0.0,,,2.0
852,0.0014631935344557058,0.31604980344243244,0.0,0.1,,,1.0,0.0,,,2.0
853,0.0011032474299986009,0.2383014448796978,0.0,0.1,,,1.0,0.0,,,2.0
854,0.0013119257899847196,0.28337597063669945,0.0,0.1,,,1.0,0.0,,,2.0
855,0.0008506055327029908,0.18373079506384604,0.0,0.1,,,1.0,0.0,,,2.0
856,0.001768284504181722,0.38194945290325194,0.0,0.1,,,1.0,0.0,,,2.0
857,0.001020967751860276,0.22052903440181965,0.0,0.1,,,1.0,0.0,,,2.0
858,0.001434070337763054,0.3097591929568197,0.0,0.1,,,1.0,0.0,,,2.0
859,0.0009091693434098857,0.19638057817653534,0.0,0.1,,,1.0,0.0,,,2.0
860,0.00034191611305914684,0.07385388042077573,1.0,0.1,,,1.0,0.0,,,2.0
861,0.0004342186799626932,0.09379123487194173,1.0,0.1,,,1.0,0.0,,,2.0
862,0.0005633819894591336,0.12169050972317286,0.0,0.1,,,1.0,0.0,,,2.0
863,0.00117244260813,0.25324760335608,0.0,0.1,,,1.0,0.0,,,2.0
864,0.00034415373356277095,0.07433720644955852,1.0,0.1,,,1.0,0.0,,,2.0
865,0.00015246794529522804,0.032933076183769255,1.0,0.1,511.334810266245,775.2279520537035,1.0,0.0,0.0,0.0,2.0
866,0.0014075341212453545,0.30402737018899656,0.0,0.1,,,1.0,0.0,,,2.0
867,0.0006288888631064517,0.13583999443099357,0.0,0.1,513.4439643765489,772.5215789208787,1.0,0.0,0.0,0.0,2.0
868,0.0002255993508490544,0.04872945978339575,1.0,0.1,,,1.0,0.0,,,2.0
869,0.0012721556116182017,0.27478561210953156,0.0,0.1,,,1.0,0.0,,,2.0
870,0.0005272930627545862,0.11389530155499063,0.0,0.1,,,1.0,0.0,,,2.0
871,0.0008192347290519648,0.1769547014752244,0.0,0.1,,,1.0,0.0,,,2.0
872,0.0006230701581718382,0.13458315416511707,0.0,0.1,,,1.0,0.0,,,2.0
873,0.0005126136870430997,0.11072455640130953,0.0,0.1,,,1.0,0.0,,,2.0
874,0.000616637924671061,0.13319379172894918,0.0,0.1,,,1.0,0.0,,,2.0
875,0.00040627379481831735,0.08775513968075654,1.0,0.1,,,1.0,0.0,,,2.0
876,,,,0.1,,,1.0,0.0,,,2.0
877,,,,0.1,,,,,,,2.0
878,,,,0.1,,,,,,,2.0
879,,,,0.1,,,,,,,2.0
880,,,,0.1,,,,,,,2.0
881,,,,0.1,,,,,,,2.0
882,,,,0.1,,,,,,,2.0
883,,,,0.1,,,,,,,2.0
884,,,,0.1,,,,,,,2.0
885,,,,0.1,,,,,,,2.0
886,,,,0.1,,,,,,,2.0
887,,,,0.1,,,,,,,2.0
888,,,,0.1,,,,,,,2.0
889,,,,0.1,,,,,,,2.0
890,0.0012859655787220545,0.2777685650039638,0.0,0.1,,,1.0,0.0,,,2.0
891,0.0009010465098037473,0.19462604611760942,0.0,0.1,,,1.0,0.0,,,2.0
892,0.0015804197565368772,0.3413706674119655,0.0,0.1,,,1.0,0.0,,,2.0
893,0.001507881752251777,0.3257024584863838,0.0,0.1,,,1.0,0.0,,,2.0
894,0.002045239517350473,0.44177173574770223,0.0,0.1,,,1.0,0.0,,,2.0
895,0.0012244151364029067,0.26447366946302786,0.0,0.1,,,1.0,0.0,,,2.0
896,0.0020000786651468046,0.4320169916717098,0.0,0.1,,,1.0,0.0,,,2.0
897,0.002402848716156255,0.519015322689751,0.0,0.1,474.55211216640504,674.5336453290523,1.0,0.0,0.0,0.0,2.0
898,0.0010759699823761108,0.23240951619323993,0.0,0.1,485.4598791225789,655.1266897604955,1.0,0.0,0.0,0.0,2.0
899,0.00178376991484797,0.38529430160716155,0.0,0.1,498.7840680149521,636.5734125605933,1.0,0.0,0.0,0.0,2.0
900,0.0007069985070275759,0.1527116775179564,0.0,0.1,508.1818359432309,621.9069996013532,1.0,0.0,0.0,0.0,2.0
901,0.0011950700069445115,0.2581351215000145,0.0,0.1,510.09631590522775,616.0510767902498,1.0,0.0,0.0,0.0,2.0
902,0.001049892409271473,0.22677676040263817,0.0,0.1,516.6933998704915,608.0019484306163,1.0,0.0,0.0,0.0,2.0
903,,,,0.1,521.0768675463579,598.1754042557261,1.0,0.0,0.0,0.0,2.0
904,,,,0.1,524.6292594911745,589.1779568971189,,,0.0,0.0,2.0
905,,,,0.1,525.2972282656885,586.1532517862541,,,0.0,0.0,2.0
906,0.0013927798333849347,0.3008404440111459,0.0,0.1,521.5738160356178,582.501352804585,1.0,0.0,0.0,0.0,2.0
907,0.00020152450332791352,0.04352929271882932,1.0,0.1,525.451920717685,580.278766883418,1.0,0.0,0.0,0.0,2.0
908,0.0003150693477482109,0.06805497911361355,1.0,0.1,527.5190400602975,581.5833167287416,1.0,0.0,0.0,0.0,2.0
909,0.00023925240430801076,0.051678519330530324,1.0,0.1,529.9740758518561,578.3618789235305,1.0,0.0,0.0,0.0,2.0
910,0.0002379606286394012,0.05139949578611066,1.0,0.1,530.7951754541502,574.8033088116415,1.0,0.0,0.0,0.0,2.0
911,0.0010814900885297706,0.23360185912243045,0.0,0.1,530.7650683190601,566.1730722681453,1.0,0.0,0.0,0.0,2.0
912,0.0006529973011025857,0.1410474170381585,0.0,0.1,531.9627980567266,559.3982810991117,1.0,0.0,0.0,0.0,2.0
913,0.00028570541994206596,0.061712370707486246,1.0,0.1,532.6748641527407,549.2778507392089,1.0,0.0,0.0,0.0,2.0
914,0.0002697715936651013,0.058270664231661884,1.0,0.1,531.8325399852059,542.7329880093706,1.0,0.0,0.0,0.0,2.0
915,0.0011855869906224443,0.256086789974448,0.0,0.1,534.1052437496196,528.0488313612803,1.0,0.0,0.0,0.0,2.0
916,0.0008504792004375888,0.18370350729451917,0.0,0.1,533.4715196446149,517.6681062418346,1.0,0.0,0.0,0.0,2.0
917,0.0016382036652153736,0.3538519916865207,0.0,0.1,533.2507102000341,501.5676719830035,1.0,0.0,0.0,0.0,2.0
918,0.0005723861827474864,0.12363541547345708,0.0,0.1,534.8355557601493,489.4533390377694,1.0,0.0,0.0,0.0,2.0
919,0.001725808171440107,0.3727745650310631,0.0,0.1,537.4672474676429,482.449418072022,1.0,0.0,0.0,0.0,2.0
920,0.001030141128647057,0.22251048378776433,0.0,0.1,539.7624051175882,473.772958691719,1.0,0.0,0.0,0.0,2.0
921,0.0018229507259457979,0.39375735680429236,0.0,0.1,542.3937802744833,465.3747219057774,1.0,0.0,0.0,0.0,2.0
922,0.0007373388998894756,0.15926520237612674,0.0,0.1,545.5510917302993,457.5988008248173,1.0,0.0,0.0,0.0,2.0
923,0.0018887926457243868,0.40797921147646754,0.0,0.1,545.9935043799097,454.77302810447907,1.0,0.0,0.0,0.0,2.0
924,0.002789984206519028,0.6026365886081101,0.0,0.1,548.8791679836702,448.81423609659134,1.0,0.0,0.0,0.0,2.0
925,0.003538730945367779,0.7643658841994403,0.0,0.1,556.6042968592382,438.6318694027388,1.0,0.0,0.0,0.0,2.0
926,0.0017769194807610257,0.38381460784438154,0.0,0.1,562.5328669023087,430.6272308854477,1.0,0.0,0.0,0.0,2.0
927,0.000998927068038083,0.21576824669622593,0.0,0.1,567.6470887432687,423.9299216145281,1.0,0.0,0.0,0.0,2.0
928,0.0024988268500458597,0.5397465996099057,0.0,0.1,571.0795025567036,420.4352214771596,1.0,0.0,0.0,0.0,2.0
929,0.0015917952251425552,0.34382776863079195,0.0,0.1,572.3219199204733,418.71167165183573,1.0,0.0,0.0,0.0,2.0
930,0.000980816437454406,0.2118563504901517,0.0,0.1,571.784338746767,415.74089575331357,1.0,0.0,0.0,0.0,2.0
931,0.0012277470982845608,0.2651933732294651,0.0,0.1,571.8685203037834,412.91467784750085,1.0,0.0,0.0,0.0,2.0
932,0.0009333903404863331,0.20161231354504797,0.0,0.1,572.7574973645848,410.9026206033849,1.0,0.0,0.0,0.0,2.0
933,0.0007631370252455418,0.16483759745303703,0.0,0.1,571.8535949710109,407.0597926265017,1.0,0.0,0.0,0.0,2.0
934,0.00035374733799218634,0.07640942500631226,1.0,0.1,565.8674629512561,404.31891434246626,1.0,0.0,0.0,0.0,2.0
935,0.001245637593035121,0.26905772009558615,0.0,0.1,557.6104002242813,404.17616612106065,1.0,0.0,0.0,0.0,2.0
936,0.0012508205880496974,0.27017724701873463,0.0,0.1,552.565879254032,404.83991645761853,1.0,0.0,0.0,0.0,2.0
937,0.0012955169760945182,0.2798316668364159,0.0,0.1,552.5997951764894,405.19329453895165,1.0,0.0,0.0,0.0,2.0
938,0.0008785486286605053,0.18976650379066914,0.0,0.1,552.453221653564,403.39519118180993,1.0,0.0,0.0,0.0,2.0
939,0.000542519420663424,0.11718419486329959,0.0,0.1,550.1412545733582,401.23340132216964,1.0,0.0,0.0,0.0,2.0
940,0.00021039090761276687,0.04544443604435764,1.0,0.1,548.3866344081741,397.6923085602382,1.0,0.0,0.0,0.0,2.0
941,0.000821414823662377,0.17742560191107343,0.0,0.1,547.254324449286,395.5772725113647,1.0,0.0,0.0,0.0,2.0
942,0.0005878976109293394,0.12698588396073734,0.0,0.1,544.8915229969142,393.05939367216763,1.0,0.0,0.0,0.0,2.0
943,0.0008321825011941054,0.17975142025792676,0.0,0.1,543.149960456081,391.84175610771325,1.0,0.0,0.0,0.0,2.0
944,0.0006477181780758612,0.13990712646438602,0.0,0.1,540.2002646313657,391.6282295903648,1.0,0.0,0.0,0.0,2.0
945,0.0003335479760244867,0.07204636282128914,1.0,0.1,534.767897875027,393.8603364550841,1.0,0.0,0.0,0.0,2.0
946,0.0007250615057461003,0.15661328524115767,0.0,0.1,530.548381642026,395.78184053427884,1.0,0.0,0.0,0.0,2.0
947,0.0009714405018307495,0.2098311483954419,0.0,0.1,521.8946694801612,398.6285188595133,1.0,0.0,0.0,0.0,2.0
948,0.0010779509563459734,0.23283740657073027,0.0,0.1,513.2211602318152,403.11074915847405,1.0,0.0,0.0,0.0,2.0
949,0.0007420059154153042,0.1602732777297057,0.0,0.1,503.3095792466465,408.1484342908621,1.0,0.0,0.0,0.0,2.0
950,0.0014559555163108611,0.314486391523146,0.0,0.1,499.1198695181193,411.016419596477,1.0,0.0,0.0,0.0,2.0
951,0.0008608732890176098,0.1859486304278037,0.0,0.1,490.2578540729714,416.8156838967957,1.0,0.0,0.0,0.0,2.0
952,0.0002591952787607338,0.05598618021231849,1.0,0.1,485.88700385610014,419.03816157255767,1.0,0.0,0.0,0.0,2.0
953,0.0005452977355285676,0.1177843108741706,0.0,0.1,484.2247140510424,419.9681800746816,1.0,0.0,0.0,0.0,2.0
954,0.0005509483644833281,0.11900484672839887,0.0,0.1,477.3661580530564,425.7096506823619,1.0,0.0,0.0,0.0,2.0
955,0.0014835348794229215,0.3204435339553511,0.0,0.1,472.2692904184375,429.19312186178746,1.0,0.0,0.0,0.0,2.0
956,0.0012766298033802023,0.2757520375301237,0.0,0.1,464.0363750315407,436.1855330543394,1.0,0.0,0.0,0.0,2.0
957,0.0008663773625313862,0.18713751030677941,0.0,0.1,455.43450080727746,443.7527257290299,1.0,0.0,0.0,0.0,2.0
958,0.0006158571418425965,0.13302514263800086,0.0,0.1,448.80421768498115,449.1870816725675,1.0,0.0,0.0,0.0,2.0
959,0.0006865952218290847,0.1483045679150823,0.0,0.1,444.5474406619734,452.679474121189,1.0,0.0,0.0,0.0,2.0
960,0.001934362895008528,0.41782238532184207,0.0,0.1,437.60211700602724,459.57429319516837,1.0,0.0,0.0,0.0,2.0
961,0.0008413460317003064,0.18173074284726617,0.0,0.1,433.8653115694347,463.2528462869133,1.0,0.0,0.0,0.0,2.0
962,0.0008970988022786868,0.19377334129219634,0.0,0.1,432.48766378917935,464.5692752594532,1.0,0.0,0.0,0.0,2.0
963,0.0009316996673535396,0.20124712814836457,0.0,0.1,433.5399786841331,464.79568869707737,1.0,0.0,0.0,0.0,2.0
964,0.0020372699802644815,0.440050315737128,0.0,0.1,433.5064640813506,465.38563065765226,1.0,0.0,0.0,0.0,2.0
965,0.0012769661575397061,0.2758246900285765,0.0,0.1,436.0779078385767,465.33428727539643,1.0,0.0,0.0,0.0,2.0
966,0.0005942050982966989,0.12834830123208696,0.0,0.1,436.56342958101834,466.4538362670487,1.0,0.0,0.0,0.0,2.0
967,0.00032763563372577444,0.07076929688476728,1.0,0.1,438.30142192402354,465.64154230610717,1.0,0.0,0.0,0.0,2.0
968,0.00037182232066475295,0.08031362126358664,1.0,0.1,439.6770803263714,465.4433926744879,1.0,0.0,0.0,0.0,2.0
969,0.0009561555934506679,0.2065296081853443,0.0,0.1,443.24392034352104,464.9422547371391,1.0,0.0,0.0,0.0,2.0
970,0.0013399816051169124,0.2894360267052531,0.0,0.1,445.6834486702012,465.4110877773008,1.0,0.0,0.0,0.0,2.0
971,0.002806820983434455,0.6062733324218423,0.0,0.1,446.4982184800305,467.3450650435026,1.0,0.0,0.0,0.0,2.0
972,0.0004852019918928624,0.10480363024885828,0.0,0.1,448.9958022799639,466.9063543624634,1.0,0.0,0.0,0.0,2.0
973,0.00031454503518474884,0.06794172759990576,1.0,0.1,447.0490063503787,468.74241172022505,1.0,0.0,0.0,0.0,2.0
974,0.00014775223593726215,0.03191448296244863,1.0,0.1,446.627401549777,470.39868968940584,1.0,0.0,0.0,0.0,2.0
975,0.0030768251033534903,0.664594222324354,0.0,0.1,450.7670995108165,468.6268770063332,1.0,0.0,0.0,0.0,2.0
976,0.0012575398052659308,0.27162859793744104,0.0,0.1,450.9207964452544,468.4061837846391,1.0,0.0,0.0,0.0,2.0
977,6.930235578011863e-05,0.014969308848505624,1.0,0.1,449.1228103103772,471.304611217972,1.0,0.0,0.0,0.0,2.0
978,0.0005438657565611595,0.11747500341721044,0.0,0.1,449.73467275842376,471.5770385096343,1.0,0.0,0.0,0.0,2.0
979,0.0003628842119875053,0.07838298978930114,1.0,0.1,446.41691612290794,471.94057469726715,1.0,0.0,0.0,0.0,2.0
980,0.0007470105200647438,0.16135427233398464,0.0,0.1,,,1.0,0.0,,,2.0
981,0.0004245276088140121,0.09169796350382661,1.0,0.1,444.8008185754028,467.4854031773581,1.0,0.0,0.0,0.0,2.0
982,0.00017372906632822773,0.03752547832689719,1.0,0.1,442.0362548095696,467.50698959079176,1.0,0.0,0.0,0.0,2.0
983,0.0001888865399278752,0.04079949262442105,1.0,0.1,438.95468250489387,466.93961909715637,1.0,0.0,0.0,0.0,2.0
984,0.0004565895411392333,0.09862334088607438,1.0,0.1,434.0233424533619,469.06676923831327,1.0,0.0,0.0,0.0,2.0
985,0.00018218059101081076,0.03935100765833512,1.0,0.1,431.92260866047997,470.3449231743573,1.0,0.0,0.0,0.0,2.0
986,0.0006744218413999371,0.1456751177423864,0.0,0.1,429.44292504620125,473.0009510379064,1.0,0.0,0.0,0.0,2.0
987,0.0006520955624054966,0.14085264147958726,0.0,0.1,420.9348983406459,481.6110347977037,1.0,0.0,0.0,0.0,2.0
988,0.0013756338382331773,0.2971369090583663,0.0,0.1,406.89224839552725,493.5255488180593,1.0,0.0,0.0,0.0,2.0
989,0.0015743570648890873,0.3400611260160429,0.0,0.1,394.25933056927283,503.67501418029894,1.0,0.0,0.0,0.0,2.0
990,0.0004600489178899267,0.09937056626422416,1.0,0.1,380.6392446804395,515.8695388312692,1.0,0.0,0.0,0.0,2.0
991,0.0006822308628291436,0.147361866371095,0.0,0.1,371.6555716734096,524.036241742209,1.0,0.0,0.0,0.0,2.0
992,0.0020216195016348262,0.43666981235312247,0.0,0.1,356.6944107716321,535.8522538685263,1.0,0.0,0.0,0.0,2.0
993,0.001777139871736696,0.3838622122951263,0.0,0.1,346.13491006699303,542.4212072077128,1.0,0.0,0.0,0.0,2.0
994,0.0009243489490054299,0.19965937298517286,0.0,0.1,340.2473129003099,546.5237110798474,1.0,0.0,0.0,0.0,2.0
995,0.0031177189507600256,0.6734272933641655,0.0,0.1,337.7041442415609,547.9664152786905,1.0,0.0,0.0,0.0,2.0
996,0.001981293892169375,0.427959480708585,0.0,0.1,331.6252722786966,551.8879592941378,1.0,0.0,0.0,0.0,2.0
997,0.002033581457613622,0.43925359484454235,0.0,0.1,323.50402876092767,556.5471087992713,1.0,0.0,0.0,0.0,2.0
998,0.0029535664015767258,0.6379703427405727,0.0,0.1,319.4304966059789,558.0408082750059,1.0,0.0,0.0,0.0,2.0
999,0.0013630243115425363,0.29441325129318785,0.0,0.1,316.7588654764065,559.3802204589946,1.0,0.0,0.0,0.0,2.0
1000,0.002413888132963484,0.5213998367201126,0.0,0.1,315.24674220604163,560.5683663575057,1.0,0.0,0.0,0.0,2.0
1001,0.0009538151134105761,0.20602406449668442,0.0,0.1,311.57570385068755,563.262259064955,1.0,0.0,0.0,0.0,2.0
1002,0.0020937141168579703,0.4522422492413216,0.0,0.1,307.19438740467007,566.7063362744315,1.0,0.0,0.0,0.0,2.0
1003,0.001410012664931145,0.30456273562512737,0.0,0.1,301.92771922750865,571.7351977344995,1.0,0.0,0.0,0.0,2.0
1004,0.0028604199323221274,0.6178507053815796,0.0,0.1,299.2492646946188,574.5714300436177,1.0,0.0,0.0,0.0,2.0
1005,0.003921620075704705,0.8470699363522164,0.0,0.1,295.76193986557706,578.7622285197931,1.0,0.0,0.0,0.0,2.0
1006,0.003159395634167063,0.6824294569800856,0.0,0.1,290.00672733138487,585.4486706555166,1.0,0.0,0.0,0.0,2.0
1007,0.004061249936805688,0.8772299863500286,0.0,0.1,280.55344115489754,596.0640822708499,1.0,0.0,0.0,0.0,2.0
1008,0.002178173959470625,0.47048557524565504,0.0,0.1,270.2544096007928,608.7293199325045,1.0,0.0,0.0,0.0,2.0
1009,0.002526404453246749,0.5457033619012979,0.0,0.1,263.6734367765868,615.9503277085473,1.0,0.0,0.0,0.0,2.0
1010,0.0028787670970637455,0.621813692965769,0.0,0.1,252.1236835547999,629.4218098124816,1.0,0.0,0.0,0.0,2.0
1011,0.0018176798583825517,0.3926188494106312,0.0,0.1,243.59677545132672,639.3643480943081,1.0,0.0,0.0,0.0,2.0
1012,0.0006833903398465113,0.14761231340684644,0.0,0.1,227.62201247662662,655.5691378179274,1.0,0.0,0.0,0.0,2.0
1013,0.0028991676025092454,0.626220202141997,0.0,0.1,219.14107650394982,664.5580445855745,1.0,0.0,0.0,0.0,2.0
1014,0.0035755453251857003,0.7723177902401113,0.0,0.1,204.84874917244505,679.1506809088394,1.0,0.0,0.0,0.0,2.0
1015,0.002880720641628949,0.622235658591853,0.0,0.1,193.79660959591024,691.1022546044834,1.0,0.0,0.0,0.0,2.0
1016,0.002856624009330683,0.6170307860154275,0.0,0.1,185.52076697667414,700.2311366161275,1.0,0.0,0.0,0.0,2.0
1017,0.0021361437931769704,0.4614070593262256,0.0,0.1,176.5522416465421,709.9898583394818,1.0,0.0,0.0,0.0,2.0
1018,0.002012119218190617,0.43461775112917334,0.0,0.1,170.16658889679417,717.6063558803869,1.0,0.0,0.0,0.0,2.0
1019,0.0014717600016737652,0.3179001603615333,0.0,0.1,161.1719304683329,731.0391151771299,1.0,0.0,0.0,0.0,2.0
1020,0.002873662340399908,0.6207110655263801,0.0,0.1,156.9475111499145,741.2768698591342,1.0,0.0,0.0,0.0,2.0
1021,0.0015689915619825673,0.3389021773882345,0.0,0.1,154.90824279694706,747.9830129673855,1.0,0.0,0.0,0.0,2.0
1022,0.0032362166224887863,0.6990227904575779,0.0,0.1,154.1907939178757,750.5843724477425,1.0,0.0,0.0,0.0,2.0
1023,0.0018218928213378932,0.39352884940898497,0.0,0.1,156.22800608242832,754.7894488354614,1.0,0.0,0.0,0.0,2.0
1024,0.001549986088485492,0.3347969951128663,0.0,0.1,152.7175339412811,762.598148783262,1.0,0.0,0.0,0.0,2.0
1025,0.0026257695694064725,0.5671662269917981,0.0,0.1,148.09658655747697,772.6212339404011,1.0,0.0,0.0,0.0,2.0
1026,0.0009584760469084343,0.20703082613222182,0.0,0.1,138.55087937643538,784.0578219679866,1.0,0.0,0.0,0.0,2.0
1027,0.002553843473652069,0.551630190308847,0.0,0.1,133.618807366215,790.65871298702,1.0,0.0,0.0,0.0,2.0
1028,0.004113318318936211,0.8884767568902217,0.0,0.1,126.89732889601395,798.0297406624843,1.0,0.0,0.0,0.0,2.0
1029,0.0026391647238014166,0.570059580341106,0.0,0.1,114.50385657840269,809.1585139212328,1.0,0.0,0.0,0.0,2.0
1030,0.0010358217646453977,0.2237375011634059,0.0,0.1,102.81395298627169,821.4638156845549,1.0,0.0,0.0,0.0,2.0
1031,0.002156529131615239,0.46581029242889166,0.0,0.1,98.5391598663153,825.4875933265888,1.0,0.0,0.0,0.0,2.0
1032,0.0025205948380780424,0.5444484850248571,0.0,0.1,85.70808215451291,831.5548144090292,1.0,0.0,0.0,0.0,2.0
1033,0.000537156959794409,0.11602590331559234,0.0,0.1,80.91968397976227,833.6201628230739,1.0,0.0,0.0,0.0,2.0
1034,0.002014635082520833,0.4351611778244999,0.0,0.1,,,1.0,0.0,,,2.0
1035,0.000966253606076853,0.20871077891260026,0.0,0.1,,,1.0,0.0,,,2.0
1036,0.0009957730853617142,0.21508698643813026,0.0,0.1,,,1.0,0.0,,,2.0
1037,0.0007832605849641602,0.1691842863522586,0.0,0.1,,,1.0,0.0,,,2.0
1038,0.0005517945085896267,0.11918761385535936,0.0,0.1,,,1.0,0.0,,,2.0
1039,0.00021878700125239412,0.04725799227051713,1.0,0.1,,,1.0,0.0,,,2.0
1040,0.002091154702786321,0.45168941580184535,0.0,0.1,,,1.0,0.0,,,2.0
1041,0.001666326152693731,0.3599264489818459,0.0,0.1,60.354150071118916,849.3671426068784,1.0,0.0,1.0,0.0,2.0
1042,0.002336118557485276,0.5046016084168197,0.0,0.1,58.551078243941575,861.2069282696441,1.0,0.0,1.0,0.0,2.0
1043,0.0029906366274559605,0.6459775115304875,0.0,0.1,57.392293385994805,871.6883190688396,1.0,0.0,1.0,0.0,2.0
1044,0.001182312495804574,0.255379499093788,0.0,0.1,56.87422623740073,877.5157760556687,1.0,0.0,1.0,0.0,2.0
1045,0.0020466504048624445,0.442076487450288,0.0,0.1,58.71970304084444,882.0845672002995,1.0,0.0,1.0,0.0,2.0
1046,0.001447482887361858,0.31265630367016134,0.0,0.1,65.9657013125475,897.1750632101239,1.0,0.0,1.0,0.0,2.0
1047,0.002794306950482162,0.603570301304147,0.0,0.1,77.00756672974484,911.557806441995,1.0,0.0,0.0,0.0,2.0
1048,0.0010432448773141606,0.2253408934998587,0.0,0.1,82.26882961118534,921.0095401311045,1.0,0.0,0.0,0.0,2.0
1049,0.0022410072458885536,0.48405756511192755,0.0,0.1,84.16835757064521,924.6796345519757,1.0,0.0,0.0,0.0,2.0
1050,0.004137295072531874,0.8936557356668847,0.0,0.1,85.93697897948199,930.1645370449259,1.0,0.0,0.0,0.0,2.0
1051,0.0021514537011867603,0.4647139994563403,0.0,0.1,87.57640900449289,933.5638890290003,1.0,0.0,0.0,0.0,2.0
1052,0.0023203964621799937,0.5012056358308787,0.0,0.1,91.56623606572232,939.2697596311225,1.0,0.0,0.0,0.0,2.0
1053,0.001426392322065568,0.30810074156616274,0.0,0.1,99.8210659286216,947.9893898276197,1.0,0.0,0.0,0.0,2.0
1054,0.0020450557035342704,0.44173203196340244,0.0,0.1,105.8089998490027,954.2037522793214,1.0,0.0,0.0,0.0,2.0
1055,0.0025208342882012177,0.544500206251463,0.0,0.1,109.919100002844,959.3715618957758,1.0,0.0,0.0,0.0,2.0
1056,0.0014528170366598092,0.3138084799185188,0.0,0.1,113.7912270058377,962.8189993140412,1.0,0.0,0.0,0.0,2.0
1057,0.0010200516703118127,0.22033116078735154,0.0,0.1,123.02387086401392,970.2169011302516,1.0,0.0,0.0,0.0,2.0
1058,,,,0.1,135.17218691481818,981.4079004758821,1.0,0.0,0.0,0.0,2.0
1059,,,,0.1,141.49171261754853,987.648597233706,,,0.0,0.0,2.0
1060,0.0011182935719702978,0.24155141154558432,0.0,0.1,148.75631403831952,994.2532971342388,1.0,0.0,0.0,0.0,2.0
1061,,,,0.1,152.76885560563545,998.4780741456568,1.0,0.0,0.0,0.0,2.0
1062,,,,0.1,155.19040669842622,1000.8758023245592,,,0.0,0.0,2.0
1063,0.00024724700186751664,0.0534053524033836,1.0,0.1,157.55353395769703,1003.1256788884484,1.0,0.0,0.0,0.0,2.0
1064,0.0003593357062055406,0.07761651254039677,1.0,0.1,163.1913874308849,1008.0867851062121,1.0,0.0,0.0,0.0,2.0
1065,0.0005657889038306865,0.1222104032274283,0.0,0.1,165.7972090486739,1011.6429433286604,1.0,0.0,0.0,0.0,2.0
1066,0.0004860117224848417,0.10497853205672582,0.0,0.1,165.92308405498704,1012.2120882630584,1.0,0.0,0.0,0.0,2.0
1067,0.00043861867035775243,0.09474163279727452,1.0,0.1,164.0988565680896,1011.2078915479626,1.0,0.0,0.0,0.0,2.0
1068,0.00042823438092156967,0.09249862627905905,1.0,0.1,157.40033079892748,1005.9510296254836,1.0,0.0,0.0,0.0,2.0
1069,0.0010495273750362093,0.22669791300782122,0.0,0.1,148.91003253759624,1002.559223650598,1.0,0.0,0.0,0.0,2.0
1070,0.0005836232176998793,0.12606261502317392,0.0,0.1,141.7616155222005,1002.5717546678572,1.0,0.0,0.0,0.0,2.0
1071,0.0002715632534711788,0.05865766274977462,1.0,0.1,138.5588291963706,1004.3701105435601,1.0,0.0,0.0,0.0,2.0
1072,0.0010060829557585645,0.21731391844384992,0.0,0.1,137.92056112282754,1005.4550283826583,1.0,0.0,0.0,0.0,2.0
1073,0.001098258893161437,0.23722392092287037,0.0,0.1,139.08162202320875,1009.6250399299345,1.0,0.0,0.0,0.0,2.0
1074,0.00047679349270016044,0.10298739442323465,0.0,0.1,140.0699760050528,1012.0774021789313,1.0,0.0,0.0,0.0,2.0
1075,0.0005271366786486025,0.11386152258809815,0.0,0.1,141.76049032496587,1014.8236829914601,1.0,0.0,0.0,0.0,2.0
1076,0.0002448512138321366,0.052887862187741504,1.0,0.1,143.31626028080356,1016.7314067231149,1.0,0.0,0.0,0.0,2.0
1077,0.002228032972887569,0.48125512214371496,0.0,0.1,152.4410913362861,1026.0879313634935,1.0,0.0,0.0,0.0,2.0
1078,0.0020326908418869653,0.4390612218475845,0.0,0.1,161.42755988283204,1034.8761146207519,1.0,0.0,0.0,0.0,2.0
1079,0.00015590996216663928,0.03367655182799408,1.0,0.1,170.0623227881713,1043.1248862040081,1.0,0.0,0.0,0.0,2.0
1080,0.0021324546595116963,0.46061020645452644,0.0,0.1,176.56129909144954,1049.3331360902644,1.0,0.0,0.0,0.0,2.0
1081,0.0007862358060501866,0.1698269341068403,0.0,0.1,177.66177745323134,1050.2032980703746,1.0,0.0,0.0,0.0,2.0
1082,0.0008260223566246332,0.17842082903092077,0.0,0.1,184.33436587886217,1056.2297938822228,1.0,0.0,0.0,0.0,2.0
1083,0.001838708162653904,0.3971609631332432,0.0,0.1,191.22342094874318,1062.4718482953397,1.0,0.0,0.0,0.0,2.0
1084,0.000520433016056268,0.11241353146815389,0.0,0.1,194.4083533414256,1065.7859792096012,1.0,0.0,0.0,0.0,2.0
1085,0.002322129991811894,0.5015800782313691,0.0,0.1,197.28567011928612,1068.7364854032394,1.0,0.0,0.0,0.0,2.0
1086,0.0013715761511099232,0.29626044863974343,0.0,0.1,201.0912152431534,1072.2860388938416,1.0,0.0,0.0,0.0,2.0
1087,0.0008960426558314375,0.19354521365959051,0.0,0.1,205.2789206289548,1076.3738593203896,1.0,0.0,0.0,0.0,2.0
1088,0.0008318444170763129,0.1796783940884836,0.0,0.1,213.3383293537378,1084.495905193283,1.0,0.0,0.0,0.0,2.0
1089,0.00040244587761069237,0.08692830956390955,1.0,0.1,214.75389867112133,1085.7162515351713,1.0,0.0,0.0,0.0,2.0
1090,0.00020516289083922262,0.04431518442127209,1.0,0.1,215.5137254766726,1086.458931344287,1.0,0.0,0.0,0.0,2.0
1091,0.001093216021660462,0.2361346606786598,0.0,0.1,216.76520094746562,1088.0583438933147,1.0,0.0,0.0,0.0,2.0
1092,0.00041103283593571104,0.08878309256211359,1.0,0.1,218.74300502280494,1090.1926065794305,1.0,0.0,0.0,0.0,2.0
1093,0.00010449953581470573,0.02257189973597644,1.0,0.1,224.61991023919487,1095.9700621071797,1.0,0.0,0.0,0.0,2.0
1094,0.002196850423554992,0.4745196914878783,0.0,0.1,227.22209800459558,1098.4867478534538,1.0,0.0,0.0,0.0,2.0
1095,0.0031175893898680806,0.6733993082115054,0.0,0.1,233.13514077292982,1104.4373879348448,1.0,0.0,0.0,0.0,2.0
1096,0.002444820822495124,0.5280812976589468,0.0,0.1,,,1.0,0.0,,,2.0
1097,0.002698090414068466,0.5827875294387886,0.0,0.1,233.89729474609064,1105.563751878638,1.0,0.0,0.0,0.0,2.0
1098,0.0010853097676033726,0.23442690980232847,0.0,0.1,239.19013802861895,1110.9190503261736,1.0,0.0,0.0,0.0,2.0
1099,0.0019183552932599613,0.41436474334415163,0.0,0.1,238.47561920918486,1110.0575143328708,1.0,0.0,0.0,0.0,2.0
1100,0.0006575947495894291,0.1420404659113167,0.0,0.1,237.45679256231767,1109.2224944882857,1.0,0.0,0.0,0.0,2.0
1101,0.0009298249739685347,0.2008421943772035,0.0,0.1,236.02989569893032,1107.6068817055025,1.0,0.0,0.0,0.0,2.0
1102,0.0009662375753672003,0.20870731627931527,0.0,0.1,233.6303765564666,1105.1181258329807,1.0,0.0,0.0,0.0,2.0
1103,0.001411698390133427,0.3049268522688202,0.0,0.1,230.30088797173133,1101.306721666504,1.0,0.0,0.0,0.0,2.0
1104,0.0006206993581644935,0.13407106136353059,0.0,0.1,233.6411569766488,1103.3292516623621,1.0,0.0,0.0,0.0,2.0
1105,0.0007969883973417683,0.17214949382582195,0.0,0.1,236.51496654447382,1105.134510048772,1.0,0.0,0.0,0.0,2.0
1106,0.001385098345792732,0.29918124269123014,0.0,0.1,242.17324283422377,1109.1172565675886,1.0,0.0,0.0,0.0,2.0
1107,0.0011628455884316903,0.2511746471012451,0.0,0.1,252.58515721560863,1119.3824138084492,1.0,0.0,0.0,0.0,2.0
1108,0.0003098010226152611,0.06691702088489639,1.0,0.1,257.4322399280901,1123.859550752751,1.0,0.0,0.0,0.0,2.0
1109,0.0014320316546205768,0.3093188373980446,0.0,0.1,266.8727573899737,1131.6251899989393,1.0,0.0,0.0,0.0,2.0
1110,0.0018352757596550252,0.39641956408548545,0.0,0.1,271.5554083711674,1135.4330302460166,1.0,0.0,0.0,0.0,2.0
1111,0.0018394975527476008,0.3973314713934818,0.0,0.1,,,1.0,0.0,,,2.0
1112,0.0014760088307165231,0.318817907434769,0.0,0.1,,,1.0,0.0,,,2.0
1113,0.00209369792073847,0.45223875087950954,0.0,0.1,,,1.0,0.0,,,2.0
1114,0.0015560802568682908,0.3361133354835508,0.0,0.1,302.43921830506474,1162.40335359995,1.0,0.0,0.0,0.0,2.0
1115,0.003206677772669093,0.6926423988965241,0.0,0.1,,,1.0,0.0,,,2.0
1116,0.0011981118709748163,0.25879216413056033,0.0,0.1,,,1.0,0.0,,,2.0
1117,0.0013218607795596317,0.28552192838488044,0.0,0.1,,,1.0,0.0,,,2.0
1118,0.0014364463456386029,0.31027241065793826,0.0,0.1,,,1.0,0.0,,,2.0
1119,0.0011923373156985792,0.2575448601908931,0.0,0.1,,,1.0,0.0,,,2.0
1120,0.001053104162685445,0.22747049914005613,0.0,0.1,,,1.0,0.0,,,2.0
1121,0.001839620745360578,0.3973580809978849,0.0,0.1,,,1.0,0.0,,,2.0
1122,0.0006189028555969754,0.13368301680894668,0.0,0.1,,,1.0,0.0,,,2.0
1123,0.000341141113606651,0.07368648053903662,1.0,0.1,,,1.0,0.0,,,2.0
1124,0.0007701486670073438,0.16635211207358627,0.0,0.1,,,1.0,0.0,,,2.0
1125,0.0006442044066869152,0.13914815184437368,0.0,0.1,,,1.0,0.0,,,2.0
1126,0.0007982286427310676,0.1724173868299106,0.0,0.1,,,1.0,0.0,,,2.0
1127,0.0012132624881838533,0.2620646974477123,0.0,0.1,,,1.0,0.0,,,2.0
1128,0.0004831051269437122,0.10435070741984184,0.0,0.1,,,1.0,0.0,,,2.0
1129,0.0004089696952902996,0.08833745418270471,1.0,0.1,,,1.0,0.0,,,2.0
1130,0.0021882198920381763,0.4726554966802461,0.0,0.1,,,1.0,0.0,,,2.0
1131,0.0020298180151657372,0.43844069127579927,0.0,0.1,,,1.0,0.0,,,2.0
1132,0.0031665482607745343,0.6839744243272995,0.0,0.1,,,1.0,0.0,,,2.0
1133,0.0025353028178751007,0.5476254086610217,0.0,0.1,,,1.0,0.0,,,2.0
1134,0.0008821492387131796,0.19054423556204678,0.0,0.1,,,1.0,0.0,,,2.0
1135,0.0012897179574521142,0.2785790788096567,0.0,0.1,,,1.0,0.0,,,2.0
1136,0.000774101232217845,0.16720586615905453,0.0,0.1,,,1.0,0.0,,,2.0
1137,0.0017552362313414916,0.3791310259697622,0.0,0.1,,,1.0,0.0,,,2.0
1138,0.0005478197803012034,0.11832907254505994,0.0,0.1,275.2227830268651,1107.6203447306002,1.0,0.0,0.0,0.0,2.0
1139,0.00039737371427611565,0.08583272228364097,1.0,0.1,273.33887487897715,1103.7131687372391,1.0,0.0,0.0,0.0,2.0
1140,0.0006849004513049027,0.147938497481859,0.0,0.1,269.63633670919637,1090.7374461944205,1.0,0.0,0.0,0.0,2.0
1141,0.0015546052810205468,0.33579474070043813,0.0,0.1,265.5812791124886,1081.2541089945923,1.0,0.0,0.0,0.0,2.0
1142,0.0002114356348143585,0.045670097119901436,1.0,0.1,263.31210909396003,1072.8689900527374,1.0,0.0,0.0,0.0,2.0
1143,0.00016508343243414286,0.035658021405774856,1.0,0.1,262.2500000980046,1067.9438683166843,1.0,0.0,0.0,0.0,2.0
1144,0.0012788516604046987,0.27623195864741495,0.0,0.1,258.8480278295197,1061.9070889048846,1.0,0.0,0.0,0.0,2.0
1145,0.0008871035575826636,0.19161436843785534,0.0,0.1,257.08428300079606,1055.645311549487,1.0,0.0,0.0,0.0,2.0
1146,0.0010557580270393828,0.22804373384050672,0.0,0.1,254.25524341771472,1046.6700791337737,1.0,0.0,0.0,0.0,2.0
1147,0.001328647621221398,0.2869878861838219,0.0,0.1,256.1226904736768,1043.6290561119167,1.0,0.0,0.0,0.0,2.0
1148,0.00045171371528788,0.09757016250218208,1.0,0.1,260.0086529484344,1041.92422053246,1.0,0.0,0.0,0.0,2.0
1149,0.0025947145093873692,0.5604583340276718,0.0,0.1,262.3541465291237,1041.635638239673,1.0,0.0,0.0,0.0,2.0
1150,0.0009162957988498822,0.19791989255157455,0.0,0.1,266.8042094036578,1040.700816290389,1.0,0.0,0.0,0.0,2.0
1151,0.0023398673941643663,0.5054113571395031,0.0,0.1,266.0564707170859,1036.5381271769727,1.0,0.0,0.0,0.0,2.0
1152,0.0027048161956681276,0.5842402982643156,0.0,0.1,272.19113142621825,1037.0169579110777,1.0,0.0,0.0,0.0,2.0
1153,0.0015235442572053134,0.3290855595563477,0.0,0.1,274.85319646820017,1037.8026951538088,1.0,0.0,0.0,0.0,2.0
1154,0.002024625550688149,0.43731911894864023,0.0,0.1,282.6385880566428,1041.3165153469347,1.0,0.0,0.0,0.0,2.0
1155,0.0007525332329382272,0.16254717831465706,0.0,0.1,284.3385759283107,1041.2011064169626,1.0,0.0,0.0,0.0,2.0
1156,0.00045894120238267354,0.09913129971465749,1.0,0.1,291.0014801178446,1043.1836110824734,1.0,0.0,0.0,0.0,2.0
1157,0.0017399113305890663,0.3758208474072383,0.0,0.1,295.53702297246775,1044.5708923037062,1.0,0.0,0.0,0.0,2.0
1158,0.002752157040408018,0.594465920728132,0.0,0.1,304.2132265392649,1047.926550975202,1.0,0.0,0.0,0.0,2.0
1159,0.0037452878208491876,0.8089821693034246,0.0,0.1,306.85637959456244,1049.0333602978328,1.0,0.0,0.0,0.0,2.0
1160,0.003124882516659268,0.674974623598402,0.0,0.1,309.67198461862296,1049.316796107217,1.0,0.0,0.0,0.0,2.0
1161,0.0007957043400407958,0.1718721374488119,0.0,0.1,310.2955948905464,1050.4860156628408,1.0,0.0,0.0,0.0,2.0
1162,0.0015004183045002884,0.3240903537720623,0.0,0.1,309.9431647015949,1050.1625663306259,1.0,0.0,0.0,0.0,2.0
1163,0.001747628470666121,0.37748774966388216,0.0,0.1,313.8766208689843,1048.127692367234,1.0,0.0,0.0,0.0,2.0
1164,0.0008011464351287905,0.17304762998781875,0.0,0.1,318.55159506241813,1048.7018050159136,1.0,0.0,0.0,0.0,2.0
1165,0.0005409923505574855,0.11685434772041686,0.0,0.1,323.76375958351184,1049.0456262574655,1.0,0.0,0.0,0.0,2.0
1166,0.0008368940777743158,0.1807691207992522,0.0,0.1,324.48835757647925,1047.2717513993907,1.0,0.0,0.0,0.0,2.0
1167,0.0006163708761002296,0.13313610923764957,0.0,0.1,321.2232807429901,1038.3913431527355,1.0,0.0,0.0,0.0,2.0
1168,0.00043692439410117736,0.09437566912585432,1.0,0.1,318.9351508874671,1032.8172331686799,1.0,0.0,0.0,0.0,2.0
1169,0.00036631409866974687,0.07912384531266532,1.0,0.1,317.2933644173375,1026.2228946093758,1.0,0.0,0.0,0.0,2.0
1170,0.0006311052625696953,0.1363187367150542,0.0,0.1,319.6241709344295,1020.1134451415068,1.0,0.0,0.0,0.0,2.0
1171,0.0007828652142692358,0.16909888628215494,0.0,0.1,323.9739674852605,1019.1275692861351,1.0,0.0,0.0,0.0,2.0
1172,0.0010596840662641085,0.22889175831304748,0.0,0.1,331.8043375276133,1017.7003742856672,1.0,0.0,0.0,0.0,2.0
1173,0.0018725409155059321,0.40446883774928133,0.0,0.1,335.7306961903844,1014.5462104428061,1.0,0.0,0.0,0.0,2.0
1174,0.0008603350557485929,0.18583237204169606,0.0,0.1,343.582577417574,1016.9529650930567,1.0,0.0,0.0,0.0,2.0
1175,0.002132038310953101,0.46052027516586985,0.0,0.1,344.007315024075,1015.4989512925798,1.0,0.0,0.0,0.0,2.0
1176,0.0009451116084391684,0.20414410742286038,0.0,0.1,345.4969989811397,1011.9706675157628,1.0,0.0,0.0,0.0,2.0
1177,0.0009018637546462585,0.19480257100359186,0.0,0.1,346.15021477488887,1011.4424233244312,1.0,0.0,0.0,0.0,2.0
1178,0.0010189549677122889,0.22009427302585438,0.0,0.1,350.70901462871285,1015.6915946448952,1.0,0.0,0.0,0.0,2.0
1179,0.0006465728440244795,0.13965973430928758,0.0,0.1,354.5990630731716,1018.4965124005614,1.0,0.0,0.0,0.0,2.0
1180,0.0013703003071353253,0.2959848663412303,0.0,0.1,357.4461559045019,1018.6799185108628,1.0,0.0,0.0,0.0,2.0
1181,0.0016495116870667269,0.356294524406413,0.0,0.1,359.2927260335381,1019.6070062610221,1.0,0.0,0.0,0.0,2.0
1182,0.0007581160725636201,0.16375307167374195,0.0,0.1,362.5973431021008,1022.7612871931874,1.0,0.0,0.0,0.0,2.0
1183,0.0009689274111786253,0.20928832081458307,0.0,0.1,369.67898418442485,1026.8391523239484,1.0,0.0,0.0,0.0,2.0
1184,0.0004303017858183308,0.09294518573675944,1.0,0.1,369.9405102597063,1026.4758426371277,1.0,0.0,0.0,0.0,2.0
1185,0.0007376825390798325,0.1593394284412438,0.0,0.1,365.96697031762005,1022.2697177728128,1.0,0.0,0.0,0.0,2.0
1186,0.0019244427029003958,0.4156796238264855,0.0,0.1,361.6500058657911,1018.0436702047289,1.0,0.0,0.0,0.0,2.0
1187,0.0022042005045120687,0.4761073089746069,0.0,0.1,352.24683145956107,1009.3387777197514,1.0,0.0,0.0,0.0,2.0
1188,0.0017162370008088892,0.3707071921747201,0.0,0.1,344.7754612310589,1005.0240762086092,1.0,0.0,0.0,0.0,2.0
1189,0.0024595113648795772,0.5312544548139887,0.0,0.1,340.29310718617006,1003.3746528132153,1.0,0.0,0.0,0.0,2.0
1190,0.0018216424820172569,0.3934747761157275,0.0,0.1,328.43056621705534,996.8102074547609,1.0,0.0,0.0,0.0,2.0
1191,0.0005523342949290621,0.11930420770467742,0.0,0.1,322.1694798232791,994.4205958499102,1.0,0.0,0.0,0.0,2.0
1192,,,,0.1,317.40692548844646,991.0963536782208,1.0,0.0,0.0,0.0,2.0
1193,,,,0.1,314.4088959385011,987.2054468288178,,,0.0,0.0,2.0
1194,,,,0.1,307.64282946699916,983.2543124116917,1.0,0.0,0.0,0.0,2.0
1195,,,,0.1,,,,,,,2.0
1196,,,,0.1,297.68427895893296,983.8089720136451,,,0.0,0.0,2.0
1197,0.0008851283353169897,0.19118772042846977,0.0,0.1,295.8450661648713,982.9482434739052,1.0,0.0,0.0,0.0,2.0
1198,0.00023826866458889656,0.051466031551201656,1.0,0.1,290.81491048010065,974.3939309759573,1.0,0.0,0.0,0.0,2.0
1199,,,,0.1,286.35471657124685,968.748268698672,1.0,0.0,0.0,0.0,2.0
1200,,,,0.1,,,,,,,2.0
1201,,,,0.1,289.1797924911111,971.3560210781046,,,0.0,0.0,2.0
1202,,,,0.1,290.7588208174392,972.2359959915483,,,0.0,0.0,2.0
1203,,,,0.1,293.85869027287873,971.607338401704,,,0.0,0.0,2.0
1204,,,,0.1,298.12380072350095,972.8286895171568,,,0.0,0.0,2.0
1205,,,,0.1,303.9446781282787,976.6870755888184,,,0.0,0.0,2.0
1206,,,,0.1,309.54887495187575,982.79191843047,,,0.0,0.0,2.0
1207,,,,0.1,311.1797612470595,986.7441172883521,,,0.0,0.0,2.0
1208,,,,0.1,315.4677638206459,993.023337717859,,,0.0,0.0,2.0
1209,,,,0.1,317.1621155934146,998.5900133967218,,,0.0,0.0,2.0
1210,0.00016652801966756086,0.03597005224819315,1.0,0.1,324.9658646685023,1008.0054422266355,1.0,0.0,0.0,0.0,2.0
1211,0.0011101274070980732,0.2397875199331838,0.0,0.1,328.6105605731996,1011.7334833003231,1.0,0.0,0.0,0.0,2.0
1212,0.00040109635721272005,0.08663681315794752,1.0,0.1,332.7378828322388,1020.3305030557634,1.0,0.0,0.0,0.0,2.0
1213,0.0008525834543474396,0.18415802613904694,0.0,0.1,335.10642744768046,1028.6162650652946,1.0,0.0,0.0,0.0,2.0
1214,0.0005061484597516597,0.1093280673063585,0.0,0.1,338.9146151130938,1040.237125044099,1.0,0.0,0.0,0.0,2.0
1215,0.0008324554584738532,0.1798103790303523,0.0,0.1,340.6414368922812,1050.4539287531945,1.0,0.0,0.0,0.0,2.0
1216,0.0001862969637800138,0.04024014417648298,1.0,0.1,339.7315081362068,1051.7743707163288,1.0,0.0,0.0,0.0,2.0
1217,0.0002586520369786068,0.05586883998737908,1.0,0.1,337.3921500218763,1054.1129719150933,1.0,0.0,0.0,0.0,2.0
1218,0.0003096567725277064,0.0668858628659846,1.0,0.1,334.00938661843634,1055.574711559639,1.0,0.0,0.0,0.0,2.0
1219,0.0004899519014981232,0.1058296107235946,0.0,0.1,330.34444440850706,1054.0932265664658,1.0,0.0,0.0,0.0,2.0
1220,0.0006772942604598949,0.1462955602593373,0.0,0.1,328.3884692917124,1053.1036163622396,1.0,0.0,0.0,0.0,2.0
1221,0.00046130978089303705,0.099642912672896,1.0,0.1,323.176954933882,1049.6572310147321,1.0,0.0,0.0,0.0,2.0
1222,0.0009250748286346572,0.19981616298508598,0.0,0.1,324.6751823086696,1052.5186445903441,1.0,0.0,0.0,0.0,2.0
1223,0.0005560718266533328,0.1201115145571199,0.0,0.1,321.93232428478717,1048.1605380763137,1.0,0.0,0.0,0.0,2.0
1224,0.0005155212473076529,0.11135258941845302,0.0,0.1,,,1.0,0.0,,,2.0
1225,0.0016831595407192114,0.36356246079534965,0.0,0.1,,,1.0,0.0,,,2.0
1226,0.001006687095630702,0.21744441265623163,0.0,0.1,305.49309240335316,1035.8630018416973,1.0,0.0,0.0,0.0,2.0
1227,0.00043695309233620017,0.09438186794461924,1.0,0.1,,,1.0,0.0,,,2.0
1228,0.00038986989503875605,0.08421189732837131,1.0,0.1,303.2624564804828,1031.949451136685,1.0,0.0,0.0,0.0,2.0
1229,0.00024405263844240357,0.05271536990355917,1.0,0.1,305.18972820359863,1031.610052786529,1.0,0.0,0.0,0.0,2.0
1230,0.0002094134368717835,0.045233302364305235,1.0,0.1,309.3913420364489,1032.3712399156543,1.0,0.0,0.0,0.0,2.0
1231,0.00041157085598619235,0.08889930489301755,1.0,0.1,314.25838491308855,1035.8671369962883,1.0,0.0,0.0,0.0,2.0
1232,0.00020660719292794191,0.04462715367243545,1.0,0.1,318.4697365719568,1037.1016137308893,1.0,0.0,0.0,0.0,2.0
1233,0.0003645787557481292,0.0787490112415959,1.0,0.1,321.283246264598,1038.5721688287347,1.0,0.0,0.0,0.0,2.0
1234,0.00033187119407325396,0.07168417791982286,1.0,0.1,321.04026237507816,1038.26113739418,1.0,0.0,0.0,0.0,2.0
1235,0.00021076501677153207,0.04552524362265093,1.0,0.1,320.0224506423641,1037.457426698979,1.0,0.0,0.0,0.0,2.0
1236,0.0005373022264529041,0.11605728091382728,0.0,0.1,319.68633358289645,1038.4768934734152,1.0,0.0,0.0,0.0,2.0
1237,0.0002037413192267214,0.04400812495297182,1.0,0.1,319.06631513456495,1037.006985650679,1.0,0.0,0.0,0.0,2.0
1238,0.00032610199638150874,0.07043803121840589,1.0,0.1,320.8301426055954,1037.484679337716,1.0,0.0,0.0,0.0,2.0
1239,0.0006198117750995478,0.13387934342150232,0.0,0.1,324.79677374235376,1039.2490346605018,1.0,0.0,0.0,0.0,2.0
1240,0.0005261975383652263,0.11365866828688888,0.0,0.1,327.0164122360005,1046.7040425819098,1.0,0.0,0.0,0.0,2.0
1241,0.00040908267826173916,0.08836185850453566,1.0,0.1,325.2861965784354,1048.8725977947045,1.0,0.0,0.0,0.0,2.0
1242,0.0006000649927283605,0.1296140384293259,0.0,0.1,326.55399504422667,1054.4796764366342,1.0,0.0,0.0,0.0,2.0
1243,6.916373930926224e-05,0.014939367690800644,1.0,0.1,328.1297977157342,1056.7743384534983,1.0,0.0,0.0,0.0,2.0
1244,0.0002948944438773871,0.06369719987751561,1.0,0.1,329.6218263875074,1061.281215952395,1.0,0.0,0.0,0.0,2.0
1245,0.0012068608304617208,0.2606819393797317,0.0,0.1,330.54881912669435,1061.8706391381322,1.0,0.0,0.0,0.0,2.0
1246,0.0002364753420113448,0.051078673874450475,1.0,0.1,328.9012846918863,1063.2376110786583,1.0,0.0,0.0,0.0,2.0
1247,0.0006852427212650816,0.14801242779325763,0.0,0.1,327.9168067883587,1064.541045988575,1.0,0.0,0.0,0.0,2.0
1248,0.0009985461794141557,0.21568597475345763,0.0,0.1,328.66594713166785,1067.911436032565,1.0,0.0,0.0,0.0,2.0
1249,0.0009871015432795726,0.21321393334838767,0.0,0.1,333.28495604046066,1074.05491451021,1.0,0.0,0.0,0.0,2.0
1250,0.0014843646825975403,0.3206227714410687,0.0,0.1,336.70475003327766,1078.689114032974,1.0,0.0,0.0,0.0,2.0
1251,0.0002517238376515616,0.054372348932737305,1.0,0.1,340.0836138076536,1082.8232877647088,1.0,0.0,0.0,0.0,2.0
1252,0.0003751465844144075,0.08103166223351203,1.0,0.1,342.29328047559846,1085.7719981725347,1.0,0.0,0.0,0.0,2.0
1253,0.0007336361747046249,0.15846541373619896,0.0,0.1,340.5553511511241,1087.1072682746517,1.0,0.0,0.0,0.0,2.0
1254,0.00034736056782996453,0.07502988265127235,1.0,0.1,337.2151589462928,1086.4999521688017,1.0,0.0,0.0,0.0,2.0
1255,0.0009136649721780177,0.1973516339904518,0.0,0.1,335.75367672963154,1085.878714678638,1.0,0.0,0.0,0.0,2.0
1256,0.0003297974668304388,0.07123625283537478,1.0,0.1,,,1.0,0.0,,,2.0
1257,0.0004178126203131549,0.09024752598764145,1.0,0.1,,,1.0,0.0,,,2.0
1258,0.0006581317545849624,0.14215645899035187,0.0,0.1,,,1.0,0.0,,,2.0
1259,0.0005881845004798697,0.12704785210365188,0.0,0.1,,,1.0,0.0,,,2.0
1260,0.00040143825144313265,0.08671066231171666,1.0,0.1,,,1.0,0.0,,,2.0
1261,0.0006307063187727748,0.13623256485491933,0.0,0.1,,,1.0,0.0,,,2.0
1262,0.00061638690213348,0.13313957086083167,0.0,0.1,,,1.0,0.0,,,2.0
1263,0.00045480302378098834,0.09823745313669348,1.0,0.1,,,1.0,0.0,,,2.0
1264,0.0007955348412761704,0.1718355257156528,0.0,0.1,,,1.0,0.0,,,2.0
1265,0.0003404609505966063,0.07353956532886696,1.0,0.1,,,1.0,0.0,,,2.0
1266,0.00013657917781852727,0.029501102408801893,1.0,0.1,,,1.0,0.0,,,2.0
1267,0.0003887731681533931,0.0839750043211329,1.0,0.1,,,1.0,0.0,,,2.0
1268,0.00034273698142232774,0.0740311879872228,1.0,0.1,,,1.0,0.0,,,2.0
1269,,,,0.1,,,1.0,0.0,,,2.0
1270,,,,0.1,,,,,,,2.0
1271,0.00027553884070092747,0.05951638959140033,1.0,0.1,,,1.0,0.0,,,2.0
1272,0.0005022951228838662,0.1084957465429151,0.0,0.1,,,1.0,0.0,,,2.0
1273,0.00018370836093758167,0.03968100596251764,1.0,0.1,,,1.0,0.0,,,2.0
1274,0.00012228010486387922,0.02641250265059791,1.0,0.1,,,1.0,0.0,,,2.0
1275,0.0001368736969635713,0.029564718544131407,1.0,0.1,,,1.0,0.0,,,2.0
1276,0.0005503631692015966,0.11887844454754487,0.0,0.1,,,1.0,0.0,,,2.0
1277,0.00041260514140806746,0.08912271054414257,1.0,0.1,,,1.0,0.0,,,2.0
1278,0.00025589828455313356,0.05527402946347685,1.0,0.1,,,1.0,0.0,,,2.0
1279,0.0003524919133808008,0.07613825329025298,1.0,0.1,,,1.0,0.0,,,2.0
1280,0.0004512524570086728,0.09747053071387332,1.0,0.1,,,1.0,0.0,,,2.0
1281,0.0011578349760134154,0.25009235481889774,0.0,0.1,,,1.0,0.0,,,2.0
1282,0.0007865339987668892,0.1698913437336481,0.0,0.1,,,1.0,0.0,,,2.0
1283,0.0010199464851724264,0.2203084407972441,0.0,0.1,,,1.0,0.0,,,2.0
1284,0.00022328901916974923,0.04823042814066583,1.0,0.1,,,1.0,0.0,,,2.0
1285,0.001133058419445051,0.244740618600131,0.0,0.1,,,1.0,0.0,,,2.0
1286,0.00019543662113686945,0.042214310165563804,1.0,0.1,,,1.0,0.0,,,2.0
1287,0.00015405139222502242,0.03327510072060484,1.0,0.1,,,1.0,0.0,,,2.0
1288,0.00017437358956715756,0.03766469534650604,1.0,0.1,,,1.0,0.0,,,2.0
1289,5.6375855731535635e-05,0.012177184838011697,1.0,0.1,,,1.0,0.0,,,2.0
1290,0.000188562162469027,0.04072942709330983,1.0,0.1,,,1.0,0.0,,,2.0
1291,0.00033270897508272726,0.07186513861786908,1.0,0.1,,,1.0,0.0,,,2.0
1292,0.0006521974110343955,0.14087464078342943,0.0,0.1,,,1.0,0.0,,,2.0
1293,0.0005007256052457586,0.10815673073308386,0.0,0.1,,,1.0,0.0,,,2.0
1294,0.0003282099741661521,0.07089335441988885,1.0,0.1,,,1.0,0.0,,,2.0
1295,0.0009442692261880255,0.2039621528566135,0.0,0.1,,,1.0,0.0,,,2.0
1296,0.0001810148191011518,0.039099200925848794,1.0,0.1,,,1.0,0.0,,,2.0
1297,0.0001271624899011097,0.027467097818639694,1.0,0.1,,,1.0,0.0,,,2.0
1298,0.0003511882801846805,0.075856668519891,1.0,0.1,,,1.0,0.0,,,2.0
1299,0.00014176675734324322,0.030621619586140535,1.0,0.1,,,1.0,0.0,,,2.0
1300,0.00023239482183665447,0.05019728151671737,1.0,0.1,,,1.0,0.0,,,2.0
1301,0.000271223276263096,0.05858422767282875,1.0,0.1,,,1.0,0.0,,,2.0
1302,4.733830034310541e-05,0.010225072874110768,1.0,0.1,,,1.0,0.0,,,2.0
1303,0.00043856892085410783,0.09473088690448729,1.0,0.1,,,1.0,0.0,,,2.0
1304,8.08772842920686e-05,0.017469493407086818,1.0,0.1,331.8967865172457,1066.8952130318326,1.0,0.0,0.0,0.0,2.0
1305,0.00015321350467321552,0.03309411700941455,1.0,0.1,,,1.0,0.0,,,2.0
1306,0.0002336667716774334,0.05047202268232562,1.0,0.1,,,1.0,0.0,,,2.0
1307,0.00011746254677630256,0.025371910103681353,1.0,0.1,,,1.0,0.0,,,2.0
1308,0.00020345039526753573,0.04394528537778772,1.0,0.1,,,1.0,0.0,,,2.0
1309,0.00018289278213985856,0.03950484094220945,1.0,0.1,,,1.0,0.0,,,2.0
1310,0.00022547322521462054,0.048702216646358036,1.0,0.1,,,1.0,0.0,,,2.0
1311,0.0005255141556211954,0.1135110576141782,0.0,0.1,,,1.0,0.0,,,2.0
1312,0.0003451307340494927,0.07454823855469042,1.0,0.1,,,1.0,0.0,,,2.0
1313,0.00034280952146683013,0.07404685663683531,1.0,0.1,,,1.0,0.0,,,2.0
1314,0.00016081419287238688,0.034735865660435565,1.0,0.1,,,1.0,0.0,,,2.0
1315,0.0005153078620761604,0.11130649820845065,0.0,0.1,,,1.0,0.0,,,2.0
1316,0.0009289290748909663,0.2006486801764487,0.0,0.1,,,1.0,0.0,,,2.0
1317,0.0010269733993655099,0.22182625426295013,0.0,0.1,325.009655695945,1064.0735438578179,1.0,0.0,0.0,0.0,2.0
1318,0.000334450551338114,0.07224131908903263,1.0,0.1,,,1.0,0.0,,,2.0
1319,1.4358407614863089e-05,0.003101416044810427,1.0,0.1,,,1.0,0.0,,,2.0
1320,0.00027379973261481666,0.0591407422448004,1.0,0.1,,,1.0,0.0,,,2.0
1321,0.00013234111606246697,0.028585681069492865,1.0,0.1,,,1.0,0.0,,,2.0
1322,0.0003198479785642833,0.0690871633698852,1.0,0.1,,,1.0,0.0,,,2.0
1323,0.00015455132862641496,0.03338308698330563,1.0,0.1,,,1.0,0.0,,,2.0
1324,0.0003118127368639882,0.06735155116262145,1.0,0.1,,,1.0,0.0,,,2.0
1325,0.0003366713093321188,0.07272100281573766,1.0,0.1,,,1.0,0.0,,,2.0
1326,0.0005107379187004968,0.11031939043930732,0.0,0.1,,,1.0,0.0,,,2.0
1327,0.0002583859365334068,0.05581136229121587,1.0,0.1,,,1.0,0.0,,,2.0
1328,0.00026922819408619,0.05815328992261704,1.0,0.1,,,1.0,0.0,,,2.0
1329,0.0002148436510392743,0.04640622862448325,1.0,0.1,,,1.0,0.0,,,2.0
1330,0.00042422440156256197,0.09163247073751339,1.0,0.1,,,1.0,0.0,,,2.0
1331,0.00025633209431605937,0.05536773237226882,1.0,0.1,,,1.0,0.0,,,2.0
1332,0.00042124559064300076,0.09098904757888818,1.0,0.1,,,1.0,0.0,,,2.0
1333,0.00037154381642077333,0.08025346434688704,1.0,0.1,,,1.0,0.0,,,2.0
1334,0.0006642088614935734,0.14346911408261187,0.0,0.1,322.13716525632486,1058.950097144587,1.0,0.0,0.0,0.0,2.0
1335,0.00041165404619996883,0.08891727397919326,1.0,0.1,,,1.0,0.0,,,2.0
1336,0.00011252072509838827,0.024304476621251868,1.0,0.1,,,1.0,0.0,,,2.0
1337,0.0002857350397884076,0.06171876859429605,1.0,0.1,325.4551158990123,1058.9474607151446,1.0,0.0,0.0,0.0,2.0
1338,0.00019692251166957952,0.042535262520629176,1.0,0.1,325.4276948373832,1059.1551614799346,1.0,0.0,0.0,0.0,2.0
1339,0.0007758188751098549,0.16757687702372864,0.0,0.1,328.2600721682769,1059.2945291571425,1.0,0.0,0.0,0.0,2.0
1340,0.00033325471280493395,0.07198301796586573,1.0,0.1,,,1.0,0.0,,,2.0
1341,5.235207051081954e-05,0.01130804723033702,1.0,0.1,,,1.0,0.0,,,2.0
1342,0.0001763466203455598,0.03809086999464092,1.0,0.1,,,1.0,0.0,,,2.0
1343,0.00024006617954382088,0.05185429478146531,1.0,0.1,,,1.0,0.0,,,2.0
1344,0.0003264402013090677,0.07051108348275864,1.0,0.1,,,1.0,0.0,,,2.0
1345,0.00024161868975376856,0.05218963698681401,1.0,0.1,336.6035424354428,1057.4717914168882,1.0,0.0,0.0,0.0,2.0
1346,0.0007654461722218107,0.16533637319991112,0.0,0.1,338.6268558978133,1056.036522718345,1.0,0.0,0.0,0.0,2.0
1347,0.0005675060970669015,0.1225813169664507,0.0,0.1,340.570935088869,1052.7767502303689,1.0,0.0,0.0,0.0,2.0
1348,0.001125152228899122,0.24303288144221036,0.0,0.1,343.46414146409353,1051.9418499437347,1.0,0.0,0.0,0.0,2.0
1349,0.0006179827285195141,0.13348426936021507,0.0,0.1,343.63372926779056,1049.7529410279817,1.0,0.0,0.0,0.0,2.0
1350,0.00014134897308036668,0.030531378185359205,1.0,0.1,341.39080479003206,1044.2203654380326,1.0,0.0,0.0,0.0,2.0
1351,0.0011026806133749725,0.23817901248899406,0.0,0.1,340.79955713099633,1042.8414255604398,1.0,0.0,0.0,0.0,2.0
1352,0.0009678857048965068,0.20906331225764546,0.0,0.1,338.8031230738862,1036.7493384867523,1.0,0.0,0.0,0.0,2.0
1353,0.00038000836291112534,0.08208180638880308,1.0,0.1,337.68110651530463,1031.632231450313,1.0,0.0,0.0,0.0,2.0
1354,0.0009320151246988809,0.20131526693495827,0.0,0.1,336.0014842605985,1027.5227749902192,1.0,0.0,0.0,0.0,2.0
1355,0.0018894440099213,0.4081199061430008,0.0,0.1,336.66763720584225,1026.260195459854,1.0,0.0,0.0,0.0,2.0
1356,0.0009064935376370227,0.19580260412959688,0.0,0.1,339.2144550894308,1027.037800300906,1.0,0.0,0.0,0.0,2.0
1357,0.0004038245681562898,0.0872261067217586,1.0,0.1,338.28481397784805,1025.1751165488788,1.0,0.0,0.0,0.0,2.0
1358,0.004572315843817617,0.9876202222646052,0.0,0.1,333.25159906601874,1020.3288256209897,1.0,0.0,0.0,0.0,2.0
1359,0.0028114529233689515,0.6072738314476935,0.0,0.1,328.7441912024514,1012.1087827829118,1.0,0.0,0.0,0.0,2.0
1360,,,,0.1,327.25948258314463,1008.3345062007585,1.0,0.0,0.0,0.0,2.0
1361,,,,0.1,326.4716624036199,1005.1689805989225,,,0.0,0.0,2.0
1362,0.0004155224876966931,0.08975285734248571,1.0,0.1,327.01126152274577,1005.1590491749646,1.0,0.0,0.0,0.0,2.0
1363,0.0006080812967249466,0.13134556009258846,0.0,0.1,325.32701608055635,1001.315353043048,1.0,0.0,0.0,0.0,2.0
1364,0.000640508848482641,0.13834991127225044,0.0,0.1,324.83112346083414,1000.1112621818081,1.0,0.0,0.0,0.0,2.0
1365,0.0005170457580082126,0.11168188372977392,0.0,0.1,324.3268516334304,1000.303145922246,1.0,0.0,0.0,0.0,2.0
1366,0.0015391142031181437,0.332448667873519,0.0,0.1,321.4990466572636,998.4559641605094,1.0,0.0,0.0,0.0,2.0
1367,0.000988234624177654,0.21345867882237327,0.0,0.1,321.0577038033294,998.2707618116466,1.0,0.0,0.0,0.0,2.0
1368,0.0003472389897871264,0.0750036217940193,1.0,0.1,322.7839529970235,999.0095014075299,1.0,0.0,0.0,0.0,2.0
1369,0.0006187933918079263,0.1336593726305121,0.0,0.1,323.443290164561,999.1460595139184,1.0,0.0,0.0,0.0,2.0
1370,0.0007623860032171429,0.16467537669490287,0.0,0.1,323.273033004338,999.0175909736436,1.0,0.0,0.0,0.0,2.0
1371,0.0008659514459841114,0.18704551233256808,0.0,0.1,319.9102846791592,999.398362550359,1.0,0.0,0.0,0.0,2.0
1372,0.00043193454950238855,0.09329786269251593,1.0,0.1,321.29036301436025,1004.0608919925714,1.0,0.0,0.0,0.0,2.0
1373,,,,0.1,318.423055818337,1001.2407715440636,1.0,0.0,0.0,0.0,2.0
1374,,,,0.1,312.6245133125154,998.0835109526076,,,0.0,0.0,2.0
1375,,,,0.1,303.81633952483173,994.1814666357197,,,0.0,0.0,2.0
1376,,,,0.1,300.5006706438938,992.1656546802648,1.0,0.0,0.0,0.0,2.0
1377,,,,0.1,296.59921457592077,990.8550744554487,,,0.0,0.0,2.0
1378,0.0010426575787546588,0.2252140370110063,0.0,0.1,295.4167292634783,990.3926842519097,1.0,0.0,0.0,0.0,2.0
1379,,,,0.1,293.37443985441627,988.435932623772,1.0,0.0,0.0,0.0,2.0
1380,,,,0.1,293.4223401780333,985.8411690593576,,,0.0,0.0,2.0
1381,,,,0.1,295.0921211832589,984.6286814313513,,,0.0,0.0,2.0
1382,,,,0.1,296.2769160831407,984.9866796411535,,,0.0,0.0,2.0
1383,,,,0.1,299.3458239467597,988.268511376455,,,0.0,0.0,2.0
1384,,,,0.1,305.70577502987993,991.3803018950074,,,0.0,0.0,2.0
1385,,,,0.1,313.9379637844308,996.9794702631287,,,0.0,0.0,2.0
1386,3.314704840295323e-05,0.007159762455037897,1.0,0.1,314.8333575505087,1003.0748471464568,1.0,0.0,0.0,0.0,2.0
1387,,,,0.1,315.62834192237636,1007.0622860986958,1.0,0.0,0.0,0.0,2.0
1388,,,,0.1,318.58957434140086,1019.9046400231211,,,0.0,0.0,2.0
1389,0.0006304133489149625,0.1361692833656319,0.0,0.1,318.71199946543925,1027.1144359799212,1.0,0.0,0.0,0.0,2.0
1390,0.0011380386138370626,0.24581634058880555,0.0,0.1,324.1111805734698,1037.2925388052179,1.0,0.0,0.0,0.0,2.0
1391,0.0013018726138173493,0.28120448458454744,0.0,0.1,324.7265647465968,1039.7967621567086,1.0,0.0,0.0,0.0,2.0
1392,0.0003053484740970818,0.06595527040496968,1.0,0.1,324.83320656161555,1045.9583436923788,1.0,0.0,0.0,0.0,2.0
1393,0.000732539313921601,0.1582284918070658,0.0,0.1,322.01100780011535,1048.5519504743359,1.0,0.0,0.0,0.0,2.0
1394,0.00029561317663937014,0.06385244615410396,1.0,0.1,318.83240625652695,1050.8836756125193,1.0,0.0,0.0,0.0,2.0
1395,0.0009560680296153918,0.20651069439692463,0.0,0.1,316.50624202551546,1052.840696909054,1.0,0.0,0.0,0.0,2.0
1396,0.0004716177213261531,0.10186942780644907,0.0,0.1,316.03527315202854,1052.3110101481927,1.0,0.0,0.0,0.0,2.0
1397,0.0008091362383078076,0.17477342747448646,0.0,0.1,317.2090562247533,1057.4050914297063,1.0,0.0,0.0,0.0,2.0
1398,0.0003772280752819117,0.08148126426089292,1.0,0.1,316.1504750834105,1056.2485483839787,1.0,0.0,0.0,0.0,2.0
1399,9.482213259783569e-05,0.020481580641132507,1.0,0.1,316.59850806679344,1059.5886395317013,1.0,0.0,0.0,0.0,2.0
1400,0.000293659793324608,0.06343051535811532,1.0,0.1,316.4442238377878,1060.5709453114991,1.0,0.0,0.0,0.0,2.0
1401,0.0008520995654363024,0.18405350613424132,0.0,0.1,315.03950218295495,1060.623226198074,1.0,0.0,0.0,0.0,2.0
1402,0.0007743502184786263,0.16725964719138328,0.0,0.1,313.57559963464746,1058.187004138563,1.0,0.0,0.0,0.0,2.0
1403,0.0023410038625869137,0.5056568343187734,0.0,0.1,310.5483508887233,1054.4172613205847,1.0,0.0,0.0,0.0,2.0
1404,7.28953286999682e-05,0.015745390999193132,1.0,0.1,309.5264138020037,1051.4464267794863,1.0,0.0,0.0,0.0,2.0
1405,0.00013810381663328464,0.029830424392789483,1.0,0.1,310.3491600630982,1051.6136075673726,1.0,0.0,0.0,0.0,2.0
1406,0.00017439923609129159,0.03767023499571898,1.0,0.1,311.28964963490466,1051.5785275660419,1.0,0.0,0.0,0.0,2.0
1407,0.00016945207119844238,0.03660164737886355,1.0,0.1,314.8032395608948,1053.7448817991137,1.0,0.0,0.0,0.0,2.0
1408,0.00023794039909152715,0.05139512620376987,1.0,0.1,317.49143376486126,1056.4776270639386,1.0,0.0,0.0,0.0,2.0
1409,0.00014128897181609764,0.030518417912277093,1.0,0.1,318.4532197816069,1058.1371875375257,1.0,0.0,0.0,0.0,2.0
1410,0.0004767127437677332,0.10296995265383037,0.0,0.1,318.3110148264954,1059.9713256275247,1.0,0.0,0.0,0.0,2.0
1411,0.0004959250814828496,0.10711981760029551,0.0,0.1,315.40241329454045,1057.1294368080698,1.0,0.0,0.0,0.0,2.0
1412,0.00029611636595567193,0.06396113504642514,1.0,0.1,311.6694021144144,1052.5876063354326,1.0,0.0,0.0,0.0,2.0
1413,0.0001648813888986317,0.03561438000210445,1.0,0.1,310.61097961614774,1050.4096438467848,1.0,0.0,0.0,0.0,2.0
1414,0.00021776658008238972,0.047037581297796185,1.0,0.1,309.63582494546546,1049.2469811948615,1.0,0.0,0.0,0.0,2.0
1415,0.0004303022988779926,0.09294529655764641,1.0,0.1,306.1268119027813,1044.6095285768822,1.0,0.0,0.0,0.0,2.0
1416,0.0006370218745907728,0.13759672491160693,0.0,0.1,302.09081870544804,1036.8445102504393,1.0,0.0,0.0,0.0,2.0
1417,0.0002941248768072485,0.06353097339036567,1.0,0.1,300.71037510529993,1030.5492556208183,1.0,0.0,0.0,0.0,2.0
1418,6.494048859258117e-05,0.014027145535997534,1.0,0.1,299.8043587567099,1028.1390928307708,1.0,0.0,0.0,0.0,2.0
1419,0.0007090303019770771,0.15315054522704866,0.0,0.1,303.1761362972995,1026.6661074028666,1.0,0.0,0.0,0.0,2.0
1420,0.0002631475964831175,0.05683988084035338,1.0,0.1,307.8283324830072,1026.7259159314578,1.0,0.0,0.0,0.0,2.0
1421,,,,0.1,310.30323173200964,1025.6630349137276,1.0,0.0,0.0,0.0,2.0
1422,,,,0.1,310.27607786170574,1022.1481830642844,,,0.0,0.0,2.0
1423,,,,0.1,310.46290382387696,1021.4262197005413,,,0.0,0.0,2.0
1424,,,,0.1,307.226843124681,1016.4186990313202,,,0.0,0.0,2.0
1425,,,,0.1,303.8029007429245,1011.1154227603733,,,0.0,0.0,2.0
1426,,,,0.1,296.61301658420325,1011.1911815344579,,,0.0,0.0,2.0
1427,,,,0.1,295.4366958027552,1009.1884485756469,1.0,0.0,0.0,0.0,2.0
1428,,,,0.1,292.1992386478454,1010.8372964744251,,,0.0,0.0,2.0
1429,,,,0.1,290.3954347359636,1009.4505020893531,,,0.0,0.0,2.0
1430,0.0003643400348544672,0.07869744752856492,1.0,0.1,287.93562407809793,1005.8124465625109,1.0,0.0,0.0,0.0,2.0
1431,0.0007828859129831492,0.16910335720436023,0.0,0.1,288.35059527043444,1003.4131441562099,1.0,0.0,0.0,0.0,2.0
1432,0.00012031323542297942,0.025987658851363556,1.0,0.1,288.9534266040573,1002.2824075374207,1.0,0.0,0.0,0.0,2.0
1433,0.0007222060966698034,0.15599651688067753,0.0,0.1,291.0567858842217,1005.6886905093191,1.0,0.0,0.0,0.0,2.0
1434,0.0001278615106113906,0.02761808629206037,1.0,0.1,296.28465661020863,1010.1329573477102,1.0,0.0,0.0,0.0,2.0
1435,0.00021003687756649853,0.04536796555436368,1.0,0.1,304.473372756461,1013.5304274396279,1.0,0.0,0.0,0.0,2.0
1436,0.00010609312806974516,0.022916115663064954,1.0,0.1,307.5842046135745,1016.4544984438564,1.0,0.0,0.0,0.0,2.0
1437,4.532324790716593e-05,0.009789821547947842,1.0,0.1,314.0148890781331,1022.4043094879736,1.0,0.0,0.0,0.0,2.0
1438,0.0012158807133664082,0.2626302340871442,0.0,0.1,317.85740044543024,1026.0217939004033,1.0,0.0,0.0,0.0,2.0
1439,0.001487489167315156,0.32129766014007366,0.0,0.1,317.0034331422942,1023.3558206897847,1.0,0.0,0.0,0.0,2.0
1440,,,,0.1,312.4076175407026,1016.5673742481268,1.0,0.0,0.0,0.0,2.0
1441,,,,0.1,309.5014305581981,1014.8131337742041,,,0.0,0.0,2.0
1442,,,,0.1,300.39577154161395,1003.5938872812395,,,0.0,0.0,2.0
1443,,,,0.1,294.22363593231455,993.3938334285176,,,0.0,0.0,2.0
1444,,,,0.1,292.5428626529856,990.6193585731049,1.0,0.0,0.0,0.0,2.0
1445,,,,0.1,292.4100460578659,990.2281230034848,,,0.0,0.0,2.0
1446,0.0004147065052726265,0.08957660513888732,1.0,0.1,297.40707566138263,994.200503958583,1.0,0.0,0.0,0.0,2.0
1447,,,,0.1,295.94967589482707,995.0239842004563,1.0,0.0,0.0,0.0,2.0
1448,,,,0.1,296.2065593202071,999.0119785169366,,,0.0,0.0,2.0
1449,0.00048708439235850353,0.10521022874943677,0.0,0.1,299.3119675190877,1006.4095037453671,1.0,0.0,0.0,0.0,2.0
1450,0.0012592728196091794,0.27200292903558276,0.0,0.1,298.80150308468114,1007.7615652906011,1.0,0.0,0.0,0.0,2.0
1451,0.0018459802927818238,0.39873174324087396,0.0,0.1,295.6717592477446,1009.0791877136232,1.0,0.0,0.0,0.0,2.0
1452,0.0011860282328985529,0.2561820983060874,0.0,0.1,293.3143420953548,1012.099356853297,1.0,0.0,0.0,0.0,2.0
1453,0.0005014887651865527,0.10832157328029539,0.0,0.1,290.1670083109444,1010.1047857008674,1.0,0.0,0.0,0.0,2.0
1454,0.0011703596966939629,0.252797694485896,0.0,0.1,286.35764094191063,1004.4746016686574,1.0,0.0,0.0,0.0,2.0
1455,0.0011419974937853573,0.24667145865763715,0.0,0.1,280.0335766551356,993.736573560619,1.0,0.0,0.0,0.0,2.0
1456,0.0007492043758190865,0.1618281451769227,0.0,0.1,276.8993325041878,989.3617324382326,1.0,0.0,0.0,0.0,2.0
1457,0.00020839778399342658,0.04501392134258014,1.0,0.1,273.4071121875137,982.7206732615819,1.0,0.0,0.0,0.0,2.0
1458,0.0002942169330624014,0.0635508575414787,1.0,0.1,270.7128805616166,978.9661179961669,1.0,0.0,0.0,0.0,2.0
1459,0.0005649207422479464,0.12202288032555642,0.0,0.1,268.83921585902345,976.3421751910208,1.0,0.0,0.0,0.0,2.0
1460,0.00042453817807784996,0.0917002464648156,1.0,0.1,261.41844602616146,965.7883220605312,1.0,0.0,0.0,0.0,2.0
1461,0.0012562650492946444,0.2713532506476432,0.0,0.1,252.48821046039268,952.9679162311477,1.0,0.0,0.0,0.0,2.0
1462,0.00010118425519144656,0.021855799121352458,1.0,0.1,247.4489944003451,944.1493987205088,1.0,0.0,0.0,0.0,2.0
1463,0.0005540447714687482,0.11967367063724961,0.0,0.1,245.59672001041298,939.3653815873492,1.0,0.0,0.0,0.0,2.0
1464,0.0009876743045698852,0.21333764978709518,0.0,0.1,241.931220012965,928.8645297038265,1.0,0.0,0.0,0.0,2.0
1465,0.0007830384651345166,0.16913630846905559,0.0,0.1,243.54382922590796,925.3799410491836,1.0,0.0,0.0,0.0,2.0
1466,0.0014092185818295748,0.3043912136751882,0.0,0.1,245.75383666528833,923.8248726999748,1.0,0.0,0.0,0.0,2.0
1467,0.00014941493968292463,0.03227362697151172,1.0,0.1,246.87397796738642,920.0653716751216,1.0,0.0,0.0,0.0,2.0
1468,0.0004181885974768622,0.09032873705500225,1.0,0.1,245.86251923802647,916.8826376583747,1.0,0.0,0.0,0.0,2.0
1469,0.00038944034136673345,0.08411911373521443,1.0,0.1,245.75711743769233,917.5645689691954,1.0,0.0,0.0,0.0,2.0
1470,0.00014559565709691463,0.03144866193293356,1.0,0.1,248.09553517083668,919.5420174886561,1.0,0.0,0.0,0.0,2.0
1471,0.0002653134603544663,0.05730770743656472,1.0,0.1,247.46760502086426,920.5320769404118,1.0,0.0,0.0,0.0,2.0
1472,0.0007488349652420488,0.16174835249228256,0.0,0.1,248.91588366516885,923.7174725074133,1.0,0.0,0.0,0.0,2.0
1473,0.0003376168826757156,0.07292524665795458,1.0,0.1,248.06890225463312,924.1202052295345,1.0,0.0,0.0,0.0,2.0
1474,0.0010505230226235255,0.2269129728866815,0.0,0.1,249.3022273858047,924.2939990085555,1.0,0.0,0.0,0.0,2.0
1475,0.0005916403277674999,0.12779431079778,0.0,0.1,249.67559384478176,925.4607985559101,1.0,0.0,0.0,0.0,2.0
1476,0.00038600393746932336,0.08337685049337384,1.0,0.1,247.36649360865468,922.673192643445,1.0,0.0,0.0,0.0,2.0
1477,0.0004338908707684776,0.09372042808599117,1.0,0.1,245.89696333284428,923.001022158505,1.0,0.0,0.0,0.0,2.0
1478,0.00010726066961508946,0.023168304636859326,1.0,0.1,243.38275192987987,924.8794417563366,1.0,0.0,0.0,0.0,2.0
1479,0.00014136601355554522,0.03053505892799777,1.0,0.1,240.83673887222227,923.8397227794018,1.0,0.0,0.0,0.0,2.0
1480,0.0007340162563204929,0.15854751136522646,0.0,0.1,238.6781145410671,924.6828962647372,1.0,0.0,0.0,0.0,2.0
1481,0.000891385343032033,0.19253923409491913,0.0,0.1,236.5594198546233,923.5445470623486,1.0,0.0,0.0,0.0,2.0
1482,4.431034575912323e-05,0.009571034683970617,1.0,0.1,231.25620953812646,923.0553355306162,1.0,0.0,0.0,0.0,2.0
1483,0.0003266913301011851,0.07056532730185598,1.0,0.1,230.78875725229196,923.8199905327173,1.0,0.0,0.0,0.0,2.0
1484,0.00035220291076930446,0.07607582872616976,1.0,0.1,230.49986647974688,921.5097456919628,1.0,0.0,0.0,0.0,2.0
1485,0.00031972271079641433,0.06906010553202549,1.0,0.1,231.85834814448293,921.0715875901377,1.0,0.0,0.0,0.0,2.0
1486,0.0005341461120230701,0.11537556019698313,0.0,0.1,232.8806950923017,922.4847299293058,1.0,0.0,0.0,0.0,2.0
1487,0.0008401254129550195,0.18146708919828422,0.0,0.1,231.4934792238071,924.2064327957785,1.0,0.0,0.0,0.0,2.0
1488,0.00013465533045931363,0.029085551379211746,1.0,0.1,232.17064515689432,929.8203168181193,1.0,0.0,0.0,0.0,2.0
1489,8.880942265010682e-05,0.019182835292423074,1.0,0.1,232.46189818651695,929.3602518313951,1.0,0.0,0.0,0.0,2.0
1490,0.00021288917253981627,0.045984061268600315,1.0,0.1,234.07088027771573,928.9942463452632,1.0,0.0,0.0,0.0,2.0
1491,0.00043716844099437284,0.09442838325478453,1.0,0.1,235.87718770790215,928.3422681782793,1.0,0.0,0.0,0.0,2.0
1492,0.0001754719714622747,0.03790194583585134,1.0,0.1,236.18914232598988,927.8904695457744,1.0,0.0,0.0,0.0,2.0
1493,0.000535127682975717,0.11558757952275488,0.0,0.1,232.4653030384324,927.3703445905167,1.0,0.0,0.0,0.0,2.0
1494,0.0005168842567553424,0.11164699945915395,0.0,0.1,230.3976044893336,927.7723681063763,1.0,0.0,0.0,0.0,2.0
1495,0.00016473266573792196,0.035582255799391144,1.0,0.1,230.7814166731949,928.1681559991677,1.0,0.0,0.0,0.0,2.0
1496,0.0005179051159896872,0.11186750505377244,0.0,0.1,231.3624155681891,925.4260380563347,1.0,0.0,0.0,0.0,2.0
1497,0.0001357286384400612,0.029317385903053224,1.0,0.1,230.66381851254445,923.9313560320073,1.0,0.0,0.0,0.0,2.0
1498,9.667710390411881e-05,0.02088225444328966,1.0,0.1,233.05296936955858,923.8683048060607,1.0,0.0,0.0,0.0,2.0
1499,0.0005942768971768671,0.12836380979020331,0.0,0.1,234.01566118887948,923.8363097458662,1.0,0.0,0.0,0.0,2.0
1500,0.0009703723808347132,0.20960043426029806,0.0,0.1,234.0096919677779,925.3424360196973,1.0,0.0,0.0,0.0,2.0
1501,0.00023421139564288503,0.05058966145886317,1.0,0.1,231.97719765834162,929.0513211984563,1.0,0.0,0.0,0.0,2.0
1502,0.0002759331839425024,0.05960156773158052,1.0,0.1,233.35350353998922,932.3266041611607,1.0,0.0,0.0,0.0,2.0
1503,0.00014461929474999686,0.03123776766599932,1.0,0.1,234.84830442544188,930.9314261355612,1.0,0.0,0.0,0.0,2.0
1504,0.0003853052554162501,0.08322593516991002,1.0,0.1,235.98999544167557,930.0624131752205,1.0,0.0,0.0,0.0,2.0
1505,0.00047090520672003706,0.10171552465152801,0.0,0.1,236.80595785385938,928.5425371713579,1.0,0.0,0.0,0.0,2.0
1506,0.0009795202054353313,0.21157636437403157,0.0,0.1,239.30589854811475,926.9038075306042,1.0,0.0,0.0,0.0,2.0
1507,0.00044099629878462376,0.09525520053747874,1.0,0.1,240.153505583998,927.1712649463097,1.0,0.0,0.0,0.0,2.0
1508,0.00032901254655318894,0.07106671005548881,1.0,0.1,238.97285074593592,926.8288921246469,1.0,0.0,0.0,0.0,2.0
1509,0.0004894143694352581,0.10571350379801575,0.0,0.1,237.1755476222737,926.4181345421517,1.0,0.0,0.0,0.0,2.0
1510,0.0010433866500920536,0.2253715164198836,0.0,0.1,235.2643538581516,927.6249968340429,1.0,0.0,0.0,0.0,2.0
1511,0.0006769618307753181,0.1462237554474687,0.0,0.1,236.28355417542056,930.3957964995536,1.0,0.0,0.0,0.0,2.0
1512,5.281795769782676e-05,0.01140867886273058,1.0,0.1,237.45868910070806,929.9385404260115,1.0,0.0,0.0,0.0,2.0
1513,0.0003127995927506986,0.0675647120341509,1.0,0.1,238.73406103694998,929.5208515164646,1.0,0.0,0.0,0.0,2.0
1514,0.0001362697582668068,0.029434267785630273,1.0,0.1,241.51390189900118,931.9674634836718,1.0,0.0,0.0,0.0,2.0
1515,0.00015416161403830516,0.033298908632273916,1.0,0.1,237.07914571084353,934.5513860249964,1.0,0.0,0.0,0.0,2.0
1516,0.00011284373692411126,0.024374247175608033,1.0,0.1,234.69629855587846,936.3333385498893,1.0,0.0,0.0,0.0,2.0
1517,0.00019635221018120887,0.04241207739914112,1.0,0.1,235.83085138306583,937.398784375188,1.0,0.0,0.0,0.0,2.0
1518,0.0002533647805551829,0.054726792599919506,1.0,0.1,239.55103968557958,938.0933542478521,1.0,0.0,0.0,0.0,2.0
1519,0.00042354488932607923,0.09148569609443312,1.0,0.1,241.86056184537546,938.368059247725,1.0,0.0,0.0,0.0,2.0
1520,0.0004260644307773318,0.09202991704790367,1.0,0.1,244.13955548535878,938.3450170156523,1.0,0.0,0.0,0.0,2.0
1521,0.00030009562114537483,0.06482065416740096,1.0,0.1,237.65835526980592,939.3554327428467,1.0,0.0,0.0,0.0,2.0
1522,0.000696010975021093,0.15033837060455607,0.0,0.1,234.84632788543703,939.2150552434734,1.0,0.0,0.0,0.0,2.0
1523,0.002196968226134213,0.47454513684499,0.0,0.1,235.12639829679125,941.3401078659225,1.0,0.0,0.0,0.0,2.0
1524,0.000669011526481774,0.1445064897200632,0.0,0.1,235.45075180238322,940.3431648996644,1.0,0.0,0.0,0.0,2.0
1525,0.000180598138555866,0.039009197928067056,1.0,0.1,237.99504031655067,940.8685822800267,1.0,0.0,0.0,0.0,2.0
1526,0.00031041047866140023,0.06704866339086245,1.0,0.1,239.3863876984389,941.381978181145,1.0,0.0,0.0,0.0,2.0
1527,0.000294521675855907,0.06361668198487593,1.0,0.1,241.7032962877151,941.8557054682714,1.0,0.0,0.0,0.0,2.0
1528,0.0003178412848270626,0.06865371752264553,1.0,0.1,243.42883654689538,940.6976584651733,1.0,0.0,0.0,0.0,2.0
1529,0.0008049714254339049,0.17387382789372346,0.0,0.1,246.38596663818748,943.6379025320963,1.0,0.0,0.0,0.0,2.0
1530,2.829074208382516e-05,0.006110800290106235,1.0,0.1,239.09687457429519,945.7443024607629,1.0,0.0,0.0,0.0,2.0
1531,0.000567999352248852,0.12268786008575204,0.0,0.1,236.92752530822906,947.6550446263764,1.0,0.0,0.0,0.0,2.0
1532,0.00018011679471961192,0.03890522765943617,1.0,0.1,238.47957686133813,950.0220091728967,1.0,0.0,0.0,0.0,2.0
1533,0.00029327118759885665,0.06334657652135303,1.0,0.1,238.73463642798419,947.0711300403225,1.0,0.0,0.0,0.0,2.0
1534,0.00023608429005615708,0.05099420665212993,1.0,0.1,242.90305700232372,947.058156196075,1.0,0.0,0.0,0.0,2.0
1535,0.00027442089796307135,0.05927491396002341,1.0,0.1,244.12228642567075,945.8807469142403,1.0,0.0,0.0,0.0,2.0
1536,3.0466951554944885e-05,0.006580861535868095,1.0,0.1,245.45186130460954,942.4668008978273,1.0,0.0,0.0,0.0,2.0
1537,0.00029169851007380276,0.0630068781759414,1.0,0.1,248.17744637704956,943.1492402379099,1.0,0.0,0.0,0.0,2.0
1538,0.00017184184293084323,0.03711783807306214,1.0,0.1,244.94326292503385,945.9508012210762,1.0,0.0,0.0,0.0,2.0
1539,0.0002726293412578347,0.0588879377116923,1.0,0.1,239.3843308562939,950.3891051873644,1.0,0.0,0.0,0.0,2.0
1540,0.00039268481731015323,0.0848199205389931,1.0,0.1,239.13092909931203,951.9154059810629,1.0,0.0,0.0,0.0,2.0
1541,0.0003216584224614766,0.06947821925167895,1.0,0.1,239.43091642527793,951.5844569922178,1.0,0.0,0.0,0.0,2.0
1542,0.00015480477127924818,0.03343783059631761,1.0,0.1,241.28196737744076,949.0801596211691,1.0,0.0,0.0,0.0,2.0
1543,0.00017647015854944841,0.038117554246680854,1.0,0.1,244.55193585251476,948.8394696141065,1.0,0.0,0.0,0.0,2.0
1544,0.000272722760487188,0.05890811626523261,1.0,0.1,244.91892632939252,947.2982329709633,1.0,0.0,0.0,0.0,2.0
1545,0.00019282193504900714,0.04164953797058554,1.0,0.1,246.61730033454631,946.8697393706422,1.0,0.0,0.0,0.0,2.0
1546,0.000748968796180903,0.16177725997507506,0.0,0.1,247.0479379848313,947.9620808958458,1.0,0.0,0.0,0.0,2.0
1547,0.00030158839290948716,0.06514309286844923,1.0,0.1,238.84085617701223,948.5927650549675,1.0,0.0,0.0,0.0,2.0
1548,0.00019492359867824132,0.04210349731450013,1.0,0.1,239.70233046263925,953.2307454960649,1.0,0.0,0.0,0.0,2.0
1549,0.00040837732704856187,0.08820950264248938,1.0,0.1,239.40734732279424,953.0154860530057,1.0,0.0,0.0,0.0,2.0
1550,7.658912116687513e-05,0.016543250172045026,1.0,0.1,238.16309613658552,950.8566578352173,1.0,0.0,0.0,0.0,2.0
1551,0.00044871166828271825,0.09692172034906714,1.0,0.1,239.6695496703861,946.6699386534897,1.0,0.0,0.0,0.0,2.0
1552,0.0001532940519201762,0.03311151521475806,1.0,0.1,243.28228475778457,944.9357410024975,1.0,0.0,0.0,0.0,2.0
1553,0.0005002830415181116,0.1080611369679121,0.0,0.1,244.5528347842944,943.928378664479,1.0,0.0,0.0,0.0,2.0
1554,0.0005625826739757644,0.1215178575787651,0.0,0.1,247.88517765013418,943.4910786477451,1.0,0.0,0.0,0.0,2.0
1555,0.0005923301076012445,0.1279433032418688,0.0,0.1,246.79667343202814,945.5307805081501,1.0,0.0,0.0,0.0,2.0
1556,0.0005806899928070377,0.12542903844632014,0.0,0.1,237.15902309800032,945.3873580778846,1.0,0.0,0.0,0.0,2.0
1557,0.00022329373611236115,0.04823144700027001,1.0,0.1,235.25345072637646,945.0280936341136,1.0,0.0,0.0,0.0,2.0
1558,0.0002731676899142063,0.05900422102146857,1.0,0.1,,,1.0,0.0,,,2.0
1559,0.0003745925473693392,0.08091199023177727,1.0,0.1,236.15819461479367,944.042312570829,1.0,0.0,0.0,0.0,2.0
1560,0.00025629173323053056,0.0553590143777946,1.0,0.1,239.983524346198,942.413112902883,1.0,0.0,0.0,0.0,2.0
1561,4.256315207347196e-05,0.009193640847869942,1.0,0.1,245.25359486060165,942.6106279257349,1.0,0.0,0.0,0.0,2.0
1562,0.00040199741832565636,0.08683144235834177,1.0,0.1,246.8012453166921,943.5642562916798,1.0,0.0,0.0,0.0,2.0
1563,0.0005813059423630825,0.12556208355042583,0.0,0.1,249.37792750856502,942.594082800194,1.0,0.0,0.0,0.0,2.0
1564,0.000682643854551678,0.14745107258316245,0.0,0.1,246.6827247534433,946.5758470704819,1.0,0.0,0.0,0.0,2.0
1565,0.0001355771991493579,0.029284675016261304,1.0,0.1,236.31830509127354,946.3674253376792,1.0,0.0,0.0,0.0,2.0
1566,0.0007393580224252187,0.15970133284384724,0.0,0.1,234.33065529068492,946.4578891336002,1.0,0.0,0.0,0.0,2.0
1567,0.00010471758973297073,0.02261899938232168,1.0,0.1,232.23902859002402,946.6471430017027,1.0,0.0,0.0,0.0,2.0
1568,0.0013515710725385463,0.291939351668326,0.0,0.1,231.9468455048677,946.5716314445237,1.0,0.0,0.0,0.0,2.0
1569,0.00023459353749711708,0.05067220409937729,1.0,0.1,234.14288934562427,945.3366375006239,1.0,0.0,0.0,0.0,2.0
1570,0.00016305837710862343,0.03522060945546266,1.0,0.1,235.87973643804582,942.8427842818168,1.0,0.0,0.0,0.0,2.0
1571,0.00031229707124797774,0.0674561673895632,1.0,0.1,238.6247379593693,942.461456775957,1.0,0.0,0.0,0.0,2.0
1572,0.00023531833844867654,0.05082876110491413,1.0,0.1,241.03312787758168,942.4827458954768,1.0,0.0,0.0,0.0,2.0
1573,0.0013151311592509778,0.2840683303982112,0.0,0.1,243.03958956551608,943.2395723139758,1.0,0.0,0.0,0.0,2.0
1574,0.00030467439486789994,0.06580966929146638,1.0,0.1,244.71774497686334,942.049933338108,1.0,0.0,0.0,0.0,2.0
1575,0.0005416630909075024,0.11699922763602054,0.0,0.1,245.8945491359283,938.6044516836512,1.0,0.0,0.0,0.0,2.0
1576,0.00027204143172974293,0.058760949253624475,1.0,0.1,246.07466319550085,938.1351294258278,1.0,0.0,0.0,0.0,2.0
1577,0.0004103287848415492,0.08863101752577462,1.0,0.1,246.04033217183553,939.5237183888229,1.0,0.0,0.0,0.0,2.0
1578,0.00046285113336933724,0.09997584480777684,1.0,0.1,244.89928721151117,941.4631097505811,1.0,0.0,0.0,0.0,2.0
1579,0.0001279703464284591,0.027641594828547163,1.0,0.1,237.74677040528317,940.4692654103327,1.0,0.0,0.0,0.0,2.0
1580,0.0001234299835545465,0.026660876447782044,1.0,0.1,236.3795167321481,940.233767636685,1.0,0.0,0.0,0.0,2.0
1581,0.0002957299408553987,0.06387766722476612,1.0,0.1,235.9363776319556,940.9086778067067,1.0,0.0,0.0,0.0,2.0
1582,0.00043106792706471686,0.09311067224597884,1.0,0.1,238.81268382363515,940.0729316078421,1.0,0.0,0.0,0.0,2.0
1583,0.0004476461621903685,0.09669157103311961,1.0,0.1,242.75687578712274,940.3698859361252,1.0,0.0,0.0,0.0,2.0
1584,0.00016810461681983357,0.03631059723308405,1.0,0.1,247.0907625735122,940.5093973324541,1.0,0.0,0.0,0.0,2.0
1585,0.00012146878714167993,0.026237258022602863,1.0,0.1,247.49951865098885,939.9982354196569,1.0,0.0,0.0,0.0,2.0
1586,0.0002844882389322262,0.06144945960936087,1.0,0.1,246.18212224246716,939.4542648590394,1.0,0.0,0.0,0.0,2.0
1587,0.001215476882813902,0.26254300668780284,0.0,0.1,242.88311537150065,939.3974576063066,1.0,0.0,0.0,0.0,2.0
1588,0.000762217205453118,0.16463891637787348,0.0,0.1,238.00591333678258,943.1231039102959,1.0,0.0,0.0,0.0,2.0
1589,0.0013313125489380778,0.28756351057062485,0.0,0.1,234.5846256855176,941.5516493137776,1.0,0.0,0.0,0.0,2.0
1590,0.00038257958612061686,0.08263719060205325,1.0,0.1,,,1.0,0.0,,,2.0
1591,0.0032736477767166443,0.7071079197707951,0.0,0.1,225.41674941030595,934.3859721221528,1.0,0.0,0.0,0.0,2.0
1592,0.0002226347911752031,0.04808911489384387,1.0,0.1,227.56611302187946,937.5887009526048,1.0,0.0,0.0,0.0,2.0
1593,0.00015104868215990718,0.03262651534653995,1.0,0.1,,,1.0,0.0,,,2.0
1594,0.000645992504340227,0.13953438093748902,0.0,0.1,,,1.0,0.0,,,2.0
1595,0.0004865736089077975,0.10509989952408427,0.0,0.1,233.16358841028273,934.6615105525603,1.0,0.0,0.0,0.0,2.0
1596,0.0009519999806087838,0.2056319958114973,0.0,0.1,228.33595753339412,930.5749144709849,1.0,0.0,0.0,0.0,2.0
1597,0.0002572056317450106,0.055556416456922296,1.0,0.1,228.01242945979874,927.385416384251,1.0,0.0,0.0,0.0,2.0
1598,0.0016449906994120134,0.3553179910729949,0.0,0.1,228.18674498935215,925.7256330317159,1.0,0.0,0.0,0.0,2.0
1599,0.0009153059745914795,0.19770609051175958,0.0,0.1,230.2086330786084,923.8938827676022,1.0,0.0,0.0,0.0,2.0
1600,0.0008666347540994256,0.18719310688547594,0.0,0.1,230.19777126178275,923.6583038772352,1.0,0.0,0.0,0.0,2.0
1601,0.002008418120482478,0.4338183140242152,0.0,0.1,227.06866762683592,925.4887702113627,1.0,0.0,0.0,0.0,2.0
1602,0.0004140324343237389,0.0894310058139276,1.0,0.1,223.04751819771724,928.4093718735149,1.0,0.0,0.0,0.0,2.0
1603,0.0006278895286161509,0.13562413818108862,0.0,0.1,220.5262145425542,927.2520850311521,1.0,0.0,0.0,0.0,2.0
1604,0.0012647586716709564,0.2731878730809266,0.0,0.1,220.64511309796498,926.6239557982801,1.0,0.0,0.0,0.0,2.0
1605,0.00023810820176350955,0.05143137158091807,1.0,0.1,224.5735201081529,926.6624088822148,1.0,0.0,0.0,0.0,2.0
1606,0.00029310348909965034,0.06331035364552448,1.0,0.1,228.80700785375072,926.0694492468684,1.0,0.0,0.0,0.0,2.0
1607,0.00017224098822343702,0.0372040534562624,1.0,0.1,229.9875122405027,925.4118963412405,1.0,0.0,0.0,0.0,2.0
1608,0.0002542590055709912,0.054919945203334104,1.0,0.1,235.75583923058562,928.2828107226366,1.0,0.0,0.0,0.0,2.0
1609,0.00030902315998794695,0.06674900255739655,1.0,0.1,236.4024108254859,930.4122445327951,1.0,0.0,0.0,0.0,2.0
1610,0.0006116349819110073,0.13211315609277757,0.0,0.1,233.28928303306733,930.6989955989976,1.0,0.0,0.0,0.0,2.0
1611,0.00045961076532966076,0.09927592531120673,1.0,0.1,229.13426114576998,932.4042764456902,1.0,0.0,0.0,0.0,2.0
1612,0.0008994672989421608,0.19428493657150675,0.0,0.1,227.34453347725128,931.7821276617394,1.0,0.0,0.0,0.0,2.0
1613,0.0005038787025810414,0.10883779975750496,0.0,0.1,224.26034310979054,932.8548809768215,1.0,0.0,0.0,0.0,2.0
1614,0.00010912600841761547,0.02357121781820494,1.0,0.1,223.03535135354568,933.6361255303613,1.0,0.0,0.0,0.0,2.0
1615,0.00039456734301789785,0.08522654609186593,1.0,0.1,220.33648847292218,935.8139799019981,1.0,0.0,0.0,0.0,2.0
1616,0.0006051683146751681,0.13071635596983633,0.0,0.1,219.2721885874753,934.4460549314429,1.0,0.0,0.0,0.0,2.0
1617,0.0006332171345669303,0.13677490106645696,0.0,0.1,218.37493001232448,932.6774344571941,1.0,0.0,0.0,0.0,2.0
1618,0.00020351265886446666,0.0439587343147248,1.0,0.1,219.60998801631527,930.3855603431746,1.0,0.0,0.0,0.0,2.0
1619,,,,0.1,220.45087905042305,928.402393474837,1.0,0.0,0.0,0.0,2.0
1620,,,,0.1,224.1432891980071,926.5533403791321,,,0.0,0.0,2.0
1621,,,,0.1,226.68367297758599,925.1131627432776,,,0.0,0.0,2.0
1622,0.0005922337447085548,0.12792248885704782,0.0,0.1,231.307060835382,923.9795413138551,1.0,0.0,0.0,0.0,2.0
1623,0.00021288495115353673,0.045983149449163936,1.0,0.1,238.9249529446804,920.8257776031809,1.0,0.0,0.0,0.0,2.0
1624,0.0002096215071609357,0.04527824554676211,1.0,0.1,242.20494035302696,918.3525937869919,1.0,0.0,0.0,0.0,2.0
1625,0.0005641517207888172,0.12185677169038454,0.0,0.1,243.59212808191583,919.1750943852398,1.0,0.0,0.0,0.0,2.0
1626,0.0010153137575445402,0.2193077716296207,0.0,0.1,246.6973097121681,923.2588066670661,1.0,0.0,0.0,0.0,2.0
1627,0.0006916485438991067,0.14939608548220706,0.0,0.1,252.4746860907601,927.4108989263472,1.0,0.0,0.0,0.0,2.0
1628,0.0005897958335212719,0.12739590004059473,0.0,0.1,254.89748348672933,925.6481897161399,1.0,0.0,0.0,0.0,2.0
1629,0.000399288711961139,0.08624636178360603,1.0,0.1,254.09832800346655,925.8015690187001,1.0,0.0,0.0,0.0,2.0
1630,0.0006705553662647069,0.14483995911317668,0.0,0.1,254.3064852469264,926.2058277850332,1.0,0.0,0.0,0.0,2.0
1631,0.001383982076719362,0.2989401285713822,0.0,0.1,256.8486549002522,931.8108450423116,1.0,0.0,0.0,0.0,2.0
1632,0.00023293428919418926,0.05031380646594488,1.0,0.1,258.29601059846857,937.595992321324,1.0,0.0,0.0,0.0,2.0
1633,0.00031272856588016506,0.06754937023011566,1.0,0.1,258.27444180847203,940.1739369331082,1.0,0.0,0.0,0.0,2.0
1634,0.0004320716350088528,0.09332747316191221,1.0,0.1,257.6941769441844,941.3276172400056,1.0,0.0,0.0,0.0,2.0
1635,0.0007683200728681625,0.16595713573952312,0.0,0.1,254.82293428993046,941.1742326241588,1.0,0.0,0.0,0.0,2.0
1636,0.000508484368892818,0.10983262368084869,0.0,0.1,250.74452619553387,942.1857543114272,1.0,0.0,0.0,0.0,2.0
1637,0.0006982716406616805,0.150826674382923,0.0,0.1,244.3638744656519,943.4872023718864,1.0,0.0,0.0,0.0,2.0
1638,0.0007975366900282645,0.17226792504610514,0.0,0.1,237.11602097971993,945.1047419585414,1.0,0.0,0.0,0.0,2.0
1639,0.0005357440548766034,0.11572071585334634,0.0,0.1,,,1.0,0.0,,,2.0
1640,0.0012114371455015328,0.2616704234283311,0.0,0.1,229.3049226758184,949.010715933706,1.0,0.0,0.0,0.0,2.0
1641,0.0008322867708197586,0.17977394249706788,0.0,0.1,228.20560886885897,954.4112717096788,1.0,0.0,0.0,0.0,2.0
1642,0.00043292323298680426,0.09351141832514973,1.0,0.1,,,1.0,0.0,,,2.0
1643,0.0011444690269237254,0.2472053098155247,0.0,0.1,,,1.0,0.0,,,2.0
1644,0.000701129242253663,0.1514439163267912,0.0,0.1,,,1.0,0.0,,,2.0
1645,0.0002056926193122303,0.04442960577144174,1.0,0.1,225.23475279988273,957.7930169283601,1.0,0.0,0.0,0.0,2.0
1646,0.0003995381445807043,0.08630023922943213,1.0,0.1,225.81083960114105,957.9545164950154,1.0,0.0,0.0,0.0,2.0
1647,0.000337821317983304,0.07296940468439367,1.0,0.1,227.8335077168842,959.6004712219789,1.0,0.0,0.0,0.0,2.0
1648,0.00015640690747532158,0.03378389201466946,1.0,0.1,228.85996896411083,958.9249807099488,1.0,0.0,0.0,0.0,2.0
1649,0.0013373466470868217,0.2888668757707535,0.0,0.1,231.15295454607147,957.3323933061035,1.0,0.0,0.0,0.0,2.0
1650,0.0018568115757441627,0.4010713003607391,0.0,0.1,,,1.0,0.0,,,2.0
1651,0.0009725990338715546,0.2100813913162558,0.0,0.1,238.69413562551236,957.4166168885625,1.0,0.0,0.0,0.0,2.0
1652,0.0002712232670342852,0.058584225679405605,1.0,0.1,242.931931615128,959.8208616491274,1.0,0.0,0.0,0.0,2.0
1653,0.00031258435093990753,0.06751821980302003,1.0,0.1,251.03250242584176,963.2511353597606,1.0,0.0,0.0,0.0,2.0
1654,0.00038740217914720815,0.08367887069579696,1.0,0.1,261.700386503481,968.8407426588972,1.0,0.0,0.0,0.0,2.0
1655,0.00045898371984715014,0.09914048348698443,1.0,0.1,267.15597986704137,973.6565606149578,1.0,0.0,0.0,0.0,2.0
1656,0.0002748544977825415,0.05936857152102897,1.0,0.1,270.15767787467894,976.6710411121453,1.0,0.0,0.0,0.0,2.0
1657,0.00027682122308734207,0.05979338418686589,1.0,0.1,270.7495882648162,977.7475067121178,1.0,0.0,0.0,0.0,2.0
1658,0.0005489206036903847,0.1185668503971231,0.0,0.1,270.9473197291522,980.8346303617427,1.0,0.0,0.0,0.0,2.0
1659,0.0017626588879022093,0.3807343197868772,0.0,0.1,264.5335801767917,979.602496310318,1.0,0.0,0.0,0.0,2.0
1660,0.0009267599816152701,0.20018015602889833,0.0,0.1,258.84539004618813,975.42722605596,1.0,0.0,0.0,0.0,2.0
1661,0.0003897311134844064,0.08418192051263178,1.0,0.1,258.4733875776889,975.8996564109258,1.0,0.0,0.0,0.0,2.0
1662,0.00032975613031035474,0.07122732414703663,1.0,0.1,255.44632461590604,978.976338558015,1.0,0.0,0.0,0.0,2.0
1663,0.0002928563054199776,0.06325696197071516,1.0,0.1,251.82791053070292,982.3751152085741,1.0,0.0,0.0,0.0,2.0
1664,0.0010438870624568458,0.2254796054906787,0.0,0.1,248.03161578599313,982.3757712873083,1.0,0.0,0.0,0.0,2.0
1665,0.0004067749615873687,0.08786339170287163,1.0,0.1,243.57998011559556,974.8861506610816,1.0,0.0,0.0,0.0,2.0
1666,0.0005250209857240452,0.11340453291639377,0.0,0.1,241.5359717815904,970.7299513769984,1.0,0.0,0.0,0.0,2.0
1667,0.0004455569078165299,0.09624029208837045,1.0,0.1,238.0212742891914,967.9588624775865,1.0,0.0,0.0,0.0,2.0
1668,0.00026803402618937077,0.05789534965690409,1.0,0.1,236.519816251129,962.659976002533,1.0,0.0,0.0,0.0,2.0
1669,0.0009088250617804846,0.19630621334458467,0.0,0.1,234.811066709364,954.5105363236281,1.0,0.0,0.0,0.0,2.0
1670,,,,0.1,231.1792440404455,949.0030968252884,1.0,0.0,0.0,0.0,2.0
1671,,,,0.1,221.13453335085705,931.4603080939537,,,0.0,0.0,2.0
1672,,,,0.1,212.91400086491723,915.4242757106966,,,0.0,0.0,2.0
1673,,,,0.1,200.75670975081903,893.4628496158756,,,0.0,0.0,2.0
1674,,,,0.1,193.15726244397632,876.497345145142,,,0.0,0.0,2.0
1675,,,,0.1,192.04278406451624,873.3320854973342,,,0.0,0.0,2.0
1676,0.0005213771829964907,0.112617471527242,0.0,0.1,185.82276056685924,864.0385459871455,1.0,0.0,0.0,0.0,2.0
1677,0.0012207351164675148,0.26367878515698323,0.0,0.1,181.80061433666515,855.0345884372133,1.0,0.0,0.0,0.0,2.0
1678,0.0001986160184298527,0.042901059980848186,1.0,0.1,176.56120409271566,848.5760376809025,1.0,0.0,0.0,0.0,2.0
1679,0.00028230284456274494,0.060977414425552906,1.0,0.1,172.91648114329132,845.920173039088,1.0,0.0,0.0,0.0,2.0
1680,0.00013180640940182648,0.028470184430794517,1.0,0.1,170.7018520195943,843.0081126348895,1.0,0.0,0.0,0.0,2.0
1681,0.0003200491443489111,0.0691306151793648,1.0,0.1,171.39301852773247,843.0910188365363,1.0,0.0,0.0,0.0,2.0
1682,0.0010441075353154966,0.22552722762814728,0.0,0.1,172.5786491004982,845.9199044864839,1.0,0.0,0.0,0.0,2.0
1683,0.0005849232262483627,0.12634341686964634,0.0,0.1,172.30066641634417,847.3488846187745,1.0,0.0,0.0,0.0,2.0
1684,0.00037384977899336964,0.08075155226256785,1.0,0.1,170.5221417895138,848.0524626212498,1.0,0.0,0.0,0.0,2.0
1685,0.0008992091381920251,0.1942291738494774,0.0,0.1,164.42362397755807,852.0961888483973,1.0,0.0,0.0,0.0,2.0
1686,0.000290694675520212,0.0627900499123658,1.0,0.1,,,1.0,0.0,,,2.0
1687,0.001149796798803205,0.2483561085414923,0.0,0.1,,,1.0,0.0,,,2.0
1688,0.0011048732399328446,0.23865261982549443,0.0,0.1,,,1.0,0.0,,,2.0
1689,0.001948414549047678,0.4208575425942985,0.0,0.1,,,1.0,0.0,,,2.0
1690,0.0007699828925311,0.1663163047867176,0.0,0.1,154.6466272724082,859.778267429411,1.0,0.0,0.0,0.0,2.0
1691,0.0016169839100889094,0.34926852457920443,0.0,0.1,151.18005152609726,860.37415914067,1.0,0.0,0.0,0.0,2.0
1692,0.0003424430385201394,0.07396769632035011,1.0,0.1,148.27988395071728,860.0431292855847,1.0,0.0,0.0,0.0,2.0
1693,0.0005286892429959947,0.11419687648713485,0.0,0.1,146.2398829297283,860.1316156154242,1.0,0.0,0.0,0.0,2.0
1694,0.0011712828706363567,0.252997100057453,0.0,0.1,141.86724127432282,859.0405439949685,1.0,0.0,0.0,0.0,2.0
1695,0.0007237621407685019,0.1563326224059964,0.0,0.1,140.09677067731965,858.7410672593363,1.0,0.0,0.0,0.0,2.0
1696,0.0007114569331158296,0.15367469755301918,0.0,0.1,138.2740151402941,859.1757162620308,1.0,0.0,0.0,0.0,2.0
1697,0.00036479852692820175,0.07879648181649158,1.0,0.1,138.23135705049629,858.9829795204449,1.0,0.0,0.0,0.0,2.0
1698,0.001474089440566075,0.3184033191622722,0.0,0.1,140.58824796381214,857.6784492587998,1.0,0.0,0.0,0.0,2.0
1699,0.0004527205099738542,0.09778763015435252,1.0,0.1,143.51232961456034,854.9466872710045,1.0,0.0,0.0,0.0,2.0
1700,0.00010062621767040874,0.02173526301680829,1.0,0.1,147.33577569765256,849.5129933057924,1.0,0.0,0.0,0.0,2.0
1701,0.00024569640095945027,0.053070422607241256,1.0,0.1,152.0755275979655,842.3015872931638,1.0,0.0,0.0,0.0,2.0
1702,0.0004312945018535258,0.09315961240036157,1.0,0.1,155.25312002120657,839.6527476786172,1.0,0.0,0.0,0.0,2.0
1703,0.0009504603961854201,0.20529944557605073,0.0,0.1,160.31561651537496,835.5789918478988,1.0,0.0,0.0,0.0,2.0
1704,0.0005195522502836552,0.11222328606126952,0.0,0.1,163.8928057630019,834.5627971410106,1.0,0.0,0.0,0.0,2.0
1705,0.0002072673628598803,0.04476975037773415,1.0,0.1,163.58700279608598,836.3286147033068,1.0,0.0,0.0,0.0,2.0
1706,0.0006655552759712995,0.14375993960980069,0.0,0.1,162.42440787795027,837.8994343712903,1.0,0.0,0.0,0.0,2.0
1707,0.0010246615732924776,0.22132689983117515,0.0,0.1,154.16149946826414,839.4473966016352,1.0,0.0,0.0,0.0,2.0
1708,0.0004385101079797515,0.09471818332362633,1.0,0.1,142.1602637743375,836.9161876934053,1.0,0.0,0.0,0.0,2.0
1709,0.0016217186144343485,0.3502912207178193,0.0,0.1,131.50814664741364,833.2334459634347,1.0,0.0,0.0,0.0,2.0
1710,0.00033176994812311446,0.07166230879459272,1.0,0.1,117.59134317993535,829.6504895967597,1.0,0.0,0.0,0.0,2.0
1711,0.0012481167698762555,0.26959322229327115,0.0,0.1,112.29608943225088,827.8488784435536,1.0,0.0,0.0,0.0,2.0
1712,0.0005934905245596115,0.1281939533048761,0.0,0.1,104.58837507657505,825.7675554377903,1.0,0.0,0.0,0.0,2.0
1713,0.0005543563142552389,0.1197409638791316,0.0,0.1,95.18412328445909,826.5799599127414,1.0,0.0,0.0,0.0,2.0
1714,0.00020723975298361663,0.04476378664446119,1.0,0.1,90.00087125219065,826.6541810221347,1.0,0.0,0.0,0.0,2.0
1715,0.00017000500981054542,0.03672108211907781,1.0,0.1,86.62156579001913,825.8579483391323,1.0,0.0,0.0,0.0,2.0
1716,0.00031645695306959336,0.06835470186303216,1.0,0.1,82.55009288629002,824.4333267781956,1.0,0.0,0.0,0.0,2.0
1717,0.0005215964282290949,0.11266482849748449,0.0,0.1,82.41173249606139,821.0333325435918,1.0,0.0,0.0,0.0,2.0
1718,0.0005528092296926135,0.11940679361360451,0.0,0.1,81.16123362309581,819.5484097343528,1.0,0.0,0.0,0.0,2.0
1719,0.0009398567863717943,0.20300906585630757,0.0,0.1,79.14792860481471,818.0260617422928,1.0,0.0,0.0,0.0,2.0
1720,0.001055025038735382,0.22788540836684257,0.0,0.1,79.83323385801629,816.0990738301326,1.0,0.0,0.0,0.0,2.0
1721,0.0010774145854859547,0.23272155046496623,0.0,0.1,82.33851208440876,809.7503032910197,1.0,0.0,0.0,0.0,2.0
1722,0.0009348269877917568,0.2019226293630195,0.0,0.1,86.08038467493033,801.8938916485077,1.0,0.0,0.0,0.0,2.0
1723,0.0003090831619883733,0.06676196298948864,1.0,0.1,86.34583120417034,797.0782360182835,1.0,0.0,0.0,0.0,2.0
1724,0.0005860898385111254,0.1265954051184031,0.0,0.1,87.86649495169274,794.4720986644085,1.0,0.0,0.0,0.0,2.0
1725,0.0015688194404609001,0.3388649991395544,0.0,0.1,92.11286862118232,789.2009013643656,1.0,0.0,0.0,0.0,2.0
1726,0.002251449246615843,0.48631303726902214,0.0,0.1,95.78649403154482,784.3294793799191,1.0,0.0,0.0,0.0,2.0
1727,0.002341012491360875,0.505658698133949,0.0,0.1,97.71709020803188,780.3759240551134,1.0,0.0,0.0,0.0,2.0
1728,0.0012938507590834673,0.27947176396202894,0.0,0.1,100.40177684081506,776.696105012116,1.0,0.0,0.0,0.0,2.0
1729,0.000315480968652864,0.06814388922901862,1.0,0.1,102.9920620630858,774.3396468003622,1.0,0.0,0.0,0.0,2.0
1730,0.0007018107879654139,0.15159113020052942,0.0,0.1,105.33573428528506,771.5602179995698,1.0,0.0,0.0,0.0,2.0
1731,0.0011930708683698366,0.25770330756788473,0.0,0.1,105.7335341358143,770.6127688735238,1.0,0.0,0.0,0.0,2.0
1732,0.0003930482675822241,0.08489842579776041,1.0,0.1,105.04691783238727,771.0289305503609,1.0,0.0,0.0,0.0,2.0
1733,0.0005962984333415069,0.12880046160176548,0.0,0.1,105.64980587748015,770.2575550877433,1.0,0.0,0.0,0.0,2.0
1734,0.000786039473917585,0.16978452636619837,0.0,0.1,106.23446178813208,769.3969345071048,1.0,0.0,0.0,0.0,2.0
1735,0.001303514014716352,0.28155902717873205,0.0,0.1,104.14055357044887,771.3418060493378,1.0,0.0,0.0,0.0,2.0
1736,0.0010146885940273882,0.21917273630991585,0.0,0.1,91.99973540864899,783.3012545147589,1.0,0.0,0.0,0.0,2.0
1737,0.0009424666040790883,0.20357278648108307,0.0,0.1,76.53047175851876,797.8289082275087,1.0,0.0,0.0,0.0,2.0
1738,0.00033011878580725283,0.07130565773436662,1.0,0.1,72.59288257753093,801.4228591397122,1.0,0.0,0.0,0.0,2.0
1739,0.001332009554832499,0.2877140638438198,0.0,0.1,68.43464104658153,805.216575708092,1.0,0.0,1.0,0.0,2.0
1740,0.0023538647439926355,0.5084347847024093,0.0,0.1,71.02476450650555,802.7413144986369,1.0,0.0,0.0,0.0,2.0
1741,0.0011772219663333376,0.2542799447280009,0.0,0.1,73.34939376912116,800.6585889197181,1.0,0.0,0.0,0.0,2.0
1742,0.0012321996848272258,0.26615513192268075,0.0,0.1,74.97477749979008,799.6366350778404,1.0,0.0,0.0,0.0,2.0
1743,0.0009738283139477002,0.21034691581270326,0.0,0.1,79.18246863655762,797.9257617357024,1.0,0.0,0.0,0.0,2.0
1744,0.002138577165787122,0.46193266781001835,0.0,0.1,84.15607644813801,796.6111164300744,1.0,0.0,0.0,0.0,2.0
1745,0.0015112002382510368,0.32641925146222395,0.0,0.1,86.24992509820095,797.8768417261472,1.0,0.0,0.0,0.0,2.0
1746,0.000387659519492405,0.08373445621035948,1.0,0.1,88.79862920232677,798.2398825463179,1.0,0.0,0.0,0.0,2.0
1747,0.0021271907924792165,0.4594732111755108,0.0,0.1,89.52465978539632,799.3953716901682,1.0,0.0,0.0,0.0,2.0
1748,0.000980121266784955,0.2117061936255503,0.0,0.1,89.82536530442057,801.5939162166702,1.0,0.0,0.0,0.0,2.0
1749,0.0011644098054394087,0.2515125179749123,0.0,0.1,99.47401707757832,794.4308301189818,1.0,0.0,0.0,0.0,2.0
1750,0.0002943661675562731,0.063583092192155,1.0,0.1,108.00956471615343,790.0897871386561,1.0,0.0,0.0,0.0,2.0
1751,0.0006694534304881104,0.14460194098543186,0.0,0.1,111.8940919254053,788.7701554544357,1.0,0.0,0.0,0.0,2.0
1752,0.0007576309379234929,0.1636482825914745,0.0,0.1,113.34501600625003,788.90625374044,1.0,0.0,0.0,0.0,2.0
1753,0.00030001369960833634,0.06480295911540065,1.0,0.1,113.5850556271997,789.7072001692828,1.0,0.0,0.0,0.0,2.0
1754,0.0005345477551424763,0.1154623151107749,0.0,0.1,114.09409698757725,790.5866109045612,1.0,0.0,0.0,0.0,2.0
1755,,,,0.1,118.5803981734778,792.2141207332197,1.0,0.0,0.0,0.0,2.0
1756,,,,0.1,121.30829649567748,792.8672934861794,,,0.0,0.0,2.0
1757,,,,0.1,123.04134894983692,794.679062009419,,,0.0,0.0,2.0
1758,0.0006663419428433242,0.14392985965415803,0.0,0.1,124.56228336372453,794.6581050872273,1.0,0.0,0.0,0.0,2.0
1759,0.00035666650786983473,0.0770399656998843,1.0,0.1,122.24172619364587,794.9083695525916,1.0,0.0,0.0,0.0,2.0
1760,0.0004123830620025146,0.08907474139254315,1.0,0.1,118.78637419813248,797.7073451818211,1.0,0.0,0.0,0.0,2.0
1761,0.0006837424796032812,0.14768837559430875,0.0,0.1,113.53162130166295,798.9080068370506,1.0,0.0,0.0,0.0,2.0
1762,0.0006890660932894916,0.1488382761505302,0.0,0.1,110.99857960272922,804.8971363181082,1.0,0.0,0.0,0.0,2.0
1763,0.0014433017143600116,0.31175317030176247,0.0,0.1,110.450559929733,808.6171096789654,1.0,0.0,0.0,0.0,2.0
1764,0.0003578813586049594,0.07730237345867125,1.0,0.1,115.1238331852424,802.512152483657,1.0,0.0,0.0,0.0,2.0
1765,,,,0.1,119.53153205243038,796.661456617694,1.0,0.0,0.0,0.0,2.0
1766,,,,0.1,129.08414579637284,791.9045900367286,,,0.0,0.0,2.0
1767,,,,0.1,135.65145302995634,784.1970891947732,,,0.0,0.0,2.0
1768,0.0011671401397058887,0.25210227017647197,0.0,0.1,139.84827681365906,774.6553380094767,1.0,0.0,0.0,0.0,2.0
1769,0.0013015170853348528,0.2811276904323282,0.0,0.1,144.50916693479036,768.4411196799988,1.0,0.0,0.0,0.0,2.0
1770,,,,0.1,152.48358824807713,759.2175801320257,1.0,0.0,0.0,0.0,2.0
1771,,,,0.1,159.31512570595496,753.2266502379777,,,0.0,0.0,2.0
1772,0.0018488537553938234,0.3993524111650658,0.0,0.1,165.7921891121668,746.5855249174068,1.0,0.0,0.0,0.0,2.0
1773,0.0007519910185179509,0.1624300599998774,0.0,0.1,170.67612642938838,743.0785403277083,1.0,0.0,0.0,0.0,2.0
1774,0.0014822109850957865,0.3201575727806899,0.0,0.1,173.70270157517544,740.8003262220839,1.0,0.0,0.0,0.0,2.0
1775,0.0013637712425806862,0.2945745883974282,0.0,0.1,182.74785328493303,731.8626799027996,1.0,0.0,0.0,0.0,2.0
1776,,,,0.1,191.01968815132003,720.680504253995,1.0,0.0,0.0,0.0,2.0
1777,,,,0.1,201.53632995487433,708.3859226656798,,,0.0,0.0,2.0
1778,0.001757571632252928,0.3796354725666325,0.0,0.1,207.60664286370186,700.5322918353681,1.0,0.0,0.0,0.0,2.0
1779,0.0031431686162329436,0.6789244211063159,0.0,0.1,218.16424640871458,685.9985018429868,1.0,0.0,0.0,0.0,2.0
1780,,,,0.1,227.5724910747261,673.5436196168702,1.0,0.0,0.0,0.0,2.0
1781,,,,0.1,237.22165462519754,660.7247251797463,,,0.0,0.0,2.0
1782,0.0010194103404347287,0.2201926335339014,0.0,0.1,247.78227521184908,647.7197241909853,1.0,0.0,0.0,0.0,2.0
1783,0.0035761444049316783,0.7724471914652425,0.0,0.1,254.3512129741684,640.1218199188208,1.0,0.0,0.0,0.0,2.0
1784,0.0026793603372620173,0.5787418328485958,0.0,0.1,266.7663275044735,624.6771191270597,1.0,0.0,0.0,0.0,2.0
1785,0.00397763935030914,0.8591700996667743,0.0,0.1,280.87822805607544,610.0060342679858,1.0,0.0,0.0,0.0,2.0
1786,0.002189069203205751,0.4728389478924422,0.0,0.1,293.4491740684322,596.3898529660233,1.0,0.0,0.0,0.0,2.0
1787,0.004638776793741374,1.0019757874481368,0.0,0.1,300.6579399854012,589.0895398362774,1.0,0.0,0.0,0.0,2.0
1788,0.0019951768219056824,0.4309581935316274,0.0,0.1,313.2890416367535,577.6368439389801,1.0,0.0,0.0,0.0,2.0
1789,0.004057843275150205,0.8764941474324442,0.0,0.1,323.5013137248946,568.7543358751033,1.0,0.0,0.0,0.0,2.0
1790,0.000814825871950411,0.17600238834128878,0.0,0.1,337.98613840411434,554.6680109813024,1.0,0.0,0.0,0.0,2.0
1791,,,,0.1,351.8969323150454,540.3602250461944,1.0,0.0,0.0,0.0,2.0
1792,,,,0.1,357.1454089356703,535.1897553729895,,,0.0,0.0,2.0
1793,0.0037988270260406972,0.8205466376247906,0.0,0.1,367.3672223326673,524.028986640366,1.0,0.0,0.0,0.0,2.0
1794,0.0025178675896693867,0.5438593993685875,0.0,0.1,377.5576299964875,512.9027569249332,1.0,0.0,0.0,0.0,2.0
1795,0.0018095579092527892,0.3908645083986025,0.0,0.1,386.63494472778643,503.3011363789013,1.0,0.0,0.0,0.0,2.0
1796,0.0029291137071165117,0.6326885607371665,0.0,0.1,394.15981319593647,495.5737783630126,1.0,0.0,0.0,0.0,2.0
1797,0.00327119713576395,0.7065785813250132,0.0,0.1,409.86913013429154,480.174198209024,1.0,0.0,0.0,0.0,2.0
1798,0.004001445666354675,0.8643122639326098,0.0,0.1,420.55046906332416,469.1972258317426,1.0,0.0,0.0,0.0,2.0
1799,0.002708878796480125,0.585117820039707,0.0,0.1,430.32142489078575,458.28554793072936,1.0,0.0,0.0,0.0,2.0
1800,0.0018412815371630553,0.39771681202722,0.0,0.1,438.65898051006627,448.3852375861708,1.0,0.0,0.0,0.0,2.0
1801,0.0018667051068834472,0.4032083030868246,0.0,0.1,441.02982827694547,444.21094792291177,1.0,0.0,0.0,0.0,2.0
1802,0.0023629745204229134,0.5104024964113493,0.0,0.1,447.7962360111183,433.4847400366993,1.0,0.0,0.0,0.0,2.0
1803,0.003264549808528816,0.7051427586422242,0.0,0.1,458.1607763360258,421.1916608966515,1.0,0.0,0.0,0.0,2.0
1804,0.0017146845375573335,0.37037186011238404,0.0,0.1,468.3030801448485,409.9198623720689,1.0,0.0,0.0,0.0,2.0
1805,0.0029434064130820213,0.6357757852257165,0.0,0.1,473.52006354496257,404.23033273098775,1.0,0.0,0.0,0.0,2.0
1806,0.0028326137170945976,0.611844562892433,0.0,0.1,486.30322974861025,390.32728733007826,1.0,0.0,0.0,0.0,2.0
1807,0.003298592439832008,0.7124959670037138,0.0,0.1,500.7626115398422,375.3465426464148,1.0,0.0,0.0,0.0,2.0
1808,0.004074856676056055,0.8801690420281079,0.0,0.1,512.4428903895025,363.6247735497541,1.0,0.0,0.0,0.0,2.0
1809,0.0036853731076906177,0.7960405912611734,0.0,0.1,524.7263057890285,351.1504705661839,1.0,0.0,0.0,0.0,2.0
1810,0.004973596113725587,1.074296760564727,0.0,0.1,532.1015066772495,343.4329580524944,1.0,0.0,0.0,0.0,2.0
1811,0.002885761242252026,0.6233244283264376,0.0,0.1,546.8214034446573,328.44962738561395,1.0,0.0,0.0,0.0,2.0
1812,0.004435632059788472,0.95809652491431,0.0,0.1,559.0541854664048,316.02522908843736,1.0,0.0,0.0,0.0,2.0
1813,0.0020003457785536067,0.43207468816757905,0.0,0.1,571.1966606764998,303.7512297665818,1.0,0.0,0.0,0.0,2.0
1814,0.004886786754779482,1.055545939032368,0.0,0.1,578.0969962306858,296.7011898425297,1.0,0.0,0.0,0.0,2.0
1815,0.004439810806943231,0.9589991342997378,0.0,0.1,591.7844557386909,282.7858193886074,1.0,0.0,0.0,0.0,2.0
1816,0.004082571503835028,0.881835444828366,0.0,0.1,606.3838715750793,267.9517167462785,1.0,0.0,0.0,0.0,2.0
1817,0.004357998938260336,0.9413277706642326,0.0,0.1,622.772627700297,251.12964081221037,0.0,1.0,0.0,0.0,2.0
1818,0.0018736941175258482,0.4047179293855832,0.0,0.1,640.0939418823033,233.56789211181413,0.0,1.0,0.0,0.0,2.0
1819,0.00514774494888129,1.1119129089583586,0.0,0.1,648.6435010532055,225.00458748373532,0.0,1.0,0.0,0.0,2.0
1820,0.007359959939910082,1.5897513470205777,0.0,0.1,664.2791626215127,209.44409182935325,0.0,1.0,0.0,0.0,2.0
1821,0.005100699399701636,1.1017510703355533,0.0,0.1,676.9020921929829,197.16559255006067,0.0,1.0,0.0,0.0,2.0
1822,0.0037399818396023046,0.8078360773540978,0.0,0.1,688.482709400654,186.20143124171236,0.0,1.0,0.0,0.0,2.0
1823,0.001261148246275294,0.2724080211954635,0.0,0.1,701.6687288264629,174.23079811761923,0.0,1.0,0.0,0.0,2.0
1824,0.0036376141074582454,0.785724647210981,0.0,0.1,708.1693342112831,168.22023423508696,0.0,1.0,0.0,0.0,2.0
1825,0.003077586525322456,0.6647586894696504,0.0,0.1,719.1921486362133,159.38668482884594,0.0,1.0,0.0,0.0,2.0
1826,0.004585690740768209,0.990509200005933,0.0,0.1,728.6912797735371,153.6586291554421,0.0,1.0,0.0,0.0,2.0
1827,0.0018492291963391745,0.3994335064092617,0.0,0.1,738.3898929729411,146.62415665411075,0.0,1.0,0.0,0.0,2.0
1828,0.0031022770060342157,0.6700918333033906,0.0,0.1,743.3954771919314,142.53484038876468,0.0,1.0,0.0,0.0,2.0
1829,0.004378403041441062,0.9457350569512694,0.0,0.1,756.4694215611054,132.36271370209803,0.0,1.0,0.0,0.0,2.0
1830,0.001977503826249008,0.4271408264697857,0.0,0.1,773.8525915167627,117.56048953100616,0.0,1.0,0.0,0.0,2.0
1831,0.00147321424175175,0.318214276218378,0.0,0.1,787.6927818741691,103.40484005344933,0.0,1.0,0.0,0.0,2.0
1832,0.002566491516891663,0.5543621676485991,0.0,0.1,791.5811814067168,97.97589647422832,0.0,1.0,0.0,0.0,2.0
1833,0.0026159056325485894,0.5650356166304953,0.0,0.1,799.0987057370228,89.15200581403188,0.0,1.0,0.0,0.0,2.0
1834,0.000728120810816218,0.15727409513630308,0.0,0.1,808.7701251567855,76.70921509417263,0.0,1.0,0.0,0.0,2.0
1835,0.0014242814116487911,0.3076447849161389,0.0,0.1,815.0756174264952,66.69908519424315,0.0,1.0,0.0,1.0,2.0
1836,0.000356959334234319,0.07710321619461291,1.0,0.1,816.1746836393326,64.27221541392242,0.0,1.0,0.0,1.0,2.0
1837,0.0005676711717332402,0.12261697309437988,0.0,0.1,818.755304226738,62.04063767531657,0.0,1.0,0.0,1.0,2.0
1838,0.0024208681007896436,0.522907509770563,0.0,0.1,821.1062931001543,60.20050293630876,0.0,1.0,0.0,1.0,2.0
1839,0.0019239955554640872,0.4155830399802429,0.0,0.1,824.3322863880959,56.82236379888909,0.0,1.0,0.0,1.0,2.0
1840,0.000492945661615477,0.10647626290894303,0.0,0.1,826.8738230570198,54.63298952665032,0.0,1.0,0.0,1.0,2.0
1841,0.0015266369001580738,0.32975357043414394,0.0,0.1,829.0508426727424,52.436550992721706,0.0,1.0,0.0,1.0,2.0
1842,0.0024773015114693,0.5350971264773688,0.0,0.1,834.093015879591,47.45610664758115,0.0,1.0,0.0,1.0,2.0
1843,0.0038377432996820307,0.8289525527313186,0.0,0.1,844.0034178867609,39.98127496225159,0.0,1.0,0.0,1.0,2.0
1844,0.002476221949273514,0.5348639410430791,0.0,0.1,850.9019949619734,36.67074983543378,0.0,1.0,0.0,1.0,2.0
1845,0.0010784832820059285,0.23295238891328057,0.0,0.1,861.2360395298389,33.66848602084552,0.0,1.0,0.0,1.0,2.0
1846,0.0035521956917036334,0.7672742694079848,0.0,0.1,867.556448191393,32.738963333899186,0.0,1.0,0.0,1.0,2.0
1847,0.0022423023954326847,0.48433731741345987,0.0,0.1,880.5805771455119,34.48733203389427,0.0,1.0,0.0,1.0,2.0
1848,0.0033393101804339033,0.7212909989737232,0.0,0.1,892.5406559592893,40.369585263361905,0.0,1.0,0.0,1.0,2.0
1849,0.0020859824117740915,0.4505722009432037,0.0,0.1,901.4155852680058,45.275328838249784,0.0,1.0,0.0,1.0,2.0
1850,0.0013989465362357059,0.3021724518269125,0.0,0.1,903.7946210441334,45.19032597645833,0.0,1.0,0.0,1.0,2.0
1851,0.0032141694750612484,0.6942606066132296,0.0,0.1,909.1989939930424,48.35606908960979,0.0,1.0,0.0,1.0,2.0
1852,0.0007759998325020093,0.167615963820434,0.0,0.1,908.3078301672083,47.22700221880089,0.0,1.0,0.0,1.0,2.0
1853,0.00201220589053944,0.43463647235651903,0.0,0.1,901.1443551993158,44.135386889454374,0.0,1.0,0.0,1.0,2.0
1854,0.0004992150024041275,0.10783044051929154,0.0,0.1,896.8837839820409,41.915058722126695,0.0,1.0,0.0,1.0,2.0
1855,0.0012021040520107872,0.25965447523433005,0.0,0.1,896.1042572013843,42.08917652725327,0.0,1.0,0.0,1.0,2.0
1856,0.0006613161208643923,0.14284428210670874,0.0,0.1,891.4602734495489,46.37448832086313,0.0,1.0,0.0,1.0,2.0
1857,0.0003584840505994733,0.07743255492948622,1.0,0.1,891.9841787286688,48.85449680201234,0.0,1.0,0.0,1.0,2.0
1858,0.00021355598285205274,0.046128092296043394,1.0,0.1,891.6272124042315,48.73568171809839,0.0,1.0,0.0,1.0,2.0
1859,0.0008871177846793361,0.1916174414907366,0.0,0.1,892.6600550611288,48.39295401929297,0.0,1.0,0.0,1.0,2.0
1860,0.00044032809836047024,0.09511086924586158,1.0,0.1,900.8134651432085,43.9807045540035,0.0,1.0,0.0,1.0,2.0
1861,0.000523820062250111,0.11314513344602399,0.0,0.1,908.5975754285058,41.97670685002093,0.0,1.0,0.0,1.0,2.0
1862,0.0015975251246400366,0.3450654269222479,0.0,0.1,918.2122828913784,49.58014537317578,0.0,1.0,0.0,1.0,2.0
1863,0.001235543230441319,0.2668773377753249,0.0,0.1,918.7130739148532,46.99177018314827,0.0,1.0,0.0,1.0,2.0
1864,0.0008492204374895243,0.18343161449773726,0.0,0.1,921.157518685422,48.354812665114416,0.0,1.0,0.0,1.0,2.0
1865,0.0007577505115482134,0.1636741104944141,0.0,0.1,927.2115647390207,53.92297793009703,0.0,1.0,0.0,1.0,2.0
1866,0.0035680915584859877,0.7707077766329733,0.0,0.1,932.974494580582,61.2843951319589,0.0,1.0,0.0,1.0,2.0
1867,0.0009859389189784988,0.21296280649935573,0.0,0.1,939.4503920182766,69.08340955445338,0.0,1.0,0.0,1.0,2.0
1868,0.0024517827088143505,0.5295850651038997,0.0,0.1,941.8704133779027,72.326882599359,0.0,1.0,0.0,0.0,2.0
1869,0.0020152575220848978,0.4352956247703379,0.0,0.1,944.3641490971897,76.25887951164488,0.0,1.0,0.0,0.0,2.0
1870,0.0016812062517514723,0.36314055037831805,0.0,0.1,953.2923797524899,86.83444503182868,0.0,1.0,0.0,0.0,2.0
1871,0.002724708738679653,0.5885370875548052,0.0,0.1,957.875014160768,91.75796857857533,0.0,1.0,0.0,0.0,2.0
1872,0.000907914839475744,0.19610960532676072,0.0,0.1,968.2402265926833,102.36921846574114,0.0,1.0,0.0,0.0,2.0
1873,0.00017623201680165587,0.03806611562915767,1.0,0.1,972.7709813436286,106.7561213201496,0.0,1.0,0.0,0.0,2.0
1874,0.0022681799855956168,0.4899268768886533,0.0,0.1,979.1455202644297,113.42399368648799,0.0,1.0,0.0,0.0,2.0
1875,0.002599945195906748,0.5615881623158576,0.0,0.1,984.7475886706944,119.12991355486452,0.0,1.0,0.0,0.0,2.0
1876,0.000456334879417001,0.09856833395407222,1.0,0.1,994.0263304097425,128.4776031638292,0.0,1.0,0.0,0.0,2.0
1877,0.00035654574713337204,0.07701388138080836,1.0,0.1,998.4522085241057,132.72956537673338,0.0,1.0,0.0,0.0,2.0
1878,0.004314739394647588,0.931983709243879,0.0,0.1,1002.2897724192197,136.4128876661122,0.0,1.0,0.0,0.0,2.0
1879,0.0017949670158711373,0.3877128754281657,0.0,0.1,1004.9221117371118,139.14304399038213,0.0,1.0,0.0,0.0,2.0
1880,0.0014710868968564326,0.3177547697209894,0.0,0.1,1005.8114838089999,140.34147995716646,0.0,1.0,0.0,0.0,2.0
1881,0.0007144081453793076,0.15431215940193044,0.0,0.1,1006.8210749766076,142.8943796382149,0.0,1.0,0.0,0.0,2.0
1882,0.0008825856255544616,0.1906384951197637,0.0,0.1,1009.2678422826725,145.5771511086658,0.0,1.0,0.0,0.0,2.0
1883,0.0010533726977631018,0.22752850271683,0.0,0.1,1010.866709208475,150.01864055747328,0.0,1.0,0.0,0.0,2.0
1884,0.0006030123002170808,0.13025065684688947,0.0,0.1,1008.4620272222106,149.99376234208063,0.0,1.0,0.0,0.0,2.0
1885,0.0007995278553892743,0.17269801676408325,0.0,0.1,1003.0643406860603,147.13823030239328,0.0,1.0,0.0,0.0,2.0
1886,0.00022087828931435005,0.04770971049189961,1.0,0.1,996.9354116102987,143.45687647314531,0.0,1.0,0.0,0.0,2.0
1887,0.0007172350480912825,0.154922770387717,0.0,0.1,986.7649753732657,137.98379929236373,0.0,1.0,0.0,0.0,2.0
1888,0.001104603894086202,0.23859444112261963,0.0,0.1,,,0.0,1.0,,,2.0
1889,0.001328151134880915,0.2868806451342777,0.0,0.1,,,0.0,1.0,,,2.0
1890,0.0002625814283623088,0.0567175885262587,1.0,0.1,,,0.0,1.0,,,2.0
1891,0.00020478219765234678,0.0442329546929069,1.0,0.1,967.8368888113142,126.78215828402844,0.0,1.0,0.0,0.0,2.0
1892,0.0006386647015144638,0.13795157552712417,0.0,0.1,965.7401809296055,128.94863403448676,0.0,1.0,0.0,0.0,2.0
1893,0.0016709274288601412,0.36092032463379053,0.0,0.1,957.5225140146565,122.9851798526898,0.0,1.0,0.0,0.0,2.0
1894,0.001423368270025351,0.30744754632547583,0.0,0.1,,,0.0,1.0,,,2.0
1895,0.0007148680995250169,0.15441150949740365,0.0,0.1,,,0.0,1.0,,,2.0
1896,0.00027582931521808927,0.05957913208710728,1.0,0.1,,,0.0,1.0,,,2.0
1897,0.00086173567791182,0.18613490642895314,0.0,0.1,,,0.0,1.0,,,2.0
1898,0.0009804541472382784,0.21177809580346812,0.0,0.1,,,0.0,1.0,,,2.0
1899,0.00025142465041990303,0.05430772449069906,1.0,0.1,,,0.0,1.0,,,2.0
1900,0.00011122822000716705,0.024025295521548085,1.0,0.1,,,0.0,1.0,,,2.0
1901,0.000514378429816759,0.11110574084041995,0.0,0.1,,,0.0,1.0,,,2.0
1902,0.00022787512196301065,0.0492210263440103,1.0,0.1,,,0.0,1.0,,,2.0
1903,0.0006933465031333081,0.14976284467679454,0.0,0.1,947.6463668815543,135.62231391832066,0.0,1.0,0.0,0.0,2.0
1904,0.001146280459879904,0.2475965793340593,0.0,0.1,947.3829462763673,142.18539885300734,0.0,1.0,0.0,0.0,2.0
1905,0.0017680248389246405,0.3818933652077223,0.0,0.1,946.4875146246605,151.3656144830001,0.0,1.0,0.0,0.0,2.0
1906,0.00032978560739808753,0.0712336911979869,1.0,0.1,946.2905562979204,160.71419687107092,0.0,1.0,0.0,0.0,2.0
1907,0.0011538981977299353,0.249242010709666,0.0,0.1,949.2110956719829,171.5016761218283,0.0,1.0,0.0,0.0,2.0
1908,0.0007152764958473837,0.1544997231030349,0.0,0.1,954.0605790139834,184.2383155201565,0.0,1.0,0.0,0.0,2.0
1909,0.0014301043161907589,0.30890253229720394,0.0,0.1,956.8990317535038,189.07151690332336,0.0,1.0,0.0,0.0,2.0
1910,0.0018514504638200008,0.39991330018512017,0.0,0.1,961.1520557996624,199.23949916218862,0.0,1.0,0.0,0.0,2.0
1911,0.002325595966278323,0.5023287287161179,0.0,0.1,965.7953376548722,207.21828131075478,0.0,1.0,0.0,0.0,2.0
1912,0.0008921281365775207,0.1926996775007445,0.0,0.1,968.3194772685592,213.99343788642793,0.0,1.0,0.0,0.0,2.0
1913,0.003394698955288688,0.7332549743423565,0.0,0.1,969.8334685995293,217.45942056225132,0.0,1.0,0.0,0.0,2.0
1914,0.0019043379619350916,0.4113369997779798,0.0,0.1,974.5079109553388,229.42092153752887,0.0,1.0,0.0,0.0,2.0
1915,0.004339002282634404,0.9372244930490313,0.0,0.1,982.539223574392,243.84727260628168,0.0,1.0,0.0,0.0,2.0
1916,0.003426374298759456,0.7400968485320425,0.0,0.1,988.437725633423,256.0455892193855,0.0,1.0,0.0,0.0,2.0
1917,0.00045370325144951075,0.09799990231309431,1.0,0.1,996.0527322185245,267.9203898156906,0.0,1.0,0.0,0.0,2.0
1918,0.004155080550689335,0.8974973989488964,0.0,0.1,1000.3766121808001,275.3695469687143,0.0,1.0,0.0,0.0,2.0
1919,0.001488720028272091,0.3215635261067717,0.0,0.1,1008.8393362123352,290.1310861493381,0.0,1.0,0.0,0.0,2.0
1920,0.004880706166049023,1.054232531866589,0.0,0.1,1012.3366295344798,298.7586854855564,0.0,1.0,0.0,0.0,2.0
1921,0.0028334261314481076,0.6120200443927912,0.0,0.1,1012.419637845496,303.44405982416316,0.0,1.0,0.0,0.0,2.0
1922,0.0013857362554082874,0.2993190311681901,0.0,0.1,1013.8481410363676,309.5882972222126,0.0,1.0,0.0,0.0,2.0
1923,0.00469688906683474,1.0145280384363038,0.0,0.1,1014.0139037250102,313.37327197279944,0.0,1.0,0.0,0.0,2.0
1924,0.0022896708987623217,0.49456891413266146,0.0,0.1,1017.2052243210654,325.3370936645283,0.0,1.0,0.0,0.0,2.0
1925,0.0017113726022054097,0.36965648207636853,0.0,0.1,1021.5763307541437,337.65794679323176,0.0,1.0,0.0,0.0,2.0
1926,0.0011756850200641297,0.253947964333852,0.0,0.1,1024.6977489049123,343.2340770356029,0.0,1.0,0.0,0.0,2.0
1927,0.001675132997034047,0.3618287273593542,0.0,0.1,1024.803531736615,344.8029324475383,0.0,1.0,0.0,0.0,2.0
1928,0.0009552177584806153,0.20632703583181292,0.0,0.1,1027.544062333147,347.63372220044477,0.0,1.0,0.0,0.0,2.0
1929,0.001991300792908911,0.43012097126832477,0.0,0.1,1036.272622166563,350.65278368075815,0.0,1.0,0.0,0.0,2.0
1930,0.000819926012866995,0.17710401877927093,0.0,0.1,1043.4918724457787,354.3580828767064,0.0,1.0,0.0,0.0,2.0
1931,0.0006412072481690322,0.13850076560451097,0.0,0.1,1046.4287487387192,355.8432822076007,0.0,1.0,0.0,0.0,2.0
1932,0.0011516232082034706,0.24875061297194967,0.0,0.1,1051.009991708916,358.61950814753504,0.0,1.0,0.0,0.0,2.0
1933,0.0006159987092295417,0.13305572119358103,0.0,0.1,1056.208950367635,361.0394171950422,0.0,1.0,0.0,0.0,2.0
1934,0.000880402676931938,0.1901669782172986,0.0,0.1,1064.0304587157225,362.97050733803883,0.0,1.0,0.0,0.0,2.0
1935,0.001733224598697197,0.37437651331859456,0.0,0.1,,,0.0,1.0,,,2.0
1936,0.0010494855571845912,0.22668888035187168,0.0,0.1,,,0.0,1.0,,,2.0
1937,0.0024520902431384283,0.5296514925179006,0.0,0.1,,,0.0,1.0,,,2.0
1938,0.0013814679583525617,0.29839707900415335,0.0,0.1,1115.504639043454,390.9757450678148,0.0,1.0,0.0,0.0,2.0
1939,0.0017496400182817526,0.3779222439488586,0.0,0.1,,,0.0,1.0,,,2.0
1940,0.0018110480825044599,0.3911863858209633,0.0,0.1,1126.7898259226076,399.3742118892781,0.0,1.0,0.0,0.0,2.0
1941,0.0012776409467414012,0.27597044449614266,0.0,0.1,1127.2228142975823,403.9962382307663,0.0,1.0,0.0,0.0,2.0
1942,0.002387131219581294,0.5156203434295595,0.0,0.1,1135.1592455877199,412.12051120590803,0.0,1.0,0.0,0.0,2.0
1943,0.0012489051964538883,0.2697635224340399,0.0,0.1,1135.288708780727,415.53946078625967,0.0,1.0,0.0,0.0,2.0
1944,0.0009549541112726949,0.2062700880349021,0.0,0.1,1137.0513001526544,417.9050708136372,0.0,1.0,0.0,0.0,2.0
1945,0.0019177640415154378,0.41423703296733455,0.0,0.1,1138.085768466287,418.53368243382056,0.0,1.0,0.0,0.0,2.0
1946,0.001854749061566086,0.4006257972982746,0.0,0.1,,,0.0,1.0,,,2.0
1947,,,,0.1,,,0.0,1.0,,,2.0
1948,,,,0.1,1150.50590350462,428.65762744495873,,,0.0,0.0,2.0
1949,0.0007217092753338989,0.15588920347212215,0.0,0.1,,,0.0,1.0,,,2.0
1950,0.0015032668171460735,0.3247056325035519,0.0,0.1,,,0.0,1.0,,,2.0
1951,0.0007368091339836458,0.1591507729404675,0.0,0.1,,,0.0,1.0,,,2.0
1952,0.001174076520964493,0.2536005285283305,0.0,0.1,,,0.0,1.0,,,2.0
1953,0.001263435411676502,0.27290204892212444,0.0,0.1,,,0.0,1.0,,,2.0
1954,0.0011212804533434612,0.2421965779221876,0.0,0.1,,,0.0,1.0,,,2.0
1955,0.00046911397257123704,0.1013286180753872,0.0,0.1,1156.884497187952,438.1485966282118,0.0,1.0,0.0,0.0,2.0
1956,,,,0.1,1152.9483292519255,436.2660857267706,0.0,1.0,0.0,0.0,2.0
1957,,,,0.1,1153.167032383563,439.3058333410376,,,0.0,0.0,2.0
1958,,,,0.1,,,,,,,2.0
1959,0.0023249646790217443,0.5021923706686967,0.0,0.1,1153.2193905618801,456.225359159013,0.0,1.0,0.0,0.0,2.0
1960,0.0012721195341605625,0.2747778193786815,0.0,0.1,1155.6141080536206,460.7273931702518,0.0,1.0,0.0,0.0,2.0
1961,0.0014382126202494407,0.3106539259738792,0.0,0.1,1158.09676247012,466.2382499246897,0.0,1.0,0.0,0.0,2.0
1962,0.001298078035106044,0.2803848555829055,0.0,0.1,1164.5462340721892,473.22168848706775,0.0,1.0,0.0,0.0,2.0
1963,0.0011691913106616045,0.25254532310290656,0.0,0.1,1165.4499728688797,476.9019491789364,0.0,1.0,0.0,0.0,2.0
1964,0.0011924208317883275,0.2575628996662787,0.0,0.1,1171.654641419668,483.4768554234047,0.0,1.0,0.0,0.0,2.0
1965,0.0008791513864120416,0.18989669946500098,0.0,0.1,1175.2438904130902,487.00468783913567,0.0,1.0,0.0,0.0,2.0
1966,0.00076033987151926,0.16423341224816018,0.0,0.1,1179.6762901452885,493.6922870204094,0.0,1.0,0.0,0.0,2.0
1967,0.0013227057965179958,0.28570445204788714,0.0,0.1,1180.840858220575,495.7421842371616,0.0,1.0,0.0,0.0,2.0
1968,0.0019896695413699223,0.42976862093590323,0.0,0.1,1185.4658526968758,501.33761391647585,0.0,1.0,0.0,0.0,2.0
1969,0.001415305779841387,0.30570604844573956,0.0,0.1,1192.2353519436122,511.4880482183302,0.0,1.0,0.0,0.0,2.0
1970,0.0009125638734741372,0.19711379667041365,0.0,0.1,1195.2202622122472,514.1246561006666,0.0,1.0,0.0,0.0,2.0
1971,0.0007523831007800431,0.1625147497684893,0.0,0.1,1197.712604654725,518.1848707008487,0.0,1.0,0.0,0.0,2.0
1972,0.001137939316762158,0.24579489242062613,0.0,0.1,1200.2636528273133,521.1441924780817,0.0,1.0,0.0,0.0,2.0
1973,0.00043256788107474346,0.09343466231214459,1.0,0.1,1200.7251266812066,523.790201796267,0.0,1.0,0.0,0.0,2.0
1974,0.00037787472508887235,0.08162094061919643,1.0,0.1,1203.6178194882723,526.8769114666145,0.0,1.0,0.0,0.0,2.0
1975,0.0005550034634237127,0.11988074809952194,0.0,0.1,1203.4304668100965,528.0042942074713,0.0,1.0,0.0,0.0,2.0
1976,0.000907887089797502,0.19610361139626042,0.0,0.1,1200.505618017554,525.2674698565941,0.0,1.0,0.0,0.0,2.0
1977,0.0009999545356293798,0.21599017969594603,0.0,0.1,1205.8297517441342,527.3614198382951,0.0,1.0,0.0,0.0,2.0
1978,0.00044308490084400275,0.0957063385823046,1.0,0.1,1205.1790216888198,528.5001166671167,0.0,1.0,0.0,0.0,2.0
1979,0.000968148219764091,0.20912001546904366,0.0,0.1,1208.8786355066732,532.1572919547057,0.0,1.0,0.0,0.0,2.0
1980,0.00040812896875121055,0.08815585725026148,1.0,0.1,1208.1705545973205,532.0314116243749,0.0,1.0,0.0,0.0,2.0
1981,5.2583552422328606e-05,0.01135804732322298,1.0,0.1,1207.1537851898427,531.3719036738535,0.0,1.0,0.0,0.0,2.0
1982,0.000406139124056926,0.08772605079629602,1.0,0.1,1200.5901243236328,524.1425381836244,0.0,1.0,0.0,0.0,2.0
1983,0.0008378713015526715,0.18098020113537705,0.0,0.1,1199.0765020110325,521.6397718206523,0.0,1.0,0.0,0.0,2.0
1984,0.0005971670778342812,0.12898808881220475,0.0,0.1,1196.5584748649135,516.8169715904097,0.0,1.0,0.0,0.0,2.0
1985,0.0007263073595378724,0.15688238966018045,0.0,0.1,1194.753138268325,514.3295109954416,0.0,1.0,0.0,0.0,2.0
1986,0.0014567393762195964,0.31465570526343284,0.0,0.1,1191.8170668884757,512.0864796019122,0.0,1.0,0.0,0.0,2.0
1987,0.0015298538176600597,0.3304484246145729,0.0,0.1,1187.8544530602742,508.01152532804326,0.0,1.0,0.0,0.0,2.0
1988,0.0019656100828044135,0.42457177788575334,0.0,0.1,1184.4026628907386,503.68300936699484,0.0,1.0,0.0,0.0,2.0
1989,0.0008926695292960552,0.19281661832794794,0.0,0.1,1175.564010272029,493.4399188061259,0.0,1.0,0.0,0.0,2.0
1990,0.0025155148652225216,0.5433512108880647,0.0,0.1,1175.153252758359,490.9021544849817,0.0,1.0,0.0,0.0,2.0
1991,0.0024977896203874947,0.5395225580036989,0.0,0.1,1169.5750060227308,478.93166117307135,0.0,1.0,0.0,0.0,2.0
1992,0.001963011414478315,0.4240104655273161,0.0,0.1,1167.497345057329,473.02998594247987,0.0,1.0,0.0,0.0,2.0
1993,0.0013409345722231814,0.2896418676002072,0.0,0.1,1162.3471857833777,467.51153843204736,0.0,1.0,0.0,0.0,2.0
1994,0.0017779618550730803,0.3840397606957853,0.0,0.1,1159.3459323436539,462.97522481677225,0.0,1.0,0.0,0.0,2.0
1995,0.0017361378078597455,0.375005766497705,0.0,0.1,1155.6904007682156,456.1231628710537,0.0,1.0,0.0,0.0,2.0
1996,0.0012538920697666071,0.27084068706958714,0.0,0.1,1149.4558890230742,447.6903134695771,0.0,1.0,0.0,0.0,2.0
1997,0.0015764567288182563,0.3405146534247434,0.0,0.1,1141.7495080425044,441.3665102583543,0.0,1.0,0.0,0.0,2.0
1998,0.0007909631365797426,0.1708480375012244,0.0,0.1,1134.3677903211278,437.58731464846613,0.0,1.0,0.0,0.0,2.0
1999,0.001714619653667767,0.3703578451922377,0.0,0.1,1130.1712117099191,435.04345541112895,0.0,1.0,0.0,0.0,2.0
2000,0.0015680697104999864,0.33870305746799706,0.0,0.1,1127.4005330958455,430.2482938665159,0.0,1.0,0.0,0.0,2.0
2001,0.0014185569968368024,0.30640831131674934,0.0,0.1,1127.5421152564784,418.29795654600366,0.0,1.0,0.0,0.0,2.0
2002,0.0005947737018382453,0.128471119597061,0.0,0.1,1130.6768244269817,413.82685645062327,0.0,1.0,0.0,0.0,2.0
2003,0.0011244872873090272,0.2428892540587499,0.0,0.1,1129.4024979317298,410.783297646125,0.0,1.0,0.0,0.0,2.0
2004,0.0014711835026685854,0.31777563657641444,0.0,0.1,1123.2171251288419,404.0438001598827,0.0,1.0,0.0,0.0,2.0
2005,0.0013975564388991747,0.3018721908022217,0.0,0.1,1113.357689428785,398.1480034912565,0.0,1.0,0.0,0.0,2.0
2006,0.0005842757952678041,0.1262035717778457,0.0,0.1,,,0.0,1.0,,,2.0
2007,0.001989558364452769,0.4297446067217981,0.0,0.1,,,0.0,1.0,,,2.0
2008,0.0025435468605370286,0.5494061218759981,0.0,0.1,,,0.0,1.0,,,2.0
2009,0.0019937373759717756,0.43064727320990354,0.0,0.1,,,0.0,1.0,,,2.0
2010,0.0011487994296170505,0.24814067679728294,0.0,0.1,,,0.0,1.0,,,2.0
2011,0.000876496986744784,0.18932334913687335,0.0,0.1,,,0.0,1.0,,,2.0
2012,0.0007805567103446412,0.16860024943444252,0.0,0.1,,,0.0,1.0,,,2.0
2013,0.0006422401005906917,0.1387238617275894,0.0,0.1,,,0.0,1.0,,,2.0
2014,0.00013957783620488596,0.03014881262025537,1.0,0.1,,,0.0,1.0,,,2.0
2015,0.0005140160268963451,0.11102746180961055,0.0,0.1,,,0.0,1.0,,,2.0
2016,0.001210512730591032,0.26147074980766294,0.0,0.1,,,0.0,1.0,,,2.0
2017,0.00017810859801152784,0.03847145717049001,1.0,0.1,,,0.0,1.0,,,2.0
2018,0.0007429218516385362,0.16047111995392382,0.0,0.1,,,0.0,1.0,,,2.0
2019,0.0009348257841185716,0.20192236936961147,0.0,0.1,,,0.0,1.0,,,2.0
2020,0.00048540877408710344,0.10484829520281436,0.0,0.1,,,0.0,1.0,,,2.0
2021,0.0010181312625825857,0.21991635271783852,0.0,0.1,,,0.0,1.0,,,2.0
2022,0.0018824161510888242,0.40660188863518604,0.0,0.1,1067.9624183407323,379.46808807609847,0.0,1.0,0.0,0.0,2.0
2023,0.0008186766888582368,0.17683416479337916,0.0,0.1,1050.7649693376504,375.6800355301635,0.0,1.0,0.0,0.0,2.0
2024,0.0016531963279878556,0.35709040684537685,0.0,0.1,1036.4667784388334,371.86323507439647,0.0,1.0,0.0,0.0,2.0
2025,0.00024968044452160123,0.05393097601666587,1.0,0.1,1023.2353858966661,368.80902076128905,0.0,1.0,0.0,0.0,2.0
2026,0.00019488647377192498,0.04209547833473579,1.0,0.1,1015.3568787755213,365.6265873539378,0.0,1.0,0.0,0.0,2.0
2027,0.00029280412988040284,0.06324569205416701,1.0,0.1,1005.1288037441637,361.4824699209284,0.0,1.0,0.0,0.0,2.0
2028,0.0005300266137304501,0.11448574856577723,0.0,0.1,994.1513776507193,359.1977281420549,0.0,1.0,0.0,0.0,2.0
2029,0.00028043760228729233,0.06057452209405514,1.0,0.1,990.6830470901111,359.62925226784,0.0,1.0,0.0,0.0,2.0
2030,0.00032110730673508167,0.06935917825477764,1.0,0.1,987.05489922546,359.04501857775773,0.0,1.0,0.0,0.0,2.0
2031,0.0004983570903992905,0.10764513152624676,0.0,0.1,982.7864305807342,358.80322505505893,0.0,1.0,0.0,0.0,2.0
2032,0.0005369853066861703,0.11598882624421279,0.0,0.1,976.9303906156625,360.6346730311944,0.0,1.0,0.0,0.0,2.0
2033,0.00041923252567653763,0.09055422554613214,1.0,0.1,971.8111289452115,363.63702952863747,0.0,1.0,0.0,0.0,2.0
2034,0.0006117728072032548,0.13214292635590302,0.0,0.1,969.7122710665896,365.0495174317056,0.0,1.0,0.0,0.0,2.0
2035,0.0007594643510624782,0.16404429982949528,0.0,0.1,970.5376193021001,365.6052189568168,0.0,1.0,0.0,0.0,2.0
2036,0.00027926942366735577,0.060322195512148846,1.0,0.1,974.0145613325097,364.2564037710414,0.0,1.0,0.0,0.0,2.0
2037,0.0011655729038320373,0.2517637472277201,0.0,0.1,979.543449781706,362.49842332024866,0.0,1.0,0.0,0.0,2.0
2038,0.0003706916273088657,0.08006939149871499,1.0,0.1,987.6330602371241,361.7392893745947,0.0,1.0,0.0,0.0,2.0
2039,0.0013995147962362893,0.30229519598703847,0.0,0.1,990.9507266713606,360.588348553349,0.0,1.0,0.0,0.0,2.0
2040,0.0012582850096148682,0.27178956207681154,0.0,0.1,995.4520610188914,356.54734735279146,0.0,1.0,0.0,0.0,2.0
2041,0.0008207991290677535,0.17729261187863476,0.0,0.1,1000.236718296392,352.9791868881912,0.0,1.0,0.0,0.0,2.0
2042,0.0010053859944631764,0.21716337480404613,0.0,0.1,1005.1952303766137,350.84544040153975,0.0,1.0,0.0,0.0,2.0
2043,0.0006762603541380207,0.14607223649381249,0.0,0.1,1004.0583958637731,349.0637621890962,0.0,1.0,0.0,0.0,2.0
2044,0.0014958391149072694,0.32310124881997015,0.0,0.1,1004.1926814956562,347.1506356464777,0.0,1.0,0.0,0.0,2.0
2045,0.0007384524539434743,0.15950573005179047,0.0,0.1,1003.9378630791325,339.4806297866605,0.0,1.0,0.0,0.0,2.0
2046,0.0003199968089494317,0.06911931073307724,1.0,0.1,1002.7724595661113,336.92966497184005,0.0,1.0,0.0,0.0,2.0
2047,0.0018025603266543248,0.38935303055733417,0.0,0.1,1005.3164275583422,335.18462413955024,0.0,1.0,0.0,0.0,2.0
2048,0.001127800518181847,0.24360491192727898,0.0,0.1,1002.0511297044352,332.42886158878184,0.0,1.0,0.0,0.0,2.0
2049,0.0005034437381914078,0.10874384744934408,0.0,0.1,1003.0122002056077,332.7641554287247,0.0,1.0,0.0,0.0,2.0
2050,0.0010985425899324953,0.23728519942541898,0.0,0.1,1003.0590539952688,330.42611365748655,0.0,1.0,0.0,0.0,2.0
2051,0.0003232878597152447,0.06983017769849285,1.0,0.1,1002.0116047015648,330.54653650835394,0.0,1.0,0.0,0.0,2.0
2052,0.0002845306845771447,0.06145862786866326,1.0,0.1,1002.3156214481647,331.0995475960167,0.0,1.0,0.0,0.0,2.0
2053,0.00010512018396762802,0.022705959737007654,1.0,0.1,1002.2309118674747,331.8034864521057,0.0,1.0,0.0,0.0,2.0
2054,0.00046104846328258724,0.09958646806903884,1.0,0.1,1002.9446959173899,334.77350670193266,0.0,1.0,0.0,0.0,2.0
2055,0.000510492473045737,0.1102663741778792,0.0,0.1,1004.8017619066713,339.39468993454193,0.0,1.0,0.0,0.0,2.0
2056,0.00024129859922617888,0.05212049743285464,1.0,0.1,1005.0692018436476,343.52648831697,0.0,1.0,0.0,0.0,2.0
2057,0.0003083442575688424,0.06660235963486996,1.0,0.1,1009.8301587131261,349.3683058063748,0.0,1.0,0.0,0.0,2.0
2058,0.0003706673572518684,0.08006414916640357,1.0,0.1,1011.6818027023164,351.7531553018008,0.0,1.0,0.0,0.0,2.0
2059,0.0001359856130606134,0.029372892421092495,1.0,0.1,1012.4298658711486,354.26620623180474,0.0,1.0,0.0,0.0,2.0
2060,0.0007421807849169865,0.1603110495420691,0.0,0.1,1009.9770758486577,355.0088201669004,0.0,1.0,0.0,0.0,2.0
2061,0.00033554874136537514,0.07247852813492103,1.0,0.1,1010.3973210381532,357.2218766381814,0.0,1.0,0.0,0.0,2.0
2062,0.0013665486559152657,0.29517450967769737,0.0,0.1,1012.5065610286072,361.12730299696784,0.0,1.0,0.0,0.0,2.0
2063,0.0008662920218542818,0.18711907672052489,0.0,0.1,1009.1607209748005,365.2702858143834,0.0,1.0,0.0,0.0,2.0
2064,0.0001981279342518564,0.042795633798400984,1.0,0.1,997.4705374589165,362.3083157375741,0.0,1.0,0.0,0.0,2.0
2065,0.0006754390505311649,0.14589483491473162,0.0,0.1,985.7174185909424,356.82283737976536,0.0,1.0,0.0,0.0,2.0
2066,0.0005267711424494113,0.11378256676907283,0.0,0.1,979.3282238912245,355.48366807814455,0.0,1.0,0.0,0.0,2.0
2067,0.0004765077868954531,0.10292568196941786,0.0,0.1,966.953384655539,354.8692343992966,0.0,1.0,0.0,0.0,2.0
2068,0.0006667289373801836,0.14401345047411965,0.0,0.1,954.787338375898,354.33495103764244,0.0,1.0,0.0,0.0,2.0
2069,0.0002798557341110842,0.060448838567994184,1.0,0.1,943.9526393671301,352.14687350926044,0.0,1.0,0.0,0.0,2.0
2070,0.00027277538160989863,0.05891948242773811,1.0,0.1,930.2182568659898,347.20491607216684,0.0,1.0,0.0,0.0,2.0
2071,0.0004611155621431943,0.09960096142292997,1.0,0.1,925.2993090756801,343.71325001348913,0.0,1.0,0.0,0.0,2.0
2072,0.0005127468576818723,0.11075332125928442,0.0,0.1,910.3135677609171,332.791573760622,0.0,1.0,0.0,0.0,2.0
2073,0.00022275749214903297,0.04811561830419112,1.0,0.1,902.7282018726858,327.39967445041947,0.0,1.0,0.0,0.0,2.0
2074,0.0002483836791170247,0.05365087468927733,1.0,0.1,894.0836954718533,326.97401906859636,0.0,1.0,0.0,0.0,2.0
2075,0.0004496437536612652,0.09712305079083329,1.0,0.1,891.9839251600063,326.852204874535,0.0,1.0,0.0,0.0,2.0
2076,0.00017946925988223693,0.03876536013456318,1.0,0.1,888.1884307978085,328.76371502469914,0.0,1.0,0.0,0.0,2.0
2077,0.0004527990475700647,0.09780459427513398,1.0,0.1,886.653186913743,330.2818020201257,0.0,1.0,0.0,0.0,2.0
2078,0.00019903306002219128,0.04299114096479332,1.0,0.1,883.1904571104718,327.15800163331386,0.0,1.0,0.0,0.0,2.0
2079,0.00014836455057313204,0.03204674292379652,1.0,0.1,875.9711054606149,322.35148585232093,0.0,1.0,0.0,0.0,2.0
2080,6.645267719520491e-05,0.01435377827416426,1.0,0.1,873.0303302474341,323.23587649324384,0.0,1.0,0.0,0.0,2.0
2081,0.0005837684636569347,0.12609398814989792,0.0,0.1,872.3886106430379,326.3878716924971,0.0,1.0,0.0,0.0,2.0
2082,0.0002241623885038293,0.048419075916827134,1.0,0.1,868.8092154557244,326.5427027155248,0.0,1.0,0.0,0.0,2.0
2083,0.0002318875109361882,0.05008770236221665,1.0,0.1,867.8383798848445,325.55704592623385,0.0,1.0,0.0,0.0,2.0
2084,0.00016475636570684727,0.035587374992679006,1.0,0.1,867.2605755750382,325.6978747371548,0.0,1.0,0.0,0.0,2.0
2085,4.002607791010195e-05,0.008645632828582023,1.0,0.1,867.9687939986969,325.433915327851,0.0,1.0,0.0,0.0,2.0
2086,0.00014464312108653242,0.031242914154691,1.0,0.1,864.7636844935315,326.8905072362949,0.0,1.0,0.0,0.0,2.0
2087,0.00039257158688709337,0.08479546276761217,1.0,0.1,862.2013657918732,327.00039716734034,0.0,1.0,0.0,0.0,2.0
2088,4.876797132965002e-05,0.010533881807204406,1.0,0.1,861.9756418526986,326.53719784930524,0.0,1.0,0.0,0.0,2.0
2089,0.00011564320508070888,0.02497893229743312,1.0,0.1,861.8777516671838,325.7560318703696,0.0,1.0,0.0,0.0,2.0
2090,0.00039925474355289887,0.08623902460742616,1.0,0.1,856.7186799316445,320.0563161148263,0.0,1.0,0.0,0.0,2.0
2091,0.0004515915817738091,0.09754378166314276,1.0,0.1,848.6189092340924,311.7460372399968,0.0,1.0,0.0,0.0,2.0
2092,0.0002156838566810332,0.04658771304310317,1.0,0.1,838.1766451704214,303.0735132766083,0.0,1.0,0.0,0.0,2.0
2093,0.0010176236333984262,0.21980670481406006,0.0,0.1,833.5012007288134,300.35312130997704,0.0,1.0,0.0,0.0,2.0
2094,0.0005540767413405285,0.11968057612955417,0.0,0.1,825.1915058808079,295.6763528263243,0.0,1.0,0.0,0.0,2.0
2095,0.001420650279943978,0.3068604604678993,0.0,0.1,820.4777333377956,294.1840521143141,0.0,1.0,0.0,0.0,2.0
2096,0.0011667337276914328,0.2520144851813495,0.0,0.1,813.1644494316064,290.46914372533536,0.0,1.0,0.0,0.0,2.0
2097,0.000459199932964256,0.0991871855202793,1.0,0.1,803.7471666358539,282.7032712286602,0.0,1.0,0.0,0.0,2.0
2098,0.0008917990381369792,0.19262859223758752,0.0,0.1,797.56389601876,280.4086560217965,0.0,1.0,0.0,0.0,2.0
2099,0.0009599206605379213,0.207342862676191,0.0,0.1,788.9896677520567,281.15221516966324,0.0,1.0,0.0,0.0,2.0
2100,0.0018017968036131912,0.3891881095804493,0.0,0.1,781.4839856709796,283.181669566678,0.0,1.0,0.0,0.0,2.0
2101,0.0005023769229107616,0.10851341534872451,0.0,0.1,774.3791125895417,281.5854106000169,0.0,1.0,0.0,0.0,2.0
2102,0.0013257135402197225,0.2863541246874601,0.0,0.1,771.9109657825769,281.20828390479664,0.0,1.0,0.0,0.0,2.0
2103,0.0022741043588099716,0.49120654150295384,0.0,0.1,765.279522554417,281.6346061976618,0.0,1.0,0.0,0.0,2.0
2104,0.0010632139912813423,0.22965422211676995,0.0,0.1,757.2869080217279,282.965009515956,0.0,1.0,0.0,0.0,2.0
2105,0.001993940640984757,0.43069117845270755,0.0,0.1,750.9003013474719,284.8266101464522,0.0,1.0,0.0,0.0,2.0
2106,0.0009213112664801314,0.1990032335597084,0.0,0.1,742.7803063187034,286.4665782738889,0.0,1.0,0.0,0.0,2.0
2107,0.0023327075790057347,0.5038648370652387,0.0,0.1,740.2242576880441,287.4847808196561,0.0,1.0,0.0,0.0,2.0
2108,0.001495293698981008,0.3229834389798978,0.0,0.1,736.281293496289,289.6678346138662,0.0,1.0,0.0,0.0,2.0
2109,0.0017205474851229923,0.37163825678656637,0.0,0.1,727.491359397133,292.42196466678064,0.0,1.0,0.0,0.0,2.0
2110,0.0024040040969117754,0.5192648849329434,0.0,0.1,722.591602306485,295.04374668020273,0.0,1.0,0.0,0.0,2.0
2111,0.0008248860024889075,0.178175376537604,0.0,0.1,718.1557281741033,297.2308089029342,0.0,1.0,0.0,0.0,2.0
2112,0.0018392820610356605,0.3972849251837027,0.0,0.1,715.890871573842,298.1168364201163,0.0,1.0,0.0,0.0,2.0
2113,0.0016763899967666227,0.3621002393015905,0.0,0.1,709.4669513138153,300.02757316424857,0.0,1.0,0.0,0.0,2.0
2114,0.000756753887542608,0.16345883970920333,0.0,0.1,708.666307488031,304.3144271587736,0.0,1.0,0.0,0.0,2.0
2115,0.0006618245317077979,0.14295409884888435,0.0,0.1,706.4207532178915,308.11125644971054,0.0,1.0,0.0,0.0,2.0
2116,0.0021173320948667885,0.45734373249122634,0.0,0.1,702.9085942628125,311.10423011184037,0.0,1.0,0.0,0.0,2.0
2117,0.0016016140831436863,0.34594864195903624,0.0,0.1,695.0691137596247,316.13962276688073,0.0,1.0,0.0,0.0,2.0
2118,0.000492949912556008,0.10647718111209774,0.0,0.1,691.843733777155,319.3209307221312,0.0,1.0,0.0,0.0,2.0
2119,0.000770411471903054,0.16640887793105968,0.0,0.1,692.8460237933867,317.88658054588666,0.0,1.0,0.0,0.0,2.0
2120,0.001271075789057609,0.27455237043644354,0.0,0.1,694.5171564970202,317.5001518002341,0.0,1.0,0.0,0.0,2.0
2121,0.0003255293637183659,0.07031434256316703,1.0,0.1,695.3748431309208,317.33203605964144,0.0,1.0,0.0,0.0,2.0
2122,0.0006532268233553244,0.14109699384475005,0.0,0.1,694.1932007801292,316.8513070561962,0.0,1.0,0.0,0.0,2.0
2123,0.0008432222771165932,0.18213601185718412,0.0,0.1,693.4160042348709,316.7805555589993,0.0,1.0,0.0,0.0,2.0
2124,0.0005496728293945258,0.11872933114921756,0.0,0.1,692.0585963551812,315.6598127867915,0.0,1.0,0.0,0.0,2.0
2125,0.0007743683087429249,0.1672635546884718,0.0,0.1,691.9541759999635,315.6524708008504,0.0,1.0,0.0,0.0,2.0
2126,0.00036771494553918704,0.07942642823646441,1.0,0.1,689.7746071669231,316.8412032539595,0.0,1.0,0.0,0.0,2.0
2127,0.0008273145986817986,0.1786999533152685,0.0,0.1,686.9517912846316,318.25490883701866,0.0,1.0,0.0,0.0,2.0
2128,0.001105812789647805,0.2388555625639259,0.0,0.1,683.0317751787039,320.49089243293156,0.0,1.0,0.0,0.0,2.0
2129,0.0007801484859709214,0.16851207296971904,0.0,0.1,675.8230000350501,326.0282562059367,0.0,1.0,0.0,0.0,2.0
2130,0.001852219443895309,0.40007939988138674,0.0,0.1,672.9471739193306,330.8482907461013,0.0,1.0,0.0,0.0,2.0
2131,0.002131402822213305,0.46038300959807393,0.0,0.1,665.1662957789478,338.3042310707249,0.0,1.0,0.0,0.0,2.0
2132,0.002221698640153831,0.47988690627322744,0.0,0.1,658.0194783795439,347.3666237346422,0.0,1.0,0.0,0.0,2.0
2133,0.0010697618420209497,0.23106855787652517,0.0,0.1,648.7847985436609,357.3970851083767,0.0,1.0,0.0,0.0,2.0
2134,0.0024368073862404867,0.5263503954279452,0.0,0.1,643.5257281138652,363.50518290002236,0.0,1.0,0.0,0.0,2.0
2135,0.002388438599358779,0.5159027374614963,0.0,0.1,632.3625215008773,375.81853913718567,0.0,1.0,0.0,0.0,2.0
2136,0.0035242109231910113,0.7612295594092585,0.0,0.1,625.8911553326059,385.3561980473217,0.0,1.0,0.0,0.0,2.0
2137,0.0016240481082434375,0.3507943913805825,0.0,0.1,617.5862637961833,393.2926283428986,0.0,1.0,0.0,0.0,2.0
2138,0.0035428444487246745,0.7652544009245298,0.0,0.1,614.7139431295277,396.4949501295276,0.0,1.0,0.0,0.0,2.0
2139,0.0025249469435926464,0.5453885398160117,0.0,0.1,604.3329017159275,406.0289442676145,0.0,1.0,0.0,0.0,2.0
2140,0.00226310663136502,0.48883103237484443,0.0,0.1,593.4478780186151,416.7750144583604,0.0,1.0,0.0,0.0,2.0
2141,0.002195326634635456,0.4741905530812586,0.0,0.1,584.0312027371186,424.2718854197772,0.0,1.0,0.0,0.0,2.0
2142,0.0007997161537197859,0.17273868920347377,0.0,0.1,577.5813061968569,429.5524213648184,0.0,1.0,0.0,0.0,2.0
2143,0.0020278884052189906,0.438023895527302,0.0,0.1,575.4868265298595,431.7927296604809,0.0,1.0,0.0,0.0,2.0
2144,0.0016494124934569934,0.3562730985867106,0.0,0.1,572.8143071608774,434.7402584667336,0.0,1.0,0.0,0.0,2.0
2145,0.002021120593061823,0.4365620481013538,0.0,0.1,568.4961828385538,438.7796790011523,0.0,1.0,0.0,0.0,2.0
2146,0.001026322308624108,0.2216856186628073,0.0,0.1,561.9113625539362,444.7387969208656,0.0,1.0,0.0,0.0,2.0
2147,0.0012542824355145988,0.27092500607115333,0.0,0.1,560.6771853480813,446.191649052117,0.0,1.0,0.0,0.0,2.0
2148,0.0011157205479700718,0.2409956383615355,0.0,0.1,559.2988080546713,448.19489094505445,0.0,1.0,0.0,0.0,2.0
2149,0.0016661521517178316,0.35988886477105164,0.0,0.1,554.3657004149989,451.354330256495,0.0,1.0,0.0,0.0,2.0
2150,0.0020869091798444506,0.45077238284640136,0.0,0.1,547.5893666095062,459.25797413811136,0.0,1.0,0.0,0.0,2.0
2151,0.0009845561242298752,0.21266412283365305,0.0,0.1,541.1413929955739,465.9555699642735,0.0,1.0,0.0,0.0,2.0
2152,0.0020891245672374154,0.45125090652328176,0.0,0.1,537.7957692692588,470.30972939630846,0.0,1.0,0.0,0.0,2.0
2153,0.0018027411062065102,0.38939207894060623,0.0,0.1,534.3799127912005,475.00447865131514,0.0,1.0,0.0,0.0,2.0
2154,0.0018465969358693293,0.3988649381477751,0.0,0.1,529.99255459636,484.21793430146727,0.0,1.0,0.0,0.0,2.0
2155,0.0018631064312067973,0.4024309891406682,0.0,0.1,527.3348150367943,491.9589466316478,0.0,1.0,0.0,0.0,2.0
2156,0.0015180401357166335,0.32789666931479283,0.0,0.1,521.7996005195719,498.9543567507636,0.0,1.0,0.0,0.0,2.0
2157,0.0017864561525850736,0.3858745289583759,0.0,0.1,520.4961998790493,501.06957043520435,0.0,1.0,0.0,0.0,2.0
2158,0.0033761320930615762,0.7292445321013005,0.0,0.1,517.2728901181528,510.43766430319107,0.0,1.0,0.0,0.0,2.0
2159,0.001876092931889428,0.40523607328811645,0.0,0.1,513.8855517028603,517.5266711165107,0.0,1.0,0.0,0.0,2.0
2160,0.0011140232870216042,0.24062902999666652,0.0,0.1,513.2331723756505,522.009746334141,0.0,1.0,0.0,0.0,2.0
2161,0.0019224040761284683,0.4152392804437492,0.0,0.1,513.0253068424522,525.7705535079075,0.0,1.0,0.0,0.0,2.0
2162,0.0022450860186251985,0.48493858002304285,0.0,0.1,508.78061558027144,533.7826636516742,0.0,1.0,0.0,0.0,2.0
2163,0.0030851344756108482,0.6663890467319433,0.0,0.1,500.34781141853284,543.298945134215,0.0,1.0,0.0,0.0,2.0
2164,0.002474358079167901,0.5344613451002665,0.0,0.1,494.1887619045381,551.0924268660954,0.0,1.0,0.0,0.0,2.0
2165,0.0011575402771033343,0.2500286998543202,0.0,0.1,486.91335740171104,557.962842373912,0.0,1.0,0.0,0.0,2.0
2166,0.002519710259076299,0.5442574159604807,0.0,0.1,484.52331410613516,559.9503212980708,0.0,1.0,0.0,0.0,2.0
2167,0.002873239389699779,0.6206197081751523,0.0,0.1,476.6462133078628,568.3003607642518,0.0,1.0,0.0,0.0,2.0
2168,0.00201672802647246,0.4356132537180514,0.0,0.1,471.79835570508175,576.4335026560713,0.0,1.0,0.0,0.0,2.0
2169,0.002034111985225257,0.4393681888086556,0.0,0.1,468.6455972387614,581.5061025046533,0.0,1.0,0.0,0.0,2.0
2170,0.0018559604102810806,0.4008874486207134,0.0,0.1,468.27328026726633,583.3133272473607,0.0,1.0,0.0,0.0,2.0
2171,0.002914937933390796,0.6296265936124119,0.0,0.1,464.2032529453479,584.7301680034955,0.0,1.0,0.0,0.0,2.0
2172,0.0012196599312299485,0.2634465451456689,0.0,0.1,463.22320642392,586.1297091618231,0.0,1.0,0.0,0.0,2.0
2173,0.0003811548064433334,0.08232943819176002,1.0,0.1,458.49324658597175,589.6889679224439,0.0,1.0,0.0,0.0,2.0
2174,0.0005905861217273561,0.12756660229310893,0.0,0.1,457.1506955620012,590.107211208377,0.0,1.0,0.0,0.0,2.0
2175,0.0007414399977674725,0.16015103951777404,0.0,0.1,457.621031925519,588.9927962043853,0.0,1.0,0.0,0.0,2.0
2176,0.0012361425096374318,0.26700678208168527,0.0,0.1,463.05665697538655,585.1571864444825,0.0,1.0,0.0,0.0,2.0
2177,0.0008158599967166253,0.17622575929079107,0.0,0.1,475.0362701357511,584.5674976323579,0.0,1.0,0.0,0.0,2.0
2178,0.00021554728053491983,0.04655821259554268,1.0,0.1,483.6835457486432,583.1823137114404,0.0,1.0,0.0,0.0,2.0
2179,0.0005014773315045349,0.10831910360497955,0.0,0.1,487.40731837940865,585.5388648342289,0.0,1.0,0.0,0.0,2.0
2180,0.00032381337385195026,0.06994368875202125,1.0,0.1,491.36364386594835,587.6241124722791,0.0,1.0,0.0,0.0,2.0
2181,0.00027956199647615984,0.060385391238850526,1.0,0.1,495.1470968429408,588.7362452824502,0.0,1.0,0.0,0.0,2.0
2182,0.0008585944209010235,0.1854563949146211,0.0,0.1,495.7107347860074,590.9683428560289,0.0,1.0,0.0,0.0,2.0
2183,0.0008828586455608278,0.19069746744113883,0.0,0.1,494.15603208361034,594.9921162021404,0.0,1.0,0.0,0.0,2.0
2184,0.0005950102920149784,0.12852222307523534,0.0,0.1,494.65356180362033,597.0796005350434,0.0,1.0,0.0,0.0,2.0
2185,0.0004926266902554079,0.1064073650951681,0.0,0.1,496.79112354395454,597.752904286563,0.0,1.0,0.0,0.0,2.0
2186,0.0009170713313572752,0.19808740757317145,0.0,0.1,495.26504052624165,598.4516361898636,0.0,1.0,0.0,0.0,2.0
2187,9.170155918175188e-05,0.019807536783258407,1.0,0.1,494.44713966582964,597.5071846498405,0.0,1.0,0.0,0.0,2.0
2188,0.0003604257364130777,0.0778519590652248,1.0,0.1,495.47794273429884,597.9624549160728,0.0,1.0,0.0,0.0,2.0
2189,0.00013517483352993697,0.029197764042466386,1.0,0.1,498.4183462447584,596.446205906727,0.0,1.0,0.0,0.0,2.0
2190,0.00092583416233721,0.19998017906483737,0.0,0.1,498.8108007084929,596.602227838371,0.0,1.0,0.0,0.0,2.0
2191,0.0002817565066982208,0.060859405446815694,1.0,0.1,497.6125003794474,596.4748320032396,0.0,1.0,0.0,0.0,2.0
2192,0.0008500541891173623,0.18361170484935027,0.0,0.1,497.6512494251439,595.0883654539394,0.0,1.0,0.0,0.0,2.0
2193,0.0008571983852906904,0.18515485122278913,0.0,0.1,497.45603099622207,594.4262535003306,0.0,1.0,0.0,0.0,2.0
2194,0.0014759428191805156,0.31880364894299135,0.0,0.1,499.5287899194691,593.1599836085553,0.0,1.0,0.0,0.0,2.0
2195,0.0012401629818782713,0.2678752040857066,0.0,0.1,500.06003541441726,590.5772335509226,0.0,1.0,0.0,0.0,2.0
2196,0.0009800074172685842,0.2116816021300142,0.0,0.1,501.46515377464107,591.6701526381834,0.0,1.0,0.0,0.0,2.0
2197,0.0009232300999892558,0.19941770159767927,0.0,0.1,502.0352185587637,591.8085631310566,0.0,1.0,0.0,0.0,2.0
2198,0.0018467371498976897,0.398895224377901,0.0,0.1,503.05604371417246,589.5490842891722,0.0,1.0,0.0,0.0,2.0
2199,0.0002349830607015583,0.050756341111536596,1.0,0.1,506.36440885794195,585.721566553599,0.0,1.0,0.0,0.0,2.0
2200,8.778923062479882e-05,0.018962473814956547,1.0,0.1,508.9370059751236,580.540652373093,0.0,1.0,0.0,0.0,2.0
2201,0.0008973971842188908,0.1938377917912804,0.0,0.1,507.5588635353537,576.7166481098618,0.0,1.0,0.0,0.0,2.0
2202,0.0014743277118016492,0.3184547857491562,0.0,0.1,505.5496225541076,575.6411673386522,0.0,1.0,0.0,0.0,2.0
2203,0.000829817561010964,0.17924059317836824,0.0,0.1,505.2050616258902,568.8506490104961,0.0,1.0,0.0,0.0,2.0
2204,0.0008526579161454587,0.18417410988741909,0.0,0.1,508.52098732973815,563.7151070841917,0.0,1.0,0.0,0.0,2.0
2205,0.0005856582057113281,0.1265021724336469,0.0,0.1,512.7274663234095,558.5198687405688,0.0,1.0,0.0,0.0,2.0
2206,0.0009272309857925251,0.20028189293118542,0.0,0.1,512.6490532663926,556.6567156518489,0.0,1.0,0.0,0.0,2.0
2207,0.00038513095646562694,0.08318828659657541,1.0,0.1,511.53848673052863,553.5539166173857,0.0,1.0,0.0,0.0,2.0
2208,0.0004671506027499402,0.10090453019398708,0.0,0.1,512.3025883350275,551.2875207346417,0.0,1.0,0.0,0.0,2.0
2209,0.0001993674546626703,0.04306337020713679,1.0,0.1,514.915877170239,548.1508091971948,0.0,1.0,0.0,0.0,2.0
2210,0.0011576065764684785,0.25004302051719135,0.0,0.1,516.1946081039318,549.0140307532879,0.0,1.0,0.0,0.0,2.0
2211,0.0010162170527896158,0.21950288340255703,0.0,0.1,519.0143159186275,544.2370126277369,0.0,1.0,0.0,0.0,2.0
2212,0.0003501908655355534,0.07564122695567954,1.0,0.1,521.3558080689934,539.6414011579857,0.0,1.0,0.0,0.0,2.0
2213,0.00035536286114913433,0.07675837800821302,1.0,0.1,520.4868787635169,537.5764534985252,0.0,1.0,0.0,0.0,2.0
2214,0.00025747571119398316,0.055614753617900366,1.0,0.1,516.7696048388075,535.3793858075979,0.0,1.0,0.0,0.0,2.0
2215,0.00027951301662182534,0.06037481159031427,1.0,0.1,516.7467881319276,535.7534219010773,0.0,1.0,0.0,0.0,2.0
2216,0.000526347919174807,0.11369115054175832,0.0,0.1,514.730676832139,538.9333951310275,0.0,1.0,0.0,0.0,2.0
2217,0.0005462807660327,0.11799664546306318,0.0,0.1,509.0815341522026,540.9078557661685,0.0,1.0,0.0,0.0,2.0
2218,0.00019879479955701044,0.042939676704314256,1.0,0.1,501.5216933783361,542.2886249418248,0.0,1.0,0.0,0.0,2.0
2219,0.00025570836199323194,0.0552330061905381,1.0,0.1,501.78767788570497,540.6520894966102,0.0,1.0,0.0,0.0,2.0
2220,0.0003117134168852935,0.0673300980472234,1.0,0.1,501.76430993596716,540.0441723703173,0.0,1.0,0.0,0.0,2.0
2221,0.0001520959899907766,0.03285273383800775,1.0,0.1,500.57994503524895,536.6499195928674,0.0,1.0,0.0,0.0,2.0
2222,0.00017335563466496504,0.03744481708763245,1.0,0.1,500.58887906296025,535.7588300599789,0.0,1.0,0.0,0.0,2.0
2223,0.00020269038981181377,0.043781124199351776,1.0,0.1,497.8832334502235,534.7602869716643,0.0,1.0,0.0,0.0,2.0
2224,0.0005046327749806915,0.10900067939582936,0.0,0.1,497.0946704106627,534.2497140761357,0.0,1.0,0.0,0.0,2.0
2225,0.0007538637464007094,0.16283456922255324,0.0,0.1,497.6329092741843,533.3275387484771,0.0,1.0,0.0,0.0,2.0
2226,0.001113944650208291,0.24061204444499085,0.0,0.1,498.48728004887425,535.0587140284739,0.0,1.0,0.0,0.0,2.0
2227,0.00022523596202747066,0.04865096779793367,1.0,0.1,498.2807302977961,537.3939596991114,0.0,1.0,0.0,0.0,2.0
2228,0.00019892842144856603,0.04296853903289027,1.0,0.1,498.38906105623533,538.0185130940448,0.0,1.0,0.0,0.0,2.0
2229,0.00030757598019395094,0.0664364117218934,1.0,0.1,497.901565315067,539.9316428195876,0.0,1.0,0.0,0.0,2.0
2230,0.0005391138234799533,0.11644858587166991,0.0,0.1,498.6642740585068,538.7760087364672,0.0,1.0,0.0,0.0,2.0
2231,0.00045907729104699755,0.09916069486615146,1.0,0.1,500.78222819804455,541.5722304839755,0.0,1.0,0.0,0.0,2.0
2232,0.00016730697563000318,0.036138306736080685,1.0,0.1,505.8655884684024,540.9306819282829,0.0,1.0,0.0,0.0,2.0
2233,0.00022256636550417605,0.04807433494890203,1.0,0.1,506.0895457711742,540.3734717381939,0.0,1.0,0.0,0.0,2.0
2234,0.00016570316983218532,0.03579188468375203,1.0,0.1,509.2757908818864,541.4360315892536,0.0,1.0,0.0,0.0,2.0
2235,0.0004084087214504657,0.08821628383330059,1.0,0.1,511.96179311346714,539.7759433405125,0.0,1.0,0.0,0.0,2.0
2236,0.00017856332327275187,0.0385696778269144,1.0,0.1,515.342645133275,536.777650235444,0.0,1.0,0.0,0.0,2.0
2237,0.00047751073367594763,0.1031423184740047,0.0,0.1,518.0737691863682,537.6981817274412,0.0,1.0,0.0,0.0,2.0
2238,0.00030283647692249717,0.06541267901525939,1.0,0.1,525.6734514779182,532.1295867898768,0.0,1.0,0.0,0.0,2.0
2239,0.00033742073794668033,0.07288287939648296,1.0,0.1,527.739738639894,529.2139594176771,0.0,1.0,0.0,0.0,2.0
2240,6.071568553180564e-05,0.01311458807487002,1.0,0.1,530.2112525958881,526.5951692120962,0.0,1.0,0.0,0.0,2.0
2241,0.0002014413814297185,0.043511338388819196,1.0,0.1,533.2709112503366,525.2533848724888,0.0,1.0,0.0,0.0,2.0
2242,0.0005225270912432658,0.1128658517085454,0.0,0.1,534.1077602205718,526.0245702270183,0.0,1.0,0.0,0.0,2.0
2243,0.0006325246621154086,0.13662532701692826,0.0,0.1,536.756732936701,529.5670039030604,0.0,1.0,0.0,0.0,2.0
2244,0.0001697999967289364,0.03667679929345027,1.0,0.1,537.3278299097102,533.2037589073046,0.0,1.0,0.0,0.0,2.0
2245,0.0002581320695094639,0.0557565270140442,1.0,0.1,537.4204933959625,535.8893907083404,0.0,1.0,0.0,0.0,2.0
2246,0.0002066356856950119,0.044633308110122574,1.0,0.1,538.7555813755408,535.5258478980973,0.0,1.0,0.0,0.0,2.0
2247,0.00039082277009481635,0.08441771834048033,1.0,0.1,539.2037371707518,535.177494142934,0.0,1.0,0.0,0.0,2.0
2248,9.52805588099655e-05,0.02058060070295255,1.0,0.1,539.6088780006406,537.7706476295772,0.0,1.0,0.0,0.0,2.0
2249,0.00025356938424795364,0.05477098699755799,1.0,0.1,541.4727623165687,535.639625872438,0.0,1.0,0.0,0.0,2.0
2250,0.00030266890719057757,0.06537648395316475,1.0,0.1,536.1785793417497,536.8618749300915,0.0,1.0,0.0,0.0,2.0
2251,0.0007257017909956713,0.15675158685506502,0.0,0.1,532.6942586377904,535.1431976387317,0.0,1.0,0.0,0.0,2.0
2252,0.0006475359950436748,0.13986777492943375,0.0,0.1,529.739047568197,533.1584916449884,0.0,1.0,0.0,0.0,2.0
2253,0.0005142629226093748,0.11108079128362496,0.0,0.1,530.6712488519019,530.399154453313,0.0,1.0,0.0,0.0,2.0
2254,,,,0.1,529.0731478560507,526.2268173395815,0.0,1.0,0.0,0.0,2.0
2255,,,,0.1,529.8166492569152,517.4946396059562,,,0.0,0.0,2.0
2256,,,,0.1,530.1581881696856,515.1180669163518,,,0.0,0.0,2.0
2257,,,,0.1,527.8402192288919,511.30299703993626,,,0.0,0.0,2.0
2258,,,,0.1,527.6342105755313,510.1259441047576,,,0.0,0.0,2.0
2259,,,,0.1,525.8468976118913,511.96558641088706,,,0.0,0.0,2.0
2260,,,,0.1,526.8842957174276,512.2812737806602,,,0.0,0.0,2.0
2261,,,,0.1,517.9225428836418,516.568826312121,,,0.0,0.0,2.0
2262,0.0004565674569463803,0.09861857070041814,1.0,0.1,504.55721522372414,524.3788999935623,0.0,1.0,0.0,0.0,2.0
2263,0.00014494210353666252,0.0313074943639191,1.0,0.1,495.4372173403623,534.2394322846043,0.0,1.0,0.0,0.0,2.0
2264,0.0011245290506870995,0.24289827494841348,0.0,0.1,491.6547395010528,537.0645258273453,0.0,1.0,0.0,0.0,2.0
2265,0.001857040160322117,0.4011206746295773,0.0,0.1,484.117862173868,541.2716187928232,0.0,1.0,0.0,0.0,2.0
2266,0.0012475050966679075,0.26946110088026803,0.0,0.1,476.5249151770951,547.416778288681,0.0,1.0,0.0,0.0,2.0
2267,0.0017236052044579638,0.3722987241629202,0.0,0.1,472.805073165191,550.3233760496731,0.0,1.0,0.0,0.0,2.0
2268,0.0003297715013987042,0.07123064430212012,1.0,0.1,474.20303590189474,548.8966838596663,0.0,1.0,0.0,0.0,2.0
2269,0.001457335183884208,0.3147843997189889,0.0,0.1,473.8629276760095,549.1712892413607,0.0,1.0,0.0,0.0,2.0
2270,0.0005836773973902796,0.1260743178363004,0.0,0.1,472.61179811089676,550.3910179074105,0.0,1.0,0.0,0.0,2.0
2271,0.0020499812580594967,0.4427959517408513,0.0,0.1,474.9632710273481,549.9052352987502,0.0,1.0,0.0,0.0,2.0
2272,0.0025057126214793686,0.5412339262395437,0.0,0.1,480.38228548066274,545.540081567215,0.0,1.0,0.0,0.0,2.0
2273,0.0001352074985973,0.029204819697016802,1.0,0.1,484.54230176771995,547.41575480906,0.0,1.0,0.0,0.0,2.0
2274,0.0004986108675371702,0.10769994738802875,0.0,0.1,485.00202287519085,550.0543981999003,0.0,1.0,0.0,0.0,2.0
2275,0.000630435873878386,0.13617414875773137,0.0,0.1,485.62916068507985,550.2244924984128,0.0,1.0,0.0,0.0,2.0
2276,0.0007412585706401396,0.16011185125827015,0.0,0.1,484.2248723334066,542.3190336792372,0.0,1.0,0.0,0.0,2.0
2277,0.0003408260775144507,0.07361843274312137,1.0,0.1,483.5002690634588,538.0340139096259,0.0,1.0,0.0,0.0,2.0
2278,0.00017307352896118024,0.03738388225561493,1.0,0.1,480.2740518853205,537.7900227770583,0.0,1.0,0.0,0.0,2.0
2279,0.0006927979657654166,0.14964436060532998,0.0,0.1,480.80460055251774,537.3784180137964,0.0,1.0,0.0,0.0,2.0
2280,0.00041769357677695846,0.09022181258382303,1.0,0.1,481.5380247377941,537.8264682563427,0.0,1.0,0.0,0.0,2.0
2281,0.00035566932097294665,0.07682457333015648,1.0,0.1,477.9557875197239,543.1953948562979,0.0,1.0,0.0,0.0,2.0
2282,0.0005205983093967708,0.1124492348297025,0.0,0.1,476.260883155108,546.3794949231904,0.0,1.0,0.0,0.0,2.0
2283,0.0017652340361467402,0.3812905518076959,0.0,0.1,468.65267458739686,555.3962538024012,0.0,1.0,0.0,0.0,2.0
2284,0.001576791883658017,0.3405870468701317,0.0,0.1,460.15416286652953,566.2793204412363,0.0,1.0,0.0,0.0,2.0
2285,0.0016437831467899266,0.35505715970662416,0.0,0.1,453.34429821340325,578.9435490815,0.0,1.0,0.0,0.0,2.0
2286,0.0016590890215981494,0.35836322866520026,0.0,0.1,446.603913694453,588.9217772613704,0.0,1.0,0.0,0.0,2.0
2287,0.003401008964164526,0.7346179362595376,0.0,0.1,444.5160389903551,592.7443200790397,0.0,1.0,0.0,0.0,2.0
2288,0.0028600945767172678,0.6177804285709299,0.0,0.1,434.3996052304168,605.7132939852687,0.0,1.0,0.0,0.0,2.0
2289,0.002588532568702428,0.5591230348397245,0.0,0.1,420.25449515307787,622.6593796442377,0.0,1.0,0.0,0.0,2.0
2290,0.0018873098409824503,0.4076589256522093,0.0,0.1,412.8976086052847,634.1135852364515,0.0,1.0,0.0,0.0,2.0
2291,0.0018782335895204797,0.4056984553364236,0.0,0.1,409.1672085302893,639.6966561095736,0.0,1.0,0.0,0.0,2.0
2292,0.001970075372027106,0.42553628035785496,0.0,0.1,405.9564939259278,645.2623812196563,0.0,1.0,0.0,0.0,2.0
2293,0.002887441249756473,0.6236873099473982,0.0,0.1,396.3086451263088,651.7692904386914,0.0,1.0,0.0,0.0,2.0
2294,0.0026009984277220993,0.5618156603879735,0.0,0.1,389.5365661431432,658.3240645099748,0.0,1.0,0.0,0.0,2.0
2295,0.0005427111779353321,0.11722561443403173,0.0,0.1,382.4273872269536,663.6167444648673,0.0,1.0,0.0,0.0,2.0
2296,0.0015966054123830388,0.3448667690747364,0.0,0.1,380.1309662829651,666.8037646224788,0.0,1.0,0.0,0.0,2.0
2297,0.0021731908780752976,0.4694092296642643,0.0,0.1,376.2673397690511,673.3894310662255,0.0,1.0,0.0,0.0,2.0
2298,0.0024834344056978972,0.5364218316307457,0.0,0.1,371.60212875096204,680.5188320254204,0.0,1.0,0.0,0.0,2.0
2299,0.00051930847527964,0.11217063066040224,0.0,0.1,367.3832561298645,687.1621090007617,1.0,0.0,0.0,0.0,2.0
2300,0.002201031343923078,0.4754227702873849,0.0,0.1,366.7599809229078,693.7225850426676,1.0,0.0,0.0,0.0,2.0
2301,0.0019027264645101545,0.4109889163341934,0.0,0.1,365.217251711865,703.6606070920258,1.0,0.0,0.0,0.0,2.0
2302,0.0018976152401712603,0.40988489187699223,0.0,0.1,362.76805625705174,711.0479867848038,1.0,0.0,0.0,0.0,2.0
2303,0.0034905336564790023,0.7539552697994646,0.0,0.1,361.95651620562336,715.4002429461118,1.0,0.0,0.0,0.0,2.0
2304,0.0005869135368938281,0.12677332396906688,0.0,0.1,362.0318145056169,719.4355413128012,1.0,0.0,0.0,0.0,2.0
2305,0.0015165114927971856,0.32756648244419206,0.0,0.1,363.64904101914294,720.7729781613539,1.0,0.0,0.0,0.0,2.0
2306,0.0011828098364259512,0.25548692466800543,0.0,0.1,364.1852653122758,724.8666893741809,1.0,0.0,0.0,0.0,2.0
2307,0.0010071359230304712,0.2175413593745818,0.0,0.1,365.10708191586167,728.2652751870655,1.0,0.0,0.0,0.0,2.0
2308,0.0009464435257159686,0.2044318015546492,0.0,0.1,364.5306581741793,732.2701557174856,1.0,0.0,0.0,0.0,2.0
2309,0.0006481399374694632,0.13999822649340404,0.0,0.1,364.4050920164237,736.2146938824246,1.0,0.0,0.0,0.0,2.0
2310,0.0012507292899291227,0.27015752662469056,0.0,0.1,363.5539498490445,738.5251535541753,1.0,0.0,0.0,0.0,2.0
2311,0.0016344417541813258,0.35303941890316637,0.0,0.1,360.374049977795,743.250551770743,1.0,0.0,0.0,0.0,2.0
2312,0.0022298827559649533,0.4816546752884299,0.0,0.1,357.92347574386577,749.4371202543351,1.0,0.0,0.0,0.0,2.0
2313,0.0003238641869377801,0.06995466437856049,1.0,0.1,352.95977717985176,755.652992444696,1.0,0.0,0.0,0.0,2.0
2314,0.0016581908575724847,0.3581692252356567,0.0,0.1,352.0454325722392,757.8857657950675,1.0,0.0,0.0,0.0,2.0
2315,0.0010228195034101318,0.22092901273658846,0.0,0.1,348.30778967169044,764.1023000027857,1.0,0.0,0.0,0.0,2.0
2316,0.0022704879340564796,0.4904253937561996,0.0,0.1,344.74877702346737,769.8132646966505,1.0,0.0,0.0,0.0,2.0
2317,0.0004924190557551657,0.10636251604311579,0.0,0.1,340.67679342403386,773.6627317198835,1.0,0.0,0.0,0.0,2.0
2318,0.0028307923325763384,0.6114511438364891,0.0,0.1,338.297617646454,776.2140913527969,1.0,0.0,0.0,0.0,2.0
2319,0.0012931410515505625,0.2793184671349215,0.0,0.1,333.26735077793694,782.1282884606388,1.0,0.0,0.0,0.0,2.0
2320,0.0019137511315418599,0.41337024441304177,0.0,0.1,331.4460746580194,787.4639181904416,1.0,0.0,0.0,0.0,2.0
2321,0.002501750508907361,0.54037810992399,0.0,0.1,325.85905836004105,796.6432952459693,1.0,0.0,0.0,0.0,2.0
2322,0.0009576265958275225,0.20684734469874486,0.0,0.1,325.8936320619917,803.1054338055321,1.0,0.0,0.0,0.0,2.0
2323,0.001504699703662071,0.32501513599100734,0.0,0.1,326.270067758453,806.8477584891109,1.0,0.0,0.0,0.0,2.0
2324,0.002404250017915314,0.5193180038697078,0.0,0.1,325.98566364184495,818.4474155365692,1.0,0.0,0.0,0.0,2.0
2325,0.0020917200659061686,0.45181153423573245,0.0,0.1,324.87265788784975,824.1632660937764,1.0,0.0,0.0,0.0,2.0
2326,0.0009286946369249742,0.20059804157579444,0.0,0.1,323.9598550483183,825.9925234697612,1.0,0.0,0.0,0.0,2.0
2327,0.0011418237787534065,0.24663393621073582,0.0,0.1,324.3409592108438,826.6726647072271,1.0,0.0,0.0,0.0,2.0
2328,0.0015312392546185077,0.33074767899759766,0.0,0.1,328.05637266367677,829.7425327980967,1.0,0.0,0.0,0.0,2.0
2329,0.0017221099557621373,0.37197575044462167,0.0,0.1,331.78666593018147,829.0614320407461,1.0,0.0,0.0,0.0,2.0
2330,0.0018981609058456674,0.41000275566266414,0.0,0.1,333.3376211565238,826.8247786082136,1.0,0.0,0.0,0.0,2.0
2331,0.0002696115389303702,0.058236092408959966,1.0,0.1,332.8400324447468,824.0678375336124,1.0,0.0,0.0,0.0,2.0
2332,0.00045283005359537953,0.09781129157660198,1.0,0.1,332.40411409264914,822.9371212970152,1.0,0.0,0.0,0.0,2.0
2333,0.00018352059213913496,0.03964044790205315,1.0,0.1,333.73966693584924,820.6083956696095,1.0,0.0,0.0,0.0,2.0
2334,0.000591194710234342,0.12769805741061788,0.0,0.1,335.78200364225756,818.4127815145374,1.0,0.0,0.0,0.0,2.0
2335,0.0003476435791345861,0.0750910130930706,1.0,0.1,341.85624431362925,815.9142276050468,1.0,0.0,0.0,0.0,2.0
2336,0.0004130776556208754,0.08922477361410908,1.0,0.1,343.36353966235106,814.5671961387125,1.0,0.0,0.0,0.0,2.0
2337,0.0003261434483138168,0.07044698483578443,1.0,0.1,345.2401852354252,813.4720555126911,1.0,0.0,0.0,0.0,2.0
2338,0.0005207310411080833,0.11247790487934599,0.0,0.1,349.20402329417055,811.2681470097981,1.0,0.0,0.0,0.0,2.0
2339,0.0004960931807723342,0.1071561270468242,0.0,0.1,350.815876844922,810.3841639376028,1.0,0.0,0.0,0.0,2.0
2340,0.00023883980101267846,0.051589397018738554,1.0,0.1,355.6695334858309,807.4334946539412,1.0,0.0,0.0,0.0,2.0
2341,0.00017285127230225926,0.037335874817288,1.0,0.1,,,1.0,0.0,,,2.0
2342,0.00036126885208514917,0.07803407205039221,1.0,0.1,368.53004047994716,802.1984225198279,1.0,0.0,0.0,0.0,2.0
2343,0.0003778041161071256,0.08160568907913913,1.0,0.1,374.44755046467753,800.474527435728,1.0,0.0,0.0,0.0,2.0
2344,0.00037617688072791186,0.08125420623722895,1.0,0.1,375.9920369640286,800.9202800810709,1.0,0.0,0.0,0.0,2.0
2345,0.00021411121399823603,0.046248022223618984,1.0,0.1,375.1831955738769,800.929507568537,1.0,0.0,0.0,0.0,2.0
2346,0.00038903432432411787,0.08403141405400946,1.0,0.1,374.6511260745977,799.7082016264428,1.0,0.0,0.0,0.0,2.0
2347,0.0012860485933813082,0.2777864961703626,0.0,0.1,373.6964608189744,800.8144771612036,1.0,0.0,0.0,0.0,2.0
2348,0.0018699449485323203,0.4039081088829812,0.0,0.1,372.89851466088766,801.1060038358413,1.0,0.0,0.0,0.0,2.0
2349,0.0008593010343206791,0.18560902341326668,0.0,0.1,371.3320449501256,802.7472092300586,1.0,0.0,0.0,0.0,2.0
2350,0.0007892545038905344,0.17047897284035543,0.0,0.1,370.85411697392624,802.6042838407462,1.0,0.0,0.0,0.0,2.0
2351,0.0007912498236652887,0.17090996191170235,0.0,0.1,369.49784249099304,802.6737275220312,1.0,0.0,0.0,0.0,2.0
2352,0.0006776768210083282,0.1463781933377989,0.0,0.1,368.710572428613,803.1023394309316,1.0,0.0,0.0,0.0,2.0
2353,7.184624211066976e-05,0.015518788295904667,1.0,0.1,,,1.0,0.0,,,2.0
2354,0.00031967727397239976,0.06905029117803836,1.0,0.1,,,1.0,0.0,,,2.0
2355,0.0006479225722830272,0.13995127561313386,0.0,0.1,,,1.0,0.0,,,2.0
2356,0.0009647230662942676,0.20838018231956182,0.0,0.1,,,1.0,0.0,,,2.0
2357,0.00158529968332843,0.3424247315989409,0.0,0.1,348.5684981181723,808.6653678232583,1.0,0.0,0.0,0.0,2.0
2358,0.0005546019727424224,0.11979402611236323,0.0,0.1,348.8347412945636,809.429665754574,1.0,0.0,0.0,0.0,2.0
2359,0.0009859536207459244,0.21296598208111966,0.0,0.1,348.97403136478636,809.8598926355654,1.0,0.0,0.0,0.0,2.0
2360,0.00019316144513467642,0.04172287214909011,1.0,0.1,346.08132301844296,811.5875436227939,1.0,0.0,0.0,0.0,2.0
2361,8.270535691876611e-05,0.01786435709445348,1.0,0.1,342.77135432558026,811.4971773310473,1.0,0.0,0.0,0.0,2.0
2362,0.0003506544531208762,0.07574136187410926,1.0,0.1,341.6914784848609,808.1291298378549,1.0,0.0,0.0,0.0,2.0
2363,0.0033276649758227075,0.7187756347777048,0.0,0.1,341.7537820963222,806.3967481289443,1.0,0.0,0.0,0.0,2.0
2364,0.00015196285962512958,0.03282397767902799,1.0,0.1,336.28158856992036,804.2478785695571,1.0,0.0,0.0,0.0,2.0
2365,0.0012079717712812606,0.2609219025967523,0.0,0.1,325.7933245859231,801.8907290518545,1.0,0.0,0.0,0.0,2.0
2366,0.0007762560258508027,0.16767130158377339,0.0,0.1,319.43924629097813,799.4035364043441,1.0,0.0,0.0,0.0,2.0
2367,0.0004188385913286276,0.09046913572698356,1.0,0.1,313.99266289748357,792.9040715384061,1.0,0.0,0.0,0.0,2.0
2368,0.0001588533633613183,0.03431232648604475,1.0,0.1,312.7209637812247,792.0146297606249,1.0,0.0,0.0,0.0,2.0
2369,0.0010519114826579208,0.2272128802541109,0.0,0.1,309.784111826698,792.8175359619576,1.0,0.0,0.0,0.0,2.0
2370,0.0012281091732448718,0.2652715814208923,0.0,0.1,303.04746035027995,793.7224357263748,1.0,0.0,0.0,0.0,2.0
2371,0.000246699141402207,0.053287014542876716,1.0,0.1,302.2345212683639,789.8882195581756,1.0,0.0,0.0,0.0,2.0
2372,0.0004905881364797721,0.10596703747963077,0.0,0.1,300.8863115337566,784.5646109040949,1.0,0.0,0.0,0.0,2.0
2373,0.000802775672929938,0.1733995453528666,0.0,0.1,299.8840489800721,783.286717895677,1.0,0.0,0.0,0.0,2.0
2374,0.0008856912343572696,0.19130930662117024,0.0,0.1,299.8797483837119,783.3471717343575,1.0,0.0,0.0,0.0,2.0
2375,0.00018708891313059902,0.040411205236209384,1.0,0.1,300.3834813749177,785.0665071647484,1.0,0.0,0.0,0.0,2.0
2376,0.0002041107518233407,0.04408792239384159,1.0,0.1,298.4060437309927,790.0872859660471,1.0,0.0,0.0,0.0,2.0
2377,0.0016879432182149883,0.3645957351344375,0.0,0.1,297.3259271310947,793.1024474285779,1.0,0.0,0.0,0.0,2.0
2378,0.0009909734754789026,0.21405027070344299,0.0,0.1,294.1293997983803,800.7533321262391,1.0,0.0,0.0,0.0,2.0
2379,,,,0.1,290.34700935183645,809.8193053088668,1.0,0.0,0.0,0.0,2.0
2380,,,,0.1,288.23799438342996,824.6239940858793,,,0.0,0.0,2.0
2381,0.0015878040941957744,0.34296568434628727,0.0,0.1,286.0386410748889,841.4831333588212,1.0,0.0,0.0,0.0,2.0
2382,0.0035774184299272897,0.7727223808642947,0.0,0.1,285.1090459549672,847.9266895756714,1.0,0.0,0.0,0.0,2.0
2383,0.002743549194138986,0.592606625934021,0.0,0.1,283.98881853556037,857.933968495544,1.0,0.0,0.0,0.0,2.0
2384,0.002284591371917194,0.4934717363341139,0.0,0.1,281.80023411368654,870.1930505077593,1.0,0.0,0.0,0.0,2.0
2385,0.0017655932096116102,0.3813681332761078,0.0,0.1,281.21550462538244,886.5847880478888,1.0,0.0,0.0,0.0,2.0
2386,0.0022054549152055176,0.4763782616843918,0.0,0.1,279.0050662632595,893.5909033164228,1.0,0.0,0.0,0.0,2.0
2387,0.003397873171918791,0.7339406051344588,0.0,0.1,276.6283348763982,905.840930109973,1.0,0.0,0.0,0.0,2.0
2388,0.0032459138689817026,0.7011173957000478,0.0,0.1,276.1227502048899,914.5467390785991,1.0,0.0,0.0,0.0,2.0
2389,0.0013789640305256505,0.2978562305935405,0.0,0.1,277.36593174976497,921.915246297955,1.0,0.0,0.0,0.0,2.0
2390,0.0028175426839286135,0.6085892197285805,0.0,0.1,277.7614049332683,925.2553862018231,1.0,0.0,0.0,0.0,2.0
2391,0.0019830176264796265,0.42833180731959936,0.0,0.1,281.3600361823364,938.3538316217,1.0,0.0,0.0,0.0,2.0
2392,0.0017158677640242755,0.3706274370292435,0.0,0.1,286.6604095288664,948.6001808043167,1.0,0.0,0.0,0.0,2.0
2393,0.003072728921593802,0.6637094470642612,0.0,0.1,289.69169364603795,953.8853079034653,1.0,0.0,0.0,0.0,2.0
2394,0.001128084205826542,0.24366618845853308,0.0,0.1,290.14808215400177,955.4845949052582,1.0,0.0,0.0,0.0,2.0
2395,0.0015207756204902844,0.3284875340259014,0.0,0.1,289.86953358291584,956.908038527141,1.0,0.0,0.0,0.0,2.0
2396,0.0015654346005635844,0.3381338737217342,0.0,0.1,289.2682012632856,956.5935394418639,1.0,0.0,0.0,0.0,2.0
2397,0.0017636416962813523,0.3809466063967721,0.0,0.1,286.7406235717377,957.3896111753919,1.0,0.0,0.0,0.0,2.0
2398,0.000828723894739769,0.17900436126379013,0.0,0.1,282.9524506894968,959.7923882896157,1.0,0.0,0.0,0.0,2.0
2399,0.00039677530178814643,0.08570346518623963,1.0,0.1,281.67766647812044,960.9347211993365,1.0,0.0,0.0,0.0,2.0
2400,0.0023338283799720864,0.5041069300739707,0.0,0.1,281.8290420322099,964.6892571599328,1.0,0.0,0.0,0.0,2.0
2401,0.0008841943867912007,0.19098598754689936,0.0,0.1,281.49976165831373,968.5589029637176,1.0,0.0,0.0,0.0,2.0
2402,0.003143352550200685,0.6789641508433479,0.0,0.1,280.19707026319827,975.5470507188512,1.0,0.0,0.0,0.0,2.0
2403,0.0008709896045350976,0.1881337545795811,0.0,0.1,280.4585474767071,983.7369564413322,1.0,0.0,0.0,0.0,2.0
2404,0.0024852799214136498,0.5368204630253484,0.0,0.1,281.4545933537382,988.7486061003477,1.0,0.0,0.0,0.0,2.0
2405,0.0027381471240738825,0.5914397787999587,0.0,0.1,285.7777100433552,1000.312046030151,1.0,0.0,0.0,0.0,2.0
2406,0.0018721858018460374,0.4043921331987441,0.0,0.1,288.62238108758055,1009.7320719619003,1.0,0.0,0.0,0.0,2.0
2407,0.0032540166348968814,0.7028675931377264,0.0,0.1,292.7477513721956,1020.8236856501638,1.0,0.0,0.0,0.0,2.0
2408,0.002342986344738508,0.5060850504635178,0.0,0.1,297.5643774757688,1032.3948591049018,1.0,0.0,0.0,0.0,2.0
2409,0.0033551619496093397,0.7247149811156174,0.0,0.1,300.2261992137806,1039.7399264614362,1.0,0.0,0.0,0.0,2.0
2410,0.00375135060095418,0.8102917298061029,0.0,0.1,304.39847800237914,1048.6209816861465,1.0,0.0,0.0,0.0,2.0
2411,0.002979309619393633,0.6435308777890247,0.0,0.1,306.35790175189095,1055.889153908635,1.0,0.0,0.0,0.0,2.0
2412,0.0015596511463881202,0.336884647619834,0.0,0.1,314.1336827971764,1064.768263144274,1.0,0.0,0.0,0.0,2.0
2413,0.0013615717817158483,0.29409950485062325,0.0,0.1,317.3129361309966,1067.2016909784413,1.0,0.0,0.0,0.0,2.0
2414,0.004077516415068764,0.880743545654853,0.0,0.1,326.26566366226325,1076.4078988627648,1.0,0.0,0.0,0.0,2.0
2415,0.0014092386463023872,0.30439554760131565,0.0,0.1,327.85260278114646,1077.749644966016,1.0,0.0,0.0,0.0,2.0
2416,0.0002754558643963979,0.059498466709621944,1.0,0.1,327.6127433290878,1077.0403940555357,1.0,0.0,0.0,0.0,2.0
2417,0.0018878658517220326,0.40777902397195903,0.0,0.1,328.3815920449273,1075.8354233710754,1.0,0.0,0.0,0.0,2.0
2418,0.0019328203485525304,0.41748919528734657,0.0,0.1,330.12766818336013,1075.4682153210886,1.0,0.0,0.0,0.0,2.0
2419,0.0013100838449406147,0.2829781105071728,0.0,0.1,331.9511592051198,1071.7449586025607,1.0,0.0,0.0,0.0,2.0
2420,0.0006621734519267934,0.14302946561618737,0.0,0.1,331.89649758837766,1069.0384405748111,1.0,0.0,0.0,0.0,2.0
2421,0.0003778727570218888,0.08162051551672798,1.0,0.1,332.08601759087645,1067.1077331391261,1.0,0.0,0.0,0.0,2.0
2422,0.0005605474859426117,0.12107825696360411,0.0,0.1,333.18762688003574,1067.5607080060415,1.0,0.0,0.0,0.0,2.0
2423,0.0017463686323950902,0.3772156245973395,0.0,0.1,336.0721029665901,1069.9785756023584,1.0,0.0,0.0,0.0,2.0
2424,0.0006132053210299041,0.13245234934245928,0.0,0.1,340.1844702181623,1072.7826971849768,1.0,0.0,0.0,0.0,2.0
2425,0.0012548952430521663,0.2710573724992679,0.0,0.1,,,1.0,0.0,,,2.0
2426,0.0006207234992954506,0.13407627584781734,0.0,0.1,,,1.0,0.0,,,2.0
2427,0.0004886686451805376,0.10555242735899613,0.0,0.1,,,1.0,0.0,,,2.0
2428,0.0002162776089094629,0.046715963524443994,1.0,0.1,,,1.0,0.0,,,2.0
2429,0.0001903891614271215,0.04112405886825824,1.0,0.1,340.7976555532676,1082.242613016916,1.0,0.0,0.0,0.0,2.0
2430,0.0002097982526759233,0.04531642257799943,1.0,0.1,,,1.0,0.0,,,2.0
2431,0.0009658390681075219,0.20862123871122473,0.0,0.1,,,1.0,0.0,,,2.0
2432,0.0009535780230691266,0.20597285298293136,0.0,0.1,,,1.0,0.0,,,2.0
2433,0.0008259550362676762,0.17840628783381807,0.0,0.1,,,1.0,0.0,,,2.0
2434,0.0002693370424329387,0.05817680116551476,1.0,0.1,,,1.0,0.0,,,2.0
2435,0.00028792061456362194,0.06219085274574234,1.0,0.1,,,1.0,0.0,,,2.0
2436,0.0005609832219785684,0.12117237594737076,0.0,0.1,,,1.0,0.0,,,2.0
2437,0.00043406922440030225,0.09375895247046528,1.0,0.1,343.3672062919481,1085.715355419131,1.0,0.0,0.0,0.0,2.0
2438,0.0008198608252480808,0.17708993825358546,0.0,0.1,343.12580778838094,1085.1811651540963,1.0,0.0,0.0,0.0,2.0
2439,0.0005420372667701271,0.11708004962234746,0.0,0.1,,,1.0,0.0,,,2.0
2440,0.0002107228147222627,0.045516127980008744,1.0,0.1,,,1.0,0.0,,,2.0
2441,0.0006347506009420144,0.1371061298034751,0.0,0.1,,,1.0,0.0,,,2.0
2442,0.00027698308760342995,0.05982834692234087,1.0,0.1,,,1.0,0.0,,,2.0
2443,0.0011496387834692519,0.2483219772293584,0.0,0.1,,,1.0,0.0,,,2.0
2444,0.0006973810943588844,0.15063431638151903,0.0,0.1,,,1.0,0.0,,,2.0
2445,8.377501856187307e-05,0.018095404009364584,1.0,0.1,340.7087479498524,1074.240849578052,1.0,0.0,0.0,0.0,2.0
2446,0.0004331634817827418,0.09356331206507223,1.0,0.1,341.64935296961335,1074.4261867521957,1.0,0.0,0.0,0.0,2.0
2447,0.0003302576460341225,0.07133565154337046,1.0,0.1,342.3170930718201,1073.278302598578,1.0,0.0,0.0,0.0,2.0
2448,0.0001848403759804131,0.03992552121176923,1.0,0.1,339.77626753315707,1071.844593983374,1.0,0.0,0.0,0.0,2.0
2449,0.000346034519497374,0.07474345621143279,1.0,0.1,337.85320576378996,1071.3401746386367,1.0,0.0,0.0,0.0,2.0
2450,0.0007973674034330592,0.17223135914154078,0.0,0.1,335.3044172125948,1070.5203160427643,1.0,0.0,0.0,0.0,2.0
2451,0.0003492605137710408,0.07544027097454481,1.0,0.1,,,1.0,0.0,,,2.0
2452,0.0005285167076083665,0.11415960884340717,0.0,0.1,334.96214342841114,1077.4845440872666,1.0,0.0,0.0,0.0,2.0
2453,9.349864130899355e-05,0.020195706522742607,1.0,0.1,334.6889119633055,1078.173877864139,1.0,0.0,0.0,0.0,2.0
2454,0.0005403787026267702,0.11672179976738237,0.0,0.1,333.45739441130564,1078.602175422643,1.0,0.0,0.0,0.0,2.0
2455,6.339860858297551e-05,0.01369409945392271,1.0,0.1,330.7498390894113,1077.583516339265,1.0,0.0,0.0,0.0,2.0
2456,0.0006695254035738622,0.14461748717195422,0.0,0.1,330.1794368678287,1076.734904725788,1.0,0.0,0.0,0.0,2.0
2457,8.814159283363478e-05,0.019038584052065113,1.0,0.1,330.65777380394076,1077.7104551901696,1.0,0.0,0.0,0.0,2.0
2458,0.0004838984181470702,0.10452205831976717,0.0,0.1,,,1.0,0.0,,,2.0
2459,0.0003579457560387804,0.07731628330437657,1.0,0.1,,,1.0,0.0,,,2.0
2460,0.00021889598355843,0.04728153244862088,1.0,0.1,319.9910671992429,1070.6394446575646,1.0,0.0,0.0,0.0,2.0
2461,0.0002788048044813439,0.060221837767970285,1.0,0.1,316.1122501996752,1069.0959037681882,1.0,0.0,0.0,0.0,2.0
2462,0.0007550789455389791,0.1630970522364195,0.0,0.1,315.4523974325565,1068.5746940601991,1.0,0.0,0.0,0.0,2.0
2463,0.0009452215543378986,0.20416785573698612,0.0,0.1,317.4081630272464,1066.0635754555703,1.0,0.0,0.0,0.0,2.0
2464,0.00012500441960001498,0.027000954633603236,1.0,0.1,314.15008594297075,1061.293241522446,1.0,0.0,0.0,0.0,2.0
2465,0.00018041454214813544,0.03896954110399726,1.0,0.1,307.76705091553623,1053.7938532122155,1.0,0.0,0.0,0.0,2.0
2466,0.00036434122539551265,0.07869770468543073,1.0,0.1,304.9574022912816,1050.5648364622073,1.0,0.0,0.0,0.0,2.0
2467,0.0005648344626107671,0.1220042439239257,0.0,0.1,303.7247945941945,1049.0301886254845,1.0,0.0,0.0,0.0,2.0
2468,0.0008115395571278106,0.1752925443396071,0.0,0.1,304.1291314593173,1047.0616128196102,1.0,0.0,0.0,0.0,2.0
2469,0.0018960765552733835,0.40955253593905083,0.0,0.1,304.5545467170227,1043.0523106560204,1.0,0.0,0.0,0.0,2.0
2470,0.0006089343058840836,0.13152981007096204,0.0,0.1,303.46944080770027,1038.017553554042,1.0,0.0,0.0,0.0,2.0
2471,0.000672182741749106,0.1451914722178069,0.0,0.1,301.6655263866967,1035.986838688257,1.0,0.0,0.0,0.0,2.0
2472,0.001643689074789154,0.3550368401544573,0.0,0.1,296.0419054362793,1034.46580608923,1.0,0.0,0.0,0.0,2.0
2473,0.0017756399739843292,0.38353823438061513,0.0,0.1,292.4768938591098,1035.7269259034542,1.0,0.0,0.0,0.0,2.0
2474,0.0019014272302525996,0.41070828173456153,0.0,0.1,288.69888522476765,1030.6250098895725,1.0,0.0,0.0,0.0,2.0
2475,0.0014399438748878475,0.31102787697577505,0.0,0.1,284.51156228405483,1025.54268849043,1.0,0.0,0.0,0.0,2.0
2476,0.0019517568615394704,0.4215794820925256,0.0,0.1,280.73825091840723,1022.0014231467002,1.0,0.0,0.0,0.0,2.0
2477,0.0012536417739056488,0.2707866231636202,0.0,0.1,272.9331846968574,1017.1586015124466,1.0,0.0,0.0,0.0,2.0
2478,0.0010968816177501872,0.23692642943404044,0.0,0.1,264.68943845710845,1010.0505438030934,1.0,0.0,0.0,0.0,2.0
2479,0.001441937027912826,0.3114583980291704,0.0,0.1,253.3380592235256,1001.2413043201497,1.0,0.0,0.0,0.0,2.0
2480,0.0032740137945781074,0.7071869796288712,0.0,0.1,249.83757179852327,999.8357293261705,1.0,0.0,0.0,0.0,2.0
2481,0.0024088497427479233,0.5203115444335514,0.0,0.1,239.83309929824705,994.3719275895322,1.0,0.0,0.0,0.0,2.0
2482,0.001823323381926375,0.39383785049609704,0.0,0.1,227.60196828116915,986.0177998167285,1.0,0.0,0.0,0.0,2.0
2483,0.0008814962255335535,0.19040318471524756,0.0,0.1,214.16573487624044,979.8699253352173,1.0,0.0,0.0,0.0,2.0
2484,0.0003448768715909309,0.07449340426364108,1.0,0.1,208.9699199696387,983.158357609826,1.0,0.0,0.0,0.0,2.0
2485,0.0005821113587730051,0.12573605349496908,0.0,0.1,205.3776449396699,982.0075394146402,1.0,0.0,0.0,0.0,2.0
2486,0.0013311513502992048,0.28752869166462824,0.0,0.1,195.8269761820524,978.4893834240601,1.0,0.0,0.0,0.0,2.0
2487,0.0007262808471960565,0.15687666299434821,0.0,0.1,180.7190335954925,973.0388009005221,1.0,0.0,0.0,0.0,2.0
2488,0.0005376194325758328,0.1161257974363799,0.0,0.1,166.51866394681227,966.5624899812955,1.0,0.0,0.0,0.0,2.0
2489,0.00011344792476896326,0.024504751750096063,1.0,0.1,160.78999557736873,965.908952482245,1.0,0.0,0.0,0.0,2.0
2490,0.00019083431043513078,0.04122021105398825,1.0,0.1,147.78144491259306,960.0658687147455,1.0,0.0,0.0,0.0,2.0
2491,0.0004515331694799593,0.09753116460767121,1.0,0.1,147.58744479437468,960.99777285892,1.0,0.0,0.0,0.0,2.0
2492,0.0003141781533195779,0.06786248111702883,1.0,0.1,143.47542195667805,956.8463857894126,1.0,0.0,0.0,0.0,2.0
2493,0.00012967955236388136,0.028010783310598374,1.0,0.1,135.4293861114173,949.904551091887,1.0,0.0,0.0,0.0,2.0
2494,0.0005235693662624558,0.11309098311269045,0.0,0.1,128.78592463523043,944.9022387311809,1.0,0.0,0.0,0.0,2.0
2495,0.001544429407124182,0.3335967519388233,0.0,0.1,114.96845956167141,936.7389820106437,1.0,0.0,0.0,0.0,2.0
2496,0.00045395629617671313,0.09805455997417004,1.0,0.1,102.63561194646098,927.3884964245134,1.0,0.0,0.0,0.0,2.0
2497,2.2179865009799475e-05,0.004790850842116687,1.0,0.1,94.23018762358542,917.9958468237238,1.0,0.0,0.0,0.0,2.0
2498,0.0006692887493161793,0.14456636985229473,0.0,0.1,90.57806624433992,916.0556145127597,1.0,0.0,0.0,0.0,2.0
2499,0.0005217259606942769,0.11269280750996381,0.0,0.1,83.971088344434,911.3908472237016,1.0,0.0,0.0,0.0,2.0
2500,0.00043427814424066424,0.09380407915598347,1.0,0.1,78.90527962524664,906.951313551917,1.0,0.0,0.0,0.0,2.0
2501,0.00030741257335025683,0.06640111584365548,1.0,0.1,73.88774919716529,906.230496316965,1.0,0.0,0.0,0.0,2.0
2502,0.00011304921194072081,0.024418629779195695,1.0,0.1,70.37220732474577,900.8690814463438,1.0,0.0,0.0,0.0,2.0
2503,0.00012633582856115186,0.0272885389692088,1.0,0.1,67.9951707763682,898.8083821325912,1.0,0.0,1.0,0.0,2.0
2504,0.00010856721838943518,0.023450519172118,1.0,0.1,63.746657007379646,895.7690912455653,1.0,0.0,1.0,0.0,2.0
2505,0.0003478855936886646,0.07514328823675157,1.0,0.1,61.023810668407954,891.5522787546793,1.0,0.0,1.0,0.0,2.0
2506,0.00013986811626425782,0.03021151311307969,1.0,0.1,59.820097688989456,890.2718652871517,1.0,0.0,1.0,0.0,2.0
2507,0.00010554802125804551,0.02279837259173783,1.0,0.1,60.05646539793616,890.8164726045951,1.0,0.0,1.0,0.0,2.0
2508,0.0014265670944747758,0.30813849240655156,0.0,0.1,61.93650825365212,894.2115778043423,1.0,0.0,1.0,0.0,2.0
2509,0.0015365398253726938,0.3318926022805019,0.0,0.1,59.33478223597043,892.247009709099,1.0,0.0,1.0,0.0,2.0
2510,0.0011634226356905203,0.25129928930915235,0.0,0.1,59.28593161432136,890.9985897414364,1.0,0.0,1.0,0.0,2.0
2511,0.00034003008013378926,0.07344649730889849,1.0,0.1,58.86479928811381,890.9046361146211,1.0,0.0,1.0,0.0,2.0
2512,0.0004857538177792954,0.10492282464032782,0.0,0.1,57.98294824789255,892.535106621954,1.0,0.0,1.0,0.0,2.0
2513,0.0009894851048867519,0.2137287826555384,0.0,0.1,54.9576184887862,887.957110438838,1.0,0.0,1.0,0.0,2.0
2514,0.0011597341073686098,0.25050256719161973,0.0,0.1,51.98960465239331,876.7770359520522,1.0,0.0,1.0,0.0,2.0
2515,0.0003396242472034746,0.07335883739595052,1.0,0.1,49.84772972920298,864.904218322961,1.0,0.0,1.0,0.0,2.0
2516,0.000524097476366112,0.11320505489508018,0.0,0.1,55.716327271478455,855.2342656402438,1.0,0.0,1.0,0.0,2.0
2517,0.0005939981238633643,0.1283035947544867,0.0,0.1,57.91277613588408,853.1398707518699,1.0,0.0,1.0,0.0,2.0
2518,0.0014131853676210254,0.3052480394061415,0.0,0.1,60.54957418458038,850.7824281939733,1.0,0.0,1.0,0.0,2.0
2519,0.0012444600230195047,0.268803364972213,0.0,0.1,61.78952411263823,848.3878174944631,1.0,0.0,1.0,0.0,2.0
2520,0.0009312857366767372,0.20115771912217523,0.0,0.1,64.18206294406541,843.831920618854,1.0,0.0,1.0,0.0,2.0
2521,0.001492585989342711,0.3223985736980256,0.0,0.1,66.35590996151765,840.4520015469624,1.0,0.0,1.0,0.0,2.0
2522,0.0003929689201428348,0.08488128675085232,1.0,0.1,71.55869192359484,834.6343827703356,1.0,0.0,0.0,0.0,2.0
2523,,,,0.1,75.78869902094803,827.6044783124015,1.0,0.0,0.0,0.0,2.0
2524,,,,0.1,79.77746867831912,823.2867838996492,,,0.0,0.0,2.0
2525,,,,0.1,84.71760023746444,816.5080854546873,,,0.0,0.0,2.0
2526,0.0007992978573625824,0.1726483371903178,0.0,0.1,88.52512501449,813.1964501918877,1.0,0.0,0.0,0.0,2.0
2527,0.0015089358533305977,0.32593014431940914,0.0,0.1,92.15496209062175,808.8501757105494,1.0,0.0,0.0,0.0,2.0
2528,0.0001429077524801546,0.0308680745357134,1.0,0.1,99.04555222837894,803.3457758614018,1.0,0.0,0.0,0.0,2.0
2529,0.0008087683072180819,0.17469395435910567,0.0,0.1,103.94251550672975,800.609509348451,1.0,0.0,0.0,0.0,2.0
2530,0.0026526592944196487,0.5729744075946441,0.0,0.1,108.91605599654969,797.7427547431262,1.0,0.0,0.0,0.0,2.0
2531,0.0004307841862670062,0.09304938423367334,1.0,0.1,121.65407950905384,786.7766940072935,1.0,0.0,0.0,0.0,2.0
2532,,,,0.1,133.8373539694319,775.4263700011987,1.0,0.0,0.0,0.0,2.0
2533,,,,0.1,143.55299037279195,768.3779969687662,,,0.0,0.0,2.0
2534,0.0006826832712868294,0.14745958659795513,0.0,0.1,146.377512091887,765.0940431168458,1.0,0.0,0.0,0.0,2.0
2535,0.0008205720868877676,0.1772435707677578,0.0,0.1,150.92493983471647,760.4570450975002,1.0,0.0,0.0,0.0,2.0
2536,0.001049458185192713,0.22668296800162605,0.0,0.1,154.72286693592892,758.9460246861539,1.0,0.0,0.0,0.0,2.0
2537,0.0005065388311987826,0.10941238753893705,0.0,0.1,160.4949400450513,756.062708193041,1.0,0.0,0.0,0.0,2.0
2538,0.00013759095258338187,0.029719645758010484,1.0,0.1,167.7832789579162,750.388108792465,1.0,0.0,0.0,0.0,2.0
2539,0.000806692485019264,0.17424557676416103,0.0,0.1,169.1939777598361,749.313575664393,1.0,0.0,0.0,0.0,2.0
2540,0.0007741937635308201,0.16722585292265715,0.0,0.1,171.97418158773743,746.9523850197922,1.0,0.0,0.0,0.0,2.0
2541,0.0005264187813062571,0.11370645676215153,0.0,0.1,178.14623168597578,741.7576388417024,1.0,0.0,0.0,0.0,2.0
2542,0.0006565484914339433,0.14181447414973175,0.0,0.1,181.81064592425528,736.1225124947343,1.0,0.0,0.0,0.0,2.0
2543,0.00035066864328711113,0.075744426950016,1.0,0.1,182.96722205504005,734.6111451094521,1.0,0.0,0.0,0.0,2.0
2544,0.002590136849099045,0.5594695594053937,0.0,0.1,185.9313274892202,730.2732888918596,1.0,0.0,0.0,0.0,2.0
2545,0.0012532034002971204,0.270691934464178,0.0,0.1,189.68835776794384,724.6703136471774,1.0,0.0,0.0,0.0,2.0
2546,0.0016665081316209291,0.3599657564301207,0.0,0.1,194.04822381694854,717.5881955848007,1.0,0.0,0.0,0.0,2.0
2547,0.0005133755921246937,0.11088912789893385,0.0,0.1,197.9401578714682,708.9203223466045,1.0,0.0,0.0,0.0,2.0
2548,0.0018558132505229587,0.4008556621129591,0.0,0.1,201.13203380016873,703.5831870882168,1.0,0.0,0.0,0.0,2.0
2549,0.0016893741136898956,0.36490480855701746,0.0,0.1,206.2563109868729,695.0805570669766,1.0,0.0,0.0,0.0,2.0
2550,0.0025900033961007755,0.5594407335577675,0.0,0.1,209.96161276436382,688.841090986713,1.0,0.0,0.0,0.0,2.0
2551,0.001192355170169278,0.25754871675656404,0.0,0.1,214.8057974819121,681.5423234789431,1.0,0.0,0.0,0.0,2.0
2552,0.001507703989355783,0.32566406170084916,0.0,0.1,217.75642804174728,678.3672673760733,1.0,0.0,0.0,0.0,2.0
2553,0.001471600789858129,0.31786577060935584,0.0,0.1,227.3730066581454,667.4097387066249,1.0,0.0,0.0,0.0,2.0
2554,0.0019859777354364833,0.4289711908542804,0.0,0.1,232.36540661427642,660.6216725453661,1.0,0.0,0.0,0.0,2.0
2555,0.0025786769469239323,0.5569942205355695,0.0,0.1,240.4356216120189,651.8733343743189,1.0,0.0,0.0,0.0,2.0
2556,0.001029690486584945,0.22241314510234814,0.0,0.1,245.5722819955932,645.8807711363983,1.0,0.0,0.0,0.0,2.0
2557,0.0014239660728947773,0.3075766717452719,0.0,0.1,247.39826789493364,644.235575699424,1.0,0.0,0.0,0.0,2.0
2558,0.0022007278556863755,0.4753572168282571,0.0,0.1,258.71843463392895,637.1992602857093,1.0,0.0,0.0,0.0,2.0
2559,0.0014736309237943208,0.3183042795395733,0.0,0.1,271.87796292675245,627.7657900710075,1.0,0.0,0.0,0.0,2.0
2560,0.0020279655883279,0.4380405670788264,0.0,0.1,281.39083675169445,619.2964702730299,1.0,0.0,0.0,0.0,2.0
2561,0.000658629831679204,0.14226404364270806,0.0,0.1,288.07551415838174,610.7294561184084,1.0,0.0,0.0,0.0,2.0
2562,0.003869726275884941,0.8358608755911473,0.0,0.1,292.32700310955727,606.6037197372775,1.0,0.0,0.0,0.0,2.0
2563,0.003512193237371101,0.7586337392721578,0.0,0.1,300.87345125106845,595.966394956571,1.0,0.0,0.0,0.0,2.0
2564,0.0023637560299600993,0.5105713024713815,0.0,0.1,308.963344942362,586.6079506286671,1.0,0.0,0.0,0.0,2.0
2565,0.0011324773816606707,0.24461511443870487,0.0,0.1,318.52410901141,576.4130540011502,1.0,0.0,0.0,0.0,2.0
2566,0.0027105657528863204,0.5854822026234452,0.0,0.1,322.3463250499356,572.056486888683,1.0,0.0,0.0,0.0,2.0
2567,0.0027131592758442838,0.5860424035823653,0.0,0.1,332.5261230727147,562.1909987452397,1.0,0.0,0.0,0.0,2.0
2568,0.0027526009311077187,0.5945618011192673,0.0,0.1,341.3926383618805,552.9992882740663,1.0,0.0,0.0,0.0,2.0
2569,0.0017913990711258985,0.3869421993631941,0.0,0.1,349.9213786028456,545.2272507576964,1.0,0.0,0.0,0.0,2.0
2570,0.002660110643828987,0.5745838990670612,0.0,0.1,354.8962665758092,540.5856967650702,1.0,0.0,0.0,0.0,2.0
2571,0.0015353507594125324,0.331635764033107,0.0,0.1,364.6324075969601,531.6408937943099,1.0,0.0,0.0,0.0,2.0
2572,0.0030508837393305433,0.6589908876953974,0.0,0.1,376.4167804032223,520.9537742602033,1.0,0.0,0.0,0.0,2.0
2573,0.0019163505910769825,0.4139317276726282,0.0,0.1,385.42293931813276,512.0093386084003,1.0,0.0,0.0,0.0,2.0
2574,0.0012883403725081665,0.27828152046176396,0.0,0.1,394.441441621057,503.15043977876,1.0,0.0,0.0,0.0,2.0
2575,0.002823236425312344,0.6098190678674663,0.0,0.1,398.6297945714178,498.79920838250763,1.0,0.0,0.0,0.0,2.0
2576,0.0038914621413783258,0.8405558225377184,0.0,0.1,406.318352023706,491.6849288497294,1.0,0.0,0.0,0.0,2.0
2577,0.002209827118609006,0.4773226576195453,0.0,0.1,417.9582264176703,482.25418927591176,1.0,0.0,0.0,0.0,2.0
2578,0.0019428724195716415,0.41966044262747454,0.0,0.1,427.891724037666,473.6233605226891,1.0,0.0,0.0,0.0,2.0
2579,0.000937568397123482,0.20251477377867214,0.0,0.1,436.1824987285111,465.66251242475806,1.0,0.0,0.0,0.0,2.0
2580,0.002348924105366713,0.50736760675921,0.0,0.1,438.2246428112187,463.22719886062487,1.0,0.0,0.0,0.0,2.0
2581,0.0014081321811121887,0.30415655112023277,0.0,0.1,444.6680644417217,457.010454102907,1.0,0.0,0.0,0.0,2.0
2582,0.0025827750267677675,0.5578794057818378,0.0,0.1,449.3862053588436,451.83398514712746,1.0,0.0,0.0,0.0,2.0
2583,0.0007909277736710592,0.17084039911294877,0.0,0.1,451.5197346803381,448.21411038343376,1.0,0.0,0.0,0.0,2.0
2584,0.002361931016080944,0.5101770994734839,0.0,0.1,454.4337382485682,445.1598722502822,1.0,0.0,0.0,0.0,2.0
2585,0.0027516747177568457,0.5943617390354787,0.0,0.1,460.6995901917163,437.63092478835694,1.0,0.0,0.0,0.0,2.0
2586,0.00132462572991597,0.28611915766184953,0.0,0.1,465.46591381703627,431.31208790576113,1.0,0.0,0.0,0.0,2.0
2587,0.0011644498542992719,0.25152116852864276,0.0,0.1,471.60301659511225,425.8467108585016,1.0,0.0,0.0,0.0,2.0
2588,0.0004235562141819592,0.0914881422633032,1.0,0.1,474.680913834041,422.56476020577026,1.0,0.0,0.0,0.0,2.0
2589,0.001049021495018142,0.22658864292391867,0.0,0.1,473.99826079750454,423.10124948789,1.0,0.0,0.0,0.0,2.0
2590,0.0014555476978437415,0.3143983027342482,0.0,0.1,475.13743115419646,421.8622176122201,1.0,0.0,0.0,0.0,2.0
2591,0.0009559254025721089,0.20647988695557554,0.0,0.1,477.901642143927,419.0251381641228,1.0,0.0,0.0,0.0,2.0
2592,0.00019185311036303565,0.041440271838415706,1.0,0.1,481.12968437157855,415.9340771387387,1.0,0.0,0.0,0.0,2.0
2593,0.0012388068332903279,0.2675822759907108,0.0,0.1,483.5802144323008,413.7758151141818,1.0,0.0,0.0,0.0,2.0
2594,0.0021370588252204586,0.46160470624761907,0.0,0.1,488.5625963673078,409.52638581070056,1.0,0.0,0.0,0.0,2.0
2595,0.001761051434340498,0.3803871098175476,0.0,0.1,492.3049393140445,408.23763611928456,1.0,0.0,0.0,0.0,2.0
2596,0.0005091729887005814,0.10998136555932558,0.0,0.1,500.19618599009186,408.9685504282975,1.0,0.0,0.0,0.0,2.0
2597,0.002255171110730464,0.4871169599177802,0.0,0.1,504.084372117941,408.0689004895698,1.0,0.0,0.0,0.0,2.0
2598,0.001187841991818468,0.2565738702327891,0.0,0.1,518.3878419890942,399.23932017147837,1.0,0.0,0.0,0.0,2.0
2599,0.0011788399552498563,0.25462943033396895,0.0,0.1,524.4053044910049,396.6759028330183,1.0,0.0,0.0,0.0,2.0
2600,0.0016491112402090675,0.3562080278851586,0.0,0.1,529.5990159245717,394.5431060705279,1.0,0.0,0.0,0.0,2.0
2601,0.0012277373097093977,0.26519125889722994,0.0,0.1,538.1567953546414,391.21216637920213,1.0,0.0,0.0,0.0,2.0
2602,0.001799933892502713,0.38878572078058604,0.0,0.1,539.9823658971422,390.2164319982369,1.0,0.0,0.0,0.0,2.0
2603,0.0016025467633504565,0.34615010088369863,0.0,0.1,541.2982428346443,390.97912456852293,1.0,0.0,0.0,0.0,2.0
2604,0.0009226934212555967,0.1993017789912089,0.0,0.1,540.9077785178532,390.3847503259265,1.0,0.0,0.0,0.0,2.0
2605,0.00042563796861306945,0.091937801220423,1.0,0.1,540.0890106852586,390.7450326761484,1.0,0.0,0.0,0.0,2.0
2606,0.001398942455193081,0.3021715703217055,0.0,0.1,537.8940930979975,392.31178307967235,1.0,0.0,0.0,0.0,2.0
2607,0.0008969519981874857,0.19374163160849692,0.0,0.1,530.1938047802591,398.24313046679094,1.0,0.0,0.0,0.0,2.0
2608,0.000830687403021764,0.179428479052701,0.0,0.1,529.7388768534951,399.07084659955166,1.0,0.0,0.0,0.0,2.0
2609,0.0008175897966788547,0.17659939608263261,0.0,0.1,531.3076424653632,399.9245417266649,1.0,0.0,0.0,0.0,2.0
2610,0.00011840499663524306,0.025575479273212503,1.0,0.1,534.2413509282101,397.48983091763085,1.0,0.0,0.0,0.0,2.0
2611,0.001417067864057441,0.30608665863640727,0.0,0.1,535.4036088365688,396.6812870854414,1.0,0.0,0.0,0.0,2.0
2612,0.0012750544219807065,0.2754117551478326,0.0,0.1,541.8313884273155,392.3042135218929,1.0,0.0,0.0,0.0,2.0
2613,0.0013799229765101878,0.29806336292620056,0.0,0.1,556.2435097447559,383.0914213836909,1.0,0.0,0.0,0.0,2.0
2614,0.0011170570032425363,0.24128431270038786,0.0,0.1,568.0611011844503,374.77054612044714,1.0,0.0,0.0,0.0,2.0
2615,0.0020322220021340275,0.43895995246094993,0.0,0.1,574.9038723789282,369.5542391263752,1.0,0.0,0.0,0.0,2.0
2616,0.0023171742821849832,0.5005096449519564,0.0,0.1,583.8990678105281,363.43357825513164,1.0,0.0,0.0,0.0,2.0
2617,0.001978571557389396,0.4273714563961096,0.0,0.1,588.8708215786249,358.9834516450559,1.0,0.0,0.0,0.0,2.0
2618,0.00258734567997526,0.5588666668746561,0.0,0.1,592.6887877041099,356.5349562279961,1.0,0.0,0.0,0.0,2.0
2619,0.0009763916619586306,0.2109005989830642,0.0,0.1,602.4736531504079,352.6617308571651,1.0,0.0,0.0,0.0,2.0
2620,0.002114137644986791,0.45665373131714687,0.0,0.1,607.8200868197055,349.3030566233988,1.0,0.0,0.0,0.0,2.0
2621,0.002249910431953839,0.48598065330202916,0.0,0.1,614.6898369834545,346.80734289423845,1.0,0.0,0.0,0.0,2.0
2622,0.001958465132614156,0.42302846864465776,0.0,0.1,624.773150186573,343.3432680687667,1.0,0.0,0.0,0.0,2.0
2623,0.0005648549797096198,0.12200867561727789,0.0,0.1,630.2187145259816,342.2621002792907,1.0,0.0,0.0,0.0,2.0
2624,0.0024665143848137876,0.5327671071197781,0.0,0.1,633.199861305496,340.8400413599229,1.0,0.0,0.0,0.0,2.0
2625,0.0025843267285751547,0.5582145733722335,0.0,0.1,642.7277954345582,335.5039774226893,0.0,1.0,0.0,0.0,2.0
2626,0.0030519838847829915,0.6592285191131262,0.0,0.1,652.0447085907934,332.3250265868191,0.0,1.0,0.0,0.0,2.0
2627,0.0036106715685127007,0.7799050587987434,0.0,0.1,661.6245776131125,327.1447207420278,0.0,1.0,0.0,0.0,2.0
2628,0.0021509941068874492,0.4646147270876891,0.0,0.1,668.0623831991121,327.08560594948443,0.0,1.0,0.0,0.0,2.0
2629,0.0014363119697323313,0.31024338546218355,0.0,0.1,671.6295935692987,324.8840000054116,0.0,1.0,0.0,0.0,2.0
2630,0.001401373456662716,0.3026966666391466,0.0,0.1,676.6870740473807,324.55684256117655,0.0,1.0,0.0,0.0,2.0
2631,0.001946849858893488,0.42051956952099345,0.0,0.1,681.1836527904785,326.8708923635404,0.0,1.0,0.0,0.0,2.0
2632,0.0012201982914992093,0.2635628309638292,0.0,0.1,686.2603355938525,326.36926344489234,0.0,1.0,0.0,0.0,2.0
2633,0.0008468916282200625,0.1829285916955335,0.0,0.1,692.9986918280281,325.0922840095301,0.0,1.0,0.0,0.0,2.0
2634,0.001966746784979472,0.424817305555566,0.0,0.1,,,0.0,1.0,,,2.0
2635,0.0008849596872475352,0.1911512924454676,0.0,0.1,,,0.0,1.0,,,2.0
2636,0.0002586311830699935,0.0558643355431186,1.0,0.1,694.0060911072134,330.0203692037834,0.0,1.0,0.0,0.0,2.0
2637,0.00018660259096332622,0.04030615964807847,1.0,0.1,693.8769414571175,336.8031402855559,0.0,1.0,0.0,0.0,2.0
2638,0.0006718550048806595,0.14512068105422246,0.0,0.1,693.6691971555894,340.1266420537323,0.0,1.0,0.0,0.0,2.0
2639,0.0013299809834232802,0.2872758924194285,0.0,0.1,694.5901491869629,347.03819063997867,0.0,1.0,0.0,0.0,2.0
2640,0.0021450979364262823,0.463341154268077,0.0,0.1,698.3076151541954,348.5685618898013,0.0,1.0,0.0,0.0,2.0
2641,0.0007938672890730881,0.17147533443978705,0.0,0.1,704.0234660206027,348.5145614012843,0.0,1.0,0.0,0.0,2.0
2642,0.00239464271484514,0.5172428264065503,0.0,0.1,706.9922942898695,349.0215872720562,0.0,1.0,0.0,0.0,2.0
2643,0.0028402138472473156,0.6134861910054202,0.0,0.1,713.9977542931501,352.2682283329034,0.0,1.0,0.0,0.0,2.0
2644,0.002901212033696809,0.6266617992785107,0.0,0.1,724.7629612342371,355.25230655814914,0.0,1.0,0.0,0.0,2.0
2645,0.002724291732724206,0.5884470142684286,0.0,0.1,735.0503141318364,357.83575832370036,0.0,1.0,0.0,0.0,2.0
2646,0.003440325966597898,0.7431104087851459,0.0,0.1,746.5084671283925,357.667641323569,0.0,1.0,0.0,0.0,2.0
2647,,,,0.1,753.5418273549133,358.49479659359423,0.0,1.0,0.0,0.0,2.0
2648,,,,0.1,767.3724445244411,359.7463901753879,,,0.0,0.0,2.0
2649,0.0015127237080891705,0.3267483209472608,0.0,0.1,778.3054258277735,359.40346707410293,0.0,1.0,0.0,0.0,2.0
2650,0.00027296020643924514,0.05895940459087695,1.0,0.1,784.9957895685017,359.98374781115064,0.0,1.0,0.0,0.0,2.0
2651,0.0016483288399890097,0.3560390294376261,0.0,0.1,787.2306403891266,358.9769812367932,0.0,1.0,0.0,0.0,2.0
2652,0.0005545354398239233,0.11977965500196741,0.0,0.1,792.1206327659213,358.0427483517544,0.0,1.0,0.0,0.0,2.0
2653,0.0012931689970292503,0.27932450335831804,0.0,0.1,797.5594160260263,354.87374446471443,0.0,1.0,0.0,0.0,2.0
2654,0.0013142546173837374,0.28387899735488725,0.0,0.1,798.0130170260692,352.06300770868086,0.0,1.0,0.0,0.0,2.0
2655,0.001011390737446131,0.21846039928836433,0.0,0.1,797.9089927093768,350.96975088142375,0.0,1.0,0.0,0.0,2.0
2656,0.0027109904208094085,0.5855739308948322,0.0,0.1,797.8154404626447,348.7748717712912,0.0,1.0,0.0,0.0,2.0
2657,0.0012485778478101514,0.26969281512699267,0.0,0.1,794.8954811428882,343.58199372681634,0.0,1.0,0.0,0.0,2.0
2658,0.001574719871332936,0.3401394922079142,0.0,0.1,792.4606627366204,334.48276707867893,0.0,1.0,0.0,0.0,2.0
2659,0.0008393248320348717,0.18129416371953228,0.0,0.1,788.8664377105542,325.6994469281468,0.0,1.0,0.0,0.0,2.0
2660,0.0004075208344271687,0.08802450023626844,1.0,0.1,786.839941652379,320.42796389481146,0.0,1.0,0.0,0.0,2.0
2661,0.0009161574333335278,0.19789000560004202,0.0,0.1,782.2942021862074,313.5771441047524,0.0,1.0,0.0,0.0,2.0
2662,0.0012529918593990781,0.2706462416302009,0.0,0.1,776.2782321569287,308.0113497255802,0.0,1.0,0.0,0.0,2.0
2663,0.0005464273562754025,0.11802830895548694,0.0,0.1,769.3576628154856,298.56797678909453,0.0,1.0,0.0,0.0,2.0
2664,0.00020434949946859953,0.0441394918852175,1.0,0.1,765.7455691120813,289.48358757274127,0.0,1.0,0.0,0.0,2.0
2665,0.001059019554273406,0.2287482237230557,0.0,0.1,764.8860259242898,285.6008955838504,0.0,1.0,0.0,0.0,2.0
2666,0.000613194049492603,0.13244991469040224,0.0,0.1,762.0958451719426,281.09049332064336,0.0,1.0,0.0,0.0,2.0
2667,0.0005984131243902137,0.12925723486828616,0.0,0.1,755.2762570641,272.90980686448484,0.0,1.0,0.0,0.0,2.0
2668,0.0009752557609021298,0.21065524435486005,0.0,0.1,751.0437892811606,265.85678726266525,0.0,1.0,0.0,0.0,2.0
2669,0.0006694213852275028,0.1445950192091406,0.0,0.1,749.6778687973624,259.61839104725533,0.0,1.0,0.0,0.0,2.0
2670,0.0004925552515545759,0.10639193433578839,0.0,0.1,747.5146046479731,257.0638116341276,0.0,1.0,0.0,0.0,2.0
2671,0.0003562946826442658,0.07695965145116142,1.0,0.1,743.1308621560837,249.79648958657725,0.0,1.0,0.0,0.0,2.0
2672,5.83316125964704e-05,0.012599628320837606,1.0,0.1,735.9687424967772,240.34888116317217,0.0,1.0,0.0,0.0,2.0
2673,0.00019351726678129417,0.041799729624759537,1.0,0.1,724.8316886251636,235.04504886936093,0.0,1.0,0.0,0.0,2.0
2674,0.0007439027739644199,0.1606829991763147,0.0,0.1,721.9410212922008,232.7585740586077,0.0,1.0,0.0,0.0,2.0
2675,0.0004475423737780383,0.09666915273605627,1.0,0.1,711.2732908213203,230.82587080735965,0.0,1.0,0.0,0.0,2.0
2676,0.0012803897074582596,0.2765641768109841,0.0,0.1,703.3104310856494,229.50405944667466,0.0,1.0,0.0,0.0,2.0
2677,0.00011787522845235085,0.02546104934570778,1.0,0.1,696.1447057637571,228.76559214770546,0.0,1.0,0.0,0.0,2.0
2678,0.0004014031697166359,0.08670308465879337,1.0,0.1,693.6758833458222,228.2097219755589,0.0,1.0,0.0,0.0,2.0
2679,0.0007478713618145259,0.16154021415193762,0.0,0.1,689.1144297450322,225.1273863508143,0.0,1.0,0.0,0.0,2.0
2680,0.0009674934824317666,0.20897859220526158,0.0,0.1,689.8719123414477,217.52260908118524,0.0,1.0,0.0,0.0,2.0
2681,0.002529249671581718,0.5463179290616511,0.0,0.1,693.7480267597421,208.85455490491321,0.0,1.0,0.0,0.0,2.0
2682,0.0016098649953216297,0.34773083898947205,0.0,0.1,698.173065955511,199.95249561074715,0.0,1.0,0.0,0.0,2.0
2683,0.0013255693454067915,0.28632297860786693,0.0,0.1,702.2459878237372,194.40791728421237,0.0,1.0,0.0,0.0,2.0
2684,0.003118151286959043,0.6735206779831533,0.0,0.1,706.9915781324844,183.34132334054328,0.0,1.0,0.0,0.0,2.0
2685,0.0026211949590419525,0.5661781111530618,0.0,0.1,712.791749686986,172.48160315029224,0.0,1.0,0.0,0.0,2.0
2686,0.0021279577435053616,0.45963887259715813,0.0,0.1,717.7315527434262,164.88256075356801,0.0,1.0,0.0,0.0,2.0
2687,0.002272752427352033,0.49091452430803917,0.0,0.1,719.0319337595733,162.2782491813954,0.0,1.0,0.0,0.0,2.0
2688,0.003078074546185065,0.6648641019759741,0.0,0.1,722.1077288789733,156.99194398734406,0.0,1.0,0.0,0.0,2.0
2689,0.0026062399314788656,0.562947825199435,0.0,0.1,729.1595988134492,147.4277555925748,0.0,1.0,0.0,0.0,2.0
2690,0.004245839429807816,0.9171013168384882,0.0,0.1,734.4519183600794,140.0684581898001,0.0,1.0,0.0,0.0,2.0
2691,0.002315529980828332,0.5001544758589197,0.0,0.1,737.1813822877903,136.4946828079891,0.0,1.0,0.0,0.0,2.0
2692,0.0031595690776827327,0.6824669207794702,0.0,0.1,738.9090902823742,134.7426379149212,0.0,1.0,0.0,0.0,2.0
2693,0.0030818769409603876,0.6656854192474437,0.0,0.1,746.2908164683793,128.32048467779873,0.0,1.0,0.0,0.0,2.0
2694,0.0033846716600002746,0.7310890785600593,0.0,0.1,755.3755166295276,121.01460182011051,0.0,1.0,0.0,0.0,2.0
2695,0.002787543615889835,0.6021094210322044,0.0,0.1,763.9678445411623,115.23179012315434,0.0,1.0,0.0,0.0,2.0
2696,0.0016239992680142999,0.3507838418910888,0.0,0.1,774.5531415975174,106.40601823672291,0.0,1.0,0.0,0.0,2.0
2697,0.0028054394465851394,0.6059749204623902,0.0,0.1,777.2179900500585,104.76484635305174,0.0,1.0,0.0,0.0,2.0
2698,0.001491436250132065,0.32215023002852605,0.0,0.1,780.7861401236098,102.60811329471873,0.0,1.0,0.0,0.0,2.0
2699,0.002246299906335794,0.48520077976853154,0.0,0.1,786.3554117840825,98.82087174635525,0.0,1.0,0.0,0.0,2.0
2700,0.00040406901562494265,0.08727890737498761,1.0,0.1,796.5210244473792,91.80060456310757,0.0,1.0,0.0,0.0,2.0
2701,0.0022980207773665995,0.4963724879111855,0.0,0.1,801.5110903522773,87.9082057330743,0.0,1.0,0.0,0.0,2.0
2702,0.0020709673070570403,0.44732893832432075,0.0,0.1,809.2982492804792,80.90789653522,0.0,1.0,0.0,0.0,2.0
2703,0.002334319844285481,0.5042130863656639,0.0,0.1,814.7594077068951,75.10857240517088,0.0,1.0,0.0,0.0,2.0
2704,0.0005941659103855695,0.128339836643283,0.0,0.1,819.0569904074249,71.909001774923,0.0,1.0,0.0,0.0,2.0
2705,0.0020258675304005553,0.43758738656651996,0.0,0.1,817.901256640938,74.55757133177389,0.0,1.0,0.0,0.0,2.0
2706,0.0019481001991184775,0.42078964300959115,0.0,0.1,,,0.0,1.0,,,2.0
2707,0.0008796453293484827,0.19000339113927228,0.0,0.1,812.9947973824126,73.83129213482975,0.0,1.0,0.0,0.0,2.0
2708,0.0005251897199116155,0.11344097950090895,0.0,0.1,,,0.0,1.0,,,2.0
2709,0.0004486530156235698,0.09690905137469108,1.0,0.1,,,0.0,1.0,,,2.0
2710,0.0008249477255733656,0.17818870872384698,0.0,0.1,,,0.0,1.0,,,2.0
2711,0.0003712932013857177,0.08019933149931502,1.0,0.1,,,0.0,1.0,,,2.0
2712,0.0006242757006534572,0.13484355134114676,0.0,0.1,,,0.0,1.0,,,2.0
2713,0.00033485526095538166,0.07232873636636244,1.0,0.1,,,0.0,1.0,,,2.0
2714,0.00023773997957499273,0.05135183558819843,1.0,0.1,,,0.0,1.0,,,2.0
2715,0.0006548404897915917,0.1414455457949838,0.0,0.1,,,0.0,1.0,,,2.0
2716,0.0007527640238526108,0.16259702915216395,0.0,0.1,,,0.0,1.0,,,2.0
2717,0.0008564346044376645,0.18498987455853555,0.0,0.1,,,0.0,1.0,,,2.0
2718,0.00035105652090955955,0.07582820851646487,1.0,0.1,,,0.0,1.0,,,2.0
2719,0.002392767137704176,0.5168377017441019,0.0,0.1,850.4012087416924,54.82673636062258,0.0,1.0,0.0,1.0,2.0
2720,0.0012475366952242114,0.26946792616842963,0.0,0.1,858.265295448817,57.34298602356654,0.0,1.0,0.0,1.0,2.0
2721,0.001656318211911834,0.35776473377295614,0.0,0.1,862.8342002321389,59.11591049903176,0.0,1.0,0.0,1.0,2.0
2722,0.0010645550986575463,0.22994390131003004,0.0,0.1,866.66349713512,64.86743603534354,0.0,1.0,0.0,1.0,2.0
2723,0.000547891880889395,0.11834464627210932,0.0,0.1,873.464622219611,72.36506512266831,0.0,1.0,0.0,0.0,2.0
2724,0.000896113325944059,0.19356047840391674,0.0,0.1,876.2130799786167,73.55808926364723,0.0,1.0,0.0,0.0,2.0
2725,0.0007848389355442984,0.1695252100775685,0.0,0.1,878.8200171276471,76.12424142613526,0.0,1.0,0.0,0.0,2.0
2726,0.0010506973663491166,0.22695063113140918,0.0,0.1,879.3784085130605,73.92826553456358,0.0,1.0,0.0,0.0,2.0
2727,0.0006398174483346759,0.13820056884029,0.0,0.1,874.0033161995241,62.3404948245497,0.0,1.0,0.0,1.0,2.0
2728,0.0009372571633089144,0.20244754727472553,0.0,0.1,871.3349375338867,56.217578757954215,0.0,1.0,0.0,1.0,2.0
2729,0.0016088793768152263,0.3475179453920889,0.0,0.1,,,0.0,1.0,,,2.0
2730,0.0005125683903992889,0.1107147723262464,0.0,0.1,863.26561333712,38.28247801465375,0.0,1.0,0.0,1.0,2.0
2731,0.00043740722746602416,0.09447996113266122,1.0,0.1,855.9422526593573,41.2718290010224,0.0,1.0,0.0,1.0,2.0
2732,0.000303757328502187,0.0656115829564724,1.0,0.1,852.2088853969301,44.16450111247105,0.0,1.0,0.0,1.0,2.0
2733,0.00042317458664295433,0.09140571071487814,1.0,0.1,,,0.0,1.0,,,2.0
2734,0.0007569250001184611,0.1634958000255876,0.0,0.1,850.8436471004107,41.80833116217419,0.0,1.0,0.0,1.0,2.0
2735,0.001685284417599286,0.3640214342014458,0.0,0.1,,,0.0,1.0,,,2.0
2736,0.00029253622645794775,0.06318782491491672,1.0,0.1,,,0.0,1.0,,,2.0
2737,0.0004333775267527766,0.09360954577859974,1.0,0.1,,,0.0,1.0,,,2.0
2738,0.0006197120293994579,0.1338577983502829,0.0,0.1,,,0.0,1.0,,,2.0
2739,0.001055207415174127,0.22792480167761142,0.0,0.1,,,0.0,1.0,,,2.0
2740,0.0002337305729684245,0.05048580376117969,1.0,0.1,,,0.0,1.0,,,2.0
2741,0.0006427637277842209,0.13883696520139172,0.0,0.1,,,0.0,1.0,,,2.0
2742,0.00016502431351081873,0.03564525171833685,1.0,0.1,,,0.0,1.0,,,2.0
2743,0.0010046244262244346,0.21699887606447787,0.0,0.1,,,0.0,1.0,,,2.0
2744,0.0004867790756560305,0.10514428034170259,0.0,0.1,,,0.0,1.0,,,2.0
2745,0.0007632263680238208,0.1648568954931453,0.0,0.1,,,0.0,1.0,,,2.0
2746,0.001149466407800009,0.24828474408480194,0.0,0.1,,,0.0,1.0,,,2.0
2747,0.0006776520984288285,0.14637285326062696,0.0,0.1,,,0.0,1.0,,,2.0
2748,0.00046596065825874305,0.1006475021838885,0.0,0.1,,,0.0,1.0,,,2.0
2749,0.0005660545055680745,0.12226777320270407,0.0,0.1,891.1042953600695,29.01380983272997,0.0,1.0,0.0,1.0,2.0
2750,0.0003374404224160752,0.07288713124187225,1.0,0.1,889.1729123028081,34.153271805556976,0.0,1.0,0.0,1.0,2.0
2751,0.0006506367896836855,0.14053754657167608,0.0,0.1,888.1266461335749,38.23786301953572,0.0,1.0,0.0,1.0,2.0
2752,0.00033486532570538096,0.07233091035236229,1.0,0.1,887.9445859599724,37.600933031489824,0.0,1.0,0.0,1.0,2.0
2753,0.00018474821888202385,0.03990561527851715,1.0,0.1,890.5102801710971,40.0893382695042,0.0,1.0,0.0,1.0,2.0
2754,0.0005056528873023377,0.10922102365730495,0.0,0.1,892.6614070599661,40.89924245136029,0.0,1.0,0.0,1.0,2.0
2755,0.0014132860005335451,0.30526977611524575,0.0,0.1,895.3695333101249,42.94258633261882,0.0,1.0,0.0,1.0,2.0
2756,0.0018489749668685533,0.3993785928436075,0.0,0.1,900.1308014576987,45.87596357614871,0.0,1.0,0.0,1.0,2.0
2757,0.001706891455799625,0.368688554452719,0.0,0.1,900.7450332475552,45.312489583573296,0.0,1.0,0.0,1.0,2.0
2758,0.0012857283930329466,0.27771733289511646,0.0,0.1,902.403797797356,45.76793678653346,0.0,1.0,0.0,1.0,2.0
2759,0.0009405608593251061,0.2031611456142229,0.0,0.1,904.9394286440471,47.752872600329,0.0,1.0,0.0,1.0,2.0
2760,0.0009812209056451985,0.21194371561936287,0.0,0.1,912.4034497096702,50.83287339765002,0.0,1.0,0.0,1.0,2.0
2761,0.001019281758401107,0.22016485981463912,0.0,0.1,917.42221109637,55.01777317243169,0.0,1.0,0.0,1.0,2.0
2762,0.0017488721659881352,0.37775638785343724,0.0,0.1,921.943066808398,59.3726230127975,0.0,1.0,0.0,1.0,2.0
2763,0.00034883043355605933,0.07534737364810881,1.0,0.1,925.5562147865015,61.47214194429464,0.0,1.0,0.0,1.0,2.0
2764,0.0006372864309790937,0.13765386909148425,0.0,0.1,929.5250033116383,63.44340635346151,0.0,1.0,0.0,1.0,2.0
2765,0.00021299538113441052,0.04600700232503267,1.0,0.1,936.3144487164776,68.08887868329384,0.0,1.0,0.0,1.0,2.0
2766,0.0019073322130974233,0.4119837580290434,0.0,0.1,941.7073082255233,72.55408190021325,0.0,1.0,0.0,0.0,2.0
2767,0.0010028696855481048,0.21661985207839066,0.0,0.1,943.8797425606068,74.09600052290087,0.0,1.0,0.0,0.0,2.0
2768,0.0007276594485585345,0.15717444088864346,0.0,0.1,945.6276759686543,75.37380297119653,0.0,1.0,0.0,0.0,2.0
2769,0.0005212748940969701,0.11259537712494555,0.0,0.1,948.1853717079401,78.13866721437462,0.0,1.0,0.0,0.0,2.0
2770,0.002251826962055661,0.48639462380402276,0.0,0.1,952.4552025995284,81.59648757283286,0.0,1.0,0.0,0.0,2.0
2771,0.002127060792046025,0.45944513108194146,0.0,0.1,964.8137257559029,94.33017660174909,0.0,1.0,0.0,0.0,2.0
2772,0.0013798990198484677,0.29805818828726904,0.0,0.1,974.5978220769636,105.41180988314882,0.0,1.0,0.0,0.0,2.0
2773,0.0015270962414048064,0.32985278814343816,0.0,0.1,976.106587215163,107.16601112196562,0.0,1.0,0.0,0.0,2.0
2774,0.0006490044766651622,0.14018496695967506,0.0,0.1,981.1513272585557,112.47723446028117,0.0,1.0,0.0,0.0,2.0
2775,0.0014297116966199615,0.3088177264699117,0.0,0.1,992.9188212268996,125.2590567292591,0.0,1.0,0.0,0.0,2.0
2776,0.001254367812749073,0.2709434475537998,0.0,0.1,1005.2447768229891,138.6230096636511,0.0,1.0,0.0,0.0,2.0
2777,0.002541942284025274,0.5490595333494592,0.0,0.1,1010.4779056614605,144.2019570473773,0.0,1.0,0.0,0.0,2.0
2778,0.0014723012960755604,0.31801707995232104,0.0,0.1,1016.1308369831472,150.27475999791133,0.0,1.0,0.0,0.0,2.0
2779,0.0023329806718722823,0.5039238251244129,0.0,0.1,1018.5823510357628,153.22427611012017,0.0,1.0,0.0,0.0,2.0
2780,0.0013741960256046285,0.2968263415305998,0.0,0.1,1017.883828065208,152.31507046635502,0.0,1.0,0.0,0.0,2.0
2781,0.0010208224938814219,0.22049765867838714,0.0,0.1,1020.0044875016533,154.87509544986975,0.0,1.0,0.0,0.0,2.0
2782,0.0015416242176209377,0.33299083100612253,0.0,0.1,1023.4140087758334,158.26005136900747,0.0,1.0,0.0,0.0,2.0
2783,0.002579701499349809,0.5572155238595587,0.0,0.1,1029.1175581835425,164.1522429061892,0.0,1.0,0.0,0.0,2.0
2784,0.0033392139409963565,0.721270211255213,0.0,0.1,1037.6519855168947,172.14044179791503,0.0,1.0,0.0,0.0,2.0
2785,0.002013730619516538,0.4349658138155722,0.0,0.1,1046.302538279896,180.58201607637858,0.0,1.0,0.0,0.0,2.0
2786,0.0008080807191261346,0.17454543533124509,0.0,0.1,1052.6112881677393,186.79714405383658,0.0,1.0,0.0,0.0,2.0
2787,0.0009343613773617585,0.20182205751013985,0.0,0.1,1054.148863215053,188.9925533656841,0.0,1.0,0.0,0.0,2.0
2788,0.002625993331373792,0.5672145595767392,0.0,0.1,1056.8455539902898,192.6364948183317,0.0,1.0,0.0,0.0,2.0
2789,0.0018541792215794935,0.4005027118611706,0.0,0.1,1059.3154133881644,195.08316542206802,0.0,1.0,0.0,0.0,2.0
2790,0.0022436725295192227,0.4846332663761521,0.0,0.1,1059.0509808011127,196.4056792900838,0.0,1.0,0.0,0.0,2.0
2791,0.0022515868026592887,0.4863427493744064,0.0,0.1,1058.0005746809509,196.62149592759468,0.0,1.0,0.0,0.0,2.0
2792,0.0033645230269860587,0.7267369738289887,0.0,0.1,1055.165496752221,200.56750627688373,0.0,1.0,0.0,0.0,2.0
2793,0.0022569822709914617,0.48750817053415574,0.0,0.1,1050.82465309288,205.10759180232023,0.0,1.0,0.0,0.0,2.0
2794,0.0025124301796521043,0.5426849188048546,0.0,0.1,1042.4771352493842,205.8029950515106,0.0,1.0,0.0,0.0,2.0
2795,0.00031923520103569803,0.06895480342371078,1.0,0.1,1036.552916681928,207.30389877771833,0.0,1.0,0.0,0.0,2.0
2796,0.0017525284134015543,0.3785461372947357,0.0,0.1,1036.5485601410826,208.6285693101941,0.0,1.0,0.0,0.0,2.0
2797,0.001934289413843968,0.4178065133902971,0.0,0.1,1033.5222537286666,212.0169172705522,0.0,1.0,0.0,0.0,2.0
2798,0.0020205725925245823,0.4364436799853098,0.0,0.1,1030.0864005176156,218.2707794689085,0.0,1.0,0.0,0.0,2.0
2799,0.001431176096833404,0.30913403691601526,0.0,0.1,1030.631302921392,225.8728716315245,0.0,1.0,0.0,0.0,2.0
2800,0.002178240172211541,0.4704998771976929,0.0,0.1,1030.3477616990465,229.91855071549188,0.0,1.0,0.0,0.0,2.0
2801,0.002758744049171196,0.5958887146209784,0.0,0.1,1029.0996085579698,234.09684117456064,0.0,1.0,0.0,0.0,2.0
2802,0.0019201303300377343,0.41474815128815057,0.0,0.1,1029.2871989098346,240.2716212033931,0.0,1.0,0.0,0.0,2.0
2803,0.0011654819720792694,0.25174410596912217,0.0,0.1,1032.0946008500557,245.97611738525586,0.0,1.0,0.0,0.0,2.0
2804,0.0022265809871594763,0.48094149322644686,0.0,0.1,1032.7591973344138,250.62620278079356,0.0,1.0,0.0,0.0,2.0
2805,0.0022641587374172233,0.4890582872821202,0.0,0.1,1038.4104497485846,260.8721557072303,0.0,1.0,0.0,0.0,2.0
2806,0.0018761888208177172,0.4052567852966269,0.0,0.1,1040.9088989301315,269.15319923264065,0.0,1.0,0.0,0.0,2.0
2807,0.0026014415492659547,0.5619113746414462,0.0,0.1,1044.0272529846586,273.71646879170453,0.0,1.0,0.0,0.0,2.0
2808,0.001404700762820157,0.30341536476915393,0.0,0.1,1046.3091001987348,281.7777593984428,0.0,1.0,0.0,0.0,2.0
2809,0.0019479172957684982,0.42075013588599564,0.0,0.1,1046.9766815043142,286.58734635626007,0.0,1.0,0.0,0.0,2.0
2810,0.0018191289962009873,0.3929318631794133,0.0,0.1,1050.2944225266033,295.25109170527446,0.0,1.0,0.0,0.0,2.0
2811,0.0017404624534861064,0.375939889952999,0.0,0.1,1051.6226775495943,302.330367644422,0.0,1.0,0.0,0.0,2.0
2812,0.0019286959963662382,0.4165983352151075,0.0,0.1,1048.5193547578724,305.86870756302847,0.0,1.0,0.0,0.0,2.0
2813,0.0012460677152213585,0.26915062648781346,0.0,0.1,1044.8001369257636,306.8216264740345,0.0,1.0,0.0,0.0,2.0
2814,0.002333067541745739,0.5039425890170796,0.0,0.1,1043.4606789677382,306.7766958844669,0.0,1.0,0.0,0.0,2.0
2815,0.0015269041101895807,0.3298112878009494,0.0,0.1,1037.1444030875864,304.83651228138706,0.0,1.0,0.0,0.0,2.0
2816,0.0014619594222598314,0.3157832352081236,0.0,0.1,1029.7819887110404,300.0596871144128,0.0,1.0,0.0,0.0,2.0
2817,0.0005175249364661407,0.1117853862766864,0.0,0.1,1027.510953756703,297.3710704615036,0.0,1.0,0.0,0.0,2.0
2818,0.0008000221711300714,0.17280478896409543,0.0,0.1,1025.6223495691497,296.1837873471326,0.0,1.0,0.0,0.0,2.0
2819,0.0008078235824076133,0.17448989380004448,0.0,0.1,1015.0368047362504,290.1310594014148,0.0,1.0,0.0,0.0,2.0
2820,0.0007404805876706054,0.15994380693685079,0.0,0.1,1011.3835349463699,290.97597130624524,0.0,1.0,0.0,0.0,2.0
2821,0.0012324695449701351,0.2662134217135492,0.0,0.1,1009.170862391224,291.7642852808334,0.0,1.0,0.0,0.0,2.0
2822,0.0010121482748150254,0.2186240273600455,0.0,0.1,1005.3370884712969,291.9813356201284,0.0,1.0,0.0,0.0,2.0
2823,0.0004772276754340295,0.10308117789375038,0.0,0.1,1002.3502989432411,291.9179901792261,0.0,1.0,0.0,0.0,2.0
2824,0.0005178300642303725,0.11185129387376046,0.0,0.1,990.4956858942078,286.2118393096797,0.0,1.0,0.0,0.0,2.0
2825,0.0009791338560738623,0.21149291291195424,0.0,0.1,984.6063728330033,282.30647291714416,0.0,1.0,0.0,0.0,2.0
2826,0.0007741423392056817,0.16721474526842725,0.0,0.1,983.0009691423852,278.47554006492015,0.0,1.0,0.0,0.0,2.0
2827,0.002054525776500177,0.4437775677240382,0.0,0.1,982.1610398291549,277.4258431866573,0.0,1.0,0.0,0.0,2.0
2828,0.0011791188131982776,0.25468966365082796,0.0,0.1,982.6837661314424,276.87772909766596,0.0,1.0,0.0,0.0,2.0
2829,0.0007056629644094508,0.15242320031244136,0.0,0.1,982.0398680411496,275.3639175684554,0.0,1.0,0.0,0.0,2.0
2830,0.0005490015658885332,0.11858433823192319,0.0,0.1,984.699628128175,275.3780948818464,0.0,1.0,0.0,0.0,2.0
2831,0.001027840921784362,0.2220136391054222,0.0,0.1,986.3465719110144,276.27967178317033,0.0,1.0,0.0,0.0,2.0
2832,0.0009186693195838956,0.19843257303012143,0.0,0.1,990.5531045460416,279.9390958956955,0.0,1.0,0.0,0.0,2.0
2833,0.002170566332294578,0.4688423277756289,0.0,0.1,973.7191624883275,276.2430784447755,0.0,1.0,0.0,0.0,2.0
2834,0.0008673111542996614,0.18733920932872689,0.0,0.1,990.1906251045416,286.5640070151565,0.0,1.0,0.0,0.0,2.0
2835,0.00025453188364827614,0.05497888686802765,1.0,0.1,1003.2937958727387,294.4056861653227,0.0,1.0,0.0,0.0,2.0
2836,0.0007347539999761548,0.15870686399484943,0.0,0.1,983.7064514831438,282.4877350565858,0.0,1.0,0.0,0.0,2.0
2837,0.0007027784432064866,0.15180014373260112,0.0,0.1,981.4645136282799,277.37378948177263,0.0,1.0,0.0,0.0,2.0
2838,0.0006860119674761611,0.14817858497485079,0.0,0.1,978.7428531817285,275.5034499126891,0.0,1.0,0.0,0.0,2.0
2839,0.00030513903183081067,0.0659100308754551,1.0,0.1,972.2011489336962,272.64247722492456,0.0,1.0,0.0,0.0,2.0
2840,0.0005316467201535103,0.11483569155315823,0.0,0.1,971.9709792870925,271.8103211215777,0.0,1.0,0.0,0.0,2.0
2841,0.00017076751906381976,0.03688578411778507,1.0,0.1,969.3664146388427,271.62346499906306,0.0,1.0,0.0,0.0,2.0
2842,8.789313093566309e-05,0.018984916282103227,1.0,0.1,965.9843190563416,272.7745411388859,0.0,1.0,0.0,0.0,2.0
2843,0.000920950518178051,0.19892531192645901,0.0,0.1,965.9363064795291,277.01424928341225,0.0,1.0,0.0,0.0,2.0
2844,0.00046525475879422224,0.10049502789955202,0.0,0.1,963.6207978709139,279.5550924068332,0.0,1.0,0.0,0.0,2.0
2845,0.0011224348253342017,0.24244592227218756,0.0,0.1,962.4978043524866,280.7899666360609,0.0,1.0,0.0,0.0,2.0
2846,0.002085785472277241,0.4505296620118841,0.0,0.1,959.608506226009,284.81828272639456,0.0,1.0,0.0,0.0,2.0
2847,0.0015948834055512589,0.34449481559907197,0.0,0.1,954.8180548971069,285.997186489386,0.0,1.0,0.0,0.0,2.0
2848,0.0008550642052991808,0.18469386834462304,0.0,0.1,948.8986700473044,286.559881843163,0.0,1.0,0.0,0.0,2.0
2849,0.0014351260881678958,0.3099872350442655,0.0,0.1,945.2895758998089,286.7463285489731,0.0,1.0,0.0,0.0,2.0
2850,0.0014440034178620678,0.31190473825820664,0.0,0.1,938.912126499049,287.79282325653094,0.0,1.0,0.0,0.0,2.0
2851,0.0017829475979504906,0.38511668115730596,0.0,0.1,935.0160734265696,288.6450296646289,0.0,1.0,0.0,0.0,2.0
2852,0.0010614662975421136,0.22927672026909657,0.0,0.1,935.1153907419125,292.23868247680105,0.0,1.0,0.0,0.0,2.0
2853,0.0007693209341229822,0.16617332177056415,0.0,0.1,935.5580386888378,297.5675492552859,0.0,1.0,0.0,0.0,2.0
2854,0.0012911869369461354,0.27889637838036524,0.0,0.1,934.9282957657935,298.8134365640981,0.0,1.0,0.0,0.0,2.0
2855,0.0011200443127635353,0.24192957155692363,0.0,0.1,935.5289477469115,301.758257242537,0.0,1.0,0.0,0.0,2.0
2856,0.0009164668588077232,0.1979568415024682,0.0,0.1,932.3940531270396,301.59342943117974,0.0,1.0,0.0,0.0,2.0
2857,0.0004380282364130009,0.0946140990652082,1.0,0.1,931.8466015547467,304.40023342294194,0.0,1.0,0.0,0.0,2.0
2858,0.0011688012333159103,0.25246106639623667,0.0,0.1,932.2836043130933,307.18233006001236,0.0,1.0,0.0,0.0,2.0
2859,0.0006295272816374881,0.13597789283369743,0.0,0.1,933.4039313892977,311.95256870381627,0.0,1.0,0.0,0.0,2.0
2860,0.0008047817823779388,0.17383286499363476,0.0,0.1,935.0655478085849,316.89885685093765,0.0,1.0,0.0,0.0,2.0
2861,0.0010089734732277864,0.21793827021720186,0.0,0.1,934.8858580086521,317.98178885445736,0.0,1.0,0.0,0.0,2.0
2862,0.00031666875167746494,0.06840045036233243,1.0,0.1,934.2687629159205,317.4654883471007,0.0,1.0,0.0,0.0,2.0
2863,0.00046191059102874813,0.0997726876622096,1.0,0.1,933.3493346880355,317.6716593646361,0.0,1.0,0.0,0.0,2.0
2864,0.0004364530930570213,0.0942738681003166,1.0,0.1,930.6909837063653,319.3613143740744,0.0,1.0,0.0,0.0,2.0
2865,0.0002154181068357236,0.0465303110765163,1.0,0.1,926.2756142715672,318.3695387346187,0.0,1.0,0.0,0.0,2.0
2866,0.00011170988669436551,0.02412933552598295,1.0,0.1,920.9265463127543,314.1981397236659,0.0,1.0,0.0,0.0,2.0
2867,0.0009703449777054954,0.209594515184387,0.0,0.1,919.1443056683482,311.8722930566941,0.0,1.0,0.0,0.0,2.0
2868,0.0009044716878127268,0.195365884567549,0.0,0.1,916.6068136086666,304.46478890789314,0.0,1.0,0.0,0.0,2.0
2869,0.0006084996332534312,0.13143592078274116,0.0,0.1,915.4410551658729,298.0684343519666,0.0,1.0,0.0,0.0,2.0
2870,0.0008776768956717489,0.18957820946509776,0.0,0.1,911.7341689554789,290.864998547242,0.0,1.0,0.0,0.0,2.0
2871,0.0007951796509305553,0.17175880460099993,0.0,0.1,911.9343816298363,288.20230241534455,0.0,1.0,0.0,0.0,2.0
2872,0.0010398110811071675,0.22459919351914817,0.0,0.1,912.1354948571933,286.56473237445243,0.0,1.0,0.0,0.0,2.0
2873,0.001108520505096411,0.2394404291008248,0.0,0.1,910.8798679717718,284.12702014396416,0.0,1.0,0.0,0.0,2.0
2874,0.0006790170110402417,0.14666767438469222,0.0,0.1,912.7984534588472,283.8221700593582,0.0,1.0,0.0,0.0,2.0
2875,0.00047185606543222246,0.10192091013336005,0.0,0.1,916.5008377795873,284.0556699151218,0.0,1.0,0.0,0.0,2.0
2876,0.0019505682437555012,0.42132274065118824,0.0,0.1,918.0463552244419,283.4446253363617,0.0,1.0,0.0,0.0,2.0
2877,0.0002659791681119738,0.05745150031218634,1.0,0.1,921.1275002437468,284.6516728985931,0.0,1.0,0.0,0.0,2.0
2878,,,,0.1,922.9832883749929,285.9024474600679,0.0,1.0,0.0,0.0,2.0
2879,,,,0.1,925.7719701614054,289.07572264682557,,,0.0,0.0,2.0
2880,,,,0.1,927.9666084414342,290.53056227656486,,,0.0,0.0,2.0
2881,,,,0.1,928.9036403251639,291.61289732530065,,,0.0,0.0,2.0
2882,0.0002972286167451032,0.0642013812169423,1.0,0.1,930.2552662591345,293.85442192264503,0.0,1.0,0.0,0.0,2.0
2883,0.00047964519918618535,0.10360336302421604,0.0,0.1,930.066281401921,294.3829840901592,0.0,1.0,0.0,0.0,2.0
2884,0.0003751004988817061,0.08102170775844851,1.0,0.1,929.3405815337784,296.8217385587166,0.0,1.0,0.0,0.0,2.0
2885,0.0001549050636601269,0.033459493750587405,1.0,0.1,930.7019198055785,299.88300679523417,0.0,1.0,0.0,0.0,2.0
2886,0.00011540364894072289,0.024927188171196147,1.0,0.1,931.7738491197601,301.1265041322106,0.0,1.0,0.0,0.0,2.0
2887,0.0005867087685134291,0.1267290939989007,0.0,0.1,928.18811715421,299.0855182262221,0.0,1.0,0.0,0.0,2.0
2888,0.00025931632585105127,0.056012326383827075,1.0,0.1,922.9139682961652,293.47849391008236,0.0,1.0,0.0,0.0,2.0
2889,0.00012845342115706354,0.027745938969925724,1.0,0.1,923.9094175756771,294.26038890817614,0.0,1.0,0.0,0.0,2.0
2890,0.00018027289101925093,0.0389389444601582,1.0,0.1,924.10282168848,293.86610690297493,0.0,1.0,0.0,0.0,2.0
2891,0.0002220015001664225,0.047952324035947264,1.0,0.1,928.2354990729237,294.41328575484295,0.0,1.0,0.0,0.0,2.0
2892,4.751714602885044e-05,0.010263703542231696,1.0,0.1,927.6713754363506,290.15227053212465,0.0,1.0,0.0,0.0,2.0
2893,0.0002496845558531766,0.05393186406428615,1.0,0.1,923.5171123646799,286.0801020070114,0.0,1.0,0.0,0.0,2.0
2894,0.00018252674079535832,0.0394257760117974,1.0,0.1,923.4115774449742,281.405465798633,0.0,1.0,0.0,0.0,2.0
2895,0.0008080682541183842,0.174542742889571,0.0,0.1,922.1838119872036,280.20362675936764,0.0,1.0,0.0,0.0,2.0
2896,0.0005538218135502537,0.11962551172685479,0.0,0.1,925.9702104949658,278.5120736535483,0.0,1.0,0.0,0.0,2.0
2897,0.0005887628434493512,0.12717277418505987,0.0,0.1,928.8338819152995,277.98298778461725,0.0,1.0,0.0,0.0,2.0
2898,0.00015538406193919946,0.03356295737886708,1.0,0.1,928.9424368331521,272.72536736243615,0.0,1.0,0.0,0.0,2.0
2899,0.000140076604422826,0.030256546555330416,1.0,0.1,926.9930657953172,268.385801733655,0.0,1.0,0.0,0.0,2.0
2900,0.0003767495282470319,0.08137789810135888,1.0,0.1,932.2813135010398,268.7388309587805,0.0,1.0,0.0,0.0,2.0
2901,0.0004561654528284002,0.09853173781093444,1.0,0.1,938.8964984043473,272.07754643700275,0.0,1.0,0.0,0.0,2.0
2902,0.0003106495913496204,0.06710031173151801,1.0,0.1,940.2098620300507,271.1017258127475,0.0,1.0,0.0,0.0,2.0
2903,,,,0.1,942.2376203738263,271.32135364731903,0.0,1.0,0.0,0.0,2.0
2904,,,,0.1,944.4267032227012,272.57841016237234,,,0.0,0.0,2.0
2905,,,,0.1,945.2133320136661,276.30851521497965,,,0.0,0.0,2.0
2906,0.00010990210997339591,0.023738855754253517,1.0,0.1,948.125818262096,282.9317907191736,0.0,1.0,0.0,0.0,2.0
2907,0.0009822898300426218,0.21217460328920631,0.0,0.1,948.1561861118495,283.1068717175947,0.0,1.0,0.0,0.0,2.0
2908,0.0003740226817356648,0.0807888992549036,1.0,0.1,947.8920302878813,282.4759110170953,0.0,1.0,0.0,0.0,2.0
2909,0.0009221239699951253,0.19917877751894708,0.0,0.1,946.1289389873792,279.0261347329125,0.0,1.0,0.0,0.0,2.0
2910,0.001366902941294756,0.2952510353196673,0.0,0.1,943.956529189392,274.22037558981424,0.0,1.0,0.0,0.0,2.0
2911,0.00013003150935425858,0.028086806020519856,1.0,0.1,944.4682687687354,272.09158283706535,0.0,1.0,0.0,0.0,2.0
2912,0.00020750527420154615,0.04482113922753397,1.0,0.1,945.4819013498145,270.4353992811138,0.0,1.0,0.0,0.0,2.0
2913,0.00032413688590806846,0.0700135673561428,1.0,0.1,945.0103654143613,268.83712192328534,0.0,1.0,0.0,0.0,2.0
2914,0.0005273602019449196,0.11390980362010263,0.0,0.1,942.919320155046,265.3726948077689,0.0,1.0,0.0,0.0,2.0
2915,,,,0.1,938.6486783551819,255.2074022606294,0.0,1.0,0.0,0.0,2.0
2916,,,,0.1,938.6009053029802,248.897791511247,,,0.0,0.0,2.0
2917,,,,0.1,939.306320244095,246.2073132305265,,,0.0,0.0,2.0
2918,,,,0.1,941.9383625930014,243.29152382945443,,,0.0,0.0,2.0
2919,,,,0.1,941.0505453406809,238.2319284063472,,,0.0,0.0,2.0
2920,,,,0.1,933.6196486392679,230.61099169886282,,,0.0,0.0,2.0
2921,,,,0.1,,,,,,,2.0
2922,,,,0.1,,,,,,,2.0
2923,,,,0.1,,,,,,,2.0
2924,,,,0.1,,,,,,,2.0
2925,,,,0.1,,,,,,,2.0
2926,,,,0.1,,,,,,,2.0
2927,,,,0.1,,,,,,,2.0
2928,,,,0.1,,,,,,,2.0
2929,,,,0.1,,,,,,,2.0
2930,,,,0.1,,,,,,,2.0
2931,,,,0.1,,,,,,,2.0
2932,,,,0.1,929.8924727790348,219.15648779961737,,,0.0,0.0,2.0
2933,0.0005622335785769581,0.12144245297262296,0.0,0.1,931.1865936864496,233.2279879167427,0.0,1.0,0.0,0.0,2.0
2934,0.00040893330077772255,0.08832959296798808,1.0,0.1,937.6346441126822,248.58932727172578,0.0,1.0,0.0,0.0,2.0
2935,0.0011707464190592208,0.2528812265167917,0.0,0.1,938.8231329515405,253.93097096038522,0.0,1.0,0.0,0.0,2.0
2936,0.0004773007728136031,0.10309696692773827,0.0,0.1,941.6452137984345,262.5660389694442,0.0,1.0,0.0,0.0,2.0
2937,,,,0.1,945.2186010332606,270.0740116986938,0.0,1.0,0.0,0.0,2.0
2938,,,,0.1,947.2134843768673,273.51212177084466,,,0.0,0.0,2.0
2939,,,,0.1,947.6800104352423,274.6449556385544,,,0.0,0.0,2.0
2940,,,,0.1,953.7305088905503,281.61065073487265,,,0.0,0.0,2.0
2941,0.00015883873355401935,0.03430916644766818,1.0,0.1,962.3129958996639,289.1549328902968,0.0,1.0,0.0,0.0,2.0
2942,0.00042505100620003925,0.09181101733920848,1.0,0.1,968.3240313970285,294.2242583281186,0.0,1.0,0.0,0.0,2.0
2943,0.0005239981494090817,0.11318360027236164,0.0,0.1,972.0609559775155,299.99068731487193,0.0,1.0,0.0,0.0,2.0
2944,0.0017948438057093338,0.3876862620332161,0.0,0.1,973.2282534065948,303.6317045239487,0.0,1.0,0.0,0.0,2.0
2945,0.0015876500256643427,0.3429324055434981,0.0,0.1,972.9084331107019,306.001147615052,0.0,1.0,0.0,0.0,2.0
2946,0.0007589306148766717,0.16392901281336109,0.0,0.1,967.271942579107,301.14037651407597,0.0,1.0,0.0,0.0,2.0
2947,0.0004346505739160934,0.09388452396587617,1.0,0.1,965.4923364008885,297.16655523081204,0.0,1.0,0.0,0.0,2.0
2948,0.0010392793011230496,0.22448432904257873,0.0,0.1,963.042814024909,296.8266024717175,0.0,1.0,0.0,0.0,2.0
2949,0.0010953055280668957,0.23658599406244946,0.0,0.1,957.2564909295085,298.18793126649683,0.0,1.0,0.0,0.0,2.0
2950,0.0010095000179904327,0.2180520038859335,0.0,0.1,954.9770435146767,302.6067006905128,0.0,1.0,0.0,0.0,2.0
2951,0.00039109828265699117,0.0844772290539101,1.0,0.1,953.8640107891911,302.66960511618896,0.0,1.0,0.0,0.0,2.0
2952,0.00035861751073038516,0.0774613823177632,1.0,0.1,950.3136410109496,302.0130432761075,0.0,1.0,0.0,0.0,2.0
2953,0.0005688578033713666,0.12287328552821518,0.0,0.1,948.3228272949684,302.0787502133366,0.0,1.0,0.0,0.0,2.0
2954,0.0006867984921685447,0.14834847430840567,0.0,0.1,938.6823136778086,298.1927506222093,0.0,1.0,0.0,0.0,2.0
2955,0.00010616881358386647,0.022932463734115158,1.0,0.1,933.2093571051586,297.09380216882596,0.0,1.0,0.0,0.0,2.0
2956,0.0003237544841879324,0.0699309685845934,1.0,0.1,929.0075964931517,294.3469546194803,0.0,1.0,0.0,0.0,2.0
2957,0.0014432451257174123,0.3117409471549611,0.0,0.1,926.0925473385116,291.2024425722827,0.0,1.0,0.0,0.0,2.0
2958,0.0006664193931979483,0.14394658893075685,0.0,0.1,922.6760243821224,287.717952806538,0.0,1.0,0.0,0.0,2.0
2959,0.0019212811480461627,0.41499672797797116,0.0,0.1,918.092420515385,277.32399849994914,0.0,1.0,0.0,0.0,2.0
2960,0.0014849902337146792,0.32075789048237074,0.0,0.1,913.9130957597466,265.9704392490975,0.0,1.0,0.0,0.0,2.0
2961,0.0011382895788837866,0.24587054903889793,0.0,0.1,911.962164337266,256.1635162060678,0.0,1.0,0.0,0.0,2.0
2962,0.0015776779337292536,0.3407784336855188,0.0,0.1,910.3737367569357,253.50730156752962,0.0,1.0,0.0,0.0,2.0
2963,0.0002666397643473093,0.057594189099018804,1.0,0.1,908.2539129369591,244.47502595250407,0.0,1.0,0.0,0.0,2.0
2964,0.0003670981487756767,0.07929320013554617,1.0,0.1,906.153581244759,238.18395077286442,0.0,1.0,0.0,0.0,2.0
2965,0.0004841381630056376,0.10457384320921771,0.0,0.1,907.5104111031852,234.5076978762131,0.0,1.0,0.0,0.0,2.0
2966,0.0008715332619478731,0.18825118458074058,0.0,0.1,910.0774173676438,231.69904478396873,0.0,1.0,0.0,0.0,2.0
2967,0.00015107693939316275,0.032632618908923154,1.0,0.1,912.7121685407806,229.4688185683212,0.0,1.0,0.0,0.0,2.0
2968,0.00038571916713336837,0.08331534010080757,1.0,0.1,919.8675750842553,227.9309081869445,0.0,1.0,0.0,0.0,2.0
2969,0.0015114349223416912,0.3264699432258053,0.0,0.1,922.6747772544553,225.12255134838296,0.0,1.0,0.0,0.0,2.0
2970,0.0006234607423702474,0.13466752035197344,0.0,0.1,926.176933341305,221.02279253172452,0.0,1.0,0.0,0.0,2.0
2971,0.001453429331000999,0.31394073549621576,0.0,0.1,929.8290977963986,220.29232366738685,0.0,1.0,0.0,0.0,2.0
2972,0.001881878071327745,0.40648566340679293,0.0,0.1,936.8645156688924,226.31191726047516,0.0,1.0,0.0,0.0,2.0
2973,0.0008183676360809454,0.1767674093934842,0.0,0.1,939.3159639239656,228.33958213430162,0.0,1.0,0.0,0.0,2.0
2974,0.000593131405661701,0.1281163836229274,0.0,0.1,937.3823629302731,228.47870019909757,0.0,1.0,0.0,0.0,2.0
2975,0.0002207125755123798,0.04767391631067404,1.0,0.1,934.532852330941,226.53368815693355,0.0,1.0,0.0,0.0,2.0
2976,,,,0.1,933.8153095830058,225.90412919949614,0.0,1.0,0.0,0.0,2.0
2977,,,,0.1,931.4904783950592,228.07265060362593,,,0.0,0.0,2.0
2978,,,,0.1,926.5792069820161,229.9406980703238,,,0.0,0.0,2.0
2979,,,,0.1,922.2222702484133,230.93253184951035,,,0.0,0.0,2.0
2980,9.681900719313474e-05,0.020912905553717106,1.0,0.1,920.773966571331,232.86817489944139,0.0,1.0,0.0,0.0,2.0
2981,0.0004392742274547713,0.0948832331302306,1.0,0.1,916.5414804629986,233.78679796233553,0.0,1.0,0.0,0.0,2.0
2982,0.001063552043506301,0.229727241397361,0.0,0.1,910.2206373511897,231.6981044787211,0.0,1.0,0.0,0.0,2.0
2983,0.0007707829419914834,0.1664891154701604,0.0,0.1,908.5017299828269,229.9254082105613,0.0,1.0,0.0,0.0,2.0
2984,0.00034109966843950143,0.0736775283829323,1.0,0.1,907.4494313911426,227.81773793023822,0.0,1.0,0.0,0.0,2.0
2985,0.000824349108463194,0.1780594074280499,0.0,0.1,907.1407336527735,221.83797947410142,0.0,1.0,0.0,0.0,2.0
2986,0.0008024148075524739,0.17332159843133435,0.0,0.1,904.9499756887819,215.38902846337425,0.0,1.0,0.0,0.0,2.0
2987,0.0009976888048712975,0.21550078185220026,0.0,0.1,899.7649975705555,215.0901424973715,0.0,1.0,0.0,0.0,2.0
2988,0.0011120700589516675,0.2402071327335602,0.0,0.1,895.3811194248577,209.28873639486466,0.0,1.0,0.0,0.0,2.0
2989,0.0008607975246175041,0.18593226531738088,0.0,0.1,893.7432984429396,205.79077537771323,0.0,1.0,0.0,0.0,2.0
2990,0.0005737330150959159,0.12392633126071785,0.0,0.1,890.1358778457442,193.25343296823058,0.0,1.0,0.0,0.0,2.0
2991,0.0003278209545323314,0.0708093261789836,1.0,0.1,884.2302395611356,176.76010786532768,0.0,1.0,0.0,0.0,2.0
2992,0.0007052939645590895,0.15234349634476332,0.0,0.1,878.9977654141029,164.56215302759838,0.0,1.0,0.0,0.0,2.0
2993,0.00022968420820198155,0.04961178897162802,1.0,0.1,878.8811889765931,157.6505830798527,0.0,1.0,0.0,0.0,2.0
2994,0.000519126240751193,0.1121312680022577,0.0,0.1,877.8926164769563,154.28612067650204,0.0,1.0,0.0,0.0,2.0
2995,0.00047030149442316334,0.10158512279540328,0.0,0.1,874.1499897904503,148.54229392389882,0.0,1.0,0.0,0.0,2.0
2996,0.000595815272570635,0.12869609887525715,0.0,0.1,871.8190063540219,145.51891619484275,0.0,1.0,0.0,0.0,2.0
2997,0.0004313961850467891,0.09318157597010644,1.0,0.1,874.336578677245,144.7506460395375,0.0,1.0,0.0,0.0,2.0
2998,0.00015077982032146942,0.03256844118943739,1.0,0.1,877.2111923037885,143.53826910524367,0.0,1.0,0.0,0.0,2.0
2999,0.0008051571833224602,0.1739139515976514,0.0,0.1,878.1627332983197,141.0052318636576,0.0,1.0,0.0,0.0,2.0
3000,0.0005658265493896852,0.12221853466817201,0.0,0.1,877.0874434212052,140.37293606312528,0.0,1.0,0.0,0.0,2.0
3001,0.00027597944472915854,0.05961156006149824,1.0,0.1,875.7857292820923,139.343810570019,0.0,1.0,0.0,0.0,2.0
3002,0.0004468884903405362,0.09652791391355582,1.0,0.1,875.1422426201793,140.17373867145272,0.0,1.0,0.0,0.0,2.0
3003,9.922770664888869e-05,0.02143318463615996,1.0,0.1,875.0579292731628,139.08986402530678,0.0,1.0,0.0,0.0,2.0
3004,0.00015158936066632695,0.032743301903926623,1.0,0.1,876.1361401293079,140.9959698753933,0.0,1.0,0.0,0.0,2.0
3005,0.00019079243652554784,0.04121116628951833,1.0,0.1,876.2805136354108,140.13760483316082,0.0,1.0,0.0,0.0,2.0
3006,8.73965414411576e-05,0.018877652951290045,1.0,0.1,876.3490574308511,140.53561426088032,0.0,1.0,0.0,0.0,2.0
3007,0.0003001650504839473,0.06483565090453261,1.0,0.1,876.0201053676959,140.52288604879666,0.0,1.0,0.0,0.0,2.0
3008,0.0001628647853587653,0.03517879363749331,1.0,0.1,876.4655144610721,141.42587937116346,0.0,1.0,0.0,0.0,2.0
3009,0.00033138965147338166,0.07158016471825043,1.0,0.1,876.1520736372648,141.6725119709704,0.0,1.0,0.0,0.0,2.0
3010,0.0004981268108915555,0.10759539115257599,0.0,0.1,876.2492514462631,142.2516861765475,0.0,1.0,0.0,0.0,2.0
3011,0.0001869675619893865,0.04038499338970748,1.0,0.1,875.8720557617518,141.12805147986037,0.0,1.0,0.0,0.0,2.0
3012,0.0002749709595529954,0.05939372726344701,1.0,0.1,875.5282906326272,141.08031646899346,0.0,1.0,0.0,0.0,2.0
3013,0.00015395655914326371,0.03325461677494496,1.0,0.1,874.998829950462,142.29287143290833,0.0,1.0,0.0,0.0,2.0
3014,0.00021261050170773323,0.04592386836887038,1.0,0.1,874.7035783340842,143.1990495843902,0.0,1.0,0.0,0.0,2.0
3015,0.0001327075081990267,0.028664821770989765,1.0,0.1,872.7438599535423,142.7092661360216,0.0,1.0,0.0,0.0,2.0
3016,0.0002675167451200847,0.0577836169459383,1.0,0.1,872.6657585798529,142.67530001895332,0.0,1.0,0.0,0.0,2.0
3017,0.00018996663072332593,0.0410327922362384,1.0,0.1,871.3068391087553,142.6837897415819,0.0,1.0,0.0,0.0,2.0
3018,0.00014988055842580123,0.03237420061997307,1.0,0.1,870.890466507543,143.67792996230648,0.0,1.0,0.0,0.0,2.0
3019,1.2641526820971141e-05,0.0027305697933297664,1.0,0.1,870.9849225487575,142.3518812193819,0.0,1.0,0.0,0.0,2.0
3020,4.0921641899407336e-05,0.008839074650271986,1.0,0.1,870.7064893144718,141.7193368988439,0.0,1.0,0.0,0.0,2.0
3021,0.00016787103061407035,0.0362601426126392,1.0,0.1,871.2044318085796,142.93210807424177,0.0,1.0,0.0,0.0,2.0
3022,0.00022459240355128619,0.04851195916707782,1.0,0.1,872.3893987964815,143.2866632947593,0.0,1.0,0.0,0.0,2.0
3023,0.00035754868901690106,0.07723051682765063,1.0,0.1,873.07449950181,143.37690895959562,0.0,1.0,0.0,0.0,2.0
3024,7.188667854965712e-05,0.015527522566725937,1.0,0.1,872.7952881549382,143.50865581707225,0.0,1.0,0.0,0.0,2.0
3025,0.00011040193622901169,0.023846818225466526,1.0,0.1,872.4846042703723,144.18278486300048,0.0,1.0,0.0,0.0,2.0
3026,6.841967696214038e-05,0.014778650223822323,1.0,0.1,871.2260979974058,146.03345258600876,0.0,1.0,0.0,0.0,2.0
3027,6.191665305212543e-05,0.013373997059259093,1.0,0.1,870.7397531378103,147.1542278820019,0.0,1.0,0.0,0.0,2.0
3028,0.0002271243295638152,0.04905885518578409,1.0,0.1,870.6653302028977,146.58277829158402,0.0,1.0,0.0,0.0,2.0
3029,0.00013073415635851668,0.0282385777734396,1.0,0.1,870.2938951371854,147.2636923288551,0.0,1.0,0.0,0.0,2.0
3030,0.0001152428527595583,0.024892456196064592,1.0,0.1,870.6087982747355,147.16689026911402,0.0,1.0,0.0,0.0,2.0
3031,4.004092984474316e-05,0.008648840846464521,1.0,0.1,870.5445602864859,146.82495355144698,0.0,1.0,0.0,0.0,2.0
3032,0.00010085167163219195,0.02178396107255346,1.0,0.1,870.637603478327,146.89964153333997,0.0,1.0,0.0,0.0,2.0
3033,9.013562555006695e-05,0.019469295118814463,1.0,0.1,870.6310842442138,147.0214319689083,0.0,1.0,0.0,0.0,2.0
3034,0.00018610090476446753,0.04019779542912499,1.0,0.1,870.5240788120507,147.75254871662833,0.0,1.0,0.0,0.0,2.0
3035,0.00043085257087154124,0.0930641553082529,1.0,0.1,870.469816469121,148.86693956246683,0.0,1.0,0.0,0.0,2.0
3036,0.00038210158613489255,0.0825339426051368,1.0,0.1,869.5080073416345,149.49412981426002,0.0,1.0,0.0,0.0,2.0
3037,0.0002094215197228225,0.04523504826012966,1.0,0.1,870.2376109578778,151.92880570767178,0.0,1.0,0.0,0.0,2.0
3038,0.0005535186602178501,0.11956003060705563,0.0,0.1,872.8768427997226,155.05868620321368,0.0,1.0,0.0,0.0,2.0
3039,0.0009859735322978577,0.21297028297633727,0.0,0.1,874.0289718005739,165.46660993221738,0.0,1.0,0.0,0.0,2.0
3040,6.579229046572393e-05,0.014211134740596367,1.0,0.1,880.0039557090804,180.4525507624679,0.0,1.0,0.0,0.0,2.0
3041,0.00014678281914040314,0.03170508893432707,1.0,0.1,882.7674846691552,189.9691270435776,0.0,1.0,0.0,0.0,2.0
3042,0.00030923212205502505,0.06679413836388541,1.0,0.1,888.3038821308846,201.41815800204367,0.0,1.0,0.0,0.0,2.0
3043,0.0005688029591682097,0.12286143918033328,0.0,0.1,891.1162017829386,207.00375619711443,0.0,1.0,0.0,0.0,2.0
3044,0.0004836199859316338,0.10446191696123291,0.0,0.1,898.1947643056149,218.79898535435277,0.0,1.0,0.0,0.0,2.0
3045,0.00016723968877334073,0.0361237727750416,1.0,0.1,902.5271233389063,224.58845907098652,0.0,1.0,0.0,0.0,2.0
3046,6.295096817319544e-05,0.013597409125410215,1.0,0.1,908.5634040447933,231.24819767665238,0.0,1.0,0.0,0.0,2.0
3047,0.0005308724220568448,0.11466844316427849,0.0,0.1,909.8751285112659,233.3654340162901,0.0,1.0,0.0,0.0,2.0
3048,0.0003889213462047294,0.08400701078022156,1.0,0.1,913.171962366884,237.41262762837044,0.0,1.0,0.0,0.0,2.0
3049,0.00017529480898173646,0.03786367874005508,1.0,0.1,915.9231815640779,240.2249690832543,0.0,1.0,0.0,0.0,2.0
3050,,,,0.1,920.0403280564456,242.96736220668942,0.0,1.0,0.0,0.0,2.0
3051,,,,0.1,927.0553038436339,247.3955024524417,,,0.0,0.0,2.0
3052,,,,0.1,930.0609626354453,250.17889601400452,,,0.0,0.0,2.0
3053,,,,0.1,934.6346485009376,254.87341097174445,,,0.0,0.0,2.0
3054,,,,0.1,937.7894637555252,258.2797131225707,,,0.0,0.0,2.0
3055,0.0005243147484292024,0.11325198566070772,0.0,0.1,942.7001425540849,260.94524286958983,0.0,1.0,0.0,0.0,2.0
3056,9.651810908720654e-05,0.02084791156283661,1.0,0.1,946.7703515970396,261.8088482411912,0.0,1.0,0.0,0.0,2.0
3057,1.1477399796480261e-05,0.0024791183560397365,1.0,0.1,947.7357186767033,262.05341790986836,0.0,1.0,0.0,0.0,2.0
3058,0.00028545422069566886,0.06165811167026447,1.0,0.1,951.7793879086091,265.7623084564648,0.0,1.0,0.0,0.0,2.0
3059,0.0003802474792672202,0.08213345552171958,1.0,0.1,953.0682467909432,268.3434643075753,0.0,1.0,0.0,0.0,2.0
3060,0.00018970482867450804,0.040976242993693734,1.0,0.1,955.1719882465153,270.8749306487973,0.0,1.0,0.0,0.0,2.0
3061,6.530363251994223e-05,0.014105584624307521,1.0,0.1,955.3390376094084,271.39303053342275,0.0,1.0,0.0,0.0,2.0
3062,5.8063273610655714e-05,0.012541667099901635,1.0,0.1,955.8630583532773,272.09000043549605,0.0,1.0,0.0,0.0,2.0
3063,9.89572062470589e-05,0.021374756549364722,1.0,0.1,956.2899328238608,272.3252459259722,0.0,1.0,0.0,0.0,2.0
3064,0.00011779072247618345,0.025442796054855624,1.0,0.1,956.0824971736681,272.7058586756004,0.0,1.0,0.0,0.0,2.0
3065,9.285094783774053e-05,0.020055804732951953,1.0,0.1,956.807993024507,273.74349260532307,0.0,1.0,0.0,0.0,2.0
3066,7.875780051596907e-05,0.017011684911449318,1.0,0.1,956.4040224797235,273.4430193350018,0.0,1.0,0.0,0.0,2.0
3067,9.920639696516389e-05,0.0214285817444754,1.0,0.1,956.460215687346,273.5151217430193,0.0,1.0,0.0,0.0,2.0
3068,5.3829109892977316e-05,0.011627087736883101,1.0,0.1,957.1123549355818,273.37560970222387,0.0,1.0,0.0,0.0,2.0
3069,0.00012211434207504054,0.026376697888208758,1.0,0.1,957.044682044919,273.2626106768709,0.0,1.0,0.0,0.0,2.0
3070,9.712096153068699e-05,0.02097812769062839,1.0,0.1,957.3855353089142,273.36076472750534,0.0,1.0,0.0,0.0,2.0
3071,0.00024922994685020264,0.053833668519643774,1.0,0.1,956.7836993715848,273.193340464207,0.0,1.0,0.0,0.0,2.0
3072,0.00011986605778903454,0.02589106848243146,1.0,0.1,956.4232713001489,272.5195131089855,0.0,1.0,0.0,0.0,2.0
3073,0.00017277477603859864,0.03731935162433731,1.0,0.1,956.1065248291845,272.6220823324224,0.0,1.0,0.0,0.0,2.0
3074,4.622063434187448e-05,0.009983657017844887,1.0,0.1,956.1818243663184,272.2560260929686,0.0,1.0,0.0,0.0,2.0
3075,7.102944183555388e-05,0.015342359436479639,1.0,0.1,956.3911394113934,273.0227376314525,0.0,1.0,0.0,0.0,2.0
3076,0.00012170531079745297,0.026288347132249843,1.0,0.1,956.9575203667335,272.99700473201165,0.0,1.0,0.0,0.0,2.0
3077,0.0003046350936836749,0.06580118023567379,1.0,0.1,957.3928126084047,273.3728227572807,0.0,1.0,0.0,0.0,2.0
3078,0.0001763888479719483,0.038099991161940835,1.0,0.1,957.7033817546038,274.9391491152302,0.0,1.0,0.0,0.0,2.0
3079,0.00011256970393732047,0.024315056050461224,1.0,0.1,957.9291805472512,276.68965208650087,0.0,1.0,0.0,0.0,2.0
3080,4.742821751742759e-05,0.01024449498376436,1.0,0.1,957.6412484673812,277.89958948885436,0.0,1.0,0.0,0.0,2.0
3081,0.0004294337302570948,0.09275768573553247,1.0,0.1,957.2261141917921,277.9123828414834,0.0,1.0,0.0,0.0,2.0
3082,0.0010869285019558539,0.23477655642246445,0.0,0.1,961.0897860186491,278.99357281384613,0.0,1.0,0.0,0.0,2.0
3083,0.0007993342723244414,0.17265620282207936,0.0,0.1,963.5908736383818,277.0092269058984,0.0,1.0,0.0,0.0,2.0
3084,0.0006774057526345151,0.14631964256905527,0.0,0.1,963.3665556638182,275.66181034156267,0.0,1.0,0.0,0.0,2.0
3085,0.0008428707720873243,0.18206008677086208,0.0,0.1,965.1149239056731,275.924293637996,0.0,1.0,0.0,0.0,2.0
3086,0.0009674506625389442,0.20896934310841195,0.0,0.1,964.6953834885428,278.1580024269376,0.0,1.0,0.0,0.0,2.0
3087,0.00014297508715195858,0.030882618824823054,1.0,0.1,964.2972025590328,280.83392706939975,0.0,1.0,0.0,0.0,2.0
3088,0.0004924500113596832,0.10636920245369158,0.0,0.1,964.0554051534014,281.41980691468774,0.0,1.0,0.0,0.0,2.0
3089,0.0007710590883033176,0.16654876307351663,0.0,0.1,962.1116803949891,281.3851970112555,0.0,1.0,0.0,0.0,2.0
3090,0.0006052682270196926,0.1307379370362536,0.0,0.1,956.8771661848052,278.2305405848957,0.0,1.0,0.0,0.0,2.0
3091,0.0003150194876689697,0.06804420933649745,1.0,0.1,952.3227736167116,275.9004709970085,0.0,1.0,0.0,0.0,2.0
3092,0.0001701957266046395,0.03676227694660213,1.0,0.1,947.2840833529234,272.20876289456714,0.0,1.0,0.0,0.0,2.0
3093,0.00048802847730386635,0.10541415109763513,0.0,0.1,943.7772425446841,270.5468255557481,0.0,1.0,0.0,0.0,2.0
3094,0.00045112482564982906,0.09744296234036308,1.0,0.1,942.6402176475766,267.9678141293035,0.0,1.0,0.0,0.0,2.0
3095,0.0005574075983948779,0.12040004125329364,0.0,0.1,946.9672569981368,270.71080533814734,0.0,1.0,0.0,0.0,2.0
3096,0.00010980409861625222,0.02371768530111048,1.0,0.1,944.0292768299103,267.2075041042991,0.0,1.0,0.0,0.0,2.0
3097,0.000496017075770012,0.10713968836632258,0.0,0.1,940.4855338912096,263.43391837360133,0.0,1.0,0.0,0.0,2.0
3098,0.00028513291785989183,0.061588710257736635,1.0,0.1,929.7236741781898,256.84055511013605,0.0,1.0,0.0,0.0,2.0
3099,0.0011749377524604184,0.2537865545314504,0.0,0.1,923.0003992388088,250.26274138485405,0.0,1.0,0.0,0.0,2.0
3100,0.0008705242937247876,0.18803324744455413,0.0,0.1,913.7480376803405,238.97684922864295,0.0,1.0,0.0,0.0,2.0
3101,0.00033369532658215646,0.0720781905417458,1.0,0.1,910.7287094643578,231.52617170278683,0.0,1.0,0.0,0.0,2.0
3102,0.0004478509264177922,0.09673580010624312,1.0,0.1,906.5767474200569,226.27688246279507,0.0,1.0,0.0,0.0,2.0
3103,0.0005355751686923737,0.11568423643755271,0.0,0.1,903.1674655778919,219.1863548537417,0.0,1.0,0.0,0.0,2.0
3104,0.0013340687039754579,0.2881588400586989,0.0,0.1,904.763352980103,215.44424255222657,0.0,1.0,0.0,0.0,2.0
3105,0.0006978643304980987,0.15073869538758933,0.0,0.1,906.1510302066383,211.63930613260888,0.0,1.0,0.0,0.0,2.0
3106,0.0008001079908932928,0.17282332603295125,0.0,0.1,908.7357029745931,209.6373400631962,0.0,1.0,0.0,0.0,2.0
3107,0.001666038063622683,0.35986422174249955,0.0,0.1,914.0275087176319,209.0532708630766,0.0,1.0,0.0,0.0,2.0
3108,0.0010197446338016934,0.22026484090116577,0.0,0.1,914.8695187265455,205.4584804317703,0.0,1.0,0.0,0.0,2.0
3109,0.0011520114415003106,0.2488344713640671,0.0,0.1,917.1356220399497,201.14461813091205,0.0,1.0,0.0,0.0,2.0
3110,0.0019824918882882896,0.4282182478702706,0.0,0.1,918.8905475593206,201.60548791626638,0.0,1.0,0.0,0.0,2.0
3111,0.0006594474852457579,0.14244065681308374,0.0,0.1,924.2996171839359,205.96389204525943,0.0,1.0,0.0,0.0,2.0
3112,0.001190294401774315,0.257103590783252,0.0,0.1,925.0131263775863,207.23794357661905,0.0,1.0,0.0,0.0,2.0
3113,0.0009438638987323165,0.20387460212618036,0.0,0.1,920.5929719252495,205.26412020720124,0.0,1.0,0.0,0.0,2.0
3114,0.00020059398776914122,0.0433283013581345,1.0,0.1,917.709755322841,202.36588085159264,0.0,1.0,0.0,0.0,2.0
3115,0.00039334800373922406,0.08496316880767239,1.0,0.1,915.922091206121,202.6594201221091,0.0,1.0,0.0,0.0,2.0
3116,0.0004168418484657515,0.09003783926860232,1.0,0.1,912.9060544178665,204.6401475856622,0.0,1.0,0.0,0.0,2.0
3117,9.517729776726075e-05,0.02055829631772832,1.0,0.1,910.0536569680639,206.63449417397575,0.0,1.0,0.0,0.0,2.0
3118,7.660000292138626e-05,0.016545600631019432,1.0,0.1,906.0862843328609,207.47787224273273,0.0,1.0,0.0,0.0,2.0
3119,5.3190419693989994e-05,0.011489130653901839,1.0,0.1,901.4735788060052,208.77093603019478,0.0,1.0,0.0,0.0,2.0
3120,0.00045526206898256484,0.098336606900234,1.0,0.1,897.6257541410439,208.81263725134608,0.0,1.0,0.0,0.0,2.0
3121,0.0005326083312638539,0.11504339955299245,0.0,0.1,892.0382619888161,207.62664809964662,0.0,1.0,0.0,0.0,2.0
3122,0.00021924934509315132,0.04735785854012069,1.0,0.1,886.2704246673325,201.61840931994718,0.0,1.0,0.0,0.0,2.0
3123,0.00016392503406141486,0.03540780735726561,1.0,0.1,887.5610849423243,197.5006083501824,0.0,1.0,0.0,0.0,2.0
3124,0.0008610271003115412,0.18598185366729292,0.0,0.1,889.5698721595181,196.84729169280615,0.0,1.0,0.0,0.0,2.0
3125,0.0008040233880217154,0.17366905181269054,0.0,0.1,890.2653448450407,194.22996054359365,0.0,1.0,0.0,0.0,2.0
3126,0.00045653318406316105,0.0986111677576428,1.0,0.1,887.6139649048084,192.16155167929077,0.0,1.0,0.0,0.0,2.0
3127,0.00045466506017372964,0.09820765299752561,1.0,0.1,883.977863456092,191.5044704090467,0.0,1.0,0.0,0.0,2.0
3128,0.00046217259501099865,0.0998292805223757,1.0,0.1,884.3136702084043,191.79706088047624,0.0,1.0,0.0,0.0,2.0
3129,0.000416653666063011,0.08999719186961039,1.0,0.1,885.5234435977308,190.9430511293664,0.0,1.0,0.0,0.0,2.0
3130,0.00034360903649317256,0.07421955188252527,1.0,0.1,888.4545621219722,190.03067336003448,0.0,1.0,0.0,0.0,2.0
3131,0.00036023681789251803,0.07781115266478389,1.0,0.1,888.0049329300181,187.55404997341842,0.0,1.0,0.0,0.0,2.0
3132,0.00047896602379569837,0.10345666113987086,0.0,0.1,884.8438375786595,180.33605983741643,0.0,1.0,0.0,0.0,2.0
3133,0.00030555833198714816,0.066000599709224,1.0,0.1,884.2081192492245,177.73858866368744,0.0,1.0,0.0,0.0,2.0
3134,0.0005873759075811073,0.12687319603751918,0.0,0.1,883.8020540156699,176.37982044705808,0.0,1.0,0.0,0.0,2.0
3135,0.0004774186249993717,0.1031224229998643,0.0,0.1,878.6575195631143,174.28974834237184,0.0,1.0,0.0,0.0,2.0
3136,0.0003319004495525505,0.07169049710335092,1.0,0.1,881.136502282464,172.38748411447932,0.0,1.0,0.0,0.0,2.0
3137,0.0004201946648464856,0.0907620476068409,1.0,0.1,879.3618552919979,168.15332976877912,0.0,1.0,0.0,0.0,2.0
3138,0.00023491743446525656,0.05074216584449542,1.0,0.1,882.4955475234797,162.0982116706095,0.0,1.0,0.0,0.0,2.0
3139,0.00044753935049393547,0.09666849970669006,1.0,0.1,883.8939110138081,158.13697856946763,0.0,1.0,0.0,0.0,2.0
3140,0.000276205195226234,0.05966032216886654,1.0,0.1,884.7218909475572,147.78382190158118,0.0,1.0,0.0,0.0,2.0
3141,0.0004014560593087086,0.08671450881068106,1.0,0.1,886.6635644225192,139.89061045684207,0.0,1.0,0.0,0.0,2.0
3142,0.000250866230858008,0.05418710586532973,1.0,0.1,885.4464994780859,136.18559633338606,0.0,1.0,0.0,0.0,2.0
3143,0.00050888977315039,0.10992019100048422,0.0,0.1,883.1550702816469,130.42143369020883,0.0,1.0,0.0,0.0,2.0
3144,0.0010262997771435759,0.2216807518630124,0.0,0.1,880.3694725352766,126.65265979473868,0.0,1.0,0.0,0.0,2.0
3145,0.0007704080833366801,0.1664081460007229,0.0,0.1,881.4445121538696,122.62331785033295,0.0,1.0,0.0,0.0,2.0
3146,0.0006845851299664262,0.14787038807274808,0.0,0.1,880.7843310583604,120.68785617093786,0.0,1.0,0.0,0.0,2.0
3147,0.0005042756798281947,0.10892354684289006,0.0,0.1,880.490967123524,118.33747509243477,0.0,1.0,0.0,0.0,2.0
3148,0.000982293298211382,0.21217535241365854,0.0,0.1,879.5696168564358,116.26704819423409,0.0,1.0,0.0,0.0,2.0
3149,0.0008835647831521424,0.19084999316086276,0.0,0.1,877.7368439508083,115.6524340071039,0.0,1.0,0.0,0.0,2.0
3150,0.00039320860409504995,0.0849330584845308,1.0,0.1,874.0618116197771,115.43275514475026,0.0,1.0,0.0,0.0,2.0
3151,0.0005238587575371183,0.11315349162801755,0.0,0.1,871.8393679410382,114.03441061092936,0.0,1.0,0.0,0.0,2.0
3152,0.0006170250038819619,0.13327740083850376,0.0,0.1,867.517873369515,113.12571635138428,0.0,1.0,0.0,0.0,2.0
3153,0.000712595296757879,0.15392058409970188,0.0,0.1,864.3351204731778,111.13781470396725,0.0,1.0,0.0,0.0,2.0
3154,0.0007570840969889933,0.16353016494962255,0.0,0.1,864.2682104550975,107.92788280099744,0.0,1.0,0.0,0.0,2.0
3155,0.00010437556049004071,0.022545121065848793,1.0,0.1,867.0075793343732,102.87041712080847,0.0,1.0,0.0,0.0,2.0
3156,0.0006207192297925704,0.1340753536351952,0.0,0.1,868.5103189820951,100.24396201006793,0.0,1.0,0.0,0.0,2.0
3157,0.0016580208357454857,0.3581325005210249,0.0,0.1,869.3589670254746,94.70428443897899,0.0,1.0,0.0,0.0,2.0
3158,0.0003673166367101323,0.07934039352938858,1.0,0.1,867.799465411678,90.54337943639597,0.0,1.0,0.0,0.0,2.0
3159,0.00036016322664258137,0.07779525695479758,1.0,0.1,866.4036184876225,90.60654303968349,0.0,1.0,0.0,0.0,2.0
3160,0.0003064507878640527,0.06619337017863539,1.0,0.1,864.760664742874,90.46162479292161,0.0,1.0,0.0,0.0,2.0
3161,0.00014866169174556786,0.032110925417042656,1.0,0.1,861.7719432152453,88.09769883174033,0.0,1.0,0.0,0.0,2.0
3162,0.0005884273239055583,0.12710030196360061,0.0,0.1,858.4232231603311,87.44060976879037,0.0,1.0,0.0,0.0,2.0
3163,0.0002920631342488214,0.06308563699774541,1.0,0.1,854.3601172253072,85.34427063084135,0.0,1.0,0.0,0.0,2.0
3164,0.0004728030928074992,0.10212546804641982,0.0,0.1,852.7690352320725,81.92083805298961,0.0,1.0,0.0,0.0,2.0
3165,0.000645040839071739,0.13932882123949564,0.0,0.1,852.0690173609391,80.72914628881792,0.0,1.0,0.0,0.0,2.0
3166,0.001289263486546668,0.2784809130940803,0.0,0.1,850.0120918260086,78.98618622779811,0.0,1.0,0.0,0.0,2.0
3167,0.0009210983729813201,0.19895724856396513,0.0,0.1,848.3387464642994,75.75176621296356,0.0,1.0,0.0,0.0,2.0
3168,0.000566585731151669,0.12238251792876052,0.0,0.1,844.086445319553,75.77219049719854,0.0,1.0,0.0,0.0,2.0
3169,0.000593135172113047,0.12811719717641815,0.0,0.1,843.255319930045,74.66439052874254,0.0,1.0,0.0,0.0,2.0
3170,0.00030920680203337056,0.06678866923920805,1.0,0.1,840.8450954742788,71.73980522105292,0.0,1.0,0.0,0.0,2.0
3171,0.00043671216197769473,0.09432982698718206,1.0,0.1,838.7131625377529,72.20087932398205,0.0,1.0,0.0,0.0,2.0
3172,0.0005366866989485317,0.11592432697288285,0.0,0.1,836.6473285979723,73.88722486098268,0.0,1.0,0.0,0.0,2.0
3173,0.0003588695933280794,0.07751583215886515,1.0,0.1,834.9852956314628,74.87501771780197,0.0,1.0,0.0,0.0,2.0
3174,0.00036981972911468103,0.0798810614887711,1.0,0.1,834.3743489982555,76.122382012523,0.0,1.0,0.0,0.0,2.0
3175,0.00029485431817327716,0.06368853272542786,1.0,0.1,833.3427010948052,76.81590191163689,0.0,1.0,0.0,0.0,2.0
3176,0.0007127046441913108,0.15394420314532314,0.0,0.1,833.0295205343293,76.83059358199637,0.0,1.0,0.0,0.0,2.0
3177,0.0002203069862460396,0.04758630902914455,1.0,0.1,832.9372220981634,76.66784687825051,0.0,1.0,0.0,0.0,2.0
3178,8.511941741192853e-05,0.018385794160976562,1.0,0.1,833.3042655855995,76.50170560161908,0.0,1.0,0.0,0.0,2.0
3179,0.00040481381307936617,0.0874397836251431,1.0,0.1,832.4104863985798,77.10932388171112,0.0,1.0,0.0,0.0,2.0
3180,7.046824298105954e-05,0.015221140483908862,1.0,0.1,832.2328518308333,77.2466464397127,0.0,1.0,0.0,0.0,2.0
3181,0.00042583161539607963,0.09197962892555321,1.0,0.1,831.7064573682433,78.19956671418086,0.0,1.0,0.0,0.0,2.0
3182,2.5586500949963567e-05,0.005526684205192131,1.0,0.1,832.7593637158029,77.4330995169195,0.0,1.0,0.0,0.0,2.0
3183,0.00019866821482232282,0.04291233440162173,1.0,0.1,832.6567610284716,77.67196686673454,0.0,1.0,0.0,0.0,2.0
3184,0.00019485502841328834,0.04208868613727028,1.0,0.1,833.0549803802526,77.01101049938748,0.0,1.0,0.0,0.0,2.0
3185,0.00012784092301255595,0.02761363937071209,1.0,0.1,834.4072091705652,75.65032473669541,0.0,1.0,0.0,0.0,2.0
3186,0.0002301223237629898,0.049706421932805805,1.0,0.1,834.0775397617512,75.76692574395976,0.0,1.0,0.0,0.0,2.0
3187,0.00044471548893404146,0.09605854560975295,1.0,0.1,833.6203305956525,76.00606564875244,0.0,1.0,0.0,0.0,2.0
3188,0.00020677963505642743,0.044664401172188326,1.0,0.1,829.4176786553202,78.1308878229688,0.0,1.0,0.0,0.0,2.0
3189,0.00029161197754060537,0.06298818714877076,1.0,0.1,828.483862463911,81.6897910235953,0.0,1.0,0.0,0.0,2.0
3190,0.00022837766823326978,0.04932957633838628,1.0,0.1,827.599784347178,86.33787592868444,0.0,1.0,0.0,0.0,2.0
3191,0.00030096379826963633,0.06500818042624144,1.0,0.1,827.2239061624235,88.77673137679096,0.0,1.0,0.0,0.0,2.0
3192,0.00022015848996737782,0.04755423383295361,1.0,0.1,825.7913789412354,93.34846361051541,0.0,1.0,0.0,0.0,2.0
3193,0.00030127131325430784,0.0650746036629305,1.0,0.1,824.7203706169579,99.45370606816789,0.0,1.0,0.0,0.0,2.0
3194,0.0005369885662400822,0.11598953030785776,0.0,0.1,822.6011582730252,109.94974914697225,0.0,1.0,0.0,0.0,2.0
3195,9.010587168324144e-05,0.01946286828358015,1.0,0.1,817.3269204332371,115.4702658739306,0.0,1.0,0.0,0.0,2.0
3196,0.0005303260645236548,0.11455042993710943,0.0,0.1,814.2425218292358,118.3610158801038,0.0,1.0,0.0,0.0,2.0
3197,0.0010498878415466184,0.22677577377406957,0.0,0.1,811.7424937178603,126.25046972792885,0.0,1.0,0.0,0.0,2.0
3198,,,,0.1,813.6044150494496,128.08999412839336,0.0,1.0,0.0,0.0,2.0
3199,,,,0.1,816.6162210803577,135.68396520831814,,,0.0,0.0,2.0
3200,0.0001635560022864575,0.035328096493874826,1.0,0.1,817.1557605703872,145.18427463641714,0.0,1.0,0.0,0.0,2.0
3201,0.00021080525357219538,0.0455339347715942,1.0,0.1,816.964842676405,146.88018905028753,0.0,1.0,0.0,0.0,2.0
3202,1.547504481840944e-05,0.0033426096807764394,1.0,0.1,814.3993173040341,153.67614842884214,0.0,1.0,0.0,0.0,2.0
3203,0.000666604905928443,0.1439866596805437,0.0,0.1,816.974525737933,160.41236165178466,0.0,1.0,0.0,0.0,2.0
3204,0.00017944342978775088,0.03875978083415419,1.0,0.1,818.7613310057457,167.52511838914003,0.0,1.0,0.0,0.0,2.0
3205,0.00037567446846189037,0.08114568518776832,1.0,0.1,821.4792488526878,171.6109196306783,0.0,1.0,0.0,0.0,2.0
3206,0.0009724707415201529,0.21005368016835305,0.0,0.1,824.7380486776859,179.48114848937533,0.0,1.0,0.0,0.0,2.0
3207,0.0009612896767280705,0.20763857017326326,0.0,0.1,827.5390711419419,186.36966823559376,0.0,1.0,0.0,0.0,2.0
3208,0.000635122949512518,0.1371865570947039,0.0,0.1,828.2114810837129,194.59903809064477,0.0,1.0,0.0,0.0,2.0
3209,0.0008403554692971814,0.1815167813681912,0.0,0.1,825.7017737372975,200.654286786957,0.0,1.0,0.0,0.0,2.0
3210,0.0011369503690762518,0.2455812797204704,0.0,0.1,824.093069157944,205.68494108015253,0.0,1.0,0.0,0.0,2.0
3211,0.0012082223168616059,0.2609760204421069,0.0,0.1,819.0140288808534,213.80172021447058,0.0,1.0,0.0,0.0,2.0
3212,0.0008909569195674426,0.1924466946265676,0.0,0.1,818.0264135832101,220.5280528367059,0.0,1.0,0.0,0.0,2.0
3213,0.000311587891499144,0.0673029845638151,1.0,0.1,812.2761796715381,224.84773789593075,0.0,1.0,0.0,0.0,2.0
3214,0.0014142967982792272,0.3054881084283131,0.0,0.1,809.7017177815077,228.70959760138214,0.0,1.0,0.0,0.0,2.0
3215,0.0016077892213253082,0.3472824718062666,0.0,0.1,800.3075137226969,236.97502447351278,0.0,1.0,0.0,0.0,2.0
3216,0.0024130933719566003,0.5212281683426256,0.0,0.1,791.3024407453987,247.30359525233723,0.0,1.0,0.0,0.0,2.0
3217,0.001507917946565958,0.32571027645824696,0.0,0.1,784.6587820030574,255.44552239754364,0.0,1.0,0.0,0.0,2.0
3218,0.002724516763264282,0.5884956208650849,0.0,0.1,778.988864514865,258.0629088880084,0.0,1.0,0.0,0.0,2.0
3219,0.0025763563437863524,0.556492970257852,0.0,0.1,771.2983311237125,262.3738800812981,0.0,1.0,0.0,0.0,2.0
3220,0.0029212028480238195,0.6309798151731449,0.0,0.1,760.8012673671699,268.45059904539755,0.0,1.0,0.0,0.0,2.0
3221,0.0030508775996154758,0.6589895615169428,0.0,0.1,748.5223075541325,276.1428413455962,0.0,1.0,0.0,0.0,2.0
3222,0.0012322460033414718,0.2661651367217579,0.0,0.1,743.6512592685084,281.15851923652735,0.0,1.0,0.0,0.0,2.0
3223,0.002224434178197425,0.4804777824906438,0.0,0.1,739.5170936041661,284.4630417776736,0.0,1.0,0.0,0.0,2.0
3224,0.0016336559576260214,0.35286968684722064,0.0,0.1,730.635847646791,288.43920023998135,0.0,1.0,0.0,0.0,2.0
3225,0.0006072333427200787,0.13116240202753698,0.0,0.1,725.7008169391547,291.4618961779019,0.0,1.0,0.0,0.0,2.0
3226,0.0007593061155426452,0.16401012095721137,0.0,0.1,723.2458130328682,293.8220314050062,0.0,1.0,0.0,0.0,2.0
3227,0.0014883302505543131,0.3214793341197317,0.0,0.1,720.1990661575161,295.0227795213166,0.0,1.0,0.0,0.0,2.0
3228,0.0009997839780189544,0.21595333925209415,0.0,0.1,717.926665377944,295.8772600184449,0.0,1.0,0.0,0.0,2.0
3229,0.0007969459909963496,0.17214033405521154,0.0,0.1,717.4996894620291,295.7577992788135,0.0,1.0,0.0,0.0,2.0
3230,0.0007072089817593978,0.1527571400600299,0.0,0.1,714.2437082452917,294.39082289373346,0.0,1.0,0.0,0.0,2.0
3231,0.00014430730775917062,0.03117037847598085,1.0,0.1,716.3654247489609,291.55839974193634,0.0,1.0,0.0,0.0,2.0
3232,0.0006136433511434455,0.13254696384698422,0.0,0.1,715.0107464050286,291.02061963132417,0.0,1.0,0.0,0.0,2.0
3233,0.0009681042995886841,0.20911052871115576,0.0,0.1,712.7741872547459,291.53878482349927,0.0,1.0,0.0,0.0,2.0
3234,0.0006239579194101694,0.13477491059259658,0.0,0.1,713.4382060268032,290.94151806033744,0.0,1.0,0.0,0.0,2.0
3235,0.00038857490304675487,0.08393217905809906,1.0,0.1,713.0662389213447,289.5180601211316,0.0,1.0,0.0,0.0,2.0
3236,0.0001888862905918289,0.040799438767835046,1.0,0.1,712.1157558196987,289.5026388593428,0.0,1.0,0.0,0.0,2.0
3237,0.0004854058924010142,0.10484767275861906,0.0,0.1,,,0.0,1.0,,,2.0
3238,0.00034648166155598907,0.07484003889609364,1.0,0.1,710.2990680753891,286.5517743654794,0.0,1.0,0.0,0.0,2.0
3239,0.001348266691559446,0.2912256053768404,0.0,0.1,709.5485771312264,287.0546649456067,0.0,1.0,0.0,0.0,2.0
3240,0.00010997161298701554,0.023753868405195357,1.0,0.1,,,0.0,1.0,,,2.0
3241,0.0004993186745465768,0.10785283370206059,0.0,0.1,707.8852879381882,288.1084635769577,0.0,1.0,0.0,0.0,2.0
3242,0.0002701026422815278,0.058342170732810006,1.0,0.1,702.3796187990521,286.2845169119334,0.0,1.0,0.0,0.0,2.0
3243,0.0009691799129684444,0.20934286120118398,0.0,0.1,701.3422495408026,286.8801813786173,0.0,1.0,0.0,0.0,2.0
3244,0.00058312531274683,0.1259550675533153,0.0,0.1,698.932595596525,288.0916070299425,0.0,1.0,0.0,0.0,2.0
3245,0.0008391283912284336,0.18125173250534168,0.0,0.1,697.6756047375992,286.6416651495576,0.0,1.0,0.0,0.0,2.0
3246,0.0017030089822780816,0.3678499401720656,0.0,0.1,695.5109724911958,282.91758173501154,0.0,1.0,0.0,0.0,2.0
3247,0.0009715664174387754,0.20985834616677548,0.0,0.1,689.8303317891205,286.40058943131277,0.0,1.0,0.0,0.0,2.0
3248,0.0021019639780126636,0.4540242192507354,0.0,0.1,680.9324186105279,292.16858698363006,0.0,1.0,0.0,0.0,2.0
3249,0.0007156156911747113,0.15457298929373764,0.0,0.1,673.0440180649346,293.1334370285453,0.0,1.0,0.0,0.0,2.0
3250,0.003345110254234608,0.7225438149146752,0.0,0.1,666.9761399423295,296.5897011732752,0.0,1.0,0.0,0.0,2.0
3251,0.0037476274201352568,0.8094875227492155,0.0,0.1,654.1136824752359,307.50843859135017,0.0,1.0,0.0,0.0,2.0
3252,0.003728592645313742,0.8053760113877683,0.0,0.1,639.7729180904674,319.403158323663,0.0,1.0,0.0,0.0,2.0
3253,0.0013315120938471176,0.2876066122709774,0.0,0.1,631.3744358340742,325.61303196925365,0.0,1.0,0.0,0.0,2.0
3254,0.0030363935789849547,0.6558610130607502,0.0,0.1,627.2567010779832,328.61178260192963,0.0,1.0,0.0,0.0,2.0
3255,0.0019437933697369154,0.41985936786317374,0.0,0.1,619.7371153789799,335.78858538659716,0.0,1.0,0.0,0.0,2.0
3256,0.003784726065769952,0.8175008302063096,0.0,0.1,607.7941360898524,347.0007086515676,0.0,1.0,0.0,0.0,2.0
3257,0.002671181507824285,0.5769752056900456,0.0,0.1,596.5631765226452,355.713653691215,0.0,1.0,0.0,0.0,2.0
3258,0.0024603219614817203,0.5314295436800516,0.0,0.1,590.8243361734258,361.14355683675825,0.0,1.0,0.0,0.0,2.0
3259,0.002764037261994294,0.5970320485907675,0.0,0.1,587.5826060371697,363.63068904842834,0.0,1.0,0.0,0.0,2.0
3260,0.0010866846804492248,0.23472389097703256,0.0,0.1,582.085970504719,368.3522151160882,0.0,1.0,0.0,0.0,2.0
3261,0.0008085782183617818,0.17465289516614485,0.0,0.1,579.588413757543,374.6811847346892,0.0,1.0,0.0,0.0,2.0
3262,0.0007499283052828668,0.16198451394109922,0.0,0.1,,,0.0,1.0,,,2.0
3263,0.0010264853785808313,0.22172084177345958,0.0,0.1,,,0.0,1.0,,,2.0
3264,0.002049616921459195,0.44271725503518616,0.0,0.1,,,0.0,1.0,,,2.0
3265,0.001538685525155934,0.3323560734336818,0.0,0.1,,,0.0,1.0,,,2.0
3266,0.0018179058193072738,0.39266765697037115,0.0,0.1,,,0.0,1.0,,,2.0
3267,0.0010540750088551174,0.22768020191270538,0.0,0.1,,,0.0,1.0,,,2.0
3268,0.0009016849063382828,0.19476393976906908,0.0,0.1,,,0.0,1.0,,,2.0
3269,0.0013308173646801515,0.2874565507709127,0.0,0.1,,,0.0,1.0,,,2.0
3270,0.001133174029693872,0.24476559041387633,0.0,0.1,535.4451939898015,408.4234693302114,0.0,1.0,0.0,0.0,2.0
3271,0.0011390174423980578,0.2460277675579805,0.0,0.1,532.3704659478854,409.6017794625139,0.0,1.0,0.0,0.0,2.0
3272,0.0009742334194058367,0.21043441859166073,0.0,0.1,532.231682277423,413.2027553934497,0.0,1.0,0.0,0.0,2.0
3273,0.0015186997710902343,0.3280391505554906,0.0,0.1,531.1795715557894,415.2259683240697,0.0,1.0,0.0,0.0,2.0
3274,0.0011743809790677488,0.25366629147863373,0.0,0.1,526.6653264271279,425.6509853759787,0.0,1.0,0.0,0.0,2.0
3275,0.001547638993672512,0.3342900226332626,0.0,0.1,520.4375886287,433.6912411300727,0.0,1.0,0.0,0.0,2.0
3276,0.0008833961610835083,0.1908135707940378,0.0,0.1,514.5405513144129,441.243987551232,0.0,1.0,0.0,0.0,2.0
3277,0.002449509599086948,0.5290940734027807,0.0,0.1,512.1529662610354,446.07478247725527,0.0,1.0,0.0,0.0,2.0
3278,0.002823006781123353,0.6097694647226443,0.0,0.1,505.78417827460834,453.9054875127304,0.0,1.0,0.0,0.0,2.0
3279,0.0024876066857872497,0.537323044130046,0.0,0.1,,,0.0,1.0,,,2.0
3280,0.001245695047394078,0.26907013023712084,0.0,0.1,492.0415762744447,474.5215204070374,0.0,1.0,0.0,0.0,2.0
3281,0.0028562031085225103,0.6169398714408623,0.0,0.1,489.3833622947853,478.29168309002995,0.0,1.0,0.0,0.0,2.0
3282,0.002151336024532462,0.46468858129901175,0.0,0.1,484.17587928130774,482.991541923838,0.0,1.0,0.0,0.0,2.0
3283,0.0028850137525456504,0.6231629705498605,0.0,0.1,476.57108615465,489.2609593863486,0.0,1.0,0.0,0.0,2.0
3284,0.002361749107245688,0.5101378071650686,0.0,0.1,470.31999336639296,495.3810164027661,0.0,1.0,0.0,0.0,2.0
3285,0.00043809525538774556,0.09462857516375305,1.0,0.1,465.27032234675056,501.85043499295944,0.0,1.0,0.0,0.0,2.0
3286,0.0011289457176887547,0.243852275020771,0.0,0.1,462.50542537225135,505.75464618626717,0.0,1.0,0.0,0.0,2.0
3287,0.0037018776478761088,0.7996055719412396,0.0,0.1,454.60627976176994,515.7176464818508,0.0,1.0,0.0,0.0,2.0
3288,0.0018183023170219286,0.39275330047673657,0.0,0.1,447.4845969410948,524.2854354516274,0.0,1.0,0.0,0.0,2.0
3289,0.001372746117139048,0.29651316130203437,0.0,0.1,441.56180023619663,529.4792220839789,0.0,1.0,0.0,0.0,2.0
3290,0.003363287017106195,0.7264699956949381,0.0,0.1,440.14142933432174,533.0007668975824,0.0,1.0,0.0,0.0,2.0
3291,0.002559721727949049,0.5528998932369946,0.0,0.1,433.892485705701,542.6759648526629,0.0,1.0,0.0,0.0,2.0
3292,0.003386266888196421,0.731433647850427,0.0,0.1,425.3064275847425,554.0992989348217,0.0,1.0,0.0,0.0,2.0
3293,0.0026057981372918336,0.562852397655036,0.0,0.1,420.66715347137716,561.2774871844794,0.0,1.0,0.0,0.0,2.0
3294,0.0020658520122786507,0.4462240346521886,0.0,0.1,415.21897919091657,567.8830288509073,0.0,1.0,0.0,0.0,2.0
3295,0.00195641594409002,0.42258584392344434,0.0,0.1,411.6366315025705,571.9267736300831,0.0,1.0,0.0,0.0,2.0
3296,0.002568542317406361,0.554805140559774,0.0,0.1,405.6467651378102,580.5469998628004,0.0,1.0,0.0,0.0,2.0
3297,0.0020653277753783085,0.4461107994817146,0.0,0.1,401.72950346542757,589.442827195698,0.0,1.0,0.0,0.0,2.0
3298,0.003331548895709115,0.7196145614731689,0.0,0.1,397.88149069772686,597.6031006144649,0.0,1.0,0.0,0.0,2.0
3299,0.0013050363006168533,0.2818878409332403,0.0,0.1,394.4711593230856,604.2984776572737,0.0,1.0,0.0,0.0,2.0
3300,0.0015786783873044613,0.3409945316577636,0.0,0.1,392.6118964318412,608.0244206179052,0.0,1.0,0.0,0.0,2.0
3301,0.0014818196188370529,0.3200730376688034,0.0,0.1,387.9926285406884,614.8283440851982,0.0,1.0,0.0,0.0,2.0
3302,0.0023006265462760553,0.496935333995628,0.0,0.1,384.8585594626964,622.2007404614478,0.0,1.0,0.0,0.0,2.0
3303,0.0003925649666934546,0.0847940328057862,1.0,0.1,380.51924630667327,633.5331503947903,0.0,1.0,0.0,0.0,2.0
3304,0.0024276066721231867,0.5243630411786083,0.0,0.1,378.12576536630183,639.9563018845677,0.0,1.0,0.0,0.0,2.0
3305,0.0028377456170707188,0.6129530532872753,0.0,0.1,376.8313475208646,649.5798428600149,0.0,1.0,0.0,0.0,2.0
3306,0.0024530917691081462,0.5298678221273596,0.0,0.1,375.37452296050714,657.1870979855235,0.0,1.0,0.0,0.0,2.0
3307,0.001728618077908504,0.3733815048282369,0.0,0.1,369.3245435424489,666.9079031458199,0.0,1.0,0.0,0.0,2.0
3308,0.003441892141086981,0.7434487024747879,0.0,0.1,366.67714431959723,671.9525983871597,1.0,0.0,0.0,0.0,2.0
3309,0.0023597822661705534,0.5097129694928395,0.0,0.1,364.16692054858396,678.1119538672814,1.0,0.0,0.0,0.0,2.0
3310,0.0027634543867132897,0.5969061475300705,0.0,0.1,361.0493754842506,689.6615407111083,1.0,0.0,0.0,0.0,2.0
3311,0.0029506401072425924,0.6373382631644,0.0,0.1,361.35105575215977,696.3770934580532,1.0,0.0,0.0,0.0,2.0
3312,0.0010773099515954435,0.2326989495446158,0.0,0.1,359.2219168136458,704.5594433497554,1.0,0.0,0.0,0.0,2.0
3313,0.0020837352285030795,0.4500868093566652,0.0,0.1,358.0821841643717,709.3290706101212,1.0,0.0,0.0,0.0,2.0
3314,0.0013655058849086942,0.29494927114027797,0.0,0.1,359.95982416268487,717.3322476676569,1.0,0.0,0.0,0.0,2.0
3315,0.002047308989995548,0.44221874183903837,0.0,0.1,360.20640220483017,727.9291077081512,1.0,0.0,0.0,0.0,2.0
3316,0.0009017845992257239,0.19478547343275637,0.0,0.1,360.2398680716554,735.6937317451052,1.0,0.0,0.0,0.0,2.0
3317,0.0043246189836796374,0.9341177004748017,0.0,0.1,362.23682300628155,740.1025758455582,1.0,0.0,0.0,0.0,2.0
3318,0.0029804884982528998,0.6437855156226263,0.0,0.1,360.59857631078995,749.1650863859005,1.0,0.0,0.0,0.0,2.0
3319,0.0014084723164536253,0.30423002035398305,0.0,0.1,,,1.0,0.0,,,2.0
3320,0.0015361040546300352,0.3317984758000876,0.0,0.1,,,1.0,0.0,,,2.0
3321,0.0009461515400555892,0.20436873265200728,0.0,0.1,,,1.0,0.0,,,2.0
3322,0.0022216364856473022,0.47987348089981735,0.0,0.1,345.7996308320203,772.3801539088719,1.0,0.0,0.0,0.0,2.0
3323,0.002248100219468254,0.48558964740514293,0.0,0.1,342.16113869648154,778.8495399758674,1.0,0.0,0.0,0.0,2.0
3324,0.0024680667982727488,0.5331024284269137,0.0,0.1,,,1.0,0.0,,,2.0
3325,0.0018724514244399147,0.4044495076790216,0.0,0.1,333.94684682193764,782.7476295278244,1.0,0.0,0.0,0.0,2.0
3326,0.0007638519328359345,0.16499201749256187,0.0,0.1,,,1.0,0.0,,,2.0
3327,0.0014274433721324531,0.3083277683806099,0.0,0.1,328.7086421520766,788.418115199248,1.0,0.0,0.0,0.0,2.0
3328,0.0019196959298634407,0.4146543208505032,0.0,0.1,328.35695738816264,791.8409148225395,1.0,0.0,0.0,0.0,2.0
3329,0.0019478505970054205,0.4207357289531708,0.0,0.1,,,1.0,0.0,,,2.0
3330,0.00015790361877606273,0.03410718165562955,1.0,0.1,,,1.0,0.0,,,2.0
3331,0.0005556846049310809,0.12002787466511347,0.0,0.1,,,1.0,0.0,,,2.0
3332,0.0013405242807889464,0.28955324465041243,0.0,0.1,,,1.0,0.0,,,2.0
3333,0.0013607186308550688,0.29391522426469485,0.0,0.1,,,1.0,0.0,,,2.0
3334,0.0009698106452703846,0.2094790993784031,0.0,0.1,355.3641530032767,816.7808089296446,1.0,0.0,0.0,0.0,2.0
3335,0.0013033763412798223,0.28152928971644164,0.0,0.1,,,1.0,0.0,,,2.0
3336,0.0008445066373330764,0.1824134336639445,0.0,0.1,,,1.0,0.0,,,2.0
3337,0.0005279720359747999,0.11404195977055678,0.0,0.1,364.649706592355,821.5963331283372,1.0,0.0,0.0,0.0,2.0
3338,0.0006586564214350352,0.1422697870299676,0.0,0.1,367.43688326563523,824.7698447487671,1.0,0.0,0.0,0.0,2.0
3339,0.00046262937567939546,0.09992794514674942,1.0,0.1,369.4217212391657,827.1261858892445,1.0,0.0,0.0,0.0,2.0
3340,0.0004089931439427778,0.08834251909164001,1.0,0.1,372.031969910902,827.0858858319964,1.0,0.0,0.0,0.0,2.0
3341,0.0006017442388720441,0.12997675559636152,0.0,0.1,,,1.0,0.0,,,2.0
3342,0.0001343860486086638,0.02902738649947138,1.0,0.1,370.7968201897689,823.9005308628825,1.0,0.0,0.0,0.0,2.0
3343,0.00013721459832675875,0.029638353238579888,1.0,0.1,371.7768673875263,825.0448777831032,1.0,0.0,0.0,0.0,2.0
3344,0.0012322810150531243,0.26617269925147485,0.0,0.1,,,1.0,0.0,,,2.0
3345,0.0011294823928446065,0.24396819685443502,0.0,0.1,,,1.0,0.0,,,2.0
3346,0.0003178183000010728,0.06864875280023172,1.0,0.1,,,1.0,0.0,,,2.0
3347,0.0006949810190853348,0.1501159001224323,0.0,0.1,,,1.0,0.0,,,2.0
3348,0.00032364617016157854,0.06990757275490096,1.0,0.1,,,1.0,0.0,,,2.0
3349,0.0013872042690406532,0.29963612211278107,0.0,0.1,,,1.0,0.0,,,2.0
3350,0.0013941529982005785,0.301137047611325,0.0,0.1,,,1.0,0.0,,,2.0
3351,0.0023366735880016557,0.5047214950083576,0.0,0.1,404.73390793415155,844.9458989819334,1.0,0.0,0.0,0.0,2.0
3352,0.000360543808243374,0.07787746258056878,1.0,0.1,,,1.0,0.0,,,2.0
3353,0.0007905229331924622,0.17075295356957185,0.0,0.1,423.12756390268936,854.1847000902458,1.0,0.0,0.0,0.0,2.0
3354,0.0018193382430657322,0.3929770605021982,0.0,0.1,427.20976780825634,857.0621354452275,1.0,0.0,0.0,0.0,2.0
3355,0.000774046808996844,0.16719411074331833,0.0,0.1,432.3259672443311,863.8091285755194,1.0,0.0,0.0,0.0,2.0
3356,0.0006843615331392888,0.14782209115808637,0.0,0.1,436.0128028024165,863.424446675477,1.0,0.0,0.0,0.0,2.0
3357,0.0005627226076485881,0.12154808325209504,0.0,0.1,433.6394891235471,865.3013029437786,1.0,0.0,0.0,0.0,2.0
3358,0.0009891670048163975,0.21366007304034185,0.0,0.1,431.3227414574583,867.2951392374999,1.0,0.0,0.0,0.0,2.0
3359,0.0005504172961446325,0.11889013596724061,0.0,0.1,428.8147725513156,867.8852012538824,1.0,0.0,0.0,0.0,2.0
3360,0.00032198875527079485,0.06954957113849168,1.0,0.1,425.72304640744005,866.726220596292,1.0,0.0,0.0,0.0,2.0
3361,0.0004582759467382139,0.0989876044954542,1.0,0.1,425.60328084400976,866.5832175978546,1.0,0.0,0.0,0.0,2.0
3362,0.00013591780028559644,0.02935824486168883,1.0,0.1,423.29430131688594,864.8402022939724,1.0,0.0,0.0,0.0,2.0
3363,0.0007334705133224884,0.1584296308776575,0.0,0.1,420.8840912857203,862.4303121296356,1.0,0.0,0.0,0.0,2.0
3364,0.00043751911142713123,0.09450412806826035,1.0,0.1,,,1.0,0.0,,,2.0
3365,0.00021480869122512258,0.046398677304626476,1.0,0.1,,,1.0,0.0,,,2.0
3366,0.0001448049799340058,0.031277875665745254,1.0,0.1,,,1.0,0.0,,,2.0
3367,0.00041375137445845764,0.08937029688302685,1.0,0.1,,,1.0,0.0,,,2.0
3368,0.0012337988287808952,0.26650054701667336,0.0,0.1,,,1.0,0.0,,,2.0
3369,0.0011041599616724218,0.2384985517212431,0.0,0.1,,,1.0,0.0,,,2.0
3370,0.0008963196377432399,0.1936050417525398,0.0,0.1,,,1.0,0.0,,,2.0
3371,0.0003969684906104663,0.08574519397186071,1.0,0.1,,,1.0,0.0,,,2.0
3372,0.0013205179113170477,0.2852318688444823,0.0,0.1,,,1.0,0.0,,,2.0
3373,0.0007296457563278785,0.15760348336682176,0.0,0.1,,,1.0,0.0,,,2.0
3374,0.0013872973266505298,0.2996562225565145,0.0,0.1,,,1.0,0.0,,,2.0
3375,0.0004518724239440363,0.09760444357191185,1.0,0.1,,,1.0,0.0,,,2.0
3376,0.0010537362331154683,0.22760702635294117,0.0,0.1,,,1.0,0.0,,,2.0
3377,0.0005074782363860989,0.10961529905939736,0.0,0.1,,,1.0,0.0,,,2.0
3378,0.0007899478867408871,0.17062874353603164,0.0,0.1,,,1.0,0.0,,,2.0
3379,0.0003716377883685887,0.08027376228761517,1.0,0.1,,,1.0,0.0,,,2.0
3380,0.0005031038572408677,0.10867043316402741,0.0,0.1,,,1.0,0.0,,,2.0
3381,0.0009538021906107572,0.20602127317192356,0.0,0.1,,,1.0,0.0,,,2.0
3382,,,,0.1,,,1.0,0.0,,,2.0
3383,,,,0.1,379.68592511457405,794.6240312878343,,,0.0,0.0,2.0
3384,,,,0.1,,,,,,,2.0
3385,,,,0.1,,,,,,,2.0
3386,,,,0.1,,,,,,,2.0
3387,,,,0.1,,,,,,,2.0
3388,,,,0.1,,,,,,,2.0
3389,,,,0.1,,,,,,,2.0
3390,,,,0.1,,,,,,,2.0
3391,,,,0.1,,,,,,,2.0
3392,,,,0.1,,,,,,,2.0
3393,,,,0.1,,,,,,,2.0
3394,,,,0.1,,,,,,,2.0
3395,,,,0.1,,,,,,,2.0
3396,,,,0.1,,,,,,,2.0
3397,,,,0.1,,,1.0,0.0,,,2.0
3398,,,,0.1,,,,,,,2.0
3399,,,,0.1,,,,,,,2.0
3400,,,,0.1,,,,,,,2.0
3401,,,,0.1,,,,,,,2.0
3402,,,,0.1,,,,,,,2.0
3403,,,,0.1,,,,,,,2.0
3404,,,,0.1,,,,,,,2.0
3405,,,,0.1,,,,,,,2.0
3406,,,,0.1,,,,,,,2.0
3407,,,,0.1,,,,,,,2.0
3408,,,,0.1,,,,,,,2.0
3409,,,,0.1,,,,,,,2.0
3410,,,,0.1,,,,,,,2.0
3411,,,,0.1,,,,,,,2.0
3412,,,,0.1,,,,,,,2.0
3413,,,,0.1,,,,,,,2.0
3414,,,,0.1,,,,,,,2.0
3415,,,,0.1,,,,,,,2.0
3416,,,,0.1,,,,,,,2.0
3417,,,,0.1,,,,,,,2.0
3418,,,,0.1,,,,,,,2.0
3419,,,,0.1,,,,,,,2.0
3420,,,,0.1,,,,,,,2.0
3421,,,,0.1,,,,,,,2.0
3422,,,,0.1,,,,,,,2.0
3423,,,,0.1,,,,,,,2.0
3424,,,,0.1,,,,,,,2.0
3425,,,,0.1,,,,,,,2.0
3426,,,,0.1,,,,,,,2.0
3427,,,,0.1,,,,,,,2.0
3428,,,,0.1,,,,,,,2.0
3429,,,,0.1,,,,,,,2.0
3430,,,,0.1,,,,,,,2.0
3431,,,,0.1,,,,,,,2.0
3432,,,,0.1,,,,,,,2.0
3433,,,,0.1,,,,,,,2.0
3434,,,,0.1,,,,,,,2.0
3435,,,,0.1,,,,,,,2.0
3436,,,,0.1,,,,,,,2.0
3437,0.0011180544269125707,0.24149975621311526,0.0,0.1,,,1.0,0.0,,,2.0
3438,0.0005163832387154261,0.11153877956253205,0.0,0.1,,,1.0,0.0,,,2.0
3439,0.0008114517851991415,0.17527358560301456,0.0,0.1,,,1.0,0.0,,,2.0
3440,0.0006537415149185088,0.1412081672223979,0.0,0.1,,,1.0,0.0,,,2.0
3441,0.0005641241594350024,0.12185081843796051,0.0,0.1,,,1.0,0.0,,,2.0
3442,0.0012043740834236172,0.26014480201950135,0.0,0.1,,,1.0,0.0,,,2.0
3443,0.000625669205845697,0.13514454846267054,0.0,0.1,,,1.0,0.0,,,2.0
3444,0.00043594605381161303,0.09416434762330843,1.0,0.1,,,1.0,0.0,,,2.0
3445,0.0009822811877347774,0.21217273655071192,0.0,0.1,,,1.0,0.0,,,2.0
3446,0.0008318500133964998,0.17967960289364396,0.0,0.1,,,1.0,0.0,,,2.0
3447,0.0010081929809704032,0.2177696838896071,0.0,0.1,,,1.0,0.0,,,2.0
3448,0.0003038011021713289,0.06562103806900704,1.0,0.1,,,1.0,0.0,,,2.0
3449,0.0008130353589544108,0.17561563753415274,0.0,0.1,,,1.0,0.0,,,2.0
3450,0.0009813657412954906,0.21197500011982598,0.0,0.1,,,1.0,0.0,,,2.0
3451,0.00013194909536744332,0.02850100459936776,1.0,0.1,,,1.0,0.0,,,2.0
3452,0.00024634961110020536,0.05321151599764436,1.0,0.1,,,1.0,0.0,,,2.0
3453,0.0007645824051468824,0.1651497995117266,0.0,0.1,,,1.0,0.0,,,2.0
3454,0.0006960697503942876,0.15035106608516613,0.0,0.1,344.5628828011474,763.8552961668611,1.0,0.0,0.0,0.0,2.0
3455,0.0019149618813938053,0.41363176638106197,0.0,0.1,344.40778351392527,758.8559432146851,1.0,0.0,0.0,0.0,2.0
3456,0.00048594717688464146,0.10496459020708256,0.0,0.1,344.09347811794186,749.7959858456348,1.0,0.0,0.0,0.0,2.0
3457,0.0020093039058404873,0.43400964366154526,0.0,0.1,343.31970587484324,745.4893045432659,1.0,0.0,0.0,0.0,2.0
3458,0.0027375668291923796,0.591314435105554,0.0,0.1,345.9193643125347,736.8206165012328,1.0,0.0,0.0,0.0,2.0
3459,0.0006986068007428594,0.15089906896045763,0.0,0.1,346.37008560394406,729.8938858380571,1.0,0.0,0.0,0.0,2.0
3460,0.0007318908046419357,0.15808841380265812,0.0,0.1,346.17870910320494,725.1454359612788,1.0,0.0,0.0,0.0,2.0
3461,0.0008209669940583438,0.17732887071660228,0.0,0.1,347.71773623402044,717.7403335109731,1.0,0.0,0.0,0.0,2.0
3462,0.0009794120495283825,0.21155300269813063,0.0,0.1,349.37842501521885,714.7643337687412,1.0,0.0,0.0,0.0,2.0
3463,0.0006123198691127665,0.13226109172835757,0.0,0.1,351.5449958883127,712.2609927734237,1.0,0.0,0.0,0.0,2.0
3464,0.00016221675932126832,0.03503882001339396,1.0,0.1,351.6334036367352,714.5876162554232,1.0,0.0,0.0,0.0,2.0
3465,0.00034453750124212795,0.07442010026829964,1.0,0.1,351.9261428587476,714.8822470577574,1.0,0.0,0.0,0.0,2.0
3466,0.0007145270220056472,0.1543378367532198,0.0,0.1,353.7713379686281,714.352397625805,1.0,0.0,0.0,0.0,2.0
3467,0.0005538313911142161,0.11962758048067067,0.0,0.1,355.964754144748,712.3307217105141,1.0,0.0,0.0,0.0,2.0
3468,0.0005499940271293827,0.11879870985994667,0.0,0.1,355.9259050501595,713.4360068959193,1.0,0.0,0.0,0.0,2.0
3469,0.0002314824990672643,0.05000021979852909,1.0,0.1,356.53139008417975,711.9105851161058,1.0,0.0,0.0,0.0,2.0
3470,0.0002116033514216743,0.04570632390708165,1.0,0.1,357.2237514792895,711.6169900800866,1.0,0.0,0.0,0.0,2.0
3471,0.0009599097012651648,0.2073404954732756,0.0,0.1,357.1013481822011,713.7251744189815,1.0,0.0,0.0,0.0,2.0
3472,0.0009318928155947179,0.20128884816845904,0.0,0.1,357.88607848743703,715.0423773453794,1.0,0.0,0.0,0.0,2.0
3473,0.0004045002187921607,0.0873720472591067,1.0,0.1,354.5747106737703,716.7911505175357,1.0,0.0,0.0,0.0,2.0
3474,0.00023337513692153086,0.05040902957505066,1.0,0.1,348.26214923194107,724.6118044394699,1.0,0.0,0.0,0.0,2.0
3475,0.0007295795317279744,0.15758917885324247,0.0,0.1,345.5529012973761,727.5501689181413,1.0,0.0,0.0,0.0,2.0
3476,0.0001928181319069333,0.041648716491897594,1.0,0.1,341.47417483509406,735.7634788147792,1.0,0.0,0.0,0.0,2.0
3477,0.0009228277330347687,0.19933079033551004,0.0,0.1,339.84405699999553,740.9984661290935,1.0,0.0,0.0,0.0,2.0
3478,0.00043405019021322896,0.09375484108605746,1.0,0.1,339.702327630706,743.510710956933,1.0,0.0,0.0,0.0,2.0
3479,0.0001280725450462361,0.027663669729987,1.0,0.1,338.79783086938113,741.2152484551565,1.0,0.0,0.0,0.0,2.0
3480,0.0005269104499755294,0.11381265719471435,0.0,0.1,337.2101780147545,739.7732183369014,1.0,0.0,0.0,0.0,2.0
3481,2.7204056753694547e-05,0.005876076258798022,1.0,0.1,333.02141532261317,739.5529764497866,1.0,0.0,0.0,0.0,2.0
3482,0.001006079298718206,0.2173131285231325,0.0,0.1,332.7553140273836,738.8797092250262,1.0,0.0,0.0,0.0,2.0
3483,0.0007206120967541621,0.15565221289889902,0.0,0.1,331.8813050264414,738.5713427641163,1.0,0.0,0.0,0.0,2.0
3484,0.0002496942170694018,0.05393395088699079,1.0,0.1,331.3549830867122,739.159711036165,1.0,0.0,0.0,0.0,2.0
3485,0.0007870164818984442,0.16999556009006395,0.0,0.1,330.1058400261043,738.5603048212657,1.0,0.0,0.0,0.0,2.0
3486,0.000927155248435252,0.20026553366201444,0.0,0.1,325.99183122435943,731.3740855473959,1.0,0.0,0.0,0.0,2.0
3487,7.353509583346274e-05,0.015883580700027954,1.0,0.1,316.6441351807253,722.0051506687043,1.0,0.0,0.0,0.0,2.0
3488,0.0003810495860286662,0.0823067105821919,1.0,0.1,313.8760482589017,718.6445704119835,1.0,0.0,0.0,0.0,2.0
3489,0.001349705006036192,0.2915362813038175,0.0,0.1,310.4342536486886,714.6868129344379,1.0,0.0,0.0,0.0,2.0
3490,0.0012640662242043772,0.2730383044281455,0.0,0.1,309.13042739627844,710.315511884309,1.0,0.0,0.0,0.0,2.0
3491,0.0006624027739467401,0.1430789991724959,0.0,0.1,308.5251803524002,713.4113657817775,1.0,0.0,0.0,0.0,2.0
3492,0.0005919584422601429,0.12786302352819084,0.0,0.1,310.36220752885794,714.0213399234814,1.0,0.0,0.0,0.0,2.0
3493,0.0006877339452516537,0.1485505321743572,0.0,0.1,311.49581090863535,711.9267790968416,1.0,0.0,0.0,0.0,2.0
3494,0.00048308886668357214,0.10434719520365159,0.0,0.1,310.449532457711,705.2256284052842,1.0,0.0,0.0,0.0,2.0
3495,0.0005672056810882278,0.1225164271150572,0.0,0.1,310.2770443405511,694.9135784048117,1.0,0.0,0.0,0.0,2.0
3496,0.0003668012596173951,0.07922907207735734,1.0,0.1,312.08131147654757,688.1320534284257,1.0,0.0,0.0,0.0,2.0
3497,0.0008683241168779557,0.18755800924563845,0.0,0.1,313.3660246794806,687.2246910704748,1.0,0.0,0.0,0.0,2.0
3498,0.0013621953144133142,0.2942341879132759,0.0,0.1,319.5701279005222,682.4563111496115,1.0,0.0,0.0,0.0,2.0
3499,0.0019273472157538246,0.4163069986028261,0.0,0.1,325.3222084781965,677.8045477220674,1.0,0.0,0.0,0.0,2.0
3500,0.0016289907324280142,0.3518619982044511,0.0,0.1,331.81905545728773,678.7596296533206,1.0,0.0,0.0,0.0,2.0
3501,0.0007366427755956451,0.15911483952865935,0.0,0.1,337.6292598599182,678.7132756187377,1.0,0.0,0.0,0.0,2.0
3502,0.0012497999722881378,0.2699567940142378,0.0,0.1,337.573705110774,676.4060609561942,1.0,0.0,0.0,0.0,2.0
3503,0.0012975230842203584,0.28026498619159745,0.0,0.1,333.5798362489616,664.4259631249382,1.0,0.0,0.0,0.0,2.0
3504,0.0006578784195830411,0.14210173862993689,0.0,0.1,326.37037866798653,654.784836415579,1.0,0.0,0.0,0.0,2.0
3505,0.0004764809379431517,0.10291988259572077,0.0,0.1,321.74262945643017,644.7338120704289,1.0,0.0,0.0,0.0,2.0
3506,0.0006647496546446286,0.14358592540323978,0.0,0.1,319.2025404789256,635.5700059465465,1.0,0.0,0.0,0.0,2.0
3507,0.0004184326830240194,0.0903814595331882,1.0,0.1,318.84779053083224,631.8016216307145,1.0,0.0,0.0,0.0,2.0
3508,0.00045468413513526253,0.0982117731892167,1.0,0.1,316.51297385030597,627.0577871932601,1.0,0.0,0.0,0.0,2.0
3509,8.765186300029299e-05,0.018932802408063287,1.0,0.1,315.8800730436831,621.5488030356278,1.0,0.0,0.0,0.0,2.0
3510,0.0005724347895911557,0.12364591455168963,0.0,0.1,310.17066696310525,622.9590355005076,1.0,0.0,0.0,0.0,2.0
3511,0.0006071813434186689,0.13115117017843247,0.0,0.1,309.4572109351147,623.1928052947857,1.0,0.0,0.0,0.0,2.0
3512,0.0004634609307157375,0.10010756103459931,0.0,0.1,309.06350532093325,622.7550385175316,1.0,0.0,0.0,0.0,2.0
3513,0.0004361472866432855,0.09420781391494967,1.0,0.1,307.81178261148807,622.6474435386666,1.0,0.0,0.0,0.0,2.0
3514,0.002144136199263289,0.4631334190408704,0.0,0.1,304.7426592273073,624.5377905427438,1.0,0.0,0.0,0.0,2.0
3515,0.0016738952323087193,0.3615613701786834,0.0,0.1,300.7356906440452,627.4643001977413,1.0,0.0,0.0,0.0,2.0
3516,0.004701275190614335,1.0154754411726963,0.0,0.1,296.8393084767376,628.9876163815217,1.0,0.0,0.0,0.0,2.0
3517,0.0005159394448911782,0.1114429200964945,0.0,0.1,288.3524528590872,657.0366702088277,1.0,0.0,0.0,0.0,2.0
3518,0.0006697191249195576,0.14465933098262443,0.0,0.1,294.27189848642735,632.7832254017709,1.0,0.0,0.0,0.0,2.0
3519,0.001299996528903075,0.28079925024306424,0.0,0.1,300.0647923317601,625.7264884476049,1.0,0.0,0.0,0.0,2.0
3520,0.0020973482244135097,0.4530272164733181,0.0,0.1,304.242004523074,627.5580858577908,1.0,0.0,0.0,0.0,2.0
3521,0.0012021196912557945,0.25965785331125163,0.0,0.1,319.7221773262251,604.6015707383548,1.0,0.0,0.0,0.0,2.0
3522,0.002220845490799374,0.47970262601266483,0.0,0.1,329.40132962740864,591.5766333037055,1.0,0.0,0.0,0.0,2.0
3523,0.0007646559950368028,0.1651656949279494,0.0,0.1,339.50877005772486,578.8404153751904,1.0,0.0,0.0,0.0,2.0
3524,0.0006589067741250358,0.14232386321100773,0.0,0.1,345.13960512997124,570.3851842212075,1.0,0.0,0.0,0.0,2.0
3525,0.0006786255868909171,0.14658312676843813,0.0,0.1,351.73950316363556,559.5961140990256,1.0,0.0,0.0,0.0,2.0
3526,0.0004404445669621204,0.09513602646381801,1.0,0.1,354.0117152022625,553.9420251325026,1.0,0.0,0.0,0.0,2.0
3527,0.0020086957730288,0.4338782869742208,0.0,0.1,351.61121823139615,552.8158005164297,1.0,0.0,0.0,0.0,2.0
3528,0.00022749500407045223,0.04913892087921768,1.0,0.1,352.0994043363179,550.391889602439,1.0,0.0,0.0,0.0,2.0
3529,0.0009776760408110143,0.21117802481517908,0.0,0.1,352.93585205441224,548.8235506680448,1.0,0.0,0.0,0.0,2.0
3530,0.0005478983547593761,0.11834604462802523,0.0,0.1,351.40633163173584,548.9140294485495,1.0,0.0,0.0,0.0,2.0
3531,0.00033826804738245193,0.07306589823460961,1.0,0.1,348.3484468553722,550.1926145277035,1.0,0.0,0.0,0.0,2.0
3532,0.0014719475331834535,0.317940667167626,0.0,0.1,345.6568837141486,550.4788729192737,1.0,0.0,0.0,0.0,2.0
3533,9.521572256799967e-05,0.02056659607468793,1.0,0.1,343.5987925014291,550.8371634813524,1.0,0.0,0.0,0.0,2.0
3534,0.0007087470591080403,0.1530893647673367,0.0,0.1,343.28928266196976,550.9589081206209,1.0,0.0,0.0,0.0,2.0
3535,0.0004168742918111214,0.09004484703120222,1.0,0.1,343.68005629789906,549.9915753168162,1.0,0.0,0.0,0.0,2.0
3536,0.000435047516103622,0.09397026347838236,1.0,0.1,343.48448881586785,549.0094809803135,1.0,0.0,0.0,0.0,2.0
3537,0.00023969240733625423,0.051773559984630915,1.0,0.1,342.345057708615,548.3860495583509,1.0,0.0,0.0,0.0,2.0
3538,0.0008148405430982753,0.17600555730922746,0.0,0.1,341.3021471503108,549.4517860236309,1.0,0.0,0.0,0.0,2.0
3539,0.000738774117428529,0.15957520936456226,0.0,0.1,341.6681934691258,548.8659329767864,1.0,0.0,0.0,0.0,2.0
3540,0.0005487158018630338,0.1185226132024153,0.0,0.1,341.66231121582905,548.7834487557487,1.0,0.0,0.0,0.0,2.0
3541,0.00028528931936765004,0.061622492983412415,1.0,0.1,341.64165533553444,548.163422206472,1.0,0.0,0.0,0.0,2.0
3542,2.5146606695781747e-05,0.0054316670462888576,1.0,0.1,341.9681114731185,547.1044938055197,1.0,0.0,0.0,0.0,2.0
3543,4.244396072696929e-05,0.009167895517025368,1.0,0.1,343.3296940322467,545.3925162720309,1.0,0.0,0.0,0.0,2.0
3544,0.0003722752839873492,0.08041146134126742,1.0,0.1,342.79092683893606,545.6557734921985,1.0,0.0,0.0,0.0,2.0
3545,0.00016330272178463406,0.03527338790548096,1.0,0.1,347.5048724312801,541.2582256016586,1.0,0.0,0.0,0.0,2.0
3546,0.0004861003287310936,0.10499767100591623,0.0,0.1,352.3033640622582,536.7086149822596,1.0,0.0,0.0,0.0,2.0
3547,0.0004892442278829274,0.10567675322271232,0.0,0.1,356.38621353057783,532.3368311895736,1.0,0.0,0.0,0.0,2.0
3548,0.0004293685482403717,0.09274360641992029,1.0,0.1,359.7294738377549,528.6804070227645,1.0,0.0,0.0,0.0,2.0
3549,0.0006313163386018687,0.13636432913800364,0.0,0.1,366.06924406969085,522.2145141434394,1.0,0.0,0.0,0.0,2.0
3550,0.0006699418247348017,0.14470743414271717,0.0,0.1,372.11789087292146,518.1815301960561,1.0,0.0,0.0,0.0,2.0
3551,0.00017897182177010543,0.038657913502342774,1.0,0.1,375.9784873459578,514.9019118923773,1.0,0.0,0.0,0.0,2.0
3552,0.0009037662131106899,0.19521350203190901,0.0,0.1,376.2168093550018,514.5804106849523,1.0,0.0,0.0,0.0,2.0
3553,0.0002722942374025935,0.058815555278960194,1.0,0.1,379.3353297476535,510.67784147484997,1.0,0.0,0.0,0.0,2.0
3554,0.0003601031521249525,0.07778228085898974,1.0,0.1,386.045446650313,504.1875188294298,1.0,0.0,0.0,0.0,2.0
3555,0.0003654604411827853,0.07893945529548163,1.0,0.1,391.0063803837217,499.47664647118955,1.0,0.0,0.0,0.0,2.0
3556,0.0005713766957898456,0.12341736629060665,0.0,0.1,392.7694750425047,497.81805825751263,1.0,0.0,0.0,0.0,2.0
3557,0.0008060044126761431,0.1740969531380469,0.0,0.1,395.0126186860923,496.8146013920474,1.0,0.0,0.0,0.0,2.0
3558,0.0007036334156723668,0.15198481778523124,0.0,0.1,398.6363406156506,494.22995499226414,1.0,0.0,0.0,0.0,2.0
3559,0.00034513284787425285,0.07454869514083862,1.0,0.1,399.7884629000261,493.1170902430125,1.0,0.0,0.0,0.0,2.0
3560,0.0004477684605872831,0.09671798748685315,1.0,0.1,400.1733632597641,493.192475702763,1.0,0.0,0.0,0.0,2.0
3561,0.0004557669933701894,0.09844567056796091,1.0,0.1,400.0652007612795,493.5082448387485,1.0,0.0,0.0,0.0,2.0
3562,0.0010903299906238346,0.2355112779747483,0.0,0.1,399.29415964749893,494.285028700854,1.0,0.0,0.0,0.0,2.0
3563,0.00042682192326997585,0.09219353542631478,1.0,0.1,401.0313458509503,494.3546978482479,1.0,0.0,0.0,0.0,2.0
3564,0.0004167185288891345,0.09001120224005305,1.0,0.1,399.9779358221363,496.18291445896716,1.0,0.0,0.0,0.0,2.0
3565,0.001019429463312488,0.22019676407549743,0.0,0.1,397.4017685514305,500.30618842040724,1.0,0.0,0.0,0.0,2.0
3566,0.0010312218436650655,0.22274391823165415,0.0,0.1,388.82569852702375,511.0714118939958,1.0,0.0,0.0,0.0,2.0
3567,0.0004431734823234998,0.09572547218187596,1.0,0.1,379.7957548816059,520.8423543487031,1.0,0.0,0.0,0.0,2.0
3568,0.00041309067246632814,0.08922758525272688,1.0,0.1,368.86209914898075,534.0986509678366,1.0,0.0,0.0,0.0,2.0
3569,0.00012816869140216765,0.027684437342868212,1.0,0.1,364.03542897361353,542.1462715295445,1.0,0.0,0.0,0.0,2.0
3570,0.0006336499575082947,0.13686839082179164,0.0,0.1,363.8256892570573,543.1043384110208,1.0,0.0,0.0,0.0,2.0
3571,0.0005098688913020092,0.110131680521234,0.0,0.1,358.4198932948707,551.3654524939581,1.0,0.0,0.0,0.0,2.0
3572,0.0001961187096174964,0.04236164127737922,1.0,0.1,354.8264633845751,556.4919904065587,1.0,0.0,0.0,0.0,2.0
3573,0.0001625005442605291,0.035100117560274285,1.0,0.1,347.6913101838718,565.5527384772853,1.0,0.0,0.0,0.0,2.0
3574,0.00030519295247581255,0.06592167773477552,1.0,0.1,346.1806315196258,569.760536499335,1.0,0.0,0.0,0.0,2.0
3575,,,,0.1,341.6862669568989,578.3116869388504,1.0,0.0,0.0,0.0,2.0
3576,,,,0.1,341.91242591296697,580.6112406533036,,,0.0,0.0,2.0
3577,,,,0.1,337.8596409918593,593.2221868397485,,,0.0,0.0,2.0
3578,,,,0.1,335.2144181322018,600.3014449037138,,,0.0,0.0,2.0
3579,,,,0.1,331.15221918571154,613.2366265067272,,,0.0,0.0,2.0
3580,,,,0.1,330.7780531630231,615.8558723430801,,,0.0,0.0,2.0
3581,,,,0.1,332.3942069278435,620.4158558643758,,,0.0,0.0,2.0
3582,,,,0.1,332.14941995570877,626.1794373696141,,,0.0,0.0,2.0
3583,,,,0.1,332.4843126988029,631.0481232376904,,,0.0,0.0,2.0
3584,,,,0.1,333.4821992411163,641.4527332408063,,,0.0,0.0,2.0
3585,0.0004550963174777694,0.09830080457519819,1.0,0.1,337.1937117046819,643.0719983151579,1.0,0.0,0.0,0.0,2.0
3586,0.0003951545871288233,0.08535339081982585,1.0,0.1,337.6641517633504,641.2161758709041,1.0,0.0,0.0,0.0,2.0
3587,0.0010489019419346935,0.22656281945789378,0.0,0.1,339.08907870922076,639.2960130560317,1.0,0.0,0.0,0.0,2.0
3588,9.475789300409008e-05,0.020467704888883456,1.0,0.1,340.36826893337525,635.5137487764899,1.0,0.0,0.0,0.0,2.0
3589,0.00045392905034573723,0.09804867487467923,1.0,0.1,337.44439882061084,631.2652950471776,1.0,0.0,0.0,0.0,2.0
3590,0.0003690093698797839,0.07970602389403333,1.0,0.1,335.676530046237,628.8527759286281,1.0,0.0,0.0,0.0,2.0
3591,0.00033380592175284057,0.07210207909861358,1.0,0.1,332.52507449363026,627.8149418255517,1.0,0.0,0.0,0.0,2.0
3592,0.0011227551630708806,0.24251511522331023,0.0,0.1,330.44203924353286,627.2017127059797,1.0,0.0,0.0,0.0,2.0
3593,0.0005405478947408685,0.11675834526402759,0.0,0.1,329.6744069099843,620.9405978569174,1.0,0.0,0.0,0.0,2.0
3594,0.00024627739623609416,0.053195917586996336,1.0,0.1,329.5492300874788,608.2448856524732,1.0,0.0,0.0,0.0,2.0
3595,0.0004244894371204544,0.09168971841801815,1.0,0.1,334.94496482871403,593.8239035043451,1.0,0.0,0.0,0.0,2.0
3596,0.00036291278009607786,0.07838916050075281,1.0,0.1,345.2322675510835,576.7072559953565,1.0,0.0,0.0,0.0,2.0
3597,0.00040154705506618315,0.08673416389429557,1.0,0.1,351.50142548952647,566.8693951412764,1.0,0.0,0.0,0.0,2.0
3598,8.272653031689103e-05,0.017868930548448462,1.0,0.1,361.8178940641313,550.3606207176305,1.0,0.0,0.0,0.0,2.0
3599,0.0018559352607096509,0.4008820163132846,0.0,0.1,374.5132362880138,533.515829622646,1.0,0.0,0.0,0.0,2.0
3600,0.0003174772694612183,0.06857509020362315,1.0,0.1,382.6718203122891,521.9954181450282,1.0,0.0,0.0,0.0,2.0
3601,0.0012318049568640066,0.26606987068262544,0.0,0.1,387.01240382116436,516.2667487505294,1.0,0.0,0.0,0.0,2.0
3602,0.00042880072624110904,0.09262095686807956,1.0,0.1,395.0751014057496,506.56537561535583,1.0,0.0,0.0,0.0,2.0
3603,0.0003265874889391398,0.07054289761085421,1.0,0.1,405.64943837154476,495.3817049207284,1.0,0.0,0.0,0.0,2.0
3604,0.000531466593211523,0.11479678413368896,0.0,0.1,416.5002763502295,482.8330243266173,1.0,0.0,0.0,0.0,2.0
3605,0.0002664445840880521,0.05755203016301925,1.0,0.1,421.6774273334525,476.18187867449274,1.0,0.0,0.0,0.0,2.0
3606,0.00027438725537865763,0.05926764716179005,1.0,0.1,423.98525623154853,473.233866185188,1.0,0.0,0.0,0.0,2.0
3607,0.0006086063472220731,0.13145897099996778,0.0,0.1,428.14709175649995,468.28488568398893,1.0,0.0,0.0,0.0,2.0
3608,0.00033863635400090635,0.07314545246419576,1.0,0.1,429.57346707642944,463.8282004354074,1.0,0.0,0.0,0.0,2.0
3609,0.0003330806633391814,0.07194542328126319,1.0,0.1,432.72226620844,459.0576037789049,1.0,0.0,0.0,0.0,2.0
3610,0.000662040972652396,0.14300085009291755,0.0,0.1,434.67441702539696,456.3000711389657,1.0,0.0,0.0,0.0,2.0
3611,0.0010465672940811678,0.22605853552153227,0.0,0.1,448.15596268713705,443.6738100576655,1.0,0.0,0.0,0.0,2.0
3612,0.0007186557710789224,0.15522964655304725,0.0,0.1,462.9617885533884,429.689055561163,1.0,0.0,0.0,0.0,2.0
3613,0.0010416340706263937,0.22499295925530105,0.0,0.1,474.3174204219785,417.8671100493472,1.0,0.0,0.0,0.0,2.0
3614,0.0005525584831469246,0.1193526323597357,0.0,0.1,480.26035998463794,412.3164468013588,1.0,0.0,0.0,0.0,2.0
3615,0.0011046932593393665,0.23861374401730318,0.0,0.1,489.2006059300214,402.09752883703163,1.0,0.0,0.0,0.0,2.0
3616,0.0033865708859579947,0.7314993113669269,0.0,0.1,497.8098052206337,393.20940425583956,1.0,0.0,0.0,0.0,2.0
3617,0.0016279045978502852,0.3516273931356616,0.0,0.1,501.9396419456325,387.2648474912176,1.0,0.0,0.0,0.0,2.0
3618,0.001086366542435006,0.23465517316596132,0.0,0.1,507.8710591994306,379.97536271883496,1.0,0.0,0.0,0.0,2.0
3619,0.0014143791955439776,0.3055059062374992,0.0,0.1,510.95710199644014,375.9941477981235,1.0,0.0,0.0,0.0,2.0
3620,0.002325840227150601,0.5023814890645298,0.0,0.1,513.2137024789395,372.2947425564479,1.0,0.0,0.0,0.0,2.0
3621,0.002560510787136418,0.5530703300214662,0.0,0.1,515.6650448646664,367.21345537648295,1.0,0.0,0.0,0.0,2.0
3622,0.0007028421059720104,0.15181389488995425,0.0,0.1,517.776785173102,361.91008590106964,1.0,0.0,0.0,0.0,2.0
3623,0.0021333733969199557,0.4608086537347104,0.0,0.1,520.4527378009723,358.00872200521536,1.0,0.0,0.0,0.0,2.0
3624,0.001469037107338763,0.3173120151851728,0.0,0.1,524.2280677856601,352.62016841585177,1.0,0.0,0.0,0.0,2.0
3625,0.0014278702211883607,0.30841996777668595,0.0,0.1,524.3759596817463,351.98220579976663,1.0,0.0,0.0,0.0,2.0
3626,0.0006211288234786452,0.13416382587138737,0.0,0.1,524.4374874338298,351.9799681775825,1.0,0.0,0.0,0.0,2.0
3627,0.0005960832888304821,0.1287539903873841,0.0,0.1,525.3538436468447,351.873987805515,1.0,0.0,0.0,0.0,2.0
3628,0.0001459499613434817,0.03152519165019205,1.0,0.1,525.1888738824739,352.67927831657374,1.0,0.0,0.0,0.0,2.0
3629,0.0008559286210789643,0.1848805821530563,0.0,0.1,524.586929024721,354.6907880619121,0.0,1.0,0.0,0.0,2.0
3630,0.0009383538996213775,0.20268444231821756,0.0,0.1,522.4538569098287,357.5946435258785,1.0,0.0,0.0,0.0,2.0
3631,0.00047091120552358596,0.10171682039309457,0.0,0.1,519.3264785687077,360.6480352341108,1.0,0.0,0.0,0.0,2.0
3632,0.00010626178140026908,0.022952544782458124,1.0,0.1,517.543169046185,361.98245548626136,1.0,0.0,0.0,0.0,2.0
3633,0.0005712705634662604,0.12339444170871226,0.0,0.1,516.2908976272996,363.0482808794771,1.0,0.0,0.0,0.0,2.0
3634,0.0002224358990679924,0.04804615419868636,1.0,0.1,512.8118801665294,365.2829032336828,1.0,0.0,0.0,0.0,2.0
3635,0.0005002147948724063,0.10804639569243976,0.0,0.1,506.51107162934386,370.5809078711049,1.0,0.0,0.0,0.0,2.0
3636,0.00016586937041899644,0.03582778401050323,1.0,0.1,503.1376009124333,373.454815451976,1.0,0.0,0.0,0.0,2.0
3637,0.00029718459064703804,0.06419187157976022,1.0,0.1,504.5935578522076,372.2060972847135,1.0,0.0,0.0,0.0,2.0
3638,0.00024392977045022577,0.05268883041724877,1.0,0.1,511.64659010525713,366.5451694455594,1.0,0.0,0.0,0.0,2.0
3639,0.0002298375351326337,0.04964490758864888,1.0,0.1,515.8062960132462,363.5485288476463,1.0,0.0,0.0,0.0,2.0
3640,0.0003667887753922537,0.0792263754847268,1.0,0.1,519.5400580326682,360.6367842801655,1.0,0.0,0.0,0.0,2.0
3641,0.00032879958179623733,0.07102070966798726,1.0,0.1,519.9120400976024,360.5944182945921,1.0,0.0,0.0,0.0,2.0
3642,8.802526493462719e-05,0.019013457225879472,1.0,0.1,521.0696637237394,359.4833345123534,1.0,0.0,0.0,0.0,2.0
3643,0.00035543224291710763,0.07677336447009525,1.0,0.1,521.1983761258905,358.57504739080696,1.0,0.0,0.0,0.0,2.0
3644,0.000500316474481165,0.10806835848793163,0.0,0.1,520.1896600927636,359.05676314968457,1.0,0.0,0.0,0.0,2.0
3645,0.0008664151572651352,0.1871456739692692,0.0,0.1,519.1194561729721,359.8119798351589,1.0,0.0,0.0,0.0,2.0
3646,0.0011086709955877754,0.2394729350469595,0.0,0.1,518.7035675044787,360.0237216192364,1.0,0.0,0.0,0.0,2.0
3647,0.0013583606515095788,0.29340590072606904,0.0,0.1,518.2334855329048,359.6279430038603,1.0,0.0,0.0,0.0,2.0
3648,0.0004465373160121515,0.09645206025862472,1.0,0.1,516.8448181497225,360.4244669385781,0.0,1.0,0.0,0.0,2.0
3649,9.89982136764406e-05,0.02138361415411117,1.0,0.1,515.064914795104,362.18457318171284,0.0,1.0,0.0,0.0,2.0
3650,0.0005715693771573518,0.12345898546598799,0.0,0.1,512.6452834203649,364.9084266487842,0.0,1.0,0.0,0.0,2.0
3651,0.0005455871825907631,0.11784683143960482,0.0,0.1,508.7252963845328,367.94021625753527,0.0,1.0,0.0,0.0,2.0
3652,0.0008434393449258005,0.1821828985039729,0.0,0.1,508.7922835048742,367.0692535490916,1.0,0.0,0.0,0.0,2.0
3653,0.0012235320778881276,0.2642829288238356,0.0,0.1,509.17342592800674,366.3207963523062,1.0,0.0,0.0,0.0,2.0
3654,0.00029817326361170147,0.06440542494012752,1.0,0.1,512.3328535494733,362.5847674855019,1.0,0.0,0.0,0.0,2.0
3655,0.0009308590408707844,0.20106555282808944,0.0,0.1,512.6950071727207,361.8498363451282,0.0,1.0,0.0,0.0,2.0
3656,0.0009070694670355319,0.1959270048796749,0.0,0.1,510.5244717554904,363.7374849641087,0.0,1.0,0.0,0.0,2.0
3657,0.0009088017209874903,0.1963011717332979,0.0,0.1,511.85172002848435,362.05284856939267,0.0,1.0,0.0,0.0,2.0
3658,0.0010716447175995552,0.2314752590015039,0.0,0.1,509.89795698578496,363.90341644240897,0.0,1.0,0.0,0.0,2.0
3659,0.0010263588283495352,0.22169350692349962,0.0,0.1,504.09798055275564,369.59918924369725,0.0,1.0,0.0,0.0,2.0
3660,0.0012650903444924517,0.27325951441036955,0.0,0.1,500.8899809406774,372.79670866549594,0.0,1.0,0.0,0.0,2.0
3661,0.0008558616494105386,0.18486611627267632,0.0,0.1,495.30932427326877,378.35293464921466,0.0,1.0,0.0,0.0,2.0
3662,0.0007414411422673587,0.1601512867297495,0.0,0.1,492.6557245789083,380.99505380418753,0.0,1.0,0.0,0.0,2.0
3663,0.0003857512161227796,0.0833222626825204,1.0,0.1,492.5923627361416,381.0641566785387,0.0,1.0,0.0,0.0,2.0
3664,0.0010823863464795589,0.23379545083958472,0.0,0.1,491.6257148631575,382.0741666089494,0.0,1.0,0.0,0.0,2.0
3665,0.0011047021612321144,0.23861566682613672,0.0,0.1,486.7247557699727,387.2599532072243,0.0,1.0,0.0,0.0,2.0
3666,0.0016827191171726553,0.36346732930929354,0.0,0.1,,,0.0,1.0,,,2.0
3667,0.0018569273052853174,0.40109629794162854,0.0,0.1,482.3974589326439,392.3819339593306,0.0,1.0,0.0,0.0,2.0
3668,0.000758266897338014,0.16378564982501104,0.0,0.1,,,0.0,1.0,,,2.0
3669,0.0009254251300511087,0.19989182809103948,0.0,0.1,477.50818766363966,397.1281870163725,0.0,1.0,0.0,0.0,2.0
3670,0.00022648898129449955,0.0489216199596119,1.0,0.1,470.99872125467334,403.11594587441755,0.0,1.0,0.0,0.0,2.0
3671,0.0003777443679315466,0.08159278347321407,1.0,0.1,464.3160838309948,409.7637723990309,0.0,1.0,0.0,0.0,2.0
3672,0.0005717819490085693,0.12350490098585096,0.0,0.1,456.5450102771543,417.4546120724403,0.0,1.0,0.0,0.0,2.0
3673,0.00030667340282489945,0.06624145501017828,1.0,0.1,456.143182186265,417.860851989214,0.0,1.0,0.0,0.0,2.0
3674,0.0005173218978540373,0.11174152993647206,0.0,0.1,454.47729689355367,419.67029577139505,0.0,1.0,0.0,0.0,2.0
3675,0.0006131566666271472,0.13244183999146378,0.0,0.1,449.1596470544131,425.16505466984495,0.0,1.0,0.0,0.0,2.0
3676,0.0004456831555075146,0.09626756158962316,1.0,0.1,442.3127502979195,432.3279663497435,0.0,1.0,0.0,0.0,2.0
3677,0.0005473212326033537,0.11822138624232441,0.0,0.1,440.62537936204444,434.04604483764365,0.0,1.0,0.0,0.0,2.0
3678,0.0007850379602100646,0.16956819940537396,0.0,0.1,435.4732886909211,439.1496349888005,0.0,1.0,0.0,0.0,2.0
3679,0.0002962297375833051,0.0639856233179939,1.0,0.1,435.7388991832579,438.6991118182554,0.0,1.0,0.0,0.0,2.0
3680,0.0007941099259555848,0.17152774400640633,0.0,0.1,435.72323265861746,438.5002435695387,0.0,1.0,0.0,0.0,2.0
3681,0.0006490595055563149,0.14019685320016403,0.0,0.1,432.0778796662425,442.0829312209558,0.0,1.0,0.0,0.0,2.0
3682,0.00023250646556990812,0.05022139656310016,1.0,0.1,432.4296178620759,441.7006392945567,0.0,1.0,0.0,0.0,2.0
3683,0.0007800048990629823,0.16848105819760417,0.0,0.1,435.76103518699006,438.63773582808386,0.0,1.0,0.0,0.0,2.0
3684,0.0009730702419004906,0.21018317225050598,0.0,0.1,437.3033083412781,436.88441749170653,0.0,1.0,0.0,0.0,2.0
3685,0.0007901553955218984,0.17067356543273005,0.0,0.1,438.85305294583287,435.0118329345628,0.0,1.0,0.0,0.0,2.0
3686,0.0005360993326866023,0.1157974558603061,0.0,0.1,438.39667227056225,435.33276632450054,0.0,1.0,0.0,0.0,2.0
3687,0.0004807361508307565,0.1038390085794434,0.0,0.1,436.144355239642,437.6138356710461,0.0,1.0,0.0,0.0,2.0
3688,0.0006226075201261074,0.1344832243472392,0.0,0.1,436.6210756636249,437.2263966574789,0.0,1.0,0.0,0.0,2.0
3689,0.0005497753082509876,0.11875146658221333,0.0,0.1,435.3737395275775,438.5436521697082,0.0,1.0,0.0,0.0,2.0
3690,0.00048539866891205455,0.10484611248500378,0.0,0.1,434.5006929224767,439.5561670070601,0.0,1.0,0.0,0.0,2.0
3691,0.0002685089865934422,0.05799794110418351,1.0,0.1,434.76622983552824,439.31421005377774,0.0,1.0,0.0,0.0,2.0
3692,0.00015146217076401512,0.03271582888502727,1.0,0.1,435.49880576539687,438.62686221788255,0.0,1.0,0.0,0.0,2.0
3693,7.130804130781862e-05,0.015402536922488821,1.0,0.1,435.35027358053,438.7867130783601,0.0,1.0,0.0,0.0,2.0
3694,6.562042094644683e-05,0.014174010924432516,1.0,0.1,436.4557369292672,437.3947266453404,0.0,1.0,0.0,0.0,2.0
3695,0.000821309279515834,0.17740280437542016,0.0,0.1,436.1655765569834,437.48855878056116,0.0,1.0,0.0,0.0,2.0
3696,0.0008343735545571814,0.18022468778435122,0.0,0.1,436.39735870963915,437.25724261949745,0.0,1.0,0.0,0.0,2.0
3697,0.0002587300277003917,0.05588568598328461,1.0,0.1,434.9708878216724,438.6848627278982,0.0,1.0,0.0,0.0,2.0
3698,0.00041820591013402327,0.09033247658894902,1.0,0.1,433.95258340250047,439.72869921515695,0.0,1.0,0.0,0.0,2.0
3699,5.985834162678096e-05,0.012929401791384687,1.0,0.1,435.0086918251665,438.63972548592847,0.0,1.0,0.0,0.0,2.0
3700,0.0007634466960978994,0.16490448635714627,0.0,0.1,435.21318174252923,438.464541199257,0.0,1.0,0.0,0.0,2.0
3701,0.0009462852911918172,0.20439762289743252,0.0,0.1,,,0.0,1.0,,,2.0
3702,0.00030079703253071423,0.06497215902663428,1.0,0.1,,,0.0,1.0,,,2.0
3703,0.00029901862993667933,0.06458802406632275,1.0,0.1,,,0.0,1.0,,,2.0
3704,0.00025849111231135663,0.05583408025925303,1.0,0.1,433.51658110645064,440.52323774827556,0.0,1.0,0.0,0.0,2.0
3705,0.00022579259225960968,0.048771199928075694,1.0,0.1,,,0.0,1.0,,,2.0
3706,0.0005059290880704055,0.10928068302320758,0.0,0.1,,,0.0,1.0,,,2.0
3707,0.00010049770337517275,0.021707503929037315,1.0,0.1,,,0.0,1.0,,,2.0
3708,0.00011299082019771237,0.024406017162705875,1.0,0.1,420.83344880178214,453.0147269653398,0.0,1.0,0.0,0.0,2.0
3709,0.00014597922690828575,0.031531513012189726,1.0,0.1,419.9465779517022,453.85129073757395,0.0,1.0,0.0,0.0,2.0
3710,0.0007062312905743196,0.15254595876405302,0.0,0.1,416.7695780607445,456.93463295839814,0.0,1.0,0.0,0.0,2.0
3711,0.00040955630618150977,0.08846416213520611,1.0,0.1,413.4874278464952,460.1750823617316,0.0,1.0,0.0,0.0,2.0
3712,0.0009452406502079455,0.20417198044491625,0.0,0.1,413.7084381895207,459.9398052007456,0.0,1.0,0.0,0.0,2.0
3713,0.000251820903179751,0.054393315086826224,1.0,0.1,414.16529489732534,459.4996183068894,0.0,1.0,0.0,0.0,2.0
3714,0.0002028603836272231,0.04381784286348019,1.0,0.1,411.93381616437097,461.7630474550737,0.0,1.0,0.0,0.0,2.0
3715,0.00016534794465878857,0.03571515604629834,1.0,0.1,403.89831548650784,469.9941913061309,0.0,1.0,0.0,0.0,2.0
3716,0.00035382216931974535,0.076425588573065,1.0,0.1,400.4358354820728,474.1696650594425,0.0,1.0,0.0,0.0,2.0
3717,0.0006325111932045321,0.13662241773217892,0.0,0.1,398.0335452681735,476.8329772201234,0.0,1.0,0.0,0.0,2.0
3718,0.0012825888821902777,0.2770391985531,0.0,0.1,400.0673238376925,475.05942894486924,0.0,1.0,0.0,0.0,2.0
3719,0.0002487100132047316,0.053721362852222024,1.0,0.1,400.5912858989903,475.53183324559996,1.0,0.0,0.0,0.0,2.0
3720,0.001826078708030008,0.39443300093448175,0.0,0.1,401.5569514237153,475.9856413552016,1.0,0.0,0.0,0.0,2.0
3721,0.002225020112764548,0.4806043443571424,0.0,0.1,401.7736855045224,478.6115376183078,1.0,0.0,0.0,0.0,2.0
3722,0.0012376529707918314,0.2673330416910356,0.0,0.1,403.0369502811248,479.1257194304341,1.0,0.0,0.0,0.0,2.0
3723,0.002788668056329062,0.6023523001670774,0.0,0.1,404.38938260399317,478.8123711249725,1.0,0.0,0.0,0.0,2.0
3724,0.002995913656274478,0.6471173497552873,0.0,0.1,406.6797290536333,478.9356486217695,1.0,0.0,0.0,0.0,2.0
3725,0.002479295479606618,0.5355278235950296,0.0,0.1,407.6514025642498,481.34763606798344,1.0,0.0,0.0,0.0,2.0
3726,0.0008905892944946552,0.19236728761084554,0.0,0.1,408.4737514885403,485.18396192273775,1.0,0.0,0.0,0.0,2.0
3727,0.001886792205484269,0.40754711638460206,0.0,0.1,407.8530051713305,488.18204004198435,1.0,0.0,0.0,0.0,2.0
3728,0.002723119844720911,0.5881938864597167,0.0,0.1,409.8605706841815,489.36160725364243,1.0,0.0,0.0,0.0,2.0
3729,0.0017747871144093669,0.38335401671242325,0.0,0.1,410.9527455331189,492.0977503164794,1.0,0.0,0.0,0.0,2.0
3730,0.001211621716360408,0.26171029073384816,0.0,0.1,412.71974294579064,494.6361154258134,1.0,0.0,0.0,0.0,2.0
3731,0.0022791339470319347,0.4922929325588979,0.0,0.1,413.94028679175966,494.9955101511608,1.0,0.0,0.0,0.0,2.0
3732,0.0024856097586611592,0.5368917078708104,0.0,0.1,415.3387934380789,498.16440966073645,1.0,0.0,0.0,0.0,2.0
3733,0.0015370023943269255,0.3319925171746159,0.0,0.1,416.0611426692694,502.2008311024463,1.0,0.0,0.0,0.0,2.0
3734,0.0010064408120031528,0.217391215392681,0.0,0.1,418.10039457211894,503.34779024922784,1.0,0.0,0.0,0.0,2.0
3735,0.0008411148596163475,0.18168080967713107,0.0,0.1,419.5767902308572,505.1574302500557,1.0,0.0,0.0,0.0,2.0
3736,0.0017862654546776998,0.3858333382103831,0.0,0.1,419.64678795913403,507.0351338771671,1.0,0.0,0.0,0.0,2.0
3737,0.002535278393523961,0.5476201330011756,0.0,0.1,423.9368895052385,506.51453146262065,1.0,0.0,0.0,0.0,2.0
3738,0.0016825078351544879,0.3634216923933694,0.0,0.1,426.7292299653087,506.60720896502704,1.0,0.0,0.0,0.0,2.0
3739,0.0010263254471843187,0.22168629659181283,0.0,0.1,426.6512312991379,507.5092874875703,1.0,0.0,0.0,0.0,2.0
3740,0.0018126195841820614,0.39152583018332526,0.0,0.1,427.1998882130837,507.6531107529878,1.0,0.0,0.0,0.0,2.0
3741,0.00047612823327472986,0.10284369838734166,0.0,0.1,429.9245183372653,506.6285659961959,1.0,0.0,0.0,0.0,2.0
3742,0.0003301423787130686,0.07131075380202281,1.0,0.1,432.69650494765557,504.7658577201738,1.0,0.0,0.0,0.0,2.0
3743,0.000717032675544991,0.15487905791771805,0.0,0.1,430.9467691787766,507.12488578921995,1.0,0.0,0.0,0.0,2.0
3744,0.0005203508197781678,0.11239577707208424,0.0,0.1,426.93681181277225,510.82699310063464,1.0,0.0,0.0,0.0,2.0
3745,0.001918139016117939,0.4143180274814748,0.0,0.1,424.43649126719356,512.7320247079882,1.0,0.0,0.0,0.0,2.0
3746,0.001550211300202391,0.3348456408437165,0.0,0.1,422.29958937358055,512.126532995086,1.0,0.0,0.0,0.0,2.0
3747,0.0012030533985172675,0.2598595340797298,0.0,0.1,426.52179827174245,506.1905218103232,1.0,0.0,0.0,0.0,2.0
3748,0.00033703592816066954,0.07279976048270463,1.0,0.1,431.80843279387045,499.0028302755442,1.0,0.0,0.0,0.0,2.0
3749,0.0005614063508038083,0.12126377177362259,0.0,0.1,434.3736362614596,495.45360178249155,1.0,0.0,0.0,0.0,2.0
3750,0.0009532312336143553,0.20589794646070075,0.0,0.1,435.4563203046535,494.13521146339343,1.0,0.0,0.0,0.0,2.0
3751,0.0002361321617196302,0.051004546931440124,1.0,0.1,434.92857385495864,493.8241190928646,1.0,0.0,0.0,0.0,2.0
3752,0.00022207631942681113,0.047968484996191205,1.0,0.1,436.7986748919267,490.82691484577526,1.0,0.0,0.0,0.0,2.0
3753,0.00021287584278928062,0.045981182042484615,1.0,0.1,444.7863659390815,482.59911037851487,1.0,0.0,0.0,0.0,2.0
3754,0.0005820545883063326,0.12572379107416784,0.0,0.1,449.2309463551809,476.81713806936534,1.0,0.0,0.0,0.0,2.0
3755,0.0006454091281053271,0.13940837167075065,0.0,0.1,456.59971265549893,465.9396762699734,1.0,0.0,0.0,0.0,2.0
3756,0.00058158570282009,0.12562251180913947,0.0,0.1,463.41244326188627,455.73041943746904,1.0,0.0,0.0,0.0,2.0
3757,0.0003551844985921374,0.07671985169590168,1.0,0.1,473.5779387241584,441.09635549692365,1.0,0.0,0.0,0.0,2.0
3758,0.0004941203152628028,0.1067299880967654,0.0,0.1,480.7092127257963,432.93442620763915,1.0,0.0,0.0,0.0,2.0
3759,0.0005605931756932352,0.12108812594973879,0.0,0.1,490.9232920789979,420.4026121698727,1.0,0.0,0.0,0.0,2.0
3760,0.002106519465254803,0.4550082044950374,0.0,0.1,498.53113915008794,410.65330369623814,1.0,0.0,0.0,0.0,2.0
3761,0.0006353752689671068,0.13724105809689507,0.0,0.1,504.4642179207673,402.4530164789284,1.0,0.0,0.0,0.0,2.0
3762,0.0001665534102634227,0.035975536616899305,1.0,0.1,511.9298576421238,392.0082776400079,1.0,0.0,0.0,0.0,2.0
3763,0.0007732945237638885,0.1670316171329999,0.0,0.1,515.1152129419866,388.5893274673158,1.0,0.0,0.0,0.0,2.0
3764,8.211008811229514e-05,0.017735779032255754,1.0,0.1,520.2737001612734,382.4770241802817,1.0,0.0,0.0,0.0,2.0
3765,0.0016902257288482852,0.36508875743122965,0.0,0.1,529.5827642512869,372.5626778432041,1.0,0.0,0.0,0.0,2.0
3766,0.0004013135388503169,0.08668372439166845,1.0,0.1,539.0258416828066,364.0915790279009,1.0,0.0,0.0,0.0,2.0
3767,0.0010971364276870948,0.23698146838041245,0.0,0.1,545.3111191375896,358.3469611776314,1.0,0.0,0.0,0.0,2.0
3768,0.0015844180808780022,0.34223430546964845,0.0,0.1,555.190090680716,349.71667187030107,1.0,0.0,0.0,0.0,2.0
3769,0.003939244482864344,0.8508768082986983,0.0,0.1,563.191436196568,343.1744334629654,1.0,0.0,0.0,0.0,2.0
3770,0.002587522518410272,0.5589048639766186,0.0,0.1,573.8239158431461,334.1720443687388,0.0,1.0,0.0,0.0,2.0
3771,0.0013280242976649568,0.2868532482956307,0.0,0.1,587.6636782077842,324.35792806158406,0.0,1.0,0.0,0.0,2.0
3772,0.0023956547958964734,0.5174614359136384,0.0,0.1,594.7659330435265,320.0186478297333,0.0,1.0,0.0,0.0,2.0
3773,0.003338535063163089,0.7211235736432272,0.0,0.1,603.9313959450626,316.08208660440897,0.0,1.0,0.0,0.0,2.0
3774,0.0033944182889538463,0.7331943504140308,0.0,0.1,611.8673426765233,312.38597497547306,0.0,1.0,0.0,0.0,2.0
3775,0.002170553137243704,0.46883947764464007,0.0,0.1,616.5095631658429,311.61614230949925,0.0,1.0,0.0,0.0,2.0
3776,0.0016042203430836068,0.3465115941060591,0.0,0.1,619.2173558989086,310.82066864225425,0.0,1.0,0.0,0.0,2.0
3777,0.0019239984091184905,0.41558365636959393,0.0,0.1,629.3659915395498,305.4115352543373,0.0,1.0,0.0,0.0,2.0
3778,,,,0.1,639.4874911334923,301.30326055588614,0.0,1.0,0.0,0.0,2.0
3779,,,,0.1,646.7919215785162,298.7879585837762,,,0.0,0.0,2.0
3780,0.0013921623587816563,0.3007070694968378,0.0,0.1,650.1171398904424,298.31198750124105,0.0,1.0,0.0,0.0,2.0
3781,0.0025583215826747562,0.5525974618577474,0.0,0.1,651.7113213090017,297.439808399328,0.0,1.0,0.0,0.0,2.0
3782,0.0017283899774460862,0.3733322351283546,0.0,0.1,660.5580019520282,293.4612002215362,0.0,1.0,0.0,0.0,2.0
3783,0.002921184650573979,0.6309758845239796,0.0,0.1,667.0690008589307,296.1793208419273,0.0,1.0,0.0,0.0,2.0
3784,,,,0.1,677.7335576930766,295.7930223560054,0.0,1.0,0.0,0.0,2.0
3785,,,,0.1,689.1946156266025,293.18815529702704,,,0.0,0.0,2.0
3786,0.0018458687124123716,0.39870764188107227,0.0,0.1,693.783533301453,290.8976714645981,0.0,1.0,0.0,0.0,2.0
3787,0.003393307071667599,0.7329543274802014,0.0,0.1,700.826709913658,287.9143426528604,0.0,1.0,0.0,0.0,2.0
3788,0.002212812774350182,0.4779675592596393,0.0,0.1,707.292701666167,287.5755783250755,0.0,1.0,0.0,0.0,2.0
3789,0.0010060680859162738,0.21731070655791515,0.0,0.1,716.0229574354572,285.1075252629331,0.0,1.0,0.0,0.0,2.0
3790,0.002473761879853936,0.5343325660484501,0.0,0.1,719.5509060257743,284.5546745015887,0.0,1.0,0.0,0.0,2.0
3791,0.0013500268623484967,0.29160580226727534,0.0,0.1,729.5931135024842,284.955877794418,0.0,1.0,0.0,0.0,2.0
3792,0.0031103000438895585,0.6718248094801447,0.0,0.1,738.9309313353602,280.56364650791744,0.0,1.0,0.0,0.0,2.0
3793,0.0006829414612992692,0.14751535564064217,0.0,0.1,747.3510712150169,278.813887725842,0.0,1.0,0.0,0.0,2.0
3794,0.0032832409587092936,0.7091800470812074,0.0,0.1,750.2739531103812,277.93580063113825,0.0,1.0,0.0,0.0,2.0
3795,0.001864208593030341,0.40266905609455367,0.0,0.1,758.2022515100383,276.354374862864,0.0,1.0,0.0,0.0,2.0
3796,0.002000580755533933,0.4321254431953295,0.0,0.1,768.1347394664589,275.5705301219691,0.0,1.0,0.0,0.0,2.0
3797,0.0014315442263365117,0.3092135528886865,0.0,0.1,778.5095378865652,273.8273066167601,0.0,1.0,0.0,0.0,2.0
3798,,,,0.1,787.9483093794333,270.1724637552595,0.0,1.0,0.0,0.0,2.0
3799,,,,0.1,791.0526891371096,271.35478656071365,,,0.0,0.0,2.0
3800,0.0026580150344988622,0.5741312474517543,0.0,0.1,798.6882351126685,273.422228492708,0.0,1.0,0.0,0.0,2.0
3801,0.001786781766519653,0.38594486156824503,0.0,0.1,801.8211986780154,275.5749796325422,0.0,1.0,0.0,0.0,2.0
3802,0.00028150542010995755,0.06080517074375083,1.0,0.1,806.6685987644814,275.8970301258843,0.0,1.0,0.0,0.0,2.0
3803,,,,0.1,809.9885558261277,274.9271356528995,0.0,1.0,0.0,0.0,2.0
3804,,,,0.1,815.5455334505205,276.4692285724606,,,0.0,0.0,2.0
3805,,,,0.1,823.899948426244,283.60534791907844,0.0,1.0,0.0,0.0,2.0
3806,,,,0.1,830.3603614840355,288.45755899368004,,,0.0,0.0,2.0
3807,0.0017526546869145263,0.3785734123735377,0.0,0.1,837.2941886268483,293.22525343589285,0.0,1.0,0.0,0.0,2.0
3808,0.0023674182719532425,0.5113623467419004,0.0,0.1,840.3767373317048,295.5442445217513,0.0,1.0,0.0,0.0,2.0
3809,0.0029299557500786382,0.632870442016986,0.0,0.1,843.3948157606026,298.6260697203547,0.0,1.0,0.0,0.0,2.0
3810,0.0012189661126079947,0.26329668032332687,0.0,0.1,850.8764018177563,303.1562823855593,0.0,1.0,0.0,0.0,2.0
3811,0.0017807232671493555,0.38463622570426076,0.0,0.1,858.2483323902649,306.0351743959281,0.0,1.0,0.0,0.0,2.0
3812,0.0038301723315706717,0.8273172236192651,0.0,0.1,862.2762322929618,307.40170430243484,0.0,1.0,0.0,0.0,2.0
3813,0.002008315301720646,0.43379610517165956,0.0,0.1,868.3120577118946,311.4840916987763,0.0,1.0,0.0,0.0,2.0
3814,0.0029056084953577466,0.6276114349972733,0.0,0.1,873.7356967677946,315.71209722478994,0.0,1.0,0.0,0.0,2.0
3815,0.002325408709290242,0.5022882812066923,0.0,0.1,883.7603767392991,322.4965972988871,0.0,1.0,0.0,0.0,2.0
3816,0.0006892565850222733,0.14887942236481105,0.0,0.1,893.6505435901398,329.50881566457355,0.0,1.0,0.0,0.0,2.0
3817,0.0018828217615154802,0.40668950048734376,0.0,0.1,895.3362089994772,330.6926567567639,0.0,1.0,0.0,0.0,2.0
3818,0.001860415151456161,0.4018496727145308,0.0,0.1,898.625777721342,332.7999844710742,0.0,1.0,0.0,0.0,2.0
3819,0.0007724603230082832,0.16685142976978917,0.0,0.1,901.4654395185934,329.0139586483737,0.0,1.0,0.0,0.0,2.0
3820,0.0009451303610998971,0.2041481579975778,0.0,0.1,906.5331457255942,321.04972270393,0.0,1.0,0.0,0.0,2.0
3821,0.0010162830703926585,0.21951714320481425,0.0,0.1,909.0865408120836,318.80652593185584,0.0,1.0,0.0,0.0,2.0
3822,0.0007747562072246009,0.1673473407605138,0.0,0.1,916.6130375364097,314.86088011930383,0.0,1.0,0.0,0.0,2.0
3823,0.0014704512172524485,0.31761746292652887,0.0,0.1,920.5602644069402,312.2639174416169,0.0,1.0,0.0,0.0,2.0
3824,0.0005024308506760573,0.10852506374602837,0.0,0.1,921.9606518044236,308.5858566999336,0.0,1.0,0.0,0.0,2.0
3825,0.0006931150263119353,0.14971284568337803,0.0,0.1,920.0415279486847,296.9955753539153,0.0,1.0,0.0,0.0,2.0
3826,0.0005208866324207211,0.11251151260287574,0.0,0.1,917.2907860828452,287.7988284176462,0.0,1.0,0.0,0.0,2.0
3827,0.0010930790626137465,0.23610507752456922,0.0,0.1,911.2474051820901,268.34099191733344,0.0,1.0,0.0,0.0,2.0
3828,0.0009254627298435212,0.1998999496462006,0.0,0.1,906.5569305168567,254.1401181416847,0.0,1.0,0.0,0.0,2.0
3829,0.0009724286642761944,0.210044591483658,0.0,0.1,905.4018881346418,244.78081740952206,0.0,1.0,0.0,0.0,2.0
3830,0.0008931716113516761,0.19292506805196205,0.0,0.1,905.940560597059,239.01921241057082,0.0,1.0,0.0,0.0,2.0
3831,0.0008231832539084936,0.17780758284423465,0.0,0.1,910.2707493293117,230.78397145216326,0.0,1.0,0.0,0.0,2.0
3832,0.0021013536812225534,0.4538923951440716,0.0,0.1,918.769360069134,228.12468996560082,0.0,1.0,0.0,0.0,2.0
3833,0.002050205392405595,0.44284436475960853,0.0,0.1,924.8747389212834,224.6475353696125,0.0,1.0,0.0,0.0,2.0
3834,0.0012282320956382025,0.2652981326578518,0.0,0.1,935.2677447040762,223.0373579747772,0.0,1.0,0.0,0.0,2.0
3835,0.0031484639425754567,0.6800682115962986,0.0,0.1,940.3670644356292,222.38422327714824,0.0,1.0,0.0,0.0,2.0
3836,0.0025409902868579856,0.5488539019613249,0.0,0.1,951.6134327837822,223.56428269980628,0.0,1.0,0.0,0.0,2.0
3837,0.0029596928526006584,0.6392936561617423,0.0,0.1,961.831394737637,226.57218374120373,0.0,1.0,0.0,0.0,2.0
3838,0.00358067372923671,0.7734255255151293,0.0,0.1,969.2670823438149,227.89658369190798,0.0,1.0,0.0,0.0,2.0
3839,0.0014065960022988074,0.3038247364965424,0.0,0.1,977.9925036271122,230.56685360717674,0.0,1.0,0.0,0.0,2.0
3840,0.00317530919731451,0.6858667866199342,0.0,0.1,983.0434749555842,233.03675137474633,0.0,1.0,0.0,0.0,2.0
3841,0.0031225178668943493,0.6744638592491795,0.0,0.1,996.8434065790809,237.9547202442383,0.0,1.0,0.0,0.0,2.0
3842,0.0032882826062377944,0.7102690429473636,0.0,0.1,1010.8429363554269,243.42422995571994,0.0,1.0,0.0,0.0,2.0
3843,0.0016455047785469627,0.35542903216614397,0.0,0.1,1022.8435107128051,250.97117379702215,0.0,1.0,0.0,0.0,2.0
3844,0.0033473513825488855,0.7230278986305593,0.0,0.1,1026.793386495853,254.6323079553204,0.0,1.0,0.0,0.0,2.0
3845,0.0039642558542530865,0.8562792645186668,0.0,0.1,1038.3862981880995,261.8357362621572,0.0,1.0,0.0,0.0,2.0
3846,0.0024411615897658367,0.5272909033894208,0.0,0.1,1054.3500063949912,272.7688423699466,0.0,1.0,0.0,0.0,2.0
3847,0.0032132791974954942,0.6940683066590269,0.0,0.1,1068.6386099618142,283.89178125511563,0.0,1.0,0.0,0.0,2.0
3848,0.0014915393932650204,0.3221725089452444,0.0,0.1,1077.608943471773,287.81353426037765,0.0,1.0,0.0,0.0,2.0
3849,0.002062011571697775,0.4453944994867194,0.0,0.1,1080.4193165317067,288.0987124787949,0.0,1.0,0.0,0.0,2.0
3850,0.0014671406853701992,0.316902388039963,0.0,0.1,1086.258513356518,292.20254909728294,0.0,1.0,0.0,0.0,2.0
3851,0.0012392028122677084,0.267667807449825,0.0,0.1,1093.3207865957042,295.98821570091485,0.0,1.0,0.0,0.0,2.0
3852,0.00048335160030545533,0.10440394566597835,0.0,0.1,1100.0931661497712,299.3608046583205,0.0,1.0,0.0,0.0,2.0
3853,0.001082898120293541,0.23390599398340486,0.0,0.1,1099.9840919671346,298.58410103631724,0.0,1.0,0.0,0.0,2.0
3854,0.0006310228697328028,0.1363009398622854,0.0,0.1,1101.1841348126297,299.4640341565504,0.0,1.0,0.0,0.0,2.0
3855,0.0003861018320358679,0.08339799571974747,1.0,0.1,1102.402368145762,301.13536652773934,0.0,1.0,0.0,0.0,2.0
3856,0.0008314951996963115,0.1796029631344033,0.0,0.1,1108.0858999853153,307.34402950763354,0.0,1.0,0.0,0.0,2.0
3857,0.0011082440341339574,0.2393807113729348,0.0,0.1,1110.3901032532274,308.97303098145636,0.0,1.0,0.0,0.0,2.0
3858,0.0010499373529473447,0.22678646823662643,0.0,0.1,1112.095342988063,312.36373089903657,0.0,1.0,0.0,0.0,2.0
3859,0.0006451906077460545,0.13936117127314776,0.0,0.1,1114.9057312165166,317.36414513399063,0.0,1.0,0.0,0.0,2.0
3860,0.0007991746858593703,0.17262173214562399,0.0,0.1,1117.9933463118716,324.1273581501653,0.0,1.0,0.0,0.0,2.0
3861,0.0007926335794511648,0.1712088531614516,0.0,0.1,1112.4568472530239,321.51874822738523,0.0,1.0,0.0,0.0,2.0
3862,0.0006566238627113989,0.14183075434566217,0.0,0.1,1109.7897395981606,319.95528629222997,0.0,1.0,0.0,0.0,2.0
3863,0.0005241220724206203,0.113210367642854,0.0,0.1,1111.5537434181035,324.92673696835027,0.0,1.0,0.0,0.0,2.0
3864,0.00040242736409312605,0.08692431064411524,1.0,0.1,1116.032675477192,334.9309832210314,0.0,1.0,0.0,0.0,2.0
3865,0.0002301416587895764,0.0497105982985485,1.0,0.1,1116.1084234126529,339.0612595787574,0.0,1.0,0.0,0.0,2.0
3866,0.0006898454954194025,0.14900662701059092,0.0,0.1,1117.3148731593687,342.9849516179389,0.0,1.0,0.0,0.0,2.0
3867,0.0004618582370478527,0.09976137920233619,1.0,0.1,1118.6796489886178,348.35626578286065,0.0,1.0,0.0,0.0,2.0
3868,0.0009944516673539088,0.21480156014844431,0.0,0.1,1119.8407871481604,349.98773623498596,0.0,1.0,0.0,0.0,2.0
3869,0.0008394309681163771,0.18131708911313743,0.0,0.1,1122.3803018140272,351.779489461303,0.0,1.0,0.0,0.0,2.0
3870,0.0007077240379001857,0.1528683921864401,0.0,0.1,,,0.0,1.0,,,2.0
3871,0.0018069258156524085,0.39029597618092027,0.0,0.1,,,0.0,1.0,,,2.0
3872,0.0012474124014700092,0.269441078717522,0.0,0.1,,,0.0,1.0,,,2.0
3873,0.001468524706701978,0.3172013366476273,0.0,0.1,,,0.0,1.0,,,2.0
3874,0.00034323663529257676,0.07413911322319658,1.0,0.1,,,0.0,1.0,,,2.0
3875,0.000370134271006623,0.07994900253743058,1.0,0.1,1140.7328315550137,378.1047150429434,0.0,1.0,0.0,0.0,2.0
3876,0.0007725450650762565,0.1668697340564714,0.0,0.1,1141.5399160737732,379.3400686851096,0.0,1.0,0.0,0.0,2.0
3877,0.0002900865560161589,0.06265869609949033,1.0,0.1,1141.5661318431125,379.77052839681227,0.0,1.0,0.0,0.0,2.0
3878,0.0001257475803398272,0.027161477353402675,1.0,0.1,1139.8533389873808,377.98928031257157,0.0,1.0,0.0,0.0,2.0
3879,0.00034751692780869464,0.07506365640667804,1.0,0.1,1140.5289871321975,376.83254093469975,0.0,1.0,0.0,0.0,2.0
3880,0.0002980175834620546,0.06437179802780378,1.0,0.1,1138.5327468751966,372.222924575083,0.0,1.0,0.0,0.0,2.0
3881,0.00021529656229194024,0.046504057455059096,1.0,0.1,1140.2668248347,372.56846938855415,0.0,1.0,0.0,0.0,2.0
3882,0.0007422185068994911,0.1603191974902901,0.0,0.1,1140.795197573258,367.1836177422045,0.0,1.0,0.0,0.0,2.0
3883,0.0002144008304239208,0.04631057937156689,1.0,0.1,1142.1957284794653,364.0774247541932,0.0,1.0,0.0,0.0,2.0
3884,0.0004757138104450067,0.10275418305612144,0.0,0.1,1145.3920480934878,366.6226820308729,0.0,1.0,0.0,0.0,2.0
3885,0.0005940924770897847,0.1283239750513935,0.0,0.1,1148.0790752508415,367.73205181416824,0.0,1.0,0.0,0.0,2.0
3886,0.0006506417281644548,0.14053861328352224,0.0,0.1,1148.693196616755,367.2476974694574,0.0,1.0,0.0,0.0,2.0
3887,0.001783911903544738,0.3853249711656634,0.0,0.1,1149.877284754453,367.47278864581807,0.0,1.0,0.0,0.0,2.0
3888,4.120299960513487e-05,0.008899847914709132,1.0,0.1,1153.1804361198572,368.43251988023985,0.0,1.0,0.0,0.0,2.0
3889,0.00014451163923539733,0.031214514074845826,1.0,0.1,1153.5647384446613,367.4275044085051,0.0,1.0,0.0,0.0,2.0
3890,0.00023813787827992025,0.051437781708462776,1.0,0.1,1154.2153032160327,366.2500376915394,0.0,1.0,0.0,0.0,2.0
3891,0.0007974564445135209,0.17225059201492052,0.0,0.1,1153.630236789488,362.7111711131424,0.0,1.0,0.0,0.0,2.0
3892,0.0007441601391614418,0.16073859005887145,0.0,0.1,1156.464571289041,363.1539914698207,0.0,1.0,0.0,0.0,2.0
3893,0.0003694318260158321,0.07979727441941974,1.0,0.1,1155.7067867626158,360.68316427721584,0.0,1.0,0.0,0.0,2.0
3894,0.0004680930021382868,0.10110808846186996,0.0,0.1,1155.2379551730974,359.30501622790905,0.0,1.0,0.0,0.0,2.0
3895,0.0003211392051581806,0.06936606831416701,1.0,0.1,1156.2396673352343,357.98023396623927,0.0,1.0,0.0,0.0,2.0
3896,0.0006772965228994411,0.14629604894627926,0.0,0.1,1159.7115177258888,359.93112041393255,0.0,1.0,0.0,0.0,2.0
3897,0.00043916540755315847,0.09485972803148222,1.0,0.1,1162.5615093847823,361.97492997329084,0.0,1.0,0.0,0.0,2.0
3898,0.0017378568212699128,0.3753770733943012,0.0,0.1,1166.0266231849246,364.51579579500645,0.0,1.0,0.0,0.0,2.0
3899,0.0007733662817576082,0.16704711685964338,0.0,0.1,1170.8331113522447,368.61814425148043,0.0,1.0,0.0,0.0,2.0
3900,0.0016795129213065853,0.36277479100222243,0.0,0.1,1175.855372741875,373.33270650285317,0.0,1.0,0.0,0.0,2.0
3901,0.0006101004068624645,0.13178168788229236,0.0,0.1,1180.3587825550808,377.0752316949295,0.0,1.0,0.0,0.0,2.0
3902,0.002308179161572426,0.498566698899644,0.0,0.1,1187.4136229702694,382.3682123484808,0.0,1.0,0.0,0.0,2.0
3903,0.0029796953564980265,0.6436141970035737,0.0,0.1,1197.559143666758,392.5463595451468,0.0,1.0,0.0,0.0,2.0
3904,0.00197751722422115,0.42714372043176846,0.0,0.1,,,0.0,1.0,,,2.0
3905,0.0020393326150155897,0.4404958448433674,0.0,0.1,,,0.0,1.0,,,2.0
3906,0.0014941014769031043,0.3227259190110705,0.0,0.1,,,0.0,1.0,,,2.0
3907,0.0009508759198789613,0.20538919869385563,0.0,0.1,,,0.0,1.0,,,2.0
3908,0.00028302823935477174,0.0611340997006307,1.0,0.1,,,0.0,1.0,,,2.0
3909,0.00045444838077070016,0.09816085024647124,1.0,0.1,,,0.0,1.0,,,2.0
3910,0.0004449768228498664,0.09611499373557116,1.0,0.1,,,0.0,1.0,,,2.0
3911,0.0014685490914455577,0.31720660375224047,0.0,0.1,,,0.0,1.0,,,2.0
3912,0.0006147864391396578,0.13279387085416608,0.0,0.1,,,0.0,1.0,,,2.0
3913,0.0010401323158188251,0.22466858021686623,0.0,0.1,,,0.0,1.0,,,2.0
3914,0.0011539452069462624,0.2492521647003927,0.0,0.1,,,0.0,1.0,,,2.0
3915,0.0007565768754118925,0.1634206050889688,0.0,0.1,,,0.0,1.0,,,2.0
3916,0.0014396899209765158,0.31097302293092743,0.0,0.1,,,0.0,1.0,,,2.0
3917,0.0007138565683629406,0.15419301876639518,0.0,0.1,,,0.0,1.0,,,2.0
3918,0.0008553344613681639,0.1847522436555234,0.0,0.1,,,0.0,1.0,,,2.0
3919,0.0012391080360838597,0.2676473357941137,0.0,0.1,,,0.0,1.0,,,2.0
3920,0.001469717527616997,0.31745898596527133,0.0,0.1,,,0.0,1.0,,,2.0
3921,0.003859663275288785,0.8336872674623775,0.0,0.1,,,0.0,1.0,,,2.0
3922,0.0032680450115211692,0.7058977224885725,0.0,0.1,,,0.0,1.0,,,2.0
3923,0.0018544116693346084,0.4005529205762754,0.0,0.1,,,0.0,1.0,,,2.0
3924,0.0010703901512395535,0.23120427266774357,0.0,0.1,1131.0113245058276,315.19087000272117,0.0,1.0,0.0,0.0,2.0
3925,0.002163592140911598,0.46733590243690515,0.0,0.1,1127.930262794513,313.31726368575374,0.0,1.0,0.0,0.0,2.0
3926,0.0009310859341372564,0.20111456177364737,0.0,0.1,1113.846068411284,301.56731069602284,0.0,1.0,0.0,0.0,2.0
3927,0.000594528195640504,0.12841809025834885,0.0,0.1,1106.066925231019,294.7991617293966,0.0,1.0,0.0,0.0,2.0
3928,0.002269731804369483,0.4902620697438083,0.0,0.1,1095.0791973434746,286.9506742027496,0.0,1.0,0.0,0.0,2.0
3929,0.00025466599324734565,0.05500785454142666,1.0,0.1,1088.7806088973107,286.48091035992417,0.0,1.0,0.0,0.0,2.0
3930,0.00029927922094228856,0.06464431172353434,1.0,0.1,1087.2737101362322,288.3374627374011,0.0,1.0,0.0,0.0,2.0
3931,0.00030865590443297444,0.06666967535752248,1.0,0.1,1083.6812049072612,290.81457028942276,0.0,1.0,0.0,0.0,2.0
3932,0.0008099298798783786,0.17494485405372978,0.0,0.1,1081.664290829223,293.0530723476319,0.0,1.0,0.0,0.0,2.0
3933,0.0008303151720203233,0.17934807715638984,0.0,0.1,1082.1343921758137,296.7665141613581,0.0,1.0,0.0,0.0,2.0
3934,0.0011466400169737473,0.24767424366632942,0.0,0.1,1081.0302514406385,295.7919631747367,0.0,1.0,0.0,0.0,2.0
3935,0.0007549497095916012,0.16306913727178585,0.0,0.1,1081.117088792178,296.40552757370705,0.0,1.0,0.0,0.0,2.0
3936,0.0004787153708817371,0.10340252011045521,0.0,0.1,1079.8695243540585,298.5390408165803,0.0,1.0,0.0,0.0,2.0
3937,6.662821199593361e-05,0.01439169379112166,1.0,0.1,1083.0496999562406,299.78405285754053,0.0,1.0,0.0,0.0,2.0
3938,0.00025519071431594605,0.055121194292244345,1.0,0.1,1088.029547501407,305.13624081443265,0.0,1.0,0.0,0.0,2.0
3939,0.0004682017787755517,0.10113158421551917,0.0,0.1,1090.38054291244,307.9806416904722,0.0,1.0,0.0,0.0,2.0
3940,0.00047217289120567694,0.10198934450042622,0.0,0.1,1088.3785883063738,306.74392471451733,0.0,1.0,0.0,0.0,2.0
3941,0.000453322932596292,0.09791775344079907,1.0,0.1,1083.3735195311465,308.62551162827185,0.0,1.0,0.0,0.0,2.0
3942,0.00012762274712317418,0.027566513378605623,1.0,0.1,1077.2784927994846,312.1474765972604,0.0,1.0,0.0,0.0,2.0
3943,0.0003266340849829333,0.0705529623563136,1.0,0.1,1076.4549437287744,314.7638239492122,0.0,1.0,0.0,0.0,2.0
3944,0.00022664157797875798,0.04895458084341173,1.0,0.1,1072.901246474443,316.4432628069596,0.0,1.0,0.0,0.0,2.0
3945,0.0003932338221412918,0.08493850558251903,1.0,0.1,1074.7543904789427,324.6025424454698,0.0,1.0,0.0,0.0,2.0
3946,0.0001872408322956902,0.04044401977586908,1.0,0.1,1074.0413559262597,329.82265925321377,0.0,1.0,0.0,0.0,2.0
3947,0.0008394004209876211,0.18131049093332616,0.0,0.1,1074.3296328098916,331.42424238815926,0.0,1.0,0.0,0.0,2.0
3948,0.0007099687220852356,0.1533532439704109,0.0,0.1,1074.8021396185936,335.6067360875485,0.0,1.0,0.0,0.0,2.0
3949,0.0003064711611431079,0.06619777080691132,1.0,0.1,1078.2650081205416,341.58795374318066,0.0,1.0,0.0,0.0,2.0
3950,0.00032867948926562456,0.0709947696813749,1.0,0.1,1082.5416300988704,352.54951912182526,0.0,1.0,0.0,0.0,2.0
3951,0.0004869477580453893,0.10518071573780409,0.0,0.1,1081.286086933946,352.9009368655376,0.0,1.0,0.0,0.0,2.0
3952,0.00046005648809250036,0.09937220142798008,1.0,0.1,1083.445406212146,354.3330359273782,0.0,1.0,0.0,0.0,2.0
3953,0.0001498826785933418,0.032374658576161834,1.0,0.1,1082.191269563339,353.549594394705,0.0,1.0,0.0,0.0,2.0
3954,0.00024805297146352184,0.05357944183612072,1.0,0.1,1087.5164345336118,354.925311221896,0.0,1.0,0.0,0.0,2.0
3955,6.427844267684803e-05,0.013884143618199174,1.0,0.1,1088.777556628897,354.9886950648037,0.0,1.0,0.0,0.0,2.0
3956,6.795402155750144e-05,0.01467806865642031,1.0,0.1,1089.244931676594,354.6926597480598,0.0,1.0,0.0,0.0,2.0
3957,0.00011715839458444431,0.02530621323023997,1.0,0.1,1089.1644526296639,354.05574717389186,0.0,1.0,0.0,0.0,2.0
3958,0.0004485656312656546,0.09689017635338139,1.0,0.1,1087.9588901137997,352.21918992408285,0.0,1.0,0.0,0.0,2.0
3959,0.0007125581172593729,0.15391255332802453,0.0,0.1,1085.1497342219611,344.9993473218546,0.0,1.0,0.0,0.0,2.0
3960,7.286466119770053e-05,0.015738766818703315,1.0,0.1,1083.0941085985435,332.5145637940629,0.0,1.0,0.0,0.0,2.0
3961,0.0010346353614771751,0.22348123807906983,0.0,0.1,1082.0691502694553,326.070954403185,0.0,1.0,0.0,0.0,2.0
3962,0.0005235515935335316,0.11308714420324283,0.0,0.1,1077.6729635042573,307.6972426198438,0.0,1.0,0.0,0.0,2.0
3963,0.0005719097990905524,0.12353251660355931,0.0,0.1,1070.6330196931278,288.80080825913166,0.0,1.0,0.0,0.0,2.0
3964,0.0005804132206845739,0.12536925566786797,0.0,0.1,1063.7276961238354,275.3813807431587,0.0,1.0,0.0,0.0,2.0
3965,0.00042128448724361347,0.09099744924462051,1.0,0.1,1059.7599929671446,268.19076160261363,0.0,1.0,0.0,0.0,2.0
3966,0.0012775814862204837,0.2759576010236245,0.0,0.1,1058.910370632845,266.01351968413894,0.0,1.0,0.0,0.0,2.0
3967,0.0016723670861957295,0.3612312906182776,0.0,0.1,1053.9362055503932,256.55928062320214,0.0,1.0,0.0,0.0,2.0
3968,0.0022134289863687162,0.4781006610556427,0.0,0.1,1050.0169660452784,252.5540538547072,0.0,1.0,0.0,0.0,2.0
3969,0.0007836999318814124,0.16927918528638508,0.0,0.1,1040.6977393451837,241.72320856191016,0.0,1.0,0.0,0.0,2.0
3970,0.0017125167299636168,0.3699036136721412,0.0,0.1,1038.0063589469617,236.984403650124,0.0,1.0,0.0,0.0,2.0
3971,0.000658276633999938,0.1421877529439866,0.0,0.1,1029.1244877206473,227.29548935970345,0.0,1.0,0.0,0.0,2.0
3972,0.0009190949744255699,0.1985245144759231,0.0,0.1,1021.6362630277479,222.22687048596507,0.0,1.0,0.0,0.0,2.0
3973,3.0280096154348838e-05,0.006540500769339349,1.0,0.1,1021.4132355490078,225.73472620885966,0.0,1.0,0.0,0.0,2.0
3974,0.0006404838556554167,0.13834451282157,0.0,0.1,,,0.0,1.0,,,2.0
3975,0.0011800529798615359,0.25489144365009175,0.0,0.1,,,0.0,1.0,,,2.0
3976,0.001352532015532149,0.2921469153549442,0.0,0.1,,,0.0,1.0,,,2.0
3977,0.0007145488638452368,0.15434255459057117,0.0,0.1,1008.1580930120602,216.49034679578696,0.0,1.0,0.0,0.0,2.0
3978,0.0003665624520125824,0.0791774896347178,1.0,0.1,1006.3349482716734,216.12163074790982,0.0,1.0,0.0,0.0,2.0
3979,0.0008018238017827686,0.173193941185078,0.0,0.1,1005.835292822061,215.64448527763275,0.0,1.0,0.0,0.0,2.0
3980,0.0007749274779828438,0.16738433524429425,0.0,0.1,1007.8418833385106,216.96990662852582,0.0,1.0,0.0,0.0,2.0
3981,0.001589296363686814,0.34328801455635183,0.0,0.1,1007.8752837358497,216.15109336804522,0.0,1.0,0.0,0.0,2.0
3982,6.367174442168434e-05,0.013753096795083818,1.0,0.1,1009.867244896434,216.8517205061974,0.0,1.0,0.0,0.0,2.0
3983,0.0006504964049107205,0.14050722346071565,0.0,0.1,1010.4470004053688,216.23398220911722,0.0,1.0,0.0,0.0,2.0
3984,0.001050610263199714,0.22693181685113825,0.0,0.1,1012.971598431953,213.69892391576062,0.0,1.0,0.0,0.0,2.0
3985,0.00017489801785648102,0.037777971856999895,1.0,0.1,1016.7384642350416,212.6115337990728,0.0,1.0,0.0,0.0,2.0
3986,9.138631259115109e-05,0.019739443519688638,1.0,0.1,1021.8124736391939,211.21677455043223,0.0,1.0,0.0,0.0,2.0
3987,0.00033970831638054284,0.07337699633819726,1.0,0.1,1021.3291439161924,205.34638947166695,0.0,1.0,0.0,0.0,2.0
3988,0.0011205651724595271,0.24204207725125787,0.0,0.1,1018.6082047817969,200.3793062240708,0.0,1.0,0.0,0.0,2.0
3989,0.0010512723505346011,0.22707482771547385,0.0,0.1,1005.0879524515833,184.67488467314567,0.0,1.0,0.0,0.0,2.0
3990,0.000657284677697648,0.14197349038269197,0.0,0.1,995.3911608684306,173.67118194342478,0.0,1.0,0.0,0.0,2.0
3991,0.0004572155860265023,0.09875856658172451,1.0,0.1,984.9543968733145,160.9146062241049,0.0,1.0,0.0,0.0,2.0
3992,0.0002450074723606694,0.05292161402990459,1.0,0.1,983.2745720912618,156.26655330564358,0.0,1.0,0.0,0.0,2.0
3993,0.000603610453218668,0.1303798578952323,0.0,0.1,982.8816364604523,154.2268009130929,0.0,1.0,0.0,0.0,2.0
3994,0.0016107224382527993,0.3479160466626046,0.0,0.1,977.6820766563177,147.74659334914503,0.0,1.0,0.0,0.0,2.0
3995,0.0005604638036124054,0.12106018158027959,0.0,0.1,968.9578344344662,138.63304559049038,0.0,1.0,0.0,0.0,2.0
3996,0.00043431683338124825,0.09381243601034962,1.0,0.1,951.9851639444976,123.670490656989,0.0,1.0,0.0,0.0,2.0
3997,,,,0.1,944.7279615676268,117.19167430463729,0.0,1.0,0.0,0.0,2.0
3998,,,,0.1,934.3037205409137,108.05168916042528,,,0.0,0.0,2.0
3999,,,,0.1,925.2224992601948,101.07502254938625,,,0.0,0.0,2.0
4000,,,,0.1,918.4048056636733,97.58634768729948,,,0.0,0.0,2.0
4001,0.00018059111636520962,0.03900768113488528,1.0,0.1,909.6892170075853,93.99140173314724,0.0,1.0,0.0,0.0,2.0
4002,0.00010999869143870202,0.023759717350759636,1.0,0.1,906.3110636658784,91.97793094652579,0.0,1.0,0.0,0.0,2.0
4003,0.0016753122434307514,0.3618674445810423,0.0,0.1,898.9292357517983,86.9800737697257,0.0,1.0,0.0,0.0,2.0
4004,0.0018530396043468574,0.40025655453892117,0.0,0.1,892.0930397721006,82.68766730416674,0.0,1.0,0.0,0.0,2.0
4005,0.0009987653649810772,0.21573331883591268,0.0,0.1,,,0.0,1.0,,,2.0
4006,0.0021083016086367212,0.4553931474655318,0.0,0.1,,,0.0,1.0,,,2.0
4007,0.0018220266987752482,0.39355776693545363,0.0,0.1,,,0.0,1.0,,,2.0
4008,0.0008310262584444087,0.1795016718239923,0.0,0.1,,,0.0,1.0,,,2.0
4009,0.00011167854267793689,0.024122565218434366,1.0,0.1,,,0.0,1.0,,,2.0
4010,0.0014529281236366463,0.3138324747055156,0.0,0.1,,,0.0,1.0,,,2.0
4011,0.0003201563062530945,0.06915376215066842,1.0,0.1,,,0.0,1.0,,,2.0
4012,0.00043758526137999923,0.09451841645807983,1.0,0.1,,,0.0,1.0,,,2.0
4013,0.0006581994477979119,0.14217108072434897,0.0,0.1,,,0.0,1.0,,,2.0
4014,0.00028800977307756983,0.06221011098475509,1.0,0.1,803.1592486457471,89.73183412857372,0.0,1.0,0.0,0.0,2.0
4015,0.0012393659902158528,0.2677030538866242,0.0,0.1,800.1979311995805,92.09745738033533,0.0,1.0,0.0,0.0,2.0
4016,0.00032037251592779335,0.06920046344040336,1.0,0.1,796.4724179369902,94.38717183299694,0.0,1.0,0.0,0.0,2.0
4017,,,,0.1,797.1624391877726,92.5992255432937,0.0,1.0,0.0,0.0,2.0
4018,,,,0.1,805.9594610781426,82.85274446447825,,,0.0,0.0,2.0
4019,,,,0.1,808.1104759167303,79.91866113133545,,,0.0,0.0,2.0
4020,0.0009802173137877942,0.21172693977816354,0.0,0.1,811.6145811535098,75.97893635130347,0.0,1.0,0.0,0.0,2.0
4021,0.0018102657645435911,0.3910174051414157,0.0,0.1,,,0.0,1.0,,,2.0
4022,0.0012571002843049038,0.27153366140985924,0.0,0.1,,,0.0,1.0,,,2.0
4023,0.0006999355048574627,0.15118606904921195,0.0,0.1,815.5307968749747,64.70226474449524,0.0,1.0,0.0,1.0,2.0
4024,0.001460296718235485,0.31542409113886477,0.0,0.1,812.7830432724442,66.78083822139479,0.0,1.0,0.0,1.0,2.0
4025,0.00039892665493000386,0.08616815746488084,1.0,0.1,810.7436813918608,68.09169150064949,0.0,1.0,0.0,1.0,2.0
4026,0.00028649553456729863,0.06188303546653651,1.0,0.1,799.7730122706149,79.44721904738456,0.0,1.0,0.0,0.0,2.0
4027,0.0012100197872550384,0.2613642740470883,0.0,0.1,785.0116797579153,94.98674103109809,0.0,1.0,0.0,0.0,2.0
4028,0.0008263126501311304,0.17848353242832418,0.0,0.1,769.6767859100347,111.79799527755586,0.0,1.0,0.0,0.0,2.0
4029,0.0013805483832780637,0.29819845078806173,0.0,0.1,760.9480811152345,122.21883924692712,0.0,1.0,0.0,0.0,2.0
4030,0.0012286231717727146,0.26538260510290634,0.0,0.1,753.3369605969621,131.63589214136846,0.0,1.0,0.0,0.0,2.0
4031,0.001571862002849407,0.3395221926154719,0.0,0.1,747.7896485990119,137.02763011881734,0.0,1.0,0.0,0.0,2.0
4032,0.00041173423344938024,0.08893459442506614,1.0,0.1,739.651172557183,145.78943638651165,0.0,1.0,0.0,0.0,2.0
4033,0.0013359774666592383,0.28857113279839547,0.0,0.1,739.471361001351,146.25905828106877,0.0,1.0,0.0,0.0,2.0
4034,0.0008841316413089697,0.19097243452273746,0.0,0.1,734.0993432436564,152.59604181217836,0.0,1.0,0.0,0.0,2.0
4035,0.0021096076243130074,0.4556752468516096,0.0,0.1,725.1186218042034,163.12899078816739,0.0,1.0,0.0,0.0,2.0
4036,0.001209810546249273,0.26131907798984294,0.0,0.1,718.5618618689394,168.89710677969362,0.0,1.0,0.0,0.0,2.0
4037,0.0021563558949774368,0.46577287331512635,0.0,0.1,714.5587296535847,171.74601263571475,0.0,1.0,0.0,0.0,2.0
4038,0.0015270002565425944,0.32983205541320043,0.0,0.1,707.9360255979042,176.6342505170031,0.0,1.0,0.0,0.0,2.0
4039,0.0015569317466261798,0.33629725727125487,0.0,0.1,704.8450672140125,178.77179785102902,0.0,1.0,0.0,0.0,2.0
4040,0.0017821156816199039,0.3849369872298993,0.0,0.1,694.5960281492133,186.8391568376498,0.0,1.0,0.0,0.0,2.0
4041,0.0010482517984800874,0.22642238847169888,0.0,0.1,689.005656526585,190.9549911726863,0.0,1.0,0.0,0.0,2.0
4042,0.0019115456333595976,0.4128938568056731,0.0,0.1,684.3682343950903,195.2424757836536,0.0,1.0,0.0,0.0,2.0
4043,0.0024576500704702672,0.5308524152215778,0.0,0.1,675.8640587202353,203.74345462373157,0.0,1.0,0.0,0.0,2.0
4044,0.00211131739424083,0.45604455715601927,0.0,0.1,668.2205519933669,212.00518766435584,0.0,1.0,0.0,0.0,2.0
4045,0.0018287878127710442,0.3950181675585456,0.0,0.1,660.4259514015912,220.7837166099099,0.0,1.0,0.0,0.0,2.0
4046,0.0015848588808124637,0.3423295182554922,0.0,0.1,647.1415037975524,234.75663998288888,0.0,1.0,0.0,0.0,2.0
4047,0.0025707553895430377,0.5552831641412962,0.0,0.1,639.7176741762272,241.90502367647738,0.0,1.0,0.0,0.0,2.0
4048,0.004052921010982553,0.8754309383722314,0.0,0.1,624.9220975385476,256.91527484555115,0.0,1.0,0.0,0.0,2.0
4049,0.00262623216448209,0.5672661475281314,0.0,0.1,608.9808668030531,273.6733229481232,0.0,1.0,0.0,0.0,2.0
4050,0.0007911524327025953,0.17088892546376058,0.0,0.1,598.0254149366227,284.66175738031023,0.0,1.0,0.0,0.0,2.0
4051,0.002663708809106618,0.5753611027670296,0.0,0.1,597.1281491500517,284.715996775104,0.0,1.0,0.0,0.0,2.0
4052,0.0026828431265764497,0.5794941153405132,0.0,0.1,593.8197444877127,286.7399214270093,0.0,1.0,0.0,0.0,2.0
4053,0.002126339399605893,0.4592893103148729,0.0,0.1,580.8984790350802,299.6010979662518,0.0,1.0,0.0,0.0,2.0
4054,0.002102975280587116,0.45424266060681706,0.0,0.1,570.707258601539,310.1343901405298,0.0,1.0,0.0,0.0,2.0
4055,0.0018474379846230016,0.39904660467856834,0.0,0.1,559.9366804082205,320.9024251249025,0.0,1.0,0.0,0.0,2.0
4056,0.0034179389285988373,0.7382748085773488,0.0,0.1,555.35714601467,325.90341021056526,0.0,1.0,0.0,0.0,2.0
4057,0.003597177239312476,0.7769902836914948,0.0,0.1,547.542698168327,333.6510406878011,0.0,1.0,0.0,0.0,2.0
4058,0.0033951623843806867,0.7333550750262283,0.0,0.1,541.9878801616624,339.19686615936877,0.0,1.0,0.0,0.0,2.0
4059,0.0009190051087137387,0.19850510348216757,0.0,0.1,533.6451688450222,348.70567218240603,0.0,1.0,0.0,0.0,2.0
4060,0.002553331525886845,0.5515196095915585,0.0,0.1,527.8679186028804,354.84743439860955,0.0,1.0,0.0,0.0,2.0
4061,0.0032842744233044846,0.7094032754337687,0.0,0.1,516.582625585016,364.87252756034906,0.0,1.0,0.0,0.0,2.0
4062,0.003808420194345655,0.8226187619786615,0.0,0.1,506.30418823351323,374.0586086818362,0.0,1.0,0.0,0.0,2.0
4063,0.0017214244203445294,0.37182767479441836,0.0,0.1,495.5263897256522,384.0564874151441,0.0,1.0,0.0,0.0,2.0
4064,0.004938753435467132,1.0667707420609005,0.0,0.1,491.3911225042204,388.0148871871695,0.0,1.0,0.0,0.0,2.0
4065,0.0016775716141052,0.3623554686467232,0.0,0.1,483.54549244817065,395.41090619139754,0.0,1.0,0.0,0.0,2.0
4066,0.0018599835920607877,0.40175645588513015,0.0,0.1,469.06939105276706,408.6968366486154,0.0,1.0,0.0,0.0,2.0
4067,0.003549959042190739,0.7667911531131996,0.0,0.1,455.66598870694366,421.0385404999131,0.0,1.0,0.0,0.0,2.0
4068,0.001649930546084209,0.35638499795418915,0.0,0.1,442.95640845269156,432.7690136805874,0.0,1.0,0.0,0.0,2.0
4069,0.003729639325567504,0.8056020943225809,0.0,0.1,435.651949581648,439.84800562751246,0.0,1.0,0.0,0.0,2.0
4070,0.003824600028124688,0.8261136060749327,0.0,0.1,428.6178335757332,446.467960844002,0.0,1.0,0.0,0.0,2.0
4071,0.003818542887126519,0.824805263619328,0.0,0.1,423.67941658177506,451.11802137201454,0.0,1.0,0.0,0.0,2.0
4072,0.0013398398927021084,0.2894054168236554,0.0,0.1,415.88370282720007,458.8075685756249,0.0,1.0,0.0,0.0,2.0
4073,0.0022224006764116986,0.4800385461049269,0.0,0.1,409.3385289098978,465.37314776306994,0.0,1.0,0.0,0.0,2.0
4074,0.0015254284808271003,0.32949255185865367,0.0,0.1,399.81508583711917,474.9008778317658,0.0,1.0,0.0,0.0,2.0
4075,0.0021631854739563834,0.4672480623745788,0.0,0.1,392.58530705057973,481.91954066393424,0.0,1.0,0.0,0.0,2.0
4076,0.0021148622225202383,0.45681024006437143,0.0,0.1,392.19163941988626,482.06410800260744,0.0,1.0,0.0,0.0,2.0
4077,0.0010498928504067207,0.22677685568785166,0.0,0.1,393.32926895051645,480.9065907802234,0.0,1.0,0.0,0.0,2.0
4078,0.00041599326697882953,0.08985454566742718,1.0,0.1,393.8885314316341,480.4025715662797,0.0,1.0,0.0,0.0,2.0
4079,0.001877050379326978,0.40544288193462724,0.0,0.1,393.4331590415355,480.99756375413966,0.0,1.0,0.0,0.0,2.0
4080,0.001106866251376562,0.23908311029733736,0.0,0.1,385.7014059318458,488.8647632852153,0.0,1.0,0.0,0.0,2.0
4081,0.0011991569998320635,0.2590179119637257,0.0,0.1,377.5808274776996,497.0114485782913,0.0,1.0,0.0,0.0,2.0
4082,0.0008552716904977846,0.18473868514752148,0.0,0.1,372.92851583990637,501.8727585465323,0.0,1.0,0.0,0.0,2.0
4083,0.0010016506850886737,0.21635654797915355,0.0,0.1,372.0760944560491,502.82411858819694,0.0,1.0,0.0,0.0,2.0
4084,0.0006349039916286398,0.1371392621917862,0.0,0.1,375.2948694296042,500.03875385726667,0.0,1.0,0.0,0.0,2.0
4085,0.0005319459775702198,0.11490033115516747,0.0,0.1,379.78696344537605,496.3067066943681,0.0,1.0,0.0,0.0,2.0
4086,0.0005850609131940954,0.12637315724992462,0.0,0.1,380.1152786632389,497.283443585076,0.0,1.0,0.0,0.0,2.0
4087,0.0008717947032881307,0.18830765591023624,0.0,0.1,379.05847996304715,499.0721970153715,0.0,1.0,0.0,0.0,2.0
4088,0.000971388522346031,0.2098199208267427,0.0,0.1,382.5695433444634,496.9236236840527,0.0,1.0,0.0,0.0,2.0
4089,0.0005554430281405225,0.11997569407835287,0.0,0.1,385.8791260778673,494.2934398748813,0.0,1.0,0.0,0.0,2.0
4090,0.00021623221574600406,0.046706158601136874,1.0,0.1,385.53259835021356,494.56906557125546,0.0,1.0,0.0,0.0,2.0
4091,0.0003805654860075913,0.08220214497763972,1.0,0.1,383.45972946197736,496.5622286308188,0.0,1.0,0.0,0.0,2.0
4092,3.6510278712514955e-05,0.00788622020190323,1.0,0.1,382.7193719408925,497.2240473581898,0.0,1.0,0.0,0.0,2.0
4093,0.00040104187702059236,0.08662504543644796,1.0,0.1,382.7594995852782,497.1958113486398,0.0,1.0,0.0,0.0,2.0
4094,0.0007235539563027508,0.15628765456139418,0.0,0.1,382.9130278663053,497.2613690744523,0.0,1.0,0.0,0.0,2.0
4095,0.000365514547448397,0.07895114224885375,1.0,0.1,382.383461773905,498.01144236462125,0.0,1.0,0.0,0.0,2.0
4096,0.0009733907842491034,0.21025240939780632,0.0,0.1,381.83074710509015,498.7731361464022,0.0,1.0,0.0,0.0,2.0
4097,0.0006514608157077048,0.14071553619286425,0.0,0.1,379.2195181828327,502.61934828036215,0.0,1.0,0.0,0.0,2.0
4098,0.0011756774456728582,0.25394632826533736,0.0,0.1,373.65977337793964,508.6862984764379,0.0,1.0,0.0,0.0,2.0
4099,0.0014669613687576912,0.3168636556516613,0.0,0.1,366.9758398391349,515.5635476472002,0.0,1.0,0.0,0.0,2.0
4100,0.0016691132284545383,0.3605284573461803,0.0,0.1,358.5638439592403,524.3506421398698,0.0,1.0,0.0,0.0,2.0
4101,0.0027099152233445428,0.5853416882424213,0.0,0.1,354.0339230146053,529.2420658206324,0.0,1.0,0.0,0.0,2.0
4102,0.0037759068315154857,0.8155958756073449,0.0,0.1,342.464500227666,541.2099228375008,0.0,1.0,0.0,0.0,2.0
4103,0.002819525281801444,0.6090174608691119,0.0,0.1,331.58337911501644,552.4815717258367,0.0,1.0,0.0,0.0,2.0
4104,0.0011018330468483967,0.23799593811925368,0.0,0.1,321.13538371918526,563.2994231500295,0.0,1.0,0.0,0.0,2.0
4105,0.0027766227480724697,0.5997505135836535,0.0,0.1,314.98789591697494,569.7471642240586,0.0,1.0,0.0,0.0,2.0
4106,0.0027937823644954775,0.6034569907310232,0.0,0.1,305.12498573857505,580.6504775178654,0.0,1.0,0.0,0.0,2.0
4107,0.0036927029734529202,0.7976238422658307,0.0,0.1,291.57348683755623,595.5293644451881,0.0,1.0,0.0,0.0,2.0
4108,0.002993628588407501,0.6466237750960202,0.0,0.1,281.1670127253807,607.5597081741889,0.0,1.0,0.0,0.0,2.0
4109,0.0017758873332902585,0.38359166399069583,0.0,0.1,271.93988185685424,617.3852287190923,0.0,1.0,0.0,0.0,2.0
4110,0.002616186065489461,0.5650961901457237,0.0,0.1,268.6408376103529,620.8604145413,0.0,1.0,0.0,0.0,2.0
4111,0.0025315800333829876,0.5468212872107253,0.0,0.1,262.6131711211623,627.6444511656783,0.0,1.0,0.0,0.0,2.0
4112,0.0026025477527869224,0.5621503146019753,0.0,0.1,260.8031523107304,630.0791706120813,1.0,0.0,0.0,0.0,2.0
4113,0.0013500527321583802,0.2916113901462101,0.0,0.1,256.37047845222554,635.132941262953,1.0,0.0,0.0,0.0,2.0
4114,0.00146070004403705,0.3155112095120028,0.0,0.1,255.36098289480267,636.2707944650865,1.0,0.0,0.0,0.0,2.0
4115,0.003003113206849097,0.648672452679405,0.0,0.1,255.8442889856845,635.2981303044165,1.0,0.0,0.0,0.0,2.0
4116,0.0011036766119841032,0.2383941481885663,0.0,0.1,255.70392859928077,636.3697820924128,1.0,0.0,0.0,0.0,2.0
4117,0.0005901358256214082,0.1274693383342242,0.0,0.1,254.33777711792092,638.4853050159089,1.0,0.0,0.0,0.0,2.0
4118,0.0011967550797704963,0.2584990972304272,0.0,0.1,255.07442727745868,637.9974057045819,1.0,0.0,0.0,0.0,2.0
4119,0.0013179470032746127,0.28467655270731634,0.0,0.1,252.30163784357424,642.0398315194221,1.0,0.0,0.0,0.0,2.0
4120,0.0012662005718746569,0.2734993235249259,0.0,0.1,249.0102034012353,647.5959170439112,1.0,0.0,0.0,0.0,2.0
4121,0.0019306376278804545,0.41701772762217815,0.0,0.1,248.37725040772204,649.6862951448163,1.0,0.0,0.0,0.0,2.0
4122,0.0009465027249967485,0.20444458859929768,0.0,0.1,250.51515539708132,649.4671358336992,1.0,0.0,0.0,0.0,2.0
4123,0.0011502985916092318,0.24846449578759408,0.0,0.1,249.23456784330065,652.1213797006234,1.0,0.0,0.0,0.0,2.0
4124,0.0004979002887589486,0.1075464623719329,0.0,0.1,245.83506688433488,660.6083678572811,1.0,0.0,0.0,0.0,2.0
4125,0.0010892638054933897,0.23528098198657216,0.0,0.1,241.10250110561879,669.1324986801195,1.0,0.0,0.0,0.0,2.0
4126,0.0009351368297742537,0.2019895552312388,0.0,0.1,239.66107756757478,672.9567803079004,1.0,0.0,0.0,0.0,2.0
4127,0.0005955591314392286,0.12864077239087338,0.0,0.1,236.19086579717037,678.6959108635699,1.0,0.0,0.0,0.0,2.0
4128,0.0019555654697282097,0.4224021414612933,0.0,0.1,233.80622961365742,681.6776637827621,1.0,0.0,0.0,0.0,2.0
4129,0.0020253537955309984,0.43747641983469565,0.0,0.1,225.64763581715613,689.0066654368617,1.0,0.0,0.0,0.0,2.0
4130,0.0018798381849292837,0.4060450479447253,0.0,0.1,216.9086503939204,696.5200085243096,1.0,0.0,0.0,0.0,2.0
4131,0.0010384149490728102,0.22429762899972702,0.0,0.1,219.27633228583488,688.2332735310373,1.0,0.0,0.0,0.0,2.0
4132,0.0010937109597973808,0.23624156731623425,0.0,0.1,218.61175852072034,686.2457412928953,1.0,0.0,0.0,0.0,2.0
4133,0.000907684528779442,0.19605985821635946,0.0,0.1,217.50932061881988,685.2804958497989,1.0,0.0,0.0,0.0,2.0
4134,0.00102140660921257,0.22062382758991514,0.0,0.1,215.3117178431078,685.736648047457,1.0,0.0,0.0,0.0,2.0
4135,0.0008971832071716663,0.19379157274907993,0.0,0.1,213.30262816081625,687.374329727092,1.0,0.0,0.0,0.0,2.0
4136,0.0011789618356373743,0.25465575649767286,0.0,0.1,209.54449677259112,692.6474542564082,1.0,0.0,0.0,0.0,2.0
4137,0.0006983767487361812,0.15084937772701515,0.0,0.1,204.25790849248614,700.5353584984452,1.0,0.0,0.0,0.0,2.0
4138,0.0011782856046250246,0.2545096905990053,0.0,0.1,202.89719407237382,702.9553966618025,1.0,0.0,0.0,0.0,2.0
4139,0.0005550743153777298,0.11989605212158964,0.0,0.1,200.94878050504764,707.1194727490983,1.0,0.0,0.0,0.0,2.0
4140,0.0011522419884398233,0.24888426950300183,0.0,0.1,195.3574394089608,717.2199557103604,1.0,0.0,0.0,0.0,2.0
4141,0.0009308989555098767,0.20107417439013336,0.0,0.1,192.63245605697117,722.751714289467,1.0,0.0,0.0,0.0,2.0
4142,0.0026222285600744923,0.5664013689760904,0.0,0.1,185.09944697351398,734.030198859461,1.0,0.0,0.0,0.0,2.0
4143,0.0016762587634172542,0.36207189289812697,0.0,0.1,179.25652747672467,743.4247384578364,1.0,0.0,0.0,0.0,2.0
4144,0.00258384887730921,0.5581113574987893,0.0,0.1,176.46764993124177,749.6408330580509,1.0,0.0,0.0,0.0,2.0
4145,0.0012858971370383848,0.2777537816002911,0.0,0.1,173.6635463827078,755.7093480982143,1.0,0.0,0.0,0.0,2.0
4146,0.0010959263137163419,0.23672008376272985,0.0,0.1,172.15147732248772,758.7920098094282,1.0,0.0,0.0,0.0,2.0
4147,0.0018323379543461046,0.3957849981387586,0.0,0.1,167.6235828682226,769.404901242697,1.0,0.0,0.0,0.0,2.0
4148,0.0032866152944493435,0.7099089036010582,0.0,0.1,164.9932485809636,777.2486412560894,1.0,0.0,0.0,0.0,2.0
4149,0.0009458539741818797,0.204304458423286,0.0,0.1,160.80724195361174,784.2390143651094,1.0,0.0,0.0,0.0,2.0
4150,0.0017686843530441408,0.3820358202575344,0.0,0.1,161.79955506102468,787.1207810121786,1.0,0.0,0.0,0.0,2.0
4151,0.001487852310061,0.32137609897317604,0.0,0.1,161.36827555133553,793.3700142687233,1.0,0.0,0.0,0.0,2.0
4152,0.0024080877714015027,0.5201469586227246,0.0,0.1,159.99074712108927,800.2807080341951,1.0,0.0,0.0,0.0,2.0
4153,0.001277093179369571,0.27585212674382736,0.0,0.1,160.46462846338656,805.6189269716136,1.0,0.0,0.0,0.0,2.0
4154,0.000621068104075185,0.13415071048023997,0.0,0.1,162.41210687686757,806.7011636845015,1.0,0.0,0.0,0.0,2.0
4155,0.0009516334950066464,0.2055528349214356,0.0,0.1,162.92980555271947,807.9172308824284,1.0,0.0,0.0,0.0,2.0
4156,0.002017692232891748,0.4358215223046176,0.0,0.1,169.4096602618631,806.2231142764257,1.0,0.0,0.0,0.0,2.0
4157,0.0008906615473897208,0.1923828942361797,0.0,0.1,175.4674150884592,806.4227528772527,1.0,0.0,0.0,0.0,2.0
4158,0.0005933186211449151,0.12815682216730168,0.0,0.1,176.38002554468622,804.8067905043357,1.0,0.0,0.0,0.0,2.0
4159,0.0013398166957416917,0.2894004062802054,0.0,0.1,176.48796368088452,804.150041474907,1.0,0.0,0.0,0.0,2.0
4160,0.0019459526323596734,0.4203257685896895,0.0,0.1,180.6330736685817,802.1368480133128,1.0,0.0,0.0,0.0,2.0
4161,0.0017659401938376256,0.3814430818689271,0.0,0.1,185.37645659146554,797.7676666665611,1.0,0.0,0.0,0.0,2.0
4162,0.0005083965386822824,0.109813652355373,0.0,0.1,189.42774173175448,791.2024319984057,1.0,0.0,0.0,0.0,2.0
4163,0.00028582282193919333,0.061737729538865756,1.0,0.1,190.71882624764686,789.9292038881762,1.0,0.0,0.0,0.0,2.0
4164,0.00010844015734511374,0.02342307398654457,1.0,0.1,194.06387342168182,789.5148692727706,1.0,0.0,0.0,0.0,2.0
4165,0.0008784127627989074,0.189737156764564,0.0,0.1,195.7875736132469,787.3411621910078,1.0,0.0,0.0,0.0,2.0
4166,0.0006095888392983158,0.1316711892884362,0.0,0.1,198.77308268219838,785.4097491742272,1.0,0.0,0.0,0.0,2.0
4167,0.00021793905176667694,0.04707483518160222,1.0,0.1,204.61691309309435,780.5609993621491,1.0,0.0,0.0,0.0,2.0
4168,0.00021566254264846944,0.0465831092120694,1.0,0.1,209.68869775702362,778.5147293882223,1.0,0.0,0.0,0.0,2.0
4169,0.00034552548020673365,0.07463350372465447,1.0,0.1,216.22339172573987,778.255167529348,1.0,0.0,0.0,0.0,2.0
4170,0.00034778069338143127,0.07512062977038916,1.0,0.1,221.89117416895846,774.9086185176081,1.0,0.0,0.0,0.0,2.0
4171,0.0003152647482427042,0.0680971856204241,1.0,0.1,224.11633451720974,771.3856915933083,1.0,0.0,0.0,0.0,2.0
4172,0.0005256172977855013,0.11353333632166826,0.0,0.1,227.69953332675158,769.7478654336941,1.0,0.0,0.0,0.0,2.0
4173,0.0005514270541256273,0.1191082436911355,0.0,0.1,229.76440191849719,768.321095610718,1.0,0.0,0.0,0.0,2.0
4174,0.00030777249110450715,0.06647885807857354,1.0,0.1,230.88794621392805,769.3539078128506,1.0,0.0,0.0,0.0,2.0
4175,0.0007034645799249043,0.15194834926377934,0.0,0.1,230.62043602752112,768.6870269377629,1.0,0.0,0.0,0.0,2.0
4176,0.00011349835703116147,0.02451564511873088,1.0,0.1,229.1229379646534,769.6267427214092,1.0,0.0,0.0,0.0,2.0
4177,0.0003364547176734503,0.07267421901746528,1.0,0.1,229.01933022030593,768.5572870025516,1.0,0.0,0.0,0.0,2.0
4178,0.0005619379072423159,0.12137858796434023,0.0,0.1,223.3099480610554,771.5507708900894,1.0,0.0,0.0,0.0,2.0
4179,0.0006403368291979078,0.1383127551067481,0.0,0.1,214.37858008327413,776.3555328519885,1.0,0.0,0.0,0.0,2.0
4180,0.0003843220755734251,0.08301356832385982,1.0,0.1,204.97935180659618,781.5482140430528,1.0,0.0,0.0,0.0,2.0
4181,0.0003926082866789398,0.08480338992265099,1.0,0.1,196.06862933913501,787.3944202892832,1.0,0.0,0.0,0.0,2.0
4182,0.00025482984607220935,0.05504324675159722,1.0,0.1,195.3316420988073,787.276305073257,1.0,0.0,0.0,0.0,2.0
4183,0.00030883631346090854,0.06670864370755625,1.0,0.1,193.0789310136525,786.8294677909956,1.0,0.0,0.0,0.0,2.0
4184,0.0007128937087208554,0.15398504108370475,0.0,0.1,193.0262243216027,786.3931781331977,1.0,0.0,0.0,0.0,2.0
4185,0.0005420053154317521,0.11707314813325848,0.0,0.1,191.77288686878634,787.5579071335578,1.0,0.0,0.0,0.0,2.0
4186,0.000604049131228924,0.1304746123454476,0.0,0.1,191.24464639404187,788.7244836484997,1.0,0.0,0.0,0.0,2.0
4187,0.0007555560933263619,0.1632001161584942,0.0,0.1,188.99637153716952,788.8720234103965,1.0,0.0,0.0,0.0,2.0
4188,0.00027729322329986,0.05989533623276976,1.0,0.1,188.0629396332039,789.1851543904821,1.0,0.0,0.0,0.0,2.0
4189,0.0007744769219057192,0.16728701513163532,0.0,0.1,188.64028864288423,790.4815883436174,1.0,0.0,0.0,0.0,2.0
4190,0.0005935928007524696,0.12821604496253344,0.0,0.1,188.76243343518544,789.7351353895206,1.0,0.0,0.0,0.0,2.0
4191,0.00035995643429893,0.07775058980856889,1.0,0.1,186.97931703391555,791.3748811784494,1.0,0.0,0.0,0.0,2.0
4192,0.00027311050253655845,0.05899186854789663,1.0,0.1,183.7713690071702,792.4829736899757,1.0,0.0,0.0,0.0,2.0
4193,0.0011283406061060718,0.2437215709189115,0.0,0.1,180.93124251198995,791.0513617769441,1.0,0.0,0.0,0.0,2.0
4194,0.00022593496395862745,0.04880195221506353,1.0,0.1,179.13213380815588,793.6225567128722,1.0,0.0,0.0,0.0,2.0
4195,0.0003071611031232418,0.06634679827462023,1.0,0.1,181.11799641957444,792.744235524871,1.0,0.0,0.0,0.0,2.0
4196,0.00019704230664421995,0.04256113823515151,1.0,0.1,181.01206559364263,795.6019857252415,1.0,0.0,0.0,0.0,2.0
4197,0.0005979420246871006,0.12915547733241375,0.0,0.1,180.5803455334836,797.6429689409581,1.0,0.0,0.0,0.0,2.0
4198,0.0009195615059287167,0.19862528528060283,0.0,0.1,180.73002722410013,797.7849065367107,1.0,0.0,0.0,0.0,2.0
4199,0.0006524277250652267,0.14092438861408899,0.0,0.1,180.44549132509724,798.0612548720311,1.0,0.0,0.0,0.0,2.0
4200,9.174869406930801e-05,0.01981771791897053,1.0,0.1,180.72148133477992,798.6402348243806,1.0,0.0,0.0,0.0,2.0
4201,0.001578375841180676,0.340929181695026,0.0,0.1,180.90362374143515,800.8486309949404,1.0,0.0,0.0,0.0,2.0
4202,0.000933773725329057,0.2016951246710763,0.0,0.1,178.81983451795213,804.3518472798906,1.0,0.0,0.0,0.0,2.0
4203,0.0005589397875572083,0.12073099411235699,0.0,0.1,176.97453587126117,809.7954968536035,1.0,0.0,0.0,0.0,2.0
4204,0.0008015591228102576,0.17313677052701565,0.0,0.1,175.77657816245937,812.2418506978706,1.0,0.0,0.0,0.0,2.0
4205,0.00021466037642788627,0.04636664130842343,1.0,0.1,176.2378066435305,814.103782270269,1.0,0.0,0.0,0.0,2.0
4206,5.18428611240378e-05,0.011198058002792164,1.0,0.1,178.50515290712212,813.3995826968986,1.0,0.0,0.0,0.0,2.0
4207,0.0002432762040098592,0.05254766006612959,1.0,0.1,182.04577809042746,812.3112328756522,1.0,0.0,0.0,0.0,2.0
4208,0.00043540065314075937,0.09404654107840403,1.0,0.1,182.5024989202795,811.4505948536726,1.0,0.0,0.0,0.0,2.0
4209,0.0003896878930452697,0.08417258489777826,1.0,0.1,182.74656273276315,810.7058052071252,1.0,0.0,0.0,0.0,2.0
4210,0.0010557232016225912,0.2280362115504797,0.0,0.1,183.0223061867186,808.1261534104788,1.0,0.0,0.0,0.0,2.0
4211,0.000752670125020875,0.16257674700450903,0.0,0.1,184.0160485545316,806.4246421855095,1.0,0.0,0.0,0.0,2.0
4212,0.0008664271330406321,0.18714826073677654,0.0,0.1,185.3587862793511,805.1439111710904,1.0,0.0,0.0,0.0,2.0
4213,0.00049176849596658,0.10622199512878129,0.0,0.1,184.0803889697655,806.255479169024,1.0,0.0,0.0,0.0,2.0
4214,0.0008826230225696842,0.1906465728750518,0.0,0.1,186.2285757782361,806.5557101523738,1.0,0.0,0.0,0.0,2.0
4215,0.000567916068926533,0.12266987088813114,0.0,0.1,188.21763385970698,807.070590605124,1.0,0.0,0.0,0.0,2.0
4216,5.140293725080848e-05,0.011103034446174631,1.0,0.1,189.15310802400438,807.5796903850544,1.0,0.0,0.0,0.0,2.0
4217,0.00031203275118140225,0.06739907425518289,1.0,0.1,188.90666646297203,807.2940867685131,1.0,0.0,0.0,0.0,2.0
4218,0.0003403198189699014,0.0735090808974987,1.0,0.1,191.3060185827133,806.024878561004,1.0,0.0,0.0,0.0,2.0
4219,0.000411487192637088,0.08888123360961102,1.0,0.1,192.30473184273174,805.4768966402405,1.0,0.0,0.0,0.0,2.0
4220,0.00036141555016799945,0.07806575883628789,1.0,0.1,191.45825660599587,805.979122738797,1.0,0.0,0.0,0.0,2.0
4221,0.00013545941156112716,0.029259232897203464,1.0,0.1,192.55728854888042,806.9336437824146,1.0,0.0,0.0,0.0,2.0
4222,0.0004303934721180632,0.09296498997750165,1.0,0.1,191.43171741658458,807.6381890176795,1.0,0.0,0.0,0.0,2.0
4223,0.0002940616581724373,0.06351731816524646,1.0,0.1,191.62833199175978,807.5385751842368,1.0,0.0,0.0,0.0,2.0
4224,0.00022944568375562292,0.04956026769121455,1.0,0.1,191.3150584724194,808.1406125608225,1.0,0.0,0.0,0.0,2.0
4225,0.0005495272282394246,0.11869788129971572,0.0,0.1,190.98911640843923,807.8973933108412,1.0,0.0,0.0,0.0,2.0
4226,0.00011303590587711393,0.02441575566945661,1.0,0.1,189.77314919910995,807.543763861072,1.0,0.0,0.0,0.0,2.0
4227,0.00043562415027934053,0.09409481646033756,1.0,0.1,188.92464217596122,807.2414318277499,1.0,0.0,0.0,0.0,2.0
4228,0.00015058816569228924,0.03252704378953447,1.0,0.1,188.22180680411535,806.8503956144782,1.0,0.0,0.0,0.0,2.0
4229,0.00023077071283333624,0.04984647397200063,1.0,0.1,187.86404629724018,806.8704500241943,1.0,0.0,0.0,0.0,2.0
4230,0.0004034041274595311,0.08713529153125872,1.0,0.1,188.62972062540874,805.822988469641,1.0,0.0,0.0,0.0,2.0
4231,0.0006685636585044685,0.1444097502369652,0.0,0.1,186.9502830432134,806.8490092819189,1.0,0.0,0.0,0.0,2.0
4232,0.00018162550515253526,0.03923110911294762,1.0,0.1,187.53685194747572,807.5040449862369,1.0,0.0,0.0,0.0,2.0
4233,0.00022244146507191848,0.048047356455534394,1.0,0.1,188.17574279405378,809.2053318974212,1.0,0.0,0.0,0.0,2.0
4234,1.2381819938670163e-05,0.002674473106752755,1.0,0.1,189.4184146821652,809.650152945108,1.0,0.0,0.0,0.0,2.0
4235,0.00037318465025485727,0.08060788445504917,1.0,0.1,191.79170186601505,808.7950632069429,1.0,0.0,0.0,0.0,2.0
4236,0.00020942340780951633,0.04523545608685553,1.0,0.1,196.69940740869646,807.159104023158,1.0,0.0,0.0,0.0,2.0
4237,0.00014401170941341634,0.03110652923329793,1.0,0.1,198.83337116560955,805.9669627808012,1.0,0.0,0.0,0.0,2.0
4238,0.00019210399396395452,0.04149446269621418,1.0,0.1,200.9418121742283,805.0161766973627,1.0,0.0,0.0,0.0,2.0
4239,0.0005800885680305375,0.1252991306945961,0.0,0.1,202.17594529920865,803.7149964048833,1.0,0.0,0.0,0.0,2.0
4240,0.00046049450614782687,0.0994668133279306,1.0,0.1,202.28251173153205,802.4924733455238,1.0,0.0,0.0,0.0,2.0
4241,0.0006604711221738738,0.14266176238955675,0.0,0.1,203.09093348211724,802.1077398102675,1.0,0.0,0.0,0.0,2.0
4242,9.181877561818693e-05,0.019832855533528378,1.0,0.1,207.43402379575414,797.8744312163861,1.0,0.0,0.0,0.0,2.0
4243,0.00022361189893057548,0.0483001701690043,1.0,0.1,209.2577465627035,795.2916446105945,1.0,0.0,0.0,0.0,2.0
4244,0.0001249962570009919,0.026999191512214252,1.0,0.1,208.8207278603419,795.6902418729177,1.0,0.0,0.0,0.0,2.0
4245,0.0001329492609819414,0.028717040372099347,1.0,0.1,210.3470418664957,794.2906590917611,1.0,0.0,0.0,0.0,2.0
4246,0.00023603037051858286,0.0509825600320139,1.0,0.1,213.05956452201002,791.8510476080329,1.0,0.0,0.0,0.0,2.0
4247,0.0005560592704050182,0.12010880240748392,0.0,0.1,221.386576522105,788.0293600807306,1.0,0.0,0.0,0.0,2.0
4248,0.00034766189570443307,0.07509496947215755,1.0,0.1,229.86444379104296,786.0437873399637,1.0,0.0,0.0,0.0,2.0
4249,0.0005659411269563936,0.122243283422581,0.0,0.1,232.54315265924524,784.3835221638652,1.0,0.0,0.0,0.0,2.0
4250,0.0005288531712875393,0.1142322849981085,0.0,0.1,237.1040447814729,781.1837531976479,1.0,0.0,0.0,0.0,2.0
4251,0.000736161662706709,0.15901091914464913,0.0,0.1,238.1285234834609,780.6016815436639,1.0,0.0,0.0,0.0,2.0
4252,0.0007150527416619878,0.15445139219898937,0.0,0.1,238.40612920086326,779.3388078507797,1.0,0.0,0.0,0.0,2.0
4253,0.0002913949227757179,0.06294130331955507,1.0,0.1,238.98119417103615,774.0534456635835,1.0,0.0,0.0,0.0,2.0
4254,0.0015379320912674971,0.3321933317137794,0.0,0.1,238.15144469677136,772.6367976198359,1.0,0.0,0.0,0.0,2.0
4255,0.0019174740930071423,0.41417440408954276,0.0,0.1,240.10082888719214,768.8600665257472,1.0,0.0,0.0,0.0,2.0
4256,0.0010057036414678447,0.21723198655705447,0.0,0.1,242.91517850783708,768.7266264634301,1.0,0.0,0.0,0.0,2.0
4257,0.0007075862567823735,0.15283863146499269,0.0,0.1,244.5948852937357,771.9111209665685,1.0,0.0,0.0,0.0,2.0
4258,0.0005344496445705161,0.11544112322723148,0.0,0.1,244.99553484620216,775.4085569153928,1.0,0.0,0.0,0.0,2.0
4259,0.0007301040105678182,0.15770246628264872,0.0,0.1,245.2348689440483,777.5574308972032,1.0,0.0,0.0,0.0,2.0
4260,0.0009339940425162045,0.20174271318350018,0.0,0.1,248.5170839727364,778.4273430046021,1.0,0.0,0.0,0.0,2.0
4261,0.0006524552621409217,0.1409303366224391,0.0,0.1,250.5885622585268,780.2729725090833,1.0,0.0,0.0,0.0,2.0
4262,0.0010142766491787712,0.21908375622261458,0.0,0.1,251.76472319480254,781.1722980748797,1.0,0.0,0.0,0.0,2.0
4263,0.0021056383862122032,0.45481789142183593,0.0,0.1,252.60252380230946,781.758331113387,1.0,0.0,0.0,0.0,2.0
4264,0.0012642837025372369,0.27308527974804314,0.0,0.1,253.7394260031498,782.0167569164564,1.0,0.0,0.0,0.0,2.0
4265,0.000272649667848584,0.05889232825529415,1.0,0.1,254.14724202500207,783.7901526887808,1.0,0.0,0.0,0.0,2.0
4266,0.0002435358800184909,0.05260375008399404,1.0,0.1,255.5051901234489,783.8266848481743,1.0,0.0,0.0,0.0,2.0
4267,0.00010756200134910217,0.02323339229140607,1.0,0.1,256.43087973807957,784.2965405355186,1.0,0.0,0.0,0.0,2.0
4268,,,,0.1,257.81009247682385,785.3202528339202,1.0,0.0,0.0,0.0,2.0
4269,,,,0.1,257.84682717973294,786.2673260224408,,,0.0,0.0,2.0
4270,0.0002893006396843508,0.06248893817181977,1.0,0.1,257.47028476617436,786.8343178981996,1.0,0.0,0.0,0.0,2.0
4271,0.0009686296103226578,0.2092239958296941,0.0,0.1,258.3025918918599,786.4856546838611,1.0,0.0,0.0,0.0,2.0
4272,0.0011915521056616583,0.2573752548229182,0.0,0.1,258.6718183508753,787.1860205160725,1.0,0.0,0.0,0.0,2.0
4273,0.0005766136504484994,0.12454854849687588,0.0,0.1,259.66067043520843,787.5443443870543,1.0,0.0,0.0,0.0,2.0
4274,0.0006186893174199986,0.13363689256271968,0.0,0.1,259.42780375034397,787.3639887469064,1.0,0.0,0.0,0.0,2.0
4275,0.00031760064967390763,0.06860174032956405,1.0,0.1,258.838190778822,786.7429297668818,1.0,0.0,0.0,0.0,2.0
4276,0.00023518635880658665,0.05080025350222272,1.0,0.1,257.9321709811128,786.816101883655,1.0,0.0,0.0,0.0,2.0
4277,0.0005797033419200399,0.12521592185472863,0.0,0.1,257.81926247441527,786.7717808184597,1.0,0.0,0.0,0.0,2.0
4278,0.0002870417937683733,0.062001027453968634,1.0,0.1,258.15858405921267,787.8490321094802,1.0,0.0,0.0,0.0,2.0
4279,0.00021160920108283956,0.045707587433893346,1.0,0.1,258.20834374517307,788.5619375776678,1.0,0.0,0.0,0.0,2.0
4280,0.00018581090638523085,0.04013515577920986,1.0,0.1,257.3645510505338,789.191154448748,1.0,0.0,0.0,0.0,2.0
4281,0.000344593669270977,0.07443223256253104,1.0,0.1,257.41262054305776,788.9843768203007,1.0,0.0,0.0,0.0,2.0
4282,0.0003079123223803481,0.0665090616341552,1.0,0.1,256.48181923510276,789.4895671464137,1.0,0.0,0.0,0.0,2.0
4283,0.0005125056412350309,0.11070121850676667,0.0,0.1,255.96805290245683,789.8838842725705,1.0,0.0,0.0,0.0,2.0
4284,0.00018094814300830082,0.03908479888979298,1.0,0.1,255.91079624518093,789.6574081347736,1.0,0.0,0.0,0.0,2.0
4285,0.00019116318370452606,0.041291247680177626,1.0,0.1,255.42221863239982,789.3384868194058,1.0,0.0,0.0,0.0,2.0
4286,0.000370252861270461,0.07997461803441958,1.0,0.1,255.04737743484074,788.8170305556944,1.0,0.0,0.0,0.0,2.0
4287,0.00013809490353302017,0.029828499163132356,1.0,0.1,254.12842684355098,789.7402791197768,1.0,0.0,0.0,0.0,2.0
4288,0.00026066925945521414,0.05630456004232626,1.0,0.1,253.56671088178956,789.6025159404529,1.0,0.0,0.0,0.0,2.0
4289,0.00011220210868620535,0.024235655476220357,1.0,0.1,253.3717520908903,788.5621678224841,1.0,0.0,0.0,0.0,2.0
4290,0.00018036801262821906,0.03895949072769532,1.0,0.1,253.14401793642364,788.729619710345,1.0,0.0,0.0,0.0,2.0
4291,0.0003354164462395483,0.07244995238774243,1.0,0.1,252.21926425226624,789.7538846154745,1.0,0.0,0.0,0.0,2.0
4292,0.0001946349633389795,0.04204115208121957,1.0,0.1,251.47526359173028,790.3233743978373,1.0,0.0,0.0,0.0,2.0
4293,0.00011496864941930051,0.02483322827456891,1.0,0.1,250.24864182490862,792.1398109903888,1.0,0.0,0.0,0.0,2.0
4294,0.00027006016240302644,0.05833299507905371,1.0,0.1,250.22133323553354,791.9287428311975,1.0,0.0,0.0,0.0,2.0
4295,0.00039901235163556243,0.08618666795328149,1.0,0.1,250.08153483364822,792.8103544770175,1.0,0.0,0.0,0.0,2.0
4296,0.00023242077625573268,0.05020288767123826,1.0,0.1,251.75822275748314,791.0571128746814,1.0,0.0,0.0,0.0,2.0
4297,0.00017142855902485123,0.03702856874936787,1.0,0.1,253.4780423105299,789.2557682120996,1.0,0.0,0.0,0.0,2.0
4298,0.0002950176232455995,0.0637238066210495,1.0,0.1,254.2031624804193,788.593462288776,1.0,0.0,0.0,0.0,2.0
4299,0.0006042071077602133,0.1305087352762061,0.0,0.1,255.4667098297088,786.6206451592093,1.0,0.0,0.0,0.0,2.0
4300,0.0005929464168662662,0.1280764260431135,0.0,0.1,255.34931054896302,786.9598794553369,1.0,0.0,0.0,0.0,2.0
4301,0.00019213393040350905,0.04150092896715796,1.0,0.1,256.265452200687,788.0967396093944,1.0,0.0,0.0,0.0,2.0
4302,0.00020169827548075867,0.04356682750384387,1.0,0.1,255.27867879762303,789.2561175285741,1.0,0.0,0.0,0.0,2.0
4303,0.0010127171664226122,0.21874690794728427,0.0,0.1,255.0043746784529,789.3106376720713,1.0,0.0,0.0,0.0,2.0
4304,0.001368231785109058,0.2955380655835565,0.0,0.1,255.78832633716866,789.5019125620246,1.0,0.0,0.0,0.0,2.0
4305,,,,0.1,257.76280029496377,789.6640958834595,1.0,0.0,0.0,0.0,2.0
4306,,,,0.1,258.2487638766314,789.4869531122008,,,0.0,0.0,2.0
4307,,,,0.1,257.5479774672085,789.511431342622,,,0.0,0.0,2.0
4308,0.0006856930918408572,0.14810970783762517,0.0,0.1,257.0562614200581,789.4906091938175,1.0,0.0,0.0,0.0,2.0
4309,1.233139578834324e-06,0.000266358149028214,1.0,0.1,257.09245711439166,789.7795589740505,1.0,0.0,0.0,0.0,2.0
4310,0.00020609505239410563,0.044516531317126816,1.0,0.1,257.6485016496053,789.4981071056685,1.0,0.0,0.0,0.0,2.0
4311,0.0002062305783040848,0.04454580491368232,1.0,0.1,258.22616660145144,790.1669912449084,1.0,0.0,0.0,0.0,2.0
4312,0.00035771644381713143,0.07726675186450038,1.0,0.1,258.4337715430327,790.890692295345,1.0,0.0,0.0,0.0,2.0
4313,,,,0.1,257.4066952478961,792.4215575011302,1.0,0.0,0.0,0.0,2.0
4314,,,,0.1,257.62477766493413,793.9830643947604,,,0.0,0.0,2.0
4315,,,,0.1,257.7822705633252,794.3744364346409,,,0.0,0.0,2.0
4316,,,,0.1,258.4714824699398,793.8139360249663,,,0.0,0.0,2.0
4317,,,,0.1,258.1917098069089,795.0022406327938,,,0.0,0.0,2.0
4318,,,,0.1,259.17454383826333,794.3761318281472,,,0.0,0.0,2.0
4319,0.0009134526947616459,0.1973057820685155,0.0,0.1,258.9779431019434,793.3164243846295,1.0,0.0,0.0,0.0,2.0
4320,0.00027494836112839814,0.059388846003733994,1.0,0.1,259.275387972149,792.2145905411688,1.0,0.0,0.0,0.0,2.0
4321,0.00031214188156978586,0.06742264641907375,1.0,0.1,258.64675935352415,792.1888095671177,1.0,0.0,0.0,0.0,2.0
4322,0.00014866850294335512,0.032112396635764706,1.0,0.1,257.9512465877621,792.572284877728,1.0,0.0,0.0,0.0,2.0
4323,0.0001612844591554695,0.03483744317758141,1.0,0.1,259.0815683944154,793.2819809389594,1.0,0.0,0.0,0.0,2.0
4324,0.0007987419017323514,0.1725282507741879,0.0,0.1,260.1306178638612,793.3997064652638,1.0,0.0,0.0,0.0,2.0
4325,0.00014040803855305253,0.030328136327459346,1.0,0.1,260.3704518009302,793.7248515839415,1.0,0.0,0.0,0.0,2.0
4326,0.0001708061110494853,0.036894119986688824,1.0,0.1,260.16150862367965,794.3055671179247,1.0,0.0,0.0,0.0,2.0
4327,8.728054415441953e-05,0.018852597537354618,1.0,0.1,259.38791181897375,794.7678086849764,1.0,0.0,0.0,0.0,2.0
4328,0.00014755304328031813,0.03187145734854872,1.0,0.1,259.41026737221983,793.5214429323322,1.0,0.0,0.0,0.0,2.0
4329,0.0007363606471392336,0.1590538997820745,0.0,0.1,259.04269785220094,792.7322799964923,1.0,0.0,0.0,0.0,2.0
4330,0.00022164028868149372,0.047874302355202646,1.0,0.1,259.27420444815044,791.0966689436112,1.0,0.0,0.0,0.0,2.0
4331,0.0013344610688325843,0.28824359086783824,0.0,0.1,259.0178812442753,787.6422347534675,1.0,0.0,0.0,0.0,2.0
4332,0.00014613111946699,0.031564321804869844,1.0,0.1,258.5736213556522,784.5388733298028,1.0,0.0,0.0,0.0,2.0
4333,,,,0.1,259.9396346274265,788.5453734231423,1.0,0.0,0.0,0.0,2.0
4334,,,,0.1,256.65424042873343,794.7428433179637,,,0.0,0.0,2.0
4335,0.0005990474477744201,0.12939424871927474,0.0,0.1,255.81418704530765,797.1439383597769,1.0,0.0,0.0,0.0,2.0
4336,0.001270449809731032,0.2744171589019029,0.0,0.1,257.04658476931723,798.079594837328,1.0,0.0,0.0,0.0,2.0
4337,0.0003597893924375467,0.0777145087665101,1.0,0.1,257.24334967208745,797.6468902218928,1.0,0.0,0.0,0.0,2.0
4338,0.0008220363605735038,0.17755985388387685,0.0,0.1,258.5583241892128,794.8604567236174,1.0,0.0,0.0,0.0,2.0
4339,0.00032779637020462774,0.0708040159641996,1.0,0.1,258.68979680484836,795.6361310260812,1.0,0.0,0.0,0.0,2.0
4340,0.00025875387930612284,0.05589083793012253,1.0,0.1,259.26243419942637,799.3849352305714,1.0,0.0,0.0,0.0,2.0
4341,0.001946168261004793,0.4203723443770353,0.0,0.1,260.0452419551451,805.4278676902446,1.0,0.0,0.0,0.0,2.0
4342,0.00023680805749937654,0.05115054041986533,1.0,0.1,263.9706929243052,812.0243331812046,1.0,0.0,0.0,0.0,2.0
4343,0.001356813548848046,0.2930717265511779,0.0,0.1,265.51427816786304,815.3667340401431,1.0,0.0,0.0,0.0,2.0
4344,0.0018555319901559658,0.40079490987368865,0.0,0.1,268.3672887120374,821.4820478943498,1.0,0.0,0.0,0.0,2.0
4345,0.0010010329289682652,0.21622311265714528,0.0,0.1,276.6822887946405,825.7538813141229,1.0,0.0,0.0,0.0,2.0
4346,0.0015633786063145231,0.337689778963937,0.0,0.1,278.7218193099814,829.0576313798448,1.0,0.0,0.0,0.0,2.0
4347,0.0011768699625371091,0.25420391190801556,0.0,0.1,280.27126724097394,832.7394362687833,1.0,0.0,0.0,0.0,2.0
4348,0.0010561008127657578,0.2281177755574037,0.0,0.1,280.94150180455415,834.1217582805435,1.0,0.0,0.0,0.0,2.0
4349,0.001272857313904941,0.2749371798034672,0.0,0.1,281.5905320714582,833.1001481763861,1.0,0.0,0.0,0.0,2.0
4350,0.0006159738862920951,0.13305035943909252,0.0,0.1,280.93074613966996,834.4898876339915,1.0,0.0,0.0,0.0,2.0
4351,0.0001339257942930385,0.028927971567296318,1.0,0.1,282.20324123509914,835.3522931040623,1.0,0.0,0.0,0.0,2.0
4352,0.0017282473714637335,0.37330143223616646,0.0,0.1,284.32018997710276,835.0432438731929,1.0,0.0,0.0,0.0,2.0
4353,0.0016088372944708192,0.34750885560569694,0.0,0.1,288.33307524390364,839.2661008340456,1.0,0.0,0.0,0.0,2.0
4354,0.0019338840267156875,0.4177189497705885,0.0,0.1,293.4942889427158,848.5847375520519,1.0,0.0,0.0,0.0,2.0
4355,0.003144698893156116,0.6792549609217211,0.0,0.1,303.3718381352808,859.428600018339,1.0,0.0,0.0,0.0,2.0
4356,0.001177826538455623,0.2544105323064146,0.0,0.1,312.05068896944033,870.6777113385558,1.0,0.0,0.0,0.0,2.0
4357,0.0046736252781523265,1.0095030600809027,0.0,0.1,315.737202566941,875.1021996557255,1.0,0.0,0.0,0.0,2.0
4358,0.005357159240359259,1.1571463959175998,0.0,0.1,322.82108905330415,884.1225358643472,1.0,0.0,0.0,0.0,2.0
4359,0.004155747289604329,0.897641414554535,0.0,0.1,327.2469425543589,888.4456614140195,1.0,0.0,0.0,0.0,2.0
4360,0.0002972836348555635,0.06421326512880171,1.0,0.1,334.6050386502778,894.2034618055466,1.0,0.0,0.0,0.0,2.0
4361,0.0024865535042685105,0.5370955569219983,0.0,0.1,339.3342236766942,897.9231288730501,1.0,0.0,0.0,0.0,2.0
4362,0.001369516479711845,0.2958155596177585,0.0,0.1,344.2627677371752,907.3349523952187,1.0,0.0,0.0,0.0,2.0
4363,0.0005117614279477315,0.11054046843671,0.0,0.1,345.7287149263509,913.0185319029815,1.0,0.0,0.0,0.0,2.0
4364,0.0011485289394239887,0.24808225091558156,0.0,0.1,348.25355687503156,917.9899550816689,1.0,0.0,0.0,0.0,2.0
4365,0.0010980578866010588,0.2371805035058287,0.0,0.1,350.15258547973684,922.8177383245857,1.0,0.0,0.0,0.0,2.0
4366,0.001829376539219004,0.3951453324713049,0.0,0.1,349.101907459511,927.20555954022,1.0,0.0,0.0,0.0,2.0
4367,0.0013155718368300475,0.2841635167552903,0.0,0.1,353.5863367707439,933.9285136733469,1.0,0.0,0.0,0.0,2.0
4368,0.0013178541952314036,0.28465650616998317,0.0,0.1,352.47152336333147,939.4649619743134,1.0,0.0,0.0,0.0,2.0
4369,0.0003538465529555981,0.07643085543840919,1.0,0.1,352.6166876415692,942.6222105640378,1.0,0.0,0.0,0.0,2.0
4370,0.0002473982898437169,0.05343803060624285,1.0,0.1,350.5021520983493,942.869261467428,1.0,0.0,0.0,0.0,2.0
4371,0.0003467712096602381,0.07490258128661144,1.0,0.1,341.1681111189063,941.2745062692017,1.0,0.0,0.0,0.0,2.0
4372,0.0007818715262839487,0.16888424967733293,0.0,0.1,334.1327412454986,943.7096917333386,1.0,0.0,0.0,0.0,2.0
4373,0.00239336426364969,0.5169666809483331,0.0,0.1,326.2119249574968,952.8557365489577,1.0,0.0,0.0,0.0,2.0
4374,0.0002872084593979943,0.062037027229966776,1.0,0.1,319.04323752952115,957.9909064699525,1.0,0.0,0.0,0.0,2.0
4375,0.0014803889571576823,0.3197640147460594,0.0,0.1,318.92942267091814,963.6952902759257,1.0,0.0,0.0,0.0,2.0
4376,0.002260984097722574,0.48837256510807603,0.0,0.1,320.77032430615384,970.9754346023567,1.0,0.0,0.0,0.0,2.0
4377,0.0016042282143799577,0.34651329430607086,0.0,0.1,321.8444247938298,981.2844549811873,1.0,0.0,0.0,0.0,2.0
4378,0.0014538929184052987,0.3140408703755445,0.0,0.1,327.2331266650843,995.8103378025975,1.0,0.0,0.0,0.0,2.0
4379,0.0015095892140833862,0.32607127024201144,0.0,0.1,333.35910791916535,1008.8322655580122,1.0,0.0,0.0,0.0,2.0
4380,0.003316803579899171,0.716429573258221,0.0,0.1,336.0967849520042,1015.6638112904279,1.0,0.0,0.0,0.0,2.0
4381,0.004438107926784499,0.958631312185452,0.0,0.1,342.54027168226025,1027.4104962566382,1.0,0.0,0.0,0.0,2.0
4382,0.003674441761654798,0.7936794205174365,0.0,0.1,346.84959809678753,1036.59469412415,1.0,0.0,0.0,0.0,2.0
4383,0.002797232625884431,0.6042022471910371,0.0,0.1,352.8104372354595,1047.4586567840734,1.0,0.0,0.0,0.0,2.0
4384,0.0037586223113037403,0.8118624192416078,0.0,0.1,355.2865203974547,1052.8593966381372,1.0,0.0,0.0,0.0,2.0
4385,0.004045045655152507,0.8737298615129414,0.0,0.1,362.0070421577004,1067.0019399907244,1.0,0.0,0.0,0.0,2.0
4386,0.0032273751873816378,0.6971130404744338,0.0,0.1,368.74355287383986,1077.896222915,1.0,0.0,0.0,0.0,2.0
4387,0.0030263553307320694,0.653692751438127,0.0,0.1,372.2391462298048,1084.4385845812615,1.0,0.0,0.0,0.0,2.0
4388,0.0005429984547903468,0.11728766623471491,0.0,0.1,376.6023265857444,1088.581442433158,1.0,0.0,0.0,0.0,2.0
4389,,,,0.1,380.06421815572634,1091.661939565929,1.0,0.0,0.0,0.0,2.0
4390,,,,0.1,,,,,,,2.0
4391,0.002504635096210007,0.5410011807813615,0.0,0.1,386.2059014938683,1101.4362865174164,1.0,0.0,0.0,0.0,2.0
4392,0.0010989154432709644,0.23736573574652833,0.0,0.1,391.7369557594661,1105.4936107956985,1.0,0.0,0.0,0.0,2.0
4393,0.0018021184593577586,0.38925758722127585,0.0,0.1,391.85265652882794,1105.974068476093,1.0,0.0,0.0,0.0,2.0
4394,0.0014691697413771073,0.31734066413745515,0.0,0.1,390.34333298187704,1104.230719884208,1.0,0.0,0.0,0.0,2.0
4395,0.000938434258320539,0.20270179979723643,0.0,0.1,387.2661914588277,1102.6432001842547,1.0,0.0,0.0,0.0,2.0
4396,0.00032733042819125906,0.07070337248931195,1.0,0.1,384.87421984406086,1101.2094016072374,1.0,0.0,0.0,0.0,2.0
4397,0.00013841375317984818,0.029897370686847204,1.0,0.1,385.1508284949625,1101.4915651181723,1.0,0.0,0.0,0.0,2.0
4398,0.0004024903350516647,0.08693791237115958,1.0,0.1,,,1.0,0.0,,,2.0
4399,0.0013742558154224243,0.2968392561312436,0.0,0.1,383.472476926809,1104.6883833412448,1.0,0.0,0.0,0.0,2.0
4400,0.00018472898062396267,0.03990145981477594,1.0,0.1,379.2057422457641,1105.0777654529272,1.0,0.0,0.0,0.0,2.0
4401,0.0004070824809757664,0.08792981589076554,1.0,0.1,368.12759148738326,1104.992496351335,1.0,0.0,0.0,0.0,2.0
4402,0.0011564507964737976,0.2497933720383403,0.0,0.1,366.43062907696395,1106.503177310854,1.0,0.0,0.0,0.0,2.0
4403,0.0002396076085654546,0.05175524345013819,1.0,0.1,357.1509039983944,1106.098031410185,1.0,0.0,0.0,0.0,2.0
4404,0.00027437107879462955,0.059264153019639984,1.0,0.1,350.63312814936694,1105.1384909653555,1.0,0.0,0.0,0.0,2.0
4405,0.001126937199513449,0.24341843509490496,0.0,0.1,346.6356563595105,1105.6960668954912,1.0,0.0,0.0,0.0,2.0
4406,0.00028434657605200784,0.0614188604272337,1.0,0.1,,,1.0,0.0,,,2.0
4407,0.00030045353974285285,0.06489796458445622,1.0,0.1,,,1.0,0.0,,,2.0
4408,0.00012084515495014848,0.026102553469232074,1.0,0.1,,,1.0,0.0,,,2.0
4409,0.0009188912645861792,0.1984805131506147,0.0,0.1,,,1.0,0.0,,,2.0
4410,0.00042301944200723074,0.09137219947356184,1.0,0.1,,,1.0,0.0,,,2.0
4411,0.0008316119419752931,0.17962817946666332,0.0,0.1,,,1.0,0.0,,,2.0
4412,0.0010527773783522406,0.22739991372408397,0.0,0.1,,,1.0,0.0,,,2.0
4413,0.0020369059388892596,0.4399716828000801,0.0,0.1,,,1.0,0.0,,,2.0
4414,0.00207799714506685,0.4488473833344396,0.0,0.1,,,1.0,0.0,,,2.0
4415,0.0017393141569880912,0.3756918579094277,0.0,0.1,,,1.0,0.0,,,2.0
4416,0.0023923010399350395,0.5167370246259685,0.0,0.1,,,1.0,0.0,,,2.0
4417,0.002932199148854566,0.6333550161525864,0.0,0.1,,,1.0,0.0,,,2.0
4418,0.0011478038558007891,0.24792563285297045,0.0,0.1,,,1.0,0.0,,,2.0
4419,0.0007752718264818408,0.1674587145200776,0.0,0.1,,,1.0,0.0,,,2.0
4420,0.0003998172189632551,0.0863605192960631,1.0,0.1,,,1.0,0.0,,,2.0
4421,0.00039473690703126213,0.08526317191875261,1.0,0.1,,,1.0,0.0,,,2.0
4422,0.0013558129656136093,0.2928556005725396,0.0,0.1,,,1.0,0.0,,,2.0
4423,0.0006333148407442954,0.13679600560076782,0.0,0.1,,,1.0,0.0,,,2.0
4424,0.0010336102176674983,0.22325980701617965,0.0,0.1,,,1.0,0.0,,,2.0
4425,0.0016757456877680747,0.36196106855790416,0.0,0.1,,,1.0,0.0,,,2.0
4426,0.0007775902255837519,0.16795948872609043,0.0,0.1,,,1.0,0.0,,,2.0
4427,0.0028870422749193735,0.6236011313825848,0.0,0.1,,,1.0,0.0,,,2.0
4428,0.0008747608296501918,0.18894833920444143,0.0,0.1,,,1.0,0.0,,,2.0
4429,0.0011161382246217277,0.2410858565182932,0.0,0.1,,,1.0,0.0,,,2.0
4430,0.00175195854562561,0.3784230458551318,0.0,0.1,,,1.0,0.0,,,2.0
4431,0.0018504713948893216,0.39970182129609344,0.0,0.1,,,1.0,0.0,,,2.0
4432,0.0008947089652848474,0.19325713650152704,0.0,0.1,,,1.0,0.0,,,2.0
4433,0.0014675865958499782,0.3169987047035953,0.0,0.1,,,1.0,0.0,,,2.0
4434,0.0019030852596525214,0.41106641608494465,0.0,0.1,,,1.0,0.0,,,2.0
4435,0.0012017584666144563,0.2595798287887226,0.0,0.1,,,1.0,0.0,,,2.0
4436,0.0006560146194010631,0.14169915779062964,0.0,0.1,,,1.0,0.0,,,2.0
4437,0.0009743372269111145,0.21045684101280074,0.0,0.1,,,1.0,0.0,,,2.0
4438,0.0004447078078231451,0.09605688648979935,1.0,0.1,,,1.0,0.0,,,2.0
4439,0.0007301224617808444,0.15770645174466238,0.0,0.1,,,1.0,0.0,,,2.0
4440,8.679456113249333e-05,0.01874762520461856,1.0,0.1,,,1.0,0.0,,,2.0
4441,0.00012598498287392617,0.027212756300768054,1.0,0.1,,,1.0,0.0,,,2.0
4442,0.0004506678645171038,0.09734425873569442,1.0,0.1,,,1.0,0.0,,,2.0
4443,0.0003970641021471797,0.08576584606379081,1.0,0.1,,,1.0,0.0,,,2.0
4444,9.321728872023262e-05,0.020134934363570244,1.0,0.1,,,1.0,0.0,,,2.0
4445,0.0006798637954754559,0.14685057982269847,0.0,0.1,,,1.0,0.0,,,2.0
4446,0.00011987793243209603,0.025893633405332746,1.0,0.1,,,1.0,0.0,,,2.0
4447,0.0005645482713135076,0.12194242660371764,0.0,0.1,,,1.0,0.0,,,2.0
4448,0.0008008750781455073,0.17298901687942958,0.0,0.1,457.19540504698216,1242.111275747606,1.0,0.0,0.0,0.0,2.0
4449,0.0008168641037100599,0.17644264640137294,0.0,0.1,,,1.0,0.0,,,2.0
4450,0.00010367639377869767,0.022394101056198698,1.0,0.1,,,1.0,0.0,,,2.0
4451,0.00029853939841088096,0.06448451005675028,1.0,0.1,,,1.0,0.0,,,2.0
4452,0.0004934160996672823,0.10657787752813298,0.0,0.1,,,1.0,0.0,,,2.0
4453,0.00036038916978462535,0.07784406067347907,1.0,0.1,449.4631980683012,1232.4104181361965,1.0,0.0,0.0,0.0,2.0
4454,0.0002611910460421934,0.05641726594511378,1.0,0.1,,,1.0,0.0,,,2.0
4455,0.0002765259923636543,0.05972961435054933,1.0,0.1,,,1.0,0.0,,,2.0
4456,0.0015409380092814104,0.33284261000478466,0.0,0.1,,,1.0,0.0,,,2.0
4457,0.000415364258594359,0.08971867985638154,1.0,0.1,,,1.0,0.0,,,2.0
4458,0.0005718254171384218,0.1235142901018991,0.0,0.1,,,1.0,0.0,,,2.0
4459,0.000253065995206349,0.05466225496457138,1.0,0.1,,,1.0,0.0,,,2.0
4460,0.0005491715659128113,0.11862105823716725,0.0,0.1,,,1.0,0.0,,,2.0
4461,0.0004563599387215287,0.09857374676385021,1.0,0.1,,,1.0,0.0,,,2.0
4462,0.0004916063779288885,0.10618697763263993,0.0,0.1,,,1.0,0.0,,,2.0
4463,0.00022197255568592782,0.04794607202816041,1.0,0.1,,,1.0,0.0,,,2.0
4464,0.0001616327678307085,0.03491267785143304,1.0,0.1,,,1.0,0.0,,,2.0
4465,0.0003727940630023275,0.08052351760850274,1.0,0.1,,,1.0,0.0,,,2.0
4466,0.0009778611414020804,0.21121800654284936,0.0,0.1,,,1.0,0.0,,,2.0
4467,0.00045669360976268613,0.09864581970874021,1.0,0.1,,,1.0,0.0,,,2.0
4468,0.0013112305584737432,0.28322580063032854,0.0,0.1,,,1.0,0.0,,,2.0
4469,0.00046190289281080904,0.09977102484713475,1.0,0.1,,,1.0,0.0,,,2.0
4470,0.00028597633089059223,0.061770887472367926,1.0,0.1,,,1.0,0.0,,,2.0
4471,0.00025816869415581586,0.05576443793765623,1.0,0.1,,,1.0,0.0,,,2.0
4472,0.0005636936128706487,0.12175782038006012,0.0,0.1,,,1.0,0.0,,,2.0
4473,0.0002916815260414779,0.06300320962495923,1.0,0.1,,,1.0,0.0,,,2.0
4474,0.000742433697992465,0.16036567876637245,0.0,0.1,,,1.0,0.0,,,2.0
4475,0.0003689554563231329,0.07969437856579671,1.0,0.1,,,1.0,0.0,,,2.0
4476,0.000522892786647299,0.11294484191581658,0.0,0.1,,,1.0,0.0,,,2.0
4477,0.0004202495048468194,0.090773893046913,1.0,0.1,,,1.0,0.0,,,2.0
4478,0.0021368891858215603,0.461568064137457,0.0,0.1,,,1.0,0.0,,,2.0
4479,0.0002779550694212826,0.06003829499499704,1.0,0.1,,,1.0,0.0,,,2.0
4480,0.00047831595695521065,0.1033162467023255,0.0,0.1,,,1.0,0.0,,,2.0
4481,0.0011448352306065895,0.24728440981102331,0.0,0.1,,,1.0,0.0,,,2.0
4482,0.00035333618988848666,0.07632061701591311,1.0,0.1,,,1.0,0.0,,,2.0
4483,0.0011970876318488537,0.2585709284793524,0.0,0.1,,,1.0,0.0,,,2.0
4484,0.0005209273102378137,0.11252029901136774,0.0,0.1,,,1.0,0.0,,,2.0
4485,0.0009854548896397828,0.21285825616219312,0.0,0.1,,,1.0,0.0,,,2.0
4486,0.0004301666786835335,0.09291600259564323,1.0,0.1,,,1.0,0.0,,,2.0
4487,0.0006073412059831038,0.13118570049235043,0.0,0.1,,,1.0,0.0,,,2.0
4488,0.00040464201104240357,0.08740267438515918,1.0,0.1,,,1.0,0.0,,,2.0
4489,0.0001527094859009802,0.03298524895461173,1.0,0.1,,,1.0,0.0,,,2.0
4490,0.0003946425951403641,0.08524280055031865,1.0,0.1,,,1.0,0.0,,,2.0
4491,0.00017729628925620446,0.03829599847934016,1.0,0.1,,,1.0,0.0,,,2.0
4492,0.002446807811274705,0.5285104872353363,0.0,0.1,,,1.0,0.0,,,2.0
4493,0.0004348271593797565,0.09392266642602741,1.0,0.1,,,1.0,0.0,,,2.0
4494,0.0019237767966131943,0.41553578806845,0.0,0.1,,,1.0,0.0,,,2.0
4495,0.0017483946002131575,0.37765323364604203,0.0,0.1,,,1.0,0.0,,,2.0
4496,0.001239251265102899,0.2676782732622262,0.0,0.1,,,1.0,0.0,,,2.0
4497,0.001964459111994247,0.4243231681907574,0.0,0.1,,,1.0,0.0,,,2.0
4498,0.002368534314617671,0.511603411957417,0.0,0.1,463.78287896979197,1244.1463671312847,1.0,0.0,0.0,0.0,2.0
4499,0.0011335900668786255,0.24485545444578313,0.0,0.1,467.32274434696916,1248.2210040638945,1.0,0.0,0.0,0.0,2.0
4500,0.00032151645364682246,0.06944755398771366,1.0,0.1,469.80783986835036,1250.5353905877516,1.0,0.0,0.0,0.0,2.0
4501,0.0007862667552740298,0.16983361913919046,0.0,0.1,469.0452678065134,1249.616887069899,1.0,0.0,0.0,0.0,2.0
4502,0.00035838697746545085,0.07741158713253739,1.0,0.1,467.40220858338654,1247.7789356898534,1.0,0.0,0.0,0.0,2.0
4503,0.0008322403439832885,0.17976391430039032,0.0,0.1,463.4307449339898,1243.474182461917,1.0,0.0,0.0,0.0,2.0
4504,0.0008372691233089324,0.1808501306347294,0.0,0.1,460.449796021493,1241.547605848127,1.0,0.0,0.0,0.0,2.0
4505,0.0011531954092135624,0.2490902083901295,0.0,0.1,458.52095128581834,1239.6004139252846,1.0,0.0,0.0,0.0,2.0
4506,0.00019508432655837774,0.04213821453660959,1.0,0.1,454.6799396021683,1234.316391829615,1.0,0.0,0.0,0.0,2.0
4507,0.00011651557367643445,0.02516736391410984,1.0,0.1,451.9902722710824,1229.1024567509328,1.0,0.0,0.0,0.0,2.0
4508,0.0003165792624916403,0.0683811206981943,1.0,0.1,450.7888205521373,1227.7640733407836,1.0,0.0,0.0,0.0,2.0
4509,0.00017321668300231038,0.03741480352849904,1.0,0.1,,,1.0,0.0,,,2.0
4510,0.0005211272847509941,0.11256349350621474,0.0,0.1,445.98068002070295,1220.6023292063974,1.0,0.0,0.0,0.0,2.0
4511,0.00031144789584662335,0.06727274550287064,1.0,0.1,,,1.0,0.0,,,2.0
4512,0.0001830767129090006,0.03954456998834413,1.0,0.1,,,1.0,0.0,,,2.0
4513,0.00015763731074992294,0.03404965912198336,1.0,0.1,,,1.0,0.0,,,2.0
4514,0.0006471718142305227,0.1397891118737929,0.0,0.1,,,1.0,0.0,,,2.0
4515,0.0001358145439509494,0.02933594149340507,1.0,0.1,,,1.0,0.0,,,2.0
4516,0.00033544846762641835,0.07245686900730637,1.0,0.1,446.7350218111925,1218.0239210673826,1.0,0.0,0.0,0.0,2.0
4517,0.0007722228798133908,0.16680014203969243,0.0,0.1,,,1.0,0.0,,,2.0
4518,9.013065885169426e-05,0.01946822231196596,1.0,0.1,454.33353913632016,1228.940617903526,1.0,0.0,0.0,0.0,2.0
4519,0.00039101036454127825,0.08445823874091611,1.0,0.1,456.3621585769838,1231.2400575364247,1.0,0.0,0.0,0.0,2.0
4520,0.0002986257616899346,0.06450316452502587,1.0,0.1,458.2651461967348,1234.7364117102306,1.0,0.0,0.0,0.0,2.0
4521,0.0008490000774445366,0.18338401672801993,0.0,0.1,457.8973189647548,1234.766129397914,1.0,0.0,0.0,0.0,2.0
4522,0.00048531674969709847,0.10482841793457327,0.0,0.1,460.7523533638167,1238.9960433549973,1.0,0.0,0.0,0.0,2.0
4523,0.0005548722453515252,0.11985240499592945,0.0,0.1,462.30291798018067,1241.1186953764518,1.0,0.0,0.0,0.0,2.0
4524,8.655400334579956e-05,0.018695664722692705,1.0,0.1,462.0846098231172,1243.0920832344677,1.0,0.0,0.0,0.0,2.0
4525,0.0005060657769150964,0.10931020781366081,0.0,0.1,459.570145325609,1242.7304136355547,1.0,0.0,0.0,0.0,2.0
4526,0.0003816171469449103,0.08242930374010063,1.0,0.1,,,1.0,0.0,,,2.0
4527,5.060401610088297e-05,0.010930467477790721,1.0,0.1,458.18647400277547,1241.4484720751313,1.0,0.0,0.0,0.0,2.0
4528,0.0005091275688304038,0.10997155486736723,0.0,0.1,,,1.0,0.0,,,2.0
4529,0.0004245899290124932,0.09171142466669853,1.0,0.1,450.7212308571486,1233.6394390952216,1.0,0.0,0.0,0.0,2.0
4530,0.0004985697534423657,0.107691066743551,0.0,0.1,445.9533692071662,1230.4372668821297,1.0,0.0,0.0,0.0,2.0
4531,0.00021102476535312417,0.04558134931627482,1.0,0.1,,,1.0,0.0,,,2.0
4532,0.0004772278296375652,0.10308121120171408,0.0,0.1,,,1.0,0.0,,,2.0
4533,0.0007837066943457118,0.16928064597867376,0.0,0.1,,,1.0,0.0,,,2.0
4534,0.0007285730875937592,0.157371786920252,0.0,0.1,,,1.0,0.0,,,2.0
4535,0.0007567616312443601,0.16346051234878178,0.0,0.1,,,1.0,0.0,,,2.0
4536,0.00043255359193058676,0.09343157585700675,1.0,0.1,,,1.0,0.0,,,2.0
4537,0.0016918966021642694,0.36544966606748225,0.0,0.1,,,1.0,0.0,,,2.0
4538,0.0013963292034220537,0.30160710793916357,0.0,0.1,,,1.0,0.0,,,2.0
4539,0.0032808789282958665,0.7086698485119072,0.0,0.1,,,1.0,0.0,,,2.0
4540,0.0028499298132208272,0.6155848396556988,0.0,0.1,,,1.0,0.0,,,2.0
4541,0.000813118239937985,0.17563353982660476,0.0,0.1,,,1.0,0.0,,,2.0
4542,0.004061894216378951,0.8773691507378535,0.0,0.1,,,1.0,0.0,,,2.0
4543,0.003903775291370792,0.8432154629360911,0.0,0.1,,,1.0,0.0,,,2.0
4544,0.0023883134292105564,0.5158757007094802,0.0,0.1,,,1.0,0.0,,,2.0
4545,0.0010683674319029103,0.23076736529102865,0.0,0.1,,,1.0,0.0,,,2.0
4546,0.002321493462996067,0.5014425880071505,0.0,0.1,,,1.0,0.0,,,2.0
4547,0.0005550667342125458,0.11989441458990989,0.0,0.1,,,1.0,0.0,,,2.0
4548,0.0013514586730391052,0.29191507337644673,0.0,0.1,382.8893860510526,1152.1252384113002,1.0,0.0,0.0,0.0,2.0
4549,0.00037554380151127786,0.08111746112643602,1.0,0.1,,,1.0,0.0,,,2.0
4550,0.0010846992293205627,0.23429503353324152,0.0,0.1,,,1.0,0.0,,,2.0
4551,0.0013384349997461805,0.28910195994517496,0.0,0.1,,,1.0,0.0,,,2.0
4552,0.0018065505895577252,0.39021492734446867,0.0,0.1,,,1.0,0.0,,,2.0
4553,0.0015769845285444335,0.3406286581655976,0.0,0.1,361.2472197925452,1114.7860337029035,1.0,0.0,0.0,0.0,2.0
4554,0.0018974299063640166,0.4098448597746276,0.0,0.1,363.214647619049,1105.3571223186045,1.0,0.0,0.0,0.0,2.0
4555,0.0022929192886435596,0.4952705663470089,0.0,0.1,360.5229954186401,1098.8668421067332,1.0,0.0,0.0,0.0,2.0
4556,0.0018247941159294312,0.3941555290407572,0.0,0.1,351.90042139176154,1088.2844470688592,1.0,0.0,0.0,0.0,2.0
4557,0.0007486751282686405,0.16171382770602633,0.0,0.1,346.72657386745476,1082.3661539447944,1.0,0.0,0.0,0.0,2.0
4558,0.0006116895119434422,0.1321249345797835,0.0,0.1,338.1199491725665,1078.9050087916607,1.0,0.0,0.0,0.0,2.0
4559,0.00030939699396392216,0.06682975069620718,1.0,0.1,328.5581998133415,1075.0737190316615,1.0,0.0,0.0,0.0,2.0
4560,0.0007498402257399568,0.1619654887598307,0.0,0.1,323.75842610716865,1074.0187413854196,1.0,0.0,0.0,0.0,2.0
4561,8.63234321714872e-05,0.018645861349041237,1.0,0.1,320.72506443823187,1072.57817035099,1.0,0.0,0.0,0.0,2.0
4562,0.0003648352031208092,0.07880440387409479,1.0,0.1,319.40530458233707,1072.0167640845316,1.0,0.0,0.0,0.0,2.0
4563,0.0003638490201729636,0.07859138835736014,1.0,0.1,316.46067208050556,1071.0813901132135,1.0,0.0,0.0,0.0,2.0
4564,0.0006362839854588501,0.13743734085911163,0.0,0.1,312.0896211187203,1069.8758398954892,1.0,0.0,0.0,0.0,2.0
4565,0.00033255584979049264,0.07183206355474642,1.0,0.1,299.3593932697517,1064.5008797684943,1.0,0.0,0.0,0.0,2.0
4566,0.0002979804392014973,0.06436377486752343,1.0,0.1,296.8896623164983,1062.6295031219308,1.0,0.0,0.0,0.0,2.0
4567,0.0004314131736092707,0.09318524549960247,1.0,0.1,292.07890230139407,1061.0005886569184,1.0,0.0,0.0,0.0,2.0
4568,0.0005205793581916471,0.11244514136939578,0.0,0.1,278.72769526152496,1055.5466531559855,1.0,0.0,0.0,0.0,2.0
4569,0.000875246718103578,0.18905329111037286,0.0,0.1,273.9317025518803,1055.22312190217,1.0,0.0,0.0,0.0,2.0
4570,0.0006048146741831436,0.13063996962355903,0.0,0.1,267.03385121488185,1053.5840667127682,1.0,0.0,0.0,0.0,2.0
4571,0.0009800430180778113,0.21168929190480723,0.0,0.1,263.5629417541824,1052.8506645535388,1.0,0.0,0.0,0.0,2.0
4572,0.0005510059426124242,0.11901728360428364,0.0,0.1,257.1379896079355,1051.6798812385498,1.0,0.0,0.0,0.0,2.0
4573,0.0005083519974769683,0.10980403145502517,0.0,0.1,252.1730884336315,1048.6737174793845,1.0,0.0,0.0,0.0,2.0
4574,0.0003851218689856959,0.08318632370091031,1.0,0.1,240.71573019988816,1041.6592364118667,1.0,0.0,0.0,0.0,2.0
4575,0.00044523467115291056,0.0961706889690287,1.0,0.1,231.14227697553554,1036.3938884062259,1.0,0.0,0.0,0.0,2.0
4576,0.0003301361485272741,0.07130940808189122,1.0,0.1,225.20333622715168,1033.8052591694855,1.0,0.0,0.0,0.0,2.0
4577,0.0009681332732254022,0.20911678701668687,0.0,0.1,225.23865550062652,1033.2751878835516,1.0,0.0,0.0,0.0,2.0
4578,0.0006241084634909719,0.13480742811404994,0.0,0.1,222.79904111859886,1032.8089736447305,1.0,0.0,0.0,0.0,2.0
4579,0.000981232770974086,0.2119462785304026,0.0,0.1,222.7632538033889,1033.0070247248764,1.0,0.0,0.0,0.0,2.0
4580,0.0005266456859391936,0.11375546816286583,0.0,0.1,222.50002007347263,1031.0521231619132,1.0,0.0,0.0,0.0,2.0
4581,0.0009484061907618357,0.20485573720455652,0.0,0.1,224.62912515561266,1028.933932528052,1.0,0.0,0.0,0.0,2.0
4582,0.0005460267534975924,0.11794177875547995,0.0,0.1,226.7440603057767,1029.05500221035,1.0,0.0,0.0,0.0,2.0
4583,0.00039467588800561694,0.08524999180921326,1.0,0.1,229.48690037839765,1026.535170252321,1.0,0.0,0.0,0.0,2.0
4584,0.000297715469307265,0.06430654137036924,1.0,0.1,231.733872404757,1024.6910319603965,1.0,0.0,0.0,0.0,2.0
4585,0.0003722046551368171,0.0803962055095525,1.0,0.1,231.88945858737702,1021.0570225242643,1.0,0.0,0.0,0.0,2.0
4586,0.0007094958851171333,0.1532511111853008,0.0,0.1,232.52457299023683,1020.462679222196,1.0,0.0,0.0,0.0,2.0
4587,0.0006705767073102806,0.14484456877902063,0.0,0.1,233.84233284357327,1018.2144118946345,1.0,0.0,0.0,0.0,2.0
4588,0.0007627690032993008,0.16475810471264898,0.0,0.1,238.3046248162433,1015.6303184705807,1.0,0.0,0.0,0.0,2.0
4589,0.001175530080433083,0.25391449737354593,0.0,0.1,237.348877790664,1010.2556343864089,1.0,0.0,0.0,0.0,2.0
4590,0.0006576044557191376,0.14204256243533372,0.0,0.1,235.2293039277397,1006.7951946704839,1.0,0.0,0.0,0.0,2.0
4591,0.0006150393377658388,0.13284849695742118,0.0,0.1,234.19067070564427,1005.442368947731,1.0,0.0,0.0,0.0,2.0
4592,0.001410645039651212,0.3046993285646618,0.0,0.1,234.89395908775577,1005.4301630850309,1.0,0.0,0.0,0.0,2.0
4593,0.000169581431203825,0.0366295891400262,1.0,0.1,237.4670804904878,1006.3196199175815,1.0,0.0,0.0,0.0,2.0
4594,0.00035979977004705005,0.07771675033016281,1.0,0.1,240.9969945097383,1010.146468691569,1.0,0.0,0.0,0.0,2.0
4595,0.00040758893177025493,0.08803920926237506,1.0,0.1,243.0222744497164,1013.038384399371,1.0,0.0,0.0,0.0,2.0
4596,0.00023315770091195676,0.05036206339698266,1.0,0.1,244.95590638277443,1015.3784977539144,1.0,0.0,0.0,0.0,2.0
4597,5.419073751220265e-05,0.011705199302635774,1.0,0.1,248.4630157189143,1023.9179139435064,1.0,0.0,0.0,0.0,2.0
4598,0.0001510500129543708,0.03262680279814409,1.0,0.1,254.98039974974543,1031.3033774738494,1.0,0.0,0.0,0.0,2.0
4599,0.00021377129362944877,0.04617459942396094,1.0,0.1,262.1770589520211,1039.649697922214,1.0,0.0,0.0,0.0,2.0
4600,0.0003363905177052826,0.07266035182434104,1.0,0.1,267.1858590031377,1043.5719092855854,1.0,0.0,0.0,0.0,2.0
4601,0.0012914287964691123,0.27894862003732823,0.0,0.1,274.4262389270967,1047.8314847487165,1.0,0.0,0.0,0.0,2.0
4602,0.0011370800258725423,0.24560928558846915,0.0,0.1,286.75360945869926,1051.1373337237442,1.0,0.0,0.0,0.0,2.0
4603,0.00033338755157183035,0.07201171113951536,1.0,0.1,298.8002517714467,1054.9451226029632,1.0,0.0,0.0,0.0,2.0
4604,0.0013656726391135107,0.2949852900485183,0.0,0.1,303.7578663090913,1056.7993882094688,1.0,0.0,0.0,0.0,2.0
4605,0.0021576670836436227,0.46605609006702253,0.0,0.1,311.0221157579084,1058.393351458587,1.0,0.0,0.0,0.0,2.0
4606,0.001038957206740642,0.22441475665597868,0.0,0.1,323.19436420836155,1053.4043367270867,1.0,0.0,0.0,0.0,2.0
4607,0.0005737269446981754,0.12392502005480588,0.0,0.1,331.7064294177612,1054.5256540090586,1.0,0.0,0.0,0.0,2.0
4608,0.0005595878443833225,0.12087097438679768,0.0,0.1,339.2636763667133,1060.092843451375,1.0,0.0,0.0,0.0,2.0
4609,0.0006629210864187795,0.14319095466645637,0.0,0.1,342.9531888462063,1062.116392781684,1.0,0.0,0.0,0.0,2.0
4610,0.00037489285985501156,0.0809768577286825,1.0,0.1,347.1173511052537,1066.6247221917556,1.0,0.0,0.0,0.0,2.0
4611,0.00017984698645009538,0.03884694907322061,1.0,0.1,351.2251348775132,1067.0917306583813,1.0,0.0,0.0,0.0,2.0
4612,0.0008280609194759472,0.1788611586068046,0.0,0.1,354.7689205810841,1067.0183407200373,1.0,0.0,0.0,0.0,2.0
4613,0.001821235746145275,0.3933869211673794,0.0,0.1,356.1531098836773,1068.4877326242627,1.0,0.0,0.0,0.0,2.0
4614,0.0005683192654932631,0.12275696134654482,0.0,0.1,361.56395642706207,1072.0853055980658,1.0,0.0,0.0,0.0,2.0
4615,0.00022707904456871055,0.04904907362684148,1.0,0.1,365.84835924373914,1077.3158457631196,1.0,0.0,0.0,0.0,2.0
4616,0.0014073458741426274,0.30398670881480755,0.0,0.1,367.11870010981625,1078.1115109457173,1.0,0.0,0.0,0.0,2.0
4617,8.667194871217455e-05,0.018721140921829704,1.0,0.1,373.3282733237791,1078.829411670543,1.0,0.0,0.0,0.0,2.0
4618,0.0009382623100999288,0.20266465898158464,0.0,0.1,376.420524573849,1080.0187247614326,1.0,0.0,0.0,0.0,2.0
4619,0.0012148132626076122,0.2623996647232443,0.0,0.1,381.37767738114,1080.0495730034274,1.0,0.0,0.0,0.0,2.0
4620,0.00014898071166597065,0.032179833719849664,1.0,0.1,384.02281401046986,1081.5641968962727,1.0,0.0,0.0,0.0,2.0
4621,0.0003137918136678714,0.06777903175226023,1.0,0.1,384.6020763743232,1082.2428754631517,1.0,0.0,0.0,0.0,2.0
4622,0.00022633146298677294,0.04888759600514296,1.0,0.1,384.4841121299698,1078.7428379673738,1.0,0.0,0.0,0.0,2.0
4623,0.0006349029792103064,0.13713904350942618,0.0,0.1,384.1838082437502,1077.4905520864602,1.0,0.0,0.0,0.0,2.0
4624,0.0007208158397990239,0.15569622139658917,0.0,0.1,383.4520112359385,1075.415269027715,1.0,0.0,0.0,0.0,2.0
4625,0.00040069617301540173,0.08655037337132677,1.0,0.1,383.9030484287513,1076.1476935150556,1.0,0.0,0.0,0.0,2.0
4626,0.00033414010317912537,0.07217426228669109,1.0,0.1,381.69919713056055,1071.5002450208594,1.0,0.0,0.0,0.0,2.0
4627,0.0008627123938940942,0.18634587708112435,0.0,0.1,381.9006280501992,1069.584701530443,1.0,0.0,0.0,0.0,2.0
4628,0.00024059213056989545,0.05196790020309742,1.0,0.1,379.14906128603036,1061.1275128266327,1.0,0.0,0.0,0.0,2.0
4629,0.0003493503121650121,0.07545966742764262,1.0,0.1,379.65051971459275,1053.7076554972311,1.0,0.0,0.0,0.0,2.0
4630,0.0003589750077061896,0.07753860166453695,1.0,0.1,377.1362706426675,1050.2333103229676,1.0,0.0,0.0,0.0,2.0
4631,0.0009642697771474428,0.20828227186384765,0.0,0.1,376.7311187854791,1049.7840473482765,1.0,0.0,0.0,0.0,2.0
4632,0.00043905988734210317,0.0948369356658943,1.0,0.1,372.87658265939695,1045.035435134893,1.0,0.0,0.0,0.0,2.0
4633,0.0008812751003161978,0.19035542166829875,0.0,0.1,372.79200205490463,1039.8776073707318,1.0,0.0,0.0,0.0,2.0
4634,0.0003028417677572561,0.06541382183556732,1.0,0.1,372.02607287225686,1031.3049594094334,1.0,0.0,0.0,0.0,2.0
4635,0.0004898160245452834,0.10580026130178122,0.0,0.1,374.976780704746,1025.4704986714455,1.0,0.0,0.0,0.0,2.0
4636,0.0009521785141864438,0.20567055906427187,0.0,0.1,378.0805883361486,1025.115874998922,1.0,0.0,0.0,0.0,2.0
4637,0.0009892286911910295,0.21367339729726237,0.0,0.1,384.68714440592345,1026.8751340673655,1.0,0.0,0.0,0.0,2.0
4638,0.0005818451811711053,0.12567855913295875,0.0,0.1,390.3308782835876,1028.3236638413093,1.0,0.0,0.0,0.0,2.0
4639,0.0006141818326402112,0.13266327585028562,0.0,0.1,398.61766774995124,1030.395328549584,1.0,0.0,0.0,0.0,2.0
4640,0.0003486432029914758,0.07530693184615876,1.0,0.1,401.443947103391,1031.2568906736578,1.0,0.0,0.0,0.0,2.0
4641,0.0004447702645253527,0.0960703771374762,1.0,0.1,405.3523387346503,1034.9631332109575,1.0,0.0,0.0,0.0,2.0
4642,0.000248165787724781,0.0536038101485527,1.0,0.1,412.36060489149554,1035.8394997533142,1.0,0.0,0.0,0.0,2.0
4643,0.0005234209122475745,0.11305891704547609,0.0,0.1,416.1640041021737,1038.832354371398,1.0,0.0,0.0,0.0,2.0
4644,2.603461160426387e-05,0.005623476106520996,1.0,0.1,419.6467469850859,1041.1577886567711,1.0,0.0,0.0,0.0,2.0
4645,0.0007381058356357521,0.15943086049732244,0.0,0.1,418.62763298550965,1039.2640434044529,1.0,0.0,0.0,0.0,2.0
4646,0.00024478938222448685,0.05287450656048916,1.0,0.1,418.85997390769177,1038.714041282459,1.0,0.0,0.0,0.0,2.0
4647,0.0001848238350982449,0.039921948381220894,1.0,0.1,420.33808588661253,1038.3537064971842,1.0,0.0,0.0,0.0,2.0
4648,4.6604578380721914e-05,0.010066588930235933,1.0,0.1,419.7885011767955,1037.483248144676,1.0,0.0,0.0,0.0,2.0
4649,0.0004730889599468777,0.10218721534852558,0.0,0.1,418.2892621619462,1036.6263665074057,1.0,0.0,0.0,0.0,2.0
4650,0.0006518775180971253,0.1408055439089791,0.0,0.1,417.68628630447694,1034.1152175595912,1.0,0.0,0.0,0.0,2.0
4651,0.000999303000635378,0.21584944813724166,0.0,0.1,415.06813571725917,1028.3760128167546,1.0,0.0,0.0,0.0,2.0
4652,0.0020107352232217133,0.4343188082158901,0.0,0.1,411.3490986063059,1027.9538587985728,1.0,0.0,0.0,0.0,2.0
4653,0.00038196200860233246,0.0825037938581038,1.0,0.1,406.4666711159536,1033.8278201581363,1.0,0.0,0.0,0.0,2.0
4654,0.0018214723526694227,0.39343802817659534,0.0,0.1,404.2863325871381,1033.1793532632444,1.0,0.0,0.0,0.0,2.0
4655,0.0014870200489377216,0.3211963305705479,0.0,0.1,401.2983112394769,1033.3708118336651,1.0,0.0,0.0,0.0,2.0
4656,0.0004206508389586942,0.09086058121507795,1.0,0.1,403.54928255251986,1033.4005312624433,1.0,0.0,0.0,0.0,2.0
4657,0.0004780838669283572,0.10326611525652515,0.0,0.1,404.1022651816749,1034.6248476596857,1.0,0.0,0.0,0.0,2.0
4658,0.0025755836839032498,0.5563260757231019,0.0,0.1,403.50287575079005,1034.6936717657716,1.0,0.0,0.0,0.0,2.0
4659,0.0009873284287271978,0.21326294060507472,0.0,0.1,397.75884037610103,1031.4421573282832,1.0,0.0,0.0,0.0,2.0
4660,0.0001026283829263842,0.022167730712098987,1.0,0.1,391.81644072042616,1026.8384063183858,1.0,0.0,0.0,0.0,2.0
4661,0.0009048635886216635,0.1954505351422793,0.0,0.1,387.757561100475,1023.8885291185927,1.0,0.0,0.0,0.0,2.0
4662,0.0007228980328658162,0.15614597509901632,0.0,0.1,381.8385450236565,1023.0108186529751,1.0,0.0,0.0,0.0,2.0
4663,0.00033318389364420467,0.07196772102714821,1.0,0.1,378.8456591251719,1022.5481584857517,1.0,0.0,0.0,0.0,2.0
4664,0.00025495349807334796,0.055069955583843165,1.0,0.1,371.9317202112213,1021.5331712766534,1.0,0.0,0.0,0.0,2.0
4665,0.0009038920578652811,0.19524068449890072,0.0,0.1,365.745160261641,1021.5905244923601,1.0,0.0,0.0,0.0,2.0
4666,9.394837142237062e-05,0.020292848227232055,1.0,0.1,360.07715192148305,1020.5884331924605,1.0,0.0,0.0,0.0,2.0
4667,0.0005271213177857404,0.11385820464171993,0.0,0.1,356.99448788328834,1021.2368646313699,1.0,0.0,0.0,0.0,2.0
4668,0.0005230407553253428,0.11297680315027403,0.0,0.1,355.29630658789637,1021.9529433850095,1.0,0.0,0.0,0.0,2.0
4669,0.0016110429866575198,0.3479852851180243,0.0,0.1,352.5995777350144,1019.6769038006389,1.0,0.0,0.0,0.0,2.0
4670,0.0009297596170751841,0.20082807728823976,0.0,0.1,348.84284990380127,1018.1855465970609,1.0,0.0,0.0,0.0,2.0
4671,0.00037385097169707665,0.08075180988656856,1.0,0.1,339.9571712392279,1018.2880568621539,1.0,0.0,0.0,0.0,2.0
4672,0.0012420666576160215,0.26828639804506066,0.0,0.1,336.37251490242807,1019.6679588925144,1.0,0.0,0.0,0.0,2.0
4673,0.0007208500644285653,0.15570361391657012,0.0,0.1,332.68101976315813,1021.1782861023171,1.0,0.0,0.0,0.0,2.0
4674,0.0003242069460550242,0.07002870034788523,1.0,0.1,323.43547947064746,1021.6230927019387,1.0,0.0,0.0,0.0,2.0
4675,0.0009725283545853633,0.21006612459043847,0.0,0.1,314.29375810323376,1024.8157241998688,1.0,0.0,0.0,0.0,2.0
4676,0.0014344210674990885,0.30983495057980315,0.0,0.1,303.93023151071225,1028.5475303473615,1.0,0.0,0.0,0.0,2.0
4677,0.0011012109257978755,0.23786155997234112,0.0,0.1,297.7063118961716,1026.546885993492,1.0,0.0,0.0,0.0,2.0
4678,0.0004046634981367977,0.0874073155975483,1.0,0.1,288.01518679431814,1024.3770132850134,1.0,0.0,0.0,0.0,2.0
4679,0.0007432991838829979,0.16055262371872756,0.0,0.1,280.2867953080751,1022.3601791536003,1.0,0.0,0.0,0.0,2.0
4680,0.00030552067064278186,0.06599246485884089,1.0,0.1,276.71334876423725,1026.5223444237663,1.0,0.0,0.0,0.0,2.0
4681,0.00047784042341508375,0.10321353145765809,0.0,0.1,273.3853750999568,1028.4288538979986,1.0,0.0,0.0,0.0,2.0
4682,0.0007758480544737009,0.1675831797663194,0.0,0.1,265.7647617668817,1031.4739435573013,1.0,0.0,0.0,0.0,2.0
4683,0.0004972086270150092,0.107397063435242,0.0,0.1,263.3151207351184,1030.7988896059235,1.0,0.0,0.0,0.0,2.0
4684,0.0003040264832695293,0.06566972038621834,1.0,0.1,260.7638820184324,1034.1293743549224,1.0,0.0,0.0,0.0,2.0
4685,0.00011566008142631168,0.024982577588083324,1.0,0.1,255.39021740173888,1033.891417701012,1.0,0.0,0.0,0.0,2.0
4686,0.000574746378646482,0.12414521778764012,0.0,0.1,248.86659672269124,1032.3749405617416,1.0,0.0,0.0,0.0,2.0
4687,0.0003952758039356116,0.08537957365009212,1.0,0.1,235.59436250630554,1026.3094202676452,1.0,0.0,0.0,0.0,2.0
4688,0.0004105919826463638,0.08868786825161458,1.0,0.1,225.16627974564398,1023.2516751398073,1.0,0.0,0.0,0.0,2.0
4689,2.83856190953851e-05,0.006131293724603182,1.0,0.1,212.76708927231843,1018.6424661785487,1.0,0.0,0.0,0.0,2.0
4690,0.00019341348516078557,0.04177731279472968,1.0,0.1,205.94302622623619,1015.1472158149227,1.0,0.0,0.0,0.0,2.0
4691,0.0005148863755893686,0.11121545712730363,0.0,0.1,195.83007869338334,1011.20002516227,1.0,0.0,0.0,0.0,2.0
4692,0.0006373221142590649,0.13766157667995804,0.0,0.1,186.64646104778777,1008.3570805869559,1.0,0.0,0.0,0.0,2.0
4693,0.0012019247000404163,0.25961573520872994,0.0,0.1,183.75327235359686,1007.9346323168568,1.0,0.0,0.0,0.0,2.0
4694,0.0010788530595236278,0.23303226085710363,0.0,0.1,180.8773212073531,1008.7209783154442,1.0,0.0,0.0,0.0,2.0
4695,0.001303611061781183,0.2815799893447355,0.0,0.1,181.098453422225,1009.812212622047,1.0,0.0,0.0,0.0,2.0
4696,0.00022554832426177087,0.04871843804054251,1.0,0.1,183.04985058007972,1012.2563084094851,1.0,0.0,0.0,0.0,2.0
4697,0.0008133934098629697,0.17569297653040147,0.0,0.1,185.62148429749485,1016.4972024247239,1.0,0.0,0.0,0.0,2.0
4698,5.1891818068721686e-05,0.011208632702843885,1.0,0.1,187.30452902900797,1019.5206505695122,1.0,0.0,0.0,0.0,2.0
4699,0.00035159825338328837,0.0759452227307903,1.0,0.1,187.47905232027523,1020.5844777231822,1.0,0.0,0.0,0.0,2.0
4700,0.00018209692557790696,0.03933293592482791,1.0,0.1,189.44152949859762,1023.9495061644882,1.0,0.0,0.0,0.0,2.0
4701,0.0002066519893646377,0.04463682970276175,1.0,0.1,191.03692121460688,1026.3918849104775,1.0,0.0,0.0,0.0,2.0
4702,0.000497275581325459,0.10741152556629913,0.0,0.1,191.57883431797705,1027.7644416632982,1.0,0.0,0.0,0.0,2.0
4703,0.00011059036589483632,0.023887519033284645,1.0,0.1,192.75708052958848,1028.8854586949583,1.0,0.0,0.0,0.0,2.0
4704,8.910819319949923e-05,0.019247369731091837,1.0,0.1,189.61247039631056,1026.0304516921765,1.0,0.0,0.0,0.0,2.0
4705,5.169557802680881e-05,0.011166244853790702,1.0,0.1,187.12643479503973,1023.7835027287645,1.0,0.0,0.0,0.0,2.0
4706,0.00012914657971429676,0.0278956612182881,1.0,0.1,182.92448282936977,1020.2420286832877,1.0,0.0,0.0,0.0,2.0
4707,0.0001964556836808256,0.04243442767505833,1.0,0.1,180.52007488332893,1018.3815679665623,1.0,0.0,0.0,0.0,2.0
4708,0.00023459385660626713,0.0506722730269537,1.0,0.1,180.36411077610475,1018.3498488627959,1.0,0.0,0.0,0.0,2.0
4709,0.0002848092851369105,0.06151880558957268,1.0,0.1,180.4473075792768,1018.0057162836408,1.0,0.0,0.0,0.0,2.0
4710,5.506114906902327e-05,0.011893208198909027,1.0,0.1,182.48200243105887,1018.9432120575153,1.0,0.0,0.0,0.0,2.0
4711,0.0004537370649856835,0.09800720603690764,1.0,0.1,184.20735503232834,1020.3838396098871,1.0,0.0,0.0,0.0,2.0
4712,0.00020234271680664583,0.0437060268302355,1.0,0.1,184.98658774091885,1020.3145266856121,1.0,0.0,0.0,0.0,2.0
4713,0.00018503230465207076,0.03996697780484728,1.0,0.1,185.46742705416497,1020.5330554077751,1.0,0.0,0.0,0.0,2.0
4714,0.0001006959244090944,0.02175031967236439,1.0,0.1,186.16172745489428,1021.3201539941099,1.0,0.0,0.0,0.0,2.0
4715,0.0003564978566365603,0.07700353703349702,1.0,0.1,185.9158337704354,1021.1451966100822,1.0,0.0,0.0,0.0,2.0
4716,0.0001782334194910788,0.03849841861007302,1.0,0.1,185.2010886668268,1020.1515987391363,1.0,0.0,0.0,0.0,2.0
4717,0.0009369883774207693,0.20238948952288616,0.0,0.1,183.8105856738367,1019.4646889079324,1.0,0.0,0.0,0.0,2.0
4718,0.0006355705730280687,0.13728324377406284,0.0,0.1,181.7102262617317,1020.6021650086847,1.0,0.0,0.0,0.0,2.0
4719,0.0002760869788935132,0.05963478744099886,1.0,0.1,182.23342478641092,1021.3835973681265,1.0,0.0,0.0,0.0,2.0
4720,0.0010856105008852236,0.23449186819120832,0.0,0.1,180.74476265524066,1019.9454117049834,1.0,0.0,0.0,0.0,2.0
4721,0.0006933839019195174,0.14977092281461576,0.0,0.1,176.79385631548945,1015.4931794862154,1.0,0.0,0.0,0.0,2.0
4722,0.0010810489460378668,0.23350657234417924,0.0,0.1,171.03744387823724,1009.8964123528216,1.0,0.0,0.0,0.0,2.0
4723,0.0010722580011729276,0.23160772825335235,0.0,0.1,156.67678553734598,997.0883073641127,1.0,0.0,0.0,0.0,2.0
4724,0.0003901268824157395,0.08426740660179974,1.0,0.1,140.04476793183977,982.2014268020979,1.0,0.0,0.0,0.0,2.0
4725,0.00031770479029041116,0.06862423470272881,1.0,0.1,127.95686613909191,974.8110946437774,1.0,0.0,0.0,0.0,2.0
4726,0.000538601099520068,0.1163378374963347,0.0,0.1,123.9926605350336,972.9102166988647,1.0,0.0,0.0,0.0,2.0
4727,0.0014855442951827835,0.32087756775948123,0.0,0.1,116.01799888052577,967.4008215260341,1.0,0.0,0.0,0.0,2.0
4728,0.00044467417672197174,0.09604962217194589,1.0,0.1,99.86831105939066,953.3305753898026,1.0,0.0,0.0,0.0,2.0
4729,0.00035794561532068517,0.077316252909268,1.0,0.1,92.21589200297883,946.7599439582125,1.0,0.0,0.0,0.0,2.0
4730,0.00047375302978407217,0.10233065443335959,0.0,0.1,88.60535530867939,942.8519784307355,1.0,0.0,0.0,0.0,2.0
4731,0.0006273016151912571,0.13549714888131154,0.0,0.1,82.37224385194038,935.1938572072369,1.0,0.0,0.0,0.0,2.0
4732,0.001016565388969406,0.2195781240173917,0.0,0.1,75.17736721196924,930.2806785802023,1.0,0.0,0.0,0.0,2.0
4733,0.00028111737558304416,0.060721353125937544,1.0,0.1,74.33358043548473,934.0818428045443,1.0,0.0,0.0,0.0,2.0
4734,0.00018931651802316996,0.04089236789300471,1.0,0.1,72.48123791010781,936.141670641649,1.0,0.0,0.0,0.0,2.0
4735,0.0009442547285695782,0.2039590213710289,0.0,0.1,73.00791114776992,938.0806179360945,1.0,0.0,0.0,0.0,2.0
4736,0.0018407907267060791,0.3976107969685131,0.0,0.1,74.16571189863487,941.5887940526421,1.0,0.0,0.0,0.0,2.0
4737,0.0010139292119369318,0.21900870977837728,0.0,0.1,74.9374287383132,944.3301526666836,1.0,0.0,0.0,0.0,2.0
4738,0.001335179248225252,0.2883987176166544,0.0,0.1,76.54722758128439,946.7582250446955,1.0,0.0,0.0,0.0,2.0
4739,0.00035900018878842207,0.07754404077829917,1.0,0.1,78.40195627524456,949.7653808662018,1.0,0.0,0.0,0.0,2.0
4740,0.000584360359774297,0.12622183771124815,0.0,0.1,78.18802900627551,949.8077071618637,1.0,0.0,0.0,0.0,2.0
4741,0.001039070266617125,0.22443917758929902,0.0,0.1,80.15473938677147,952.8416051109554,1.0,0.0,0.0,0.0,2.0
4742,0.0008982857358916614,0.19402971895259885,0.0,0.1,79.57998209371846,952.5366716950906,1.0,0.0,0.0,0.0,2.0
4743,0.00056230014379629,0.12145683105999865,0.0,0.1,76.61856535771182,949.3776947173983,1.0,0.0,0.0,0.0,2.0
4744,0.000653101621817049,0.1410699503124826,0.0,0.1,75.20337297613976,947.9127065100138,1.0,0.0,0.0,0.0,2.0
4745,0.0010688292802209867,0.23086712452773314,0.0,0.1,74.30468973904397,946.6267262247492,1.0,0.0,0.0,0.0,2.0
4746,0.0007136128937478459,0.15414038504953473,0.0,0.1,71.69745108252509,944.481109597003,1.0,0.0,0.0,0.0,2.0
4747,0.00027173617881476786,0.05869501462398986,1.0,0.1,65.85935938513674,938.4180456055714,1.0,0.0,1.0,0.0,2.0
4748,8.601670852324683e-05,0.018579609041021315,1.0,0.1,59.46623429717532,932.0492674682946,1.0,0.0,1.0,0.0,2.0
4749,0.0009982328107626395,0.21561828712473013,0.0,0.1,55.777088353209294,928.7626578202481,1.0,0.0,1.0,0.0,2.0
4750,0.00026269784679709793,0.05674273490817316,1.0,0.1,47.43381517109322,920.3709889838423,1.0,0.0,1.0,0.0,2.0
4751,0.00013744713632834625,0.02968858144692279,1.0,0.1,32.882117570699286,905.2952818931441,1.0,0.0,1.0,0.0,2.0
4752,0.0002154243797095587,0.04653166601726468,1.0,0.1,25.48314791525359,895.2742599588469,1.0,0.0,1.0,0.0,2.0
4753,0.0003834042002249938,0.08281530724859866,1.0,0.1,26.102885186359817,895.4639778946294,1.0,0.0,1.0,0.0,2.0
4754,0.0003580732041236037,0.07734381209069839,1.0,0.1,27.515154648044703,894.6080868773469,1.0,0.0,1.0,0.0,2.0
4755,0.00017108354277764907,0.0369540452399722,1.0,0.1,29.409883491674016,895.1639778432747,1.0,0.0,1.0,0.0,2.0
4756,0.00010086724473375661,0.02178732486249143,1.0,0.1,26.54925672942457,891.7956922311455,1.0,0.0,1.0,0.0,2.0
4757,0.0025803279715164488,0.5573508418475529,0.0,0.1,24.46860252061273,890.5042186184503,1.0,0.0,1.0,0.0,2.0
4758,0.001271077347613399,0.2745527070844942,0.0,0.1,19.377111006528914,885.3324178573945,1.0,0.0,1.0,0.0,2.0
4759,0.0010634669188705386,0.22970885447603634,0.0,0.1,10.806164103615318,880.0608420568147,1.0,0.0,1.0,0.0,2.0
4760,0.001717352819310812,0.3709482089711354,0.0,0.1,3.3258334232375275,876.9620228839024,1.0,0.0,1.0,0.0,2.0
4761,0.000551347404971643,0.11909103947387488,0.0,0.1,7.841503613120175,878.1256824792661,1.0,0.0,1.0,0.0,2.0
4762,0.0006902000391817122,0.14908320846324985,0.0,0.1,10.110169886693416,878.6842101151993,1.0,0.0,1.0,0.0,2.0
4763,0.002049694013514482,0.4427339069191281,0.0,0.1,14.351149645620739,878.307453026467,1.0,0.0,1.0,0.0,2.0
4764,0.0016627135324105066,0.35914612300066945,0.0,0.1,19.527949441885852,878.3375967784665,1.0,0.0,1.0,0.0,2.0
4765,0.000751523140397385,0.16232899832583517,0.0,0.1,29.107276164679927,879.7309870393675,1.0,0.0,1.0,0.0,2.0
4766,9.053424747778086e-05,0.019555397455200667,1.0,0.1,39.549696497652754,880.0268324955961,1.0,0.0,1.0,0.0,2.0
4767,0.0025828909346343196,0.5579044418810131,0.0,0.1,43.98202414946666,881.1649810969219,1.0,0.0,1.0,0.0,2.0
4768,0.0023502880369197367,0.5076622159746631,0.0,0.1,49.65350948499899,879.4856355768977,1.0,0.0,1.0,0.0,2.0
4769,0.0004643356914043184,0.10029650934333278,0.0,0.1,55.7157057980495,880.9537426552487,1.0,0.0,1.0,0.0,2.0
4770,0.0008735604169354989,0.18868905005806777,0.0,0.1,63.398007605253305,880.3373133480055,1.0,0.0,1.0,0.0,2.0
4771,0.0003619014314562839,0.07817070919455732,1.0,0.1,70.18391576033747,879.9499612249098,1.0,0.0,0.0,0.0,2.0
4772,,,,0.1,81.0091145216558,881.0185520364388,1.0,0.0,0.0,0.0,2.0
4773,,,,0.1,88.52860336922906,880.9966195328329,,,0.0,0.0,2.0
4774,,,,0.1,93.70265056045682,879.5190693758565,1.0,0.0,0.0,0.0,2.0
4775,,,,0.1,92.16055168095237,875.343430725599,,,0.0,0.0,2.0
4776,0.0006748104310972682,0.14575905311700993,0.0,0.1,91.97110316793419,874.9483519512667,1.0,0.0,0.0,0.0,2.0
4777,0.00036701829997799724,0.0792759527952474,1.0,0.1,94.15080415959146,877.7723823390104,1.0,0.0,0.0,0.0,2.0
4778,0.0026526177362999758,0.5729654310407948,0.0,0.1,98.38916571074333,880.6700877560484,1.0,0.0,0.0,0.0,2.0
4779,0.0004916670749537552,0.10620008819001113,0.0,0.1,102.08038322801282,882.0631481852618,1.0,0.0,0.0,0.0,2.0
4780,0.000732366760929163,0.15819122036069921,0.0,0.1,105.26222879928417,883.3897692349494,1.0,0.0,0.0,0.0,2.0
4781,0.002163182832513586,0.46724749182293457,0.0,0.1,112.57120573143939,886.4016171196905,1.0,0.0,0.0,0.0,2.0
4782,0.001554259322338269,0.3357200136250661,0.0,0.1,116.94331232327607,890.1562589941332,1.0,0.0,0.0,0.0,2.0
4783,0.0006231865113938034,0.13460828646106152,0.0,0.1,125.45880278058426,894.0319619784968,1.0,0.0,0.0,0.0,2.0
4784,0.002090035031660821,0.4514475668387373,0.0,0.1,128.65884559526833,894.5842155315044,1.0,0.0,0.0,0.0,2.0
4785,0.001872948339519162,0.404556841336139,0.0,0.1,134.83453212374528,898.0370975369977,1.0,0.0,0.0,0.0,2.0
4786,0.0030691109003168093,0.6629279544684309,0.0,0.1,140.02086692364023,899.3312685736439,1.0,0.0,0.0,0.0,2.0
4787,0.0034621707008289943,0.7478288713790628,0.0,0.1,147.17912315043804,899.2289686093596,1.0,0.0,0.0,0.0,2.0
4788,0.0007575927144252536,0.1636400263158548,0.0,0.1,158.56701235382462,904.1271793079871,1.0,0.0,0.0,0.0,2.0
4789,0.00289997868684902,0.6263953963593883,0.0,0.1,163.5800729475025,906.676368816706,1.0,0.0,0.0,0.0,2.0
4790,0.0037988153316045855,0.8205441116265905,0.0,0.1,171.18216652759745,906.214134174643,1.0,0.0,0.0,0.0,2.0
4791,0.0025578189209995938,0.5524888869359122,0.0,0.1,178.6583073057123,908.0216580447059,1.0,0.0,0.0,0.0,2.0
4792,0.0021266897309659017,0.4593649818886348,0.0,0.1,184.79202736596164,908.7442238371997,1.0,0.0,0.0,0.0,2.0
4793,0.0007261382352140087,0.1568458588062259,0.0,0.1,192.9575182555688,909.0317454964387,1.0,0.0,0.0,0.0,2.0
4794,,,,0.1,195.45532883430786,906.7366430645484,1.0,0.0,0.0,0.0,2.0
4795,,,,0.1,202.8048863687459,907.2374323646302,,,0.0,0.0,2.0
4796,,,,0.1,208.14842270490425,909.1129882602767,,,0.0,0.0,2.0
4797,0.000639802272344195,0.13819729082634613,0.0,0.1,209.33811556170298,912.9680671178722,1.0,0.0,0.0,0.0,2.0
4798,0.0027605454441964627,0.596277815946436,0.0,0.1,206.80519960877677,915.1935699051977,1.0,0.0,0.0,0.0,2.0
4799,0.0007589748759988949,0.1639385732157613,0.0,0.1,201.2935484770778,919.6549686098319,1.0,0.0,0.0,0.0,2.0
4800,0.0005154903964387065,0.1113459256307606,0.0,0.1,199.44913867417708,920.2970941415776,1.0,0.0,0.0,0.0,2.0
4801,0.0002477406728989193,0.053511985346166566,1.0,0.1,197.5583462369394,922.5056971403511,1.0,0.0,0.0,0.0,2.0
4802,8.94352441930656e-05,0.01931801274570217,1.0,0.1,197.32991056723375,923.9691652774983,1.0,0.0,0.0,0.0,2.0
4803,0.0014318427825793288,0.309278041037135,0.0,0.1,194.96021727454905,923.4093053389548,1.0,0.0,0.0,0.0,2.0
4804,0.00028485058412659135,0.06152772617134373,1.0,0.1,190.79883382843144,920.8284458809394,1.0,0.0,0.0,0.0,2.0
4805,0.0003631359133207424,0.07843735727728035,1.0,0.1,191.06282720149383,920.601826937598,1.0,0.0,0.0,0.0,2.0
4806,0.0006681405159576372,0.14431835144684965,0.0,0.1,190.155435174601,920.784435446917,1.0,0.0,0.0,0.0,2.0
4807,0.0007387498173070598,0.15956996053832495,0.0,0.1,189.61295596842038,922.2004668409176,1.0,0.0,0.0,0.0,2.0
4808,0.00046140743652375155,0.09966400628913033,1.0,0.1,192.76459813173247,923.7145732217667,1.0,0.0,0.0,0.0,2.0
4809,0.000318816731260364,0.06886441395223862,1.0,0.1,196.3790520970115,926.1045031819685,1.0,0.0,0.0,0.0,2.0
4810,0.00034850248510571926,0.07527653678283536,1.0,0.1,201.72882127702445,928.6067714448568,1.0,0.0,0.0,0.0,2.0
4811,0.0019352183623862348,0.4180071662754267,0.0,0.1,204.9313992123935,931.0535390080563,1.0,0.0,0.0,0.0,2.0
4812,0.001596220899921161,0.3447837143829708,0.0,0.1,215.1995097549321,938.0972699770731,1.0,0.0,0.0,0.0,2.0
4813,0.0015929733005427345,0.34408223291723067,0.0,0.1,223.46401279260567,945.2123476775062,1.0,0.0,0.0,0.0,2.0
4814,0.0023553619022412676,0.5087581708841138,0.0,0.1,231.48121827575926,948.8698540465849,1.0,0.0,0.0,0.0,2.0
4815,0.001022725207152948,0.22090864474503677,0.0,0.1,243.18166635867942,956.4959761119487,1.0,0.0,0.0,0.0,2.0
4816,0.002731583617159349,0.5900220613064194,0.0,0.1,247.143957130265,959.0989307158218,1.0,0.0,0.0,0.0,2.0
4817,0.0024926768564645,0.538418200996332,0.0,0.1,258.14367806778597,964.1070937817464,1.0,0.0,0.0,0.0,2.0
4818,0.002725687610937006,0.5887485239623933,0.0,0.1,263.85292941095685,964.9271052672287,1.0,0.0,0.0,0.0,2.0
4819,0.0010383577764866319,0.22428527972111248,0.0,0.1,270.79011246001363,965.8286213559154,1.0,0.0,0.0,0.0,2.0
4820,0.0019015351346191223,0.41073158907773044,0.0,0.1,277.1436892274307,967.4582755699377,1.0,0.0,0.0,0.0,2.0
4821,0.0020404694271070134,0.44074139625511494,0.0,0.1,288.54050284473755,967.0918935371644,1.0,0.0,0.0,0.0,2.0
4822,0.002212478099420754,0.4778952694748829,0.0,0.1,299.03838334728476,968.6749799286151,1.0,0.0,0.0,0.0,2.0
4823,0.0038528982284171077,0.8322260173380953,0.0,0.1,304.23702605666404,968.6316130981565,1.0,0.0,0.0,0.0,2.0
4824,0.0005762552621076677,0.12447113661525622,0.0,0.1,312.1903379894411,968.2182822144645,1.0,0.0,0.0,0.0,2.0
4825,0.0024538586928251047,0.5300334776502226,0.0,0.1,316.62638945105147,967.6709455724199,1.0,0.0,0.0,0.0,2.0
4826,0.002569570404704166,0.5550272074160999,0.0,0.1,326.7293118788567,969.5308266722669,1.0,0.0,0.0,0.0,2.0
4827,0.002288770202182789,0.49437436367148246,0.0,0.1,334.89322590142774,972.1567066659647,1.0,0.0,0.0,0.0,2.0
4828,0.0016038284759213794,0.346426950799018,0.0,0.1,338.84751906261766,972.6451425393611,1.0,0.0,0.0,0.0,2.0
4829,0.0018957285297559739,0.4094773624272903,0.0,0.1,340.5118778522375,973.6664941601007,1.0,0.0,0.0,0.0,2.0
4830,0.002197409386161409,0.4746404274108644,0.0,0.1,345.7117879807742,979.2317262299334,1.0,0.0,0.0,0.0,2.0
4831,0.0012660481079547876,0.27346639131823414,0.0,0.1,355.52863647188406,987.8297338169451,1.0,0.0,0.0,0.0,2.0
4832,0.0005725722231888193,0.123675600208785,0.0,0.1,359.5497128652815,995.0776019000681,1.0,0.0,0.0,0.0,2.0
4833,0.0008487340740567142,0.18332655999625028,0.0,0.1,364.2782353966076,1005.5301293041418,1.0,0.0,0.0,0.0,2.0
4834,0.0014681410238896577,0.31711846116016607,0.0,0.1,366.23154879132113,1010.2370588215858,1.0,0.0,0.0,0.0,2.0
4835,0.0011410990702994859,0.24647739918468897,0.0,0.1,368.79271911977287,1017.765603158727,1.0,0.0,0.0,0.0,2.0
4836,0.001025509331227033,0.22151001554503913,0.0,0.1,370.0792619982574,1027.7797373814478,1.0,0.0,0.0,0.0,2.0
4837,0.0008522144276010051,0.1840783163618171,0.0,0.1,373.2290096075573,1036.978678952548,1.0,0.0,0.0,0.0,2.0
4838,0.0014220028819879177,0.30715262250939024,0.0,0.1,376.28222548036365,1042.90329029884,1.0,0.0,0.0,0.0,2.0
4839,0.002556045448530289,0.5521058168825425,0.0,0.1,381.52371865543665,1051.8006561373443,1.0,0.0,0.0,0.0,2.0
4840,0.002043752736741624,0.4414505911361908,0.0,0.1,,,1.0,0.0,,,2.0
4841,0.0018445516179358204,0.3984231494741372,0.0,0.1,384.95981099696456,1061.3900200166702,1.0,0.0,0.0,0.0,2.0
4842,0.0004496150508510666,0.09711685098383038,1.0,0.1,388.14226554883714,1065.0449833789974,1.0,0.0,0.0,0.0,2.0
4843,0.0010443924546890504,0.22558877021283488,0.0,0.1,,,1.0,0.0,,,2.0
4844,0.001041233309715548,0.2249063948985584,0.0,0.1,,,1.0,0.0,,,2.0
4845,0.0014426513478852895,0.31161269114322254,0.0,0.1,,,1.0,0.0,,,2.0
4846,0.0006886503581837259,0.1487484773676848,0.0,0.1,,,1.0,0.0,,,2.0
4847,0.0011259213865357886,0.24319901949173037,0.0,0.1,,,1.0,0.0,,,2.0
4848,0.001091124334243455,0.23568285619658627,0.0,0.1,,,1.0,0.0,,,2.0
4849,0.0007430740821931093,0.16050400175371163,0.0,0.1,,,1.0,0.0,,,2.0
4850,0.002011642783373206,0.43451484120861245,0.0,0.1,,,1.0,0.0,,,2.0
4851,7.141892768835485e-05,0.015426488380684646,1.0,0.1,,,1.0,0.0,,,2.0
4852,0.0010678915467848972,0.2306645741055378,0.0,0.1,,,1.0,0.0,,,2.0
4853,0.00040940852415853124,0.08843224121824275,1.0,0.1,,,1.0,0.0,,,2.0
4854,0.0011612182131233969,0.2508231340346537,0.0,0.1,,,1.0,0.0,,,2.0
4855,0.0005567856748555512,0.12026570576879907,0.0,0.1,,,1.0,0.0,,,2.0
4856,0.0005384029343452795,0.11629503381858038,0.0,0.1,,,1.0,0.0,,,2.0
4857,0.00035878359684425484,0.07749725691835904,1.0,0.1,,,1.0,0.0,,,2.0
4858,0.0004301170199515512,0.09290527630953506,1.0,0.1,,,1.0,0.0,,,2.0
4859,0.000748966238914697,0.16177670760557455,0.0,0.1,366.52245856545625,1099.1078772169967,1.0,0.0,0.0,0.0,2.0
4860,9.483464216214638e-05,0.02048428270702362,1.0,0.1,366.46024042956554,1100.6851761967969,1.0,0.0,0.0,0.0,2.0
4861,0.0014614718485996866,0.3156779192975323,0.0,0.1,367.86312093736234,1102.1348256800047,1.0,0.0,0.0,0.0,2.0
4862,0.0013939984576698177,0.3011036668566806,0.0,0.1,,,1.0,0.0,,,2.0
4863,0.00109383356776441,0.23626805063711254,0.0,0.1,377.0573911401881,1117.1451575788371,1.0,0.0,0.0,0.0,2.0
4864,0.0006685883047546128,0.14441507382699637,0.0,0.1,379.25923909965013,1120.230531283095,1.0,0.0,0.0,0.0,2.0
4865,0.00020063062238624642,0.043336214435429225,1.0,0.1,378.75193714188265,1120.2079004590132,1.0,0.0,0.0,0.0,2.0
4866,0.0004980760230995902,0.1075844209895115,0.0,0.1,379.3364430867973,1120.990486620603,1.0,0.0,0.0,0.0,2.0
4867,0.00029722785014151947,0.06420121563056821,1.0,0.1,382.27530795019226,1124.9414865092738,1.0,0.0,0.0,0.0,2.0
4868,0.00032331304080055444,0.06983561681291976,1.0,0.1,382.3717334367412,1124.789281591963,1.0,0.0,0.0,0.0,2.0
4869,0.0006878429117091274,0.14857406892917152,0.0,0.1,379.62457300001364,1122.3046016585802,1.0,0.0,0.0,0.0,2.0
4870,0.0007058965049227628,0.15247364506331676,0.0,0.1,375.36981995403323,1118.672462754883,1.0,0.0,0.0,0.0,2.0
4871,0.0008819035393305769,0.19049116449540462,0.0,0.1,366.20702597854074,1115.1423612285455,1.0,0.0,0.0,0.0,2.0
4872,0.0004432592668486212,0.09574400163930219,1.0,0.1,362.7181135701114,1114.6117913970634,1.0,0.0,0.0,0.0,2.0
4873,0.00017909174488278757,0.038683816894682116,1.0,0.1,362.92206066848127,1115.4603508839762,1.0,0.0,0.0,0.0,2.0
4874,0.00023636903071925578,0.05105571063535925,1.0,0.1,365.23958287498533,1118.1374563791194,1.0,0.0,0.0,0.0,2.0
4875,0.00015909350936588068,0.03436419802303023,1.0,0.1,365.2002547209911,1119.5934784214978,1.0,0.0,0.0,0.0,2.0
4876,0.0005299426358609246,0.11446760934595972,0.0,0.1,364.22816650374557,1119.2586491134427,1.0,0.0,0.0,0.0,2.0
4877,0.0003211428673980365,0.06936685935797589,1.0,0.1,364.6058222894313,1119.1555150013212,1.0,0.0,0.0,0.0,2.0
4878,0.0002530880891479884,0.0546670272559655,1.0,0.1,366.4294098568477,1119.5637459048303,1.0,0.0,0.0,0.0,2.0
4879,0.0005910580820274948,0.1276685457179389,0.0,0.1,365.7175892932032,1118.3096697532244,1.0,0.0,0.0,0.0,2.0
4880,0.00037446666982600424,0.08088480068241692,1.0,0.1,365.35064990437985,1116.8126861966446,1.0,0.0,0.0,0.0,2.0
4881,0.0002868836792869591,0.06196687472598316,1.0,0.1,363.85173643217723,1116.048719679855,1.0,0.0,0.0,0.0,2.0
4882,0.0005282116627839374,0.11409371916133049,0.0,0.1,,,1.0,0.0,,,2.0
4883,0.0003934386103609654,0.08498273983796853,1.0,0.1,,,1.0,0.0,,,2.0
4884,0.00016249331893611067,0.0350985568901999,1.0,0.1,,,1.0,0.0,,,2.0
4885,0.0002544407398254887,0.05495919980230556,1.0,0.1,,,1.0,0.0,,,2.0
4886,0.00027902424566351205,0.060269237063318604,1.0,0.1,,,1.0,0.0,,,2.0
4887,0.0006852537785989296,0.14801481617736878,0.0,0.1,,,1.0,0.0,,,2.0
4888,0.0009228943105316333,0.1993451710748328,0.0,0.1,,,1.0,0.0,,,2.0
4889,0.0006487663183827263,0.14013352477066887,0.0,0.1,,,1.0,0.0,,,2.0
4890,0.0002208855174866737,0.04771127177712152,1.0,0.1,,,1.0,0.0,,,2.0
4891,0.00024901196211031415,0.053786583815827856,1.0,0.1,,,1.0,0.0,,,2.0
4892,0.00021003108990561378,0.04536671541961258,1.0,0.1,,,1.0,0.0,,,2.0
4893,6.67611314682992e-05,0.014420404397152628,1.0,0.1,,,1.0,0.0,,,2.0
4894,0.000325102594289941,0.07022216036662726,1.0,0.1,,,1.0,0.0,,,2.0
4895,0.000808848293930698,0.17471123148903075,0.0,0.1,,,1.0,0.0,,,2.0
4896,0.00021408003584868544,0.04624128774331606,1.0,0.1,353.70395536371234,1091.264758475618,1.0,0.0,0.0,0.0,2.0
4897,0.0003822419175479838,0.08256425419036449,1.0,0.1,354.1689179873075,1090.1871285397208,1.0,0.0,0.0,0.0,2.0
4898,0.0005371394066594924,0.11602211183845035,0.0,0.1,353.0117034114757,1089.68001351621,1.0,0.0,0.0,0.0,2.0
4899,0.00043105278256235955,0.09310740103346966,1.0,0.1,350.0022903263191,1089.3311252123237,1.0,0.0,0.0,0.0,2.0
4900,0.0006899141472008428,0.14902145579538204,0.0,0.1,,,1.0,0.0,,,2.0
4901,0.0005633623994764322,0.12168627828690935,0.0,0.1,,,1.0,0.0,,,2.0
4902,0.00030980916077842126,0.06691877872813899,1.0,0.1,,,1.0,0.0,,,2.0
4903,7.883658204628746e-05,0.01702870172199809,1.0,0.1,,,1.0,0.0,,,2.0
4904,0.000863341165521265,0.18648169175259324,0.0,0.1,,,1.0,0.0,,,2.0
4905,0.0006652880805338534,0.14370222539531236,0.0,0.1,,,1.0,0.0,,,2.0
4906,0.0007416857417510785,0.16020412021823296,0.0,0.1,,,1.0,0.0,,,2.0
4907,0.0004023186960291687,0.08690083834230043,1.0,0.1,,,1.0,0.0,,,2.0
4908,0.0005655435597013883,0.12215740889549988,0.0,0.1,,,1.0,0.0,,,2.0
4909,0.00025757350238999753,0.05563587651623947,1.0,0.1,,,1.0,0.0,,,2.0
4910,0.0006146353029232677,0.13276122543142582,0.0,0.1,338.56195551122016,1069.4389785639569,1.0,0.0,0.0,0.0,2.0
4911,0.00020337779030348094,0.043929602705551886,1.0,0.1,341.52858050702076,1071.693339020725,1.0,0.0,0.0,0.0,2.0
4912,0.00025402725349712025,0.054869886755377975,1.0,0.1,341.31852117421624,1072.5812746009306,1.0,0.0,0.0,0.0,2.0
4913,0.00033751427938167466,0.07290308434644173,1.0,0.1,341.1115281065615,1072.3611531780025,1.0,0.0,0.0,0.0,2.0
4914,,,,0.1,340.1319786504005,1071.8069487673993,1.0,0.0,0.0,0.0,2.0
4915,,,,0.1,338.57290042898495,1070.6181047767536,,,0.0,0.0,2.0
4916,,,,0.1,333.37436958024176,1067.1220201240847,,,0.0,0.0,2.0
4917,,,,0.1,,,1.0,0.0,,,2.0
4918,,,,0.1,,,,,,,2.0
4919,,,,0.1,,,,,,,2.0
4920,,,,0.1,,,,,,,2.0
4921,,,,0.1,,,,,,,2.0
4922,0.00029220857937894615,0.06311705314585236,1.0,0.1,,,1.0,0.0,,,2.0
4923,0.0002447983244055293,0.05287643807159433,1.0,0.1,,,1.0,0.0,,,2.0
4924,0.0001343731542455628,0.029024601317041567,1.0,0.1,,,1.0,0.0,,,2.0
4925,0.0001339018554855007,0.028922800784868155,1.0,0.1,,,1.0,0.0,,,2.0
4926,5.103023016575739e-06,0.0011022529715803595,1.0,0.1,,,1.0,0.0,,,2.0
4927,,,,0.1,,,1.0,0.0,,,2.0
4928,,,,0.1,,,,,,,2.0
4929,,,,0.1,,,,,,,2.0
4930,,,,0.1,,,,,,,2.0
4931,,,,0.1,,,,,,,2.0
4932,,,,0.1,,,,,,,2.0
4933,,,,0.1,,,,,,,2.0
4934,,,,0.1,,,,,,,2.0
4935,,,,0.1,,,,,,,2.0
4936,,,,0.1,,,,,,,2.0
4937,,,,0.1,,,,,,,2.0
4938,,,,0.1,,,,,,,2.0
4939,,,,0.1,,,,,,,2.0
4940,0.00012251293835758754,0.02646279468523891,1.0,0.1,,,1.0,0.0,,,2.0
4941,,,,0.1,,,1.0,0.0,,,2.0
4942,,,,0.1,,,,,,,2.0
4943,,,,0.1,,,,,,,2.0
4944,0.00022656519466744725,0.04893808204816861,1.0,0.1,,,1.0,0.0,,,2.0
4945,0.00013759117200791104,0.029719693153708784,1.0,0.1,,,1.0,0.0,,,2.0
4946,,,,0.1,,,1.0,0.0,,,2.0
4947,,,,0.1,,,,,,,2.0
4948,,,,0.1,,,,,,,2.0
4949,,,,0.1,,,,,,,2.0
4950,0.00042449483552020834,0.091690884472365,1.0,0.1,,,1.0,0.0,,,2.0
4951,0.0005698089623049112,0.12307873585786083,0.0,0.1,,,1.0,0.0,,,2.0
4952,0.00018294001333100693,0.0395150428794975,1.0,0.1,,,1.0,0.0,,,2.0
4953,0.0005528302923440587,0.11941134314631667,0.0,0.1,,,1.0,0.0,,,2.0
4954,3.590791935570807e-05,0.007756110580832944,1.0,0.1,,,1.0,0.0,,,2.0
4955,0.00043593560839918697,0.09416209141422438,1.0,0.1,,,1.0,0.0,,,2.0
4956,0.00018799707825919556,0.04060736890398624,1.0,0.1,,,1.0,0.0,,,2.0
4957,0.0002104779236862921,0.04546323151623909,1.0,0.1,331.44299427035776,1074.7785701238809,1.0,0.0,0.0,0.0,2.0
4958,0.0002519732742047972,0.0544262272282362,1.0,0.1,,,1.0,0.0,,,2.0
4959,0.00014841869837418199,0.03205843884882331,1.0,0.1,,,1.0,0.0,,,2.0
4960,0.00024039178810380808,0.051924626230422544,1.0,0.1,,,1.0,0.0,,,2.0
4961,0.0002774943206343161,0.05993877325701228,1.0,0.1,,,1.0,0.0,,,2.0
4962,0.0010604126399428478,0.2290491302276551,0.0,0.1,,,1.0,0.0,,,2.0
4963,0.00011168210803643134,0.024123335335869172,1.0,0.1,,,1.0,0.0,,,2.0
4964,0.00042375236699404854,0.09153051127071449,1.0,0.1,,,1.0,0.0,,,2.0
4965,0.00020968891516300988,0.045292805675210136,1.0,0.1,,,1.0,0.0,,,2.0
4966,0.00013558308878230542,0.02928594717697797,1.0,0.1,,,1.0,0.0,,,2.0
4967,0.00024329104567348168,0.05255086586547204,1.0,0.1,,,1.0,0.0,,,2.0
4968,0.0002370731823624401,0.05120780739028706,1.0,0.1,,,1.0,0.0,,,2.0
4969,0.00023423896490543613,0.050595616419574205,1.0,0.1,,,1.0,0.0,,,2.0
4970,,,,0.1,,,1.0,0.0,,,2.0
4971,,,,0.1,,,,,,,2.0
4972,,,,0.1,,,,,,,2.0
4973,,,,0.1,,,,,,,2.0
4974,,,,0.1,,,,,,,2.0
4975,,,,0.1,,,1.0,0.0,,,2.0
4976,,,,0.1,,,,,,,2.0
4977,,,,0.1,,,,,,,2.0
4978,,,,0.1,,,,,,,2.0
4979,,,,0.1,,,,,,,2.0
4980,,,,0.1,,,,,,,2.0
4981,9.549630174610568e-05,0.020627201177158827,1.0,0.1,,,1.0,0.0,,,2.0
4982,,,,0.1,,,1.0,0.0,,,2.0
4983,,,,0.1,337.0290667686548,1062.5432898287625,,,0.0,0.0,2.0
4984,,,,0.1,,,,,,,2.0
4985,,,,0.1,334.441636821867,1053.7500474982942,,,0.0,0.0,2.0
4986,,,,0.1,334.0395862980102,1048.614098055895,,,0.0,0.0,2.0
4987,,,,0.1,,,,,,,2.0
4988,,,,0.1,,,,,,,2.0
4989,,,,0.1,,,,,,,2.0
4990,,,,0.1,,,,,,,2.0
4991,,,,0.1,,,,,,,2.0
4992,,,,0.1,,,,,,,2.0
4993,,,,0.1,,,,,,,2.0
4994,,,,0.1,,,,,,,2.0
4995,,,,0.1,,,,,,,2.0
4996,,,,0.1,,,,,,,2.0
4997,,,,0.1,,,,,,,2.0
4998,,,,0.1,,,,,,,2.0
4999,,,,0.1,,,,,,,2.0
5000,,,,0.1,,,,,,,2.0
5001,,,,0.1,,,,,,,2.0
5002,,,,0.1,,,,,,,2.0
5003,0.0008601007217178267,0.18578175589105056,0.0,0.1,,,1.0,0.0,,,2.0
5004,0.0005042685833049074,0.10892201399386,0.0,0.1,330.5962236957783,1056.877145301615,1.0,0.0,0.0,0.0,2.0
5005,0.0008740524678205039,0.18879533304922883,0.0,0.1,334.87977477215827,1058.4083063832427,1.0,0.0,0.0,0.0,2.0
5006,0.0018169252506832765,0.3924558541475877,0.0,0.1,339.583924874066,1063.9355059201837,1.0,0.0,0.0,0.0,2.0
5007,0.000784477001898145,0.1694470324099993,0.0,0.1,,,1.0,0.0,,,2.0
5008,0.00047656462043055124,0.10293795801299907,0.0,0.1,,,1.0,0.0,,,2.0
5009,0.0008554755282781283,0.18478271410807573,0.0,0.1,339.7875531011685,1069.2152540554926,1.0,0.0,0.0,0.0,2.0
5010,0.0007582012389715962,0.1637714676178648,0.0,0.1,336.42389600824345,1070.0707471410294,1.0,0.0,0.0,0.0,2.0
5011,0.0006453688084525647,0.13939966262575398,0.0,0.1,334.2420519700764,1068.1290240422222,1.0,0.0,0.0,0.0,2.0
5012,0.000810868736412547,0.17514764706511016,0.0,0.1,331.8300368259436,1065.5169886647302,1.0,0.0,0.0,0.0,2.0
5013,0.000376974970012035,0.08142659352259957,1.0,0.1,331.5049304389755,1063.9802710198055,1.0,0.0,0.0,0.0,2.0
5014,0.00031213356155300795,0.06742084929544971,1.0,0.1,330.7178179765488,1062.9792456310056,1.0,0.0,0.0,0.0,2.0
5015,0.0007892737577218583,0.1704831316679214,0.0,0.1,332.7648391159112,1064.9010803922376,1.0,0.0,0.0,0.0,2.0
5016,0.0012666663445807542,0.2735999304294429,0.0,0.1,332.6581774189517,1066.0722542332421,1.0,0.0,0.0,0.0,2.0
5017,0.0004689196948922723,0.10128665409673082,0.0,0.1,331.63754218230036,1064.853201483656,1.0,0.0,0.0,0.0,2.0
5018,0.0006530358006131214,0.14105573293243423,0.0,0.1,328.60514902262116,1062.990053911236,1.0,0.0,0.0,0.0,2.0
5019,0.0005227764714325064,0.11291971782942138,0.0,0.1,320.2249793721941,1058.6913221053285,1.0,0.0,0.0,0.0,2.0
5020,0.002712030234257758,0.5857985305996758,0.0,0.1,309.3056274819868,1052.583337212854,1.0,0.0,0.0,0.0,2.0
5021,0.002216746223348729,0.47881718424332553,0.0,0.1,299.4717946354021,1046.4487645185052,1.0,0.0,0.0,0.0,2.0
5022,0.0008354597961302033,0.1804593159641239,0.0,0.1,285.6017782583319,1039.1773071962498,1.0,0.0,0.0,0.0,2.0
5023,0.0021422535652381265,0.46272677009143537,0.0,0.1,281.5114500622631,1037.5113924714326,1.0,0.0,0.0,0.0,2.0
5024,0.0030010160361716915,0.6482194638130854,0.0,0.1,272.49133483338926,1033.6779304454685,1.0,0.0,0.0,0.0,2.0
5025,0.0009530734363939764,0.2058638622610989,0.0,0.1,267.86869701704154,1032.6838010041326,1.0,0.0,0.0,0.0,2.0
5026,0.0010899613701564077,0.2354316559537841,0.0,0.1,267.53631781137943,1033.49610113891,1.0,0.0,0.0,0.0,2.0
5027,0.0003965439929272507,0.08565350247228615,1.0,0.1,267.860669431687,1033.358981726607,1.0,0.0,0.0,0.0,2.0
5028,0.00013647279742908872,0.029478124244683164,1.0,0.1,266.8612760050442,1031.0998400548067,1.0,0.0,0.0,0.0,2.0
5029,0.0010023151639557985,0.2165000754144525,0.0,0.1,265.93085722074477,1028.9149728651967,1.0,0.0,0.0,0.0,2.0
5030,0.0012497878546389614,0.26995417660201565,0.0,0.1,266.22819363507364,1031.629440448936,1.0,0.0,0.0,0.0,2.0
5031,8.972017662060282e-05,0.019379558150050206,1.0,0.1,267.7524222177583,1037.0683470309655,1.0,0.0,0.0,0.0,2.0
5032,0.0013783798468225848,0.2977300469136783,0.0,0.1,268.56564124749707,1040.7113092584727,1.0,0.0,0.0,0.0,2.0
5033,0.0010706291472190078,0.2312558957993057,0.0,0.1,271.01510488072114,1046.804019793243,1.0,0.0,0.0,0.0,2.0
5034,0.0015222110698941992,0.328797591097147,0.0,0.1,274.24994341349503,1051.9981840638632,1.0,0.0,0.0,0.0,2.0
5035,0.0005620311212496556,0.1213987221899256,0.0,0.1,279.8138336376365,1059.5962002946753,1.0,0.0,0.0,0.0,2.0
5036,0.0014571962695709205,0.3147543942273188,0.0,0.1,281.7879300607431,1064.7570206346418,1.0,0.0,0.0,0.0,2.0
5037,0.000792840766687001,0.1712536056043922,0.0,0.1,286.7294201818157,1071.7437683586297,1.0,0.0,0.0,0.0,2.0
5038,0.00010939156308882856,0.02362857762718697,1.0,0.1,286.0351199392144,1070.0862310053446,1.0,0.0,0.0,0.0,2.0
5039,0.0009160307359785075,0.1978626389713576,0.0,0.1,286.3051850394926,1071.8038714774286,1.0,0.0,0.0,0.0,2.0
5040,0.00042859015097492176,0.0925754726105831,1.0,0.1,284.8934621940118,1069.8095078809886,1.0,0.0,0.0,0.0,2.0
5041,0.0005455603678254583,0.117841039450299,0.0,0.1,281.9669112281238,1066.3185096537206,1.0,0.0,0.0,0.0,2.0
5042,0.0008346594781796159,0.18028644728679705,0.0,0.1,280.2737279705061,1063.5437873145231,1.0,0.0,0.0,0.0,2.0
5043,0.0011101090981762635,0.2397835652060729,0.0,0.1,279.9189436592598,1063.1021020266276,1.0,0.0,0.0,0.0,2.0
5044,0.0008361044092842287,0.1805985524053934,0.0,0.1,278.5081678236179,1061.7234789012566,1.0,0.0,0.0,0.0,2.0
5045,0.001242490255579911,0.2683778952052608,0.0,0.1,276.5655075663286,1059.6553795211425,1.0,0.0,0.0,0.0,2.0
5046,0.0012470960800182135,0.2693727532839341,0.0,0.1,274.2426484448902,1055.0215395818825,1.0,0.0,0.0,0.0,2.0
5047,0.0013149646662829139,0.28403236791710945,0.0,0.1,268.2321999273178,1046.4300538952675,1.0,0.0,0.0,0.0,2.0
5048,0.0017662413737643261,0.3815081367330944,0.0,0.1,260.69030885169843,1035.731092737576,1.0,0.0,0.0,0.0,2.0
5049,0.000679928486961641,0.14686455318371447,0.0,0.1,254.9340035476766,1025.212317523638,1.0,0.0,0.0,0.0,2.0
5050,0.001041397689230278,0.22494190087374005,0.0,0.1,254.17720868131934,1021.7416248160657,1.0,0.0,0.0,0.0,2.0
5051,0.0012647425530564035,0.2731843914601832,0.0,0.1,252.7337261389745,1014.760237713639,1.0,0.0,0.0,0.0,2.0
5052,0.0003986845021546382,0.08611585246540185,1.0,0.1,257.0214263415705,1013.1970288076938,1.0,0.0,0.0,0.0,2.0
5053,0.00015300252604230887,0.03304854562513872,1.0,0.1,263.60110032737504,1017.4582775288068,1.0,0.0,0.0,0.0,2.0
5054,0.0003104416856132179,0.06705540409245507,1.0,0.1,267.33202297916887,1018.7148178462897,1.0,0.0,0.0,0.0,2.0
5055,5.592498861501903e-05,0.01207979754084411,1.0,0.1,271.40909777111096,1019.7065888800068,1.0,0.0,0.0,0.0,2.0
5056,0.0007275640180664634,0.1571538279023561,0.0,0.1,272.32669735021267,1014.5766107741654,1.0,0.0,0.0,0.0,2.0
5057,0.00031946758144250735,0.06900499759158159,1.0,0.1,278.0426063588963,1009.2361322493467,1.0,0.0,0.0,0.0,2.0
5058,0.00030937298706661635,0.06682456520638913,1.0,0.1,281.1870220734287,1002.703031228965,1.0,0.0,0.0,0.0,2.0
5059,0.0009026323407009179,0.19496858559139826,0.0,0.1,282.9959835223513,998.7720525841702,1.0,0.0,0.0,0.0,2.0
5060,0.00010259546177712254,0.022160619743858467,1.0,0.1,286.7129747205381,993.7355798063807,1.0,0.0,0.0,0.0,2.0
5061,0.000970512703532512,0.2096307439630226,0.0,0.1,288.2649120849594,989.5936055171296,1.0,0.0,0.0,0.0,2.0
5062,0.000434935203966592,0.09394600405678387,1.0,0.1,293.9940531781619,987.4751199721427,1.0,0.0,0.0,0.0,2.0
5063,0.0006239492685554118,0.13477304200796894,0.0,0.1,295.71435966167905,985.0436718076127,1.0,0.0,0.0,0.0,2.0
5064,0.00022696953742348065,0.04902542008347182,1.0,0.1,298.45829966322816,981.603321440168,1.0,0.0,0.0,0.0,2.0
5065,4.247005709045644e-05,0.00917353233153859,1.0,0.1,301.57759210148805,979.0459918539811,1.0,0.0,0.0,0.0,2.0
5066,0.0003694281805952435,0.0797964870085726,1.0,0.1,302.8021062571149,981.024593402116,1.0,0.0,0.0,0.0,2.0
5067,0.00011241503275092244,0.024281647074199247,1.0,0.1,303.55746897625914,983.8544357851872,1.0,0.0,0.0,0.0,2.0
5068,0.00048267131805152744,0.10425700469912993,0.0,0.1,303.81576520615505,984.0499652612768,1.0,0.0,0.0,0.0,2.0
5069,0.00024221812401397852,0.05231911478701936,1.0,0.1,303.6034229455498,983.5939938730778,1.0,0.0,0.0,0.0,2.0
5070,0.00066284196521698,0.14317386448686767,0.0,0.1,301.88796652667133,982.1138220670268,1.0,0.0,0.0,0.0,2.0
5071,0.0002675388327358146,0.05778838787093595,1.0,0.1,299.58328113826394,984.9544447239931,1.0,0.0,0.0,0.0,2.0
5072,0.0005496543353562765,0.11872533643695574,0.0,0.1,298.8056332908997,986.0955596024611,1.0,0.0,0.0,0.0,2.0
5073,0.00019682436900258802,0.04251406370455901,1.0,0.1,297.95952803444254,985.8254967174487,1.0,0.0,0.0,0.0,2.0
5074,0.000631400398775605,0.1363824861355307,0.0,0.1,293.1423415157342,986.0789156421598,1.0,0.0,0.0,0.0,2.0
5075,0.0014426375412207489,0.3116097089036818,0.0,0.1,290.6573337358487,986.1446700704444,1.0,0.0,0.0,0.0,2.0
5076,0.00028799034501986686,0.06220591452429124,1.0,0.1,290.05092297336444,986.5487482720805,1.0,0.0,0.0,0.0,2.0
5077,0.00044583646349325297,0.09630067611454264,1.0,0.1,290.19032702819584,986.5401522819001,1.0,0.0,0.0,0.0,2.0
5078,0.0004112354514357914,0.08882685751013093,1.0,0.1,287.70302225039836,984.2713391263508,1.0,0.0,0.0,0.0,2.0
5079,0.0008828711133112065,0.1907001604752206,0.0,0.1,286.5914650488632,982.8360603126392,1.0,0.0,0.0,0.0,2.0
5080,0.0003328182404295208,0.0718887399327765,1.0,0.1,284.99216943569576,981.866755161396,1.0,0.0,0.0,0.0,2.0
5081,0.00036316237439799486,0.07844307286996689,1.0,0.1,284.15643519466,980.4641283844622,1.0,0.0,0.0,0.0,2.0
5082,0.0003325063274296073,0.07182136672479518,1.0,0.1,284.14170240480524,980.0142830987015,1.0,0.0,0.0,0.0,2.0
5083,0.0008404379674059299,0.18153460095968085,0.0,0.1,285.0065641419793,979.6727067248208,1.0,0.0,0.0,0.0,2.0
5084,0.0004177441892847094,0.09023274488549722,1.0,0.1,285.49362049491356,980.1348565973831,1.0,0.0,0.0,0.0,2.0
5085,0.00015862974896871545,0.03426402577724254,1.0,0.1,285.9752780814403,980.4956991658604,1.0,0.0,0.0,0.0,2.0
5086,9.97645182058651e-05,0.02154913593246686,1.0,0.1,285.7418125874086,980.6833722505785,1.0,0.0,0.0,0.0,2.0
5087,0.00035418545503432155,0.07650405828741345,1.0,0.1,286.1379752584145,981.1556815586589,1.0,0.0,0.0,0.0,2.0
5088,0.00013770294235051074,0.029743835547710318,1.0,0.1,285.6917078436695,981.2635439680084,1.0,0.0,0.0,0.0,2.0
5089,0.0001415682412311262,0.030578740105923263,1.0,0.1,286.5946098448584,982.0996390431933,1.0,0.0,0.0,0.0,2.0
5090,0.00020428169080587605,0.044124845214069223,1.0,0.1,286.8242694696835,982.9301663927492,1.0,0.0,0.0,0.0,2.0
5091,0.00022608691073957844,0.048834772719748946,1.0,0.1,287.4045894453471,983.4783170517017,1.0,0.0,0.0,0.0,2.0
5092,4.211452199668804e-05,0.009096736751284615,1.0,0.1,287.40173969526126,983.083930486637,1.0,0.0,0.0,0.0,2.0
5093,0.00025112446207807966,0.05424288380886521,1.0,0.1,287.42665494553756,983.507662410167,1.0,0.0,0.0,0.0,2.0
5094,6.555112716558946e-05,0.014159043467767321,1.0,0.1,287.73170205935287,983.1441261699259,1.0,0.0,0.0,0.0,2.0
5095,9.209065559294048e-05,0.019891581608075144,1.0,0.1,287.7412118810662,983.1315615442795,1.0,0.0,0.0,0.0,2.0
5096,0.00040621537449998476,0.08774252089199672,1.0,0.1,287.8143126301865,983.0431281371524,1.0,0.0,0.0,0.0,2.0
5097,0.0001892638740695844,0.040880996799030234,1.0,0.1,287.8415202429933,982.8895796677344,1.0,0.0,0.0,0.0,2.0
5098,0.0001500769276981684,0.032416616382804374,1.0,0.1,288.00135658585185,982.7798330619643,1.0,0.0,0.0,0.0,2.0
5099,0.0004113845814993079,0.08885906960385051,1.0,0.1,288.2197325411752,982.3416215200139,1.0,0.0,0.0,0.0,2.0
5100,0.0002500548768503586,0.054011853399677456,1.0,0.1,288.12919831706387,981.8729939137709,1.0,0.0,0.0,0.0,2.0
5101,0.00022946013580519986,0.04956338933392317,1.0,0.1,288.9329900358207,980.8426518156632,1.0,0.0,0.0,0.0,2.0
5102,0.00026845853752014646,0.05798704410435163,1.0,0.1,291.2541239245561,978.2556663398346,1.0,0.0,0.0,0.0,2.0
5103,0.00017382740134479674,0.03754671869047609,1.0,0.1,296.07071164674,976.4578285565959,1.0,0.0,0.0,0.0,2.0
5104,0.0005658497723111924,0.12222355081921757,0.0,0.1,299.15199843925916,974.9294868890929,1.0,0.0,0.0,0.0,2.0
5105,0.00029918190930360174,0.06462329240957798,1.0,0.1,307.01321928299154,966.5725334083345,1.0,0.0,0.0,0.0,2.0
5106,0.0006728386090892902,0.1453331395632867,0.0,0.1,312.41808834709815,960.3540727925813,1.0,0.0,0.0,0.0,2.0
5107,0.00028717431015629714,0.06202965099376019,1.0,0.1,316.0696638703621,958.0234517806175,1.0,0.0,0.0,0.0,2.0
5108,0.000749607276031294,0.1619151716227595,0.0,0.1,317.56155434988824,952.677255242505,1.0,0.0,0.0,0.0,2.0
5109,0.0006033886899235406,0.13033195702348477,0.0,0.1,321.40827657778595,943.5742435201972,1.0,0.0,0.0,0.0,2.0
5110,0.0013724600908049983,0.29645137961387963,0.0,0.1,,,1.0,0.0,,,2.0
5111,0.0007287153040782212,0.15740250568089578,0.0,0.1,,,1.0,0.0,,,2.0
5112,0.000326558113259718,0.0705365524640991,1.0,0.1,,,1.0,0.0,,,2.0
5113,0.0003237799696125566,0.06993647343631222,1.0,0.1,,,1.0,0.0,,,2.0
5114,0.0005444121669636861,0.1175930280641562,0.0,0.1,,,1.0,0.0,,,2.0
5115,0.0006108592909926755,0.13194560685441792,0.0,0.1,,,1.0,0.0,,,2.0
5116,0.00036107300348109156,0.07799176875191578,1.0,0.1,,,1.0,0.0,,,2.0
5117,0.0006966117368342942,0.15046813515620755,0.0,0.1,,,1.0,0.0,,,2.0
5118,0.0009020508404682104,0.19484298154113344,0.0,0.1,,,1.0,0.0,,,2.0
5119,0.00037985303085076274,0.08204825466376475,1.0,0.1,,,1.0,0.0,,,2.0
5120,0.0003824582980452013,0.08261099237776348,1.0,0.1,,,1.0,0.0,,,2.0
5121,6.762580554322829e-05,0.014607173997337311,1.0,0.1,344.9132435715827,912.4485984121523,1.0,0.0,0.0,0.0,2.0
5122,0.0003299159304386409,0.07126184097474644,1.0,0.1,345.10698014364004,910.5914543745906,1.0,0.0,0.0,0.0,2.0
5123,0.0005360610490135631,0.11578918658692962,0.0,0.1,343.29201398507007,900.2042165502136,1.0,0.0,0.0,0.0,2.0
5124,0.000853705797056673,0.18440045216424136,0.0,0.1,343.61840928717004,888.5351687522614,1.0,0.0,0.0,0.0,2.0
5125,0.0010989024212613146,0.23736292299244394,0.0,0.1,342.31133142175406,875.9664664017009,1.0,0.0,0.0,0.0,2.0
5126,0.00012912028484385029,0.027889981526271663,1.0,0.1,344.8024471553381,862.9200218988907,1.0,0.0,0.0,0.0,2.0
5127,0.0006626650124487071,0.14313564268892073,0.0,0.1,345.10801226269285,856.7147305072627,1.0,0.0,0.0,0.0,2.0
5128,0.0020901093256332427,0.45146361433678045,0.0,0.1,347.3652264369137,842.5060056541681,1.0,0.0,0.0,0.0,2.0
5129,0.0017169937570628896,0.3708706515255842,0.0,0.1,350.37419615627886,832.6211632867771,1.0,0.0,0.0,0.0,2.0
5130,0.0005155061882128862,0.11134933665398343,0.0,0.1,347.953707183166,818.1020009414517,1.0,0.0,0.0,0.0,2.0
5131,,,,0.1,349.1685122671522,811.065480846191,1.0,0.0,0.0,0.0,2.0
5132,,,,0.1,351.80928432060165,798.9237835992577,,,0.0,0.0,2.0
5133,0.0009821060920304292,0.21213491587857272,0.0,0.1,354.60594026982596,790.4580114541565,1.0,0.0,0.0,0.0,2.0
5134,0.0022943855445582725,0.49558727762458693,0.0,0.1,,,1.0,0.0,,,2.0
5135,0.0015819023406513889,0.34169090558070003,0.0,0.1,,,1.0,0.0,,,2.0
5136,0.0030085986689480614,0.6498573124927812,0.0,0.1,,,1.0,0.0,,,2.0
5137,0.0012814185315091111,0.276786402805968,0.0,0.1,,,1.0,0.0,,,2.0
5138,0.0017331886811895005,0.37436875513693213,0.0,0.1,369.21618972981634,749.5773910574416,1.0,0.0,0.0,0.0,2.0
5139,0.0021870067351281845,0.47239345478768785,0.0,0.1,370.3405270018231,734.5826336045479,1.0,0.0,0.0,0.0,2.0
5140,0.0035136163469820366,0.7589411309481199,0.0,0.1,372.8941656723131,728.448136779775,1.0,0.0,0.0,0.0,2.0
5141,0.0032594736538572285,0.7040463092331614,0.0,0.1,380.7985068038878,715.5856327246493,1.0,0.0,0.0,0.0,2.0
5142,0.0025544772102056726,0.5517670774044253,0.0,0.1,387.18381036271734,703.0631061612527,1.0,0.0,0.0,0.0,2.0
5143,0.0009098619011482689,0.1965301706480261,0.0,0.1,388.67427008702714,693.1794680908764,1.0,0.0,0.0,0.0,2.0
5144,0.0016637237879312617,0.35936433819315255,0.0,0.1,387.1976483703826,687.8537487881051,1.0,0.0,0.0,0.0,2.0
5145,0.0017942346036104453,0.3875546743798562,0.0,0.1,384.678837003894,673.4886964174635,1.0,0.0,0.0,0.0,2.0
5146,0.0014270528954289663,0.30824342541265676,0.0,0.1,381.96564628249865,658.3333090055855,1.0,0.0,0.0,0.0,2.0
5147,0.0002550685839423162,0.055094814131540305,1.0,0.1,384.1672664087006,644.0358810912832,1.0,0.0,0.0,0.0,2.0
5148,0.0017107704355389035,0.36952641407640313,0.0,0.1,386.7062858071419,632.6044434752744,1.0,0.0,0.0,0.0,2.0
5149,0.0032733449014308025,0.7070424987090533,0.0,0.1,389.20403702622457,625.5690469374755,1.0,0.0,0.0,0.0,2.0
5150,0.0035746357724272346,0.7721213268442827,0.0,0.1,390.02455970193324,614.789423196907,1.0,0.0,0.0,0.0,2.0
5151,0.003836638775416497,0.8287139754899633,0.0,0.1,394.2993212179011,602.3224033687201,1.0,0.0,0.0,0.0,2.0
5152,0.0010627776201190796,0.2295599659457212,0.0,0.1,404.2967997232865,590.7336264647024,1.0,0.0,0.0,0.0,2.0
5153,0.0032581350595710114,0.7037571728673385,0.0,0.1,408.785488166849,585.6216668661465,1.0,0.0,0.0,0.0,2.0
5154,0.0031347372015630448,0.6771032355376178,0.0,0.1,421.13621658536005,574.8458734396121,1.0,0.0,0.0,0.0,2.0
5155,0.001960784247484011,0.42352939745654633,0.0,0.1,433.30001323950853,565.0262079805758,1.0,0.0,0.0,0.0,2.0
5156,0.0036491178156938656,0.7882094481898749,0.0,0.1,441.63018710761736,558.5904953878363,1.0,0.0,0.0,0.0,2.0
5157,0.002246374198199833,0.48521682681116396,0.0,0.1,453.39838750742024,547.1522594999517,1.0,0.0,0.0,0.0,2.0
5158,0.0030886436050261506,0.6671470186856485,0.0,0.1,461.4646423105617,541.2120472256294,1.0,0.0,0.0,0.0,2.0
5159,0.003350857091590859,0.7237851317836256,0.0,0.1,475.8691517348193,528.5133087108715,1.0,0.0,0.0,0.0,2.0
5160,0.00472069547969546,1.0196702236142194,0.0,0.1,484.83706507143546,520.4321758859236,1.0,0.0,0.0,0.0,2.0
5161,0.0016444682119110348,0.35520513377278357,0.0,0.1,492.5113202523412,512.9128172113303,1.0,0.0,0.0,0.0,2.0
5162,0.002392058255847116,0.5166845832629771,0.0,0.1,496.27576832371693,510.39019696290643,1.0,0.0,0.0,0.0,2.0
5163,0.0022692215035104344,0.4901518447582538,0.0,0.1,507.6012822790071,502.54318028088403,1.0,0.0,0.0,0.0,2.0
5164,0.003043479946174548,0.6573916683737023,0.0,0.1,515.4288795033121,498.4320496832199,1.0,0.0,0.0,0.0,2.0
5165,0.0020379508772466752,0.44019738948528186,0.0,0.1,524.244652178905,490.68217949035864,1.0,0.0,0.0,0.0,2.0
5166,0.0016199606815741148,0.3499115072200088,0.0,0.1,528.6463686148153,486.2502536346747,1.0,0.0,0.0,0.0,2.0
5167,0.0020432739799640318,0.44134717967223086,0.0,0.1,529.2361121227192,483.50555673445194,1.0,0.0,0.0,0.0,2.0
5168,0.0008723629095948756,0.18843038847249313,0.0,0.1,530.5813467566135,475.4682961312907,1.0,0.0,0.0,0.0,2.0
5169,0.001925014661584998,0.4158031669023596,0.0,0.1,534.1921889425537,465.8358041506277,1.0,0.0,0.0,0.0,2.0
5170,0.0019896153340969265,0.4297569121649361,0.0,0.1,538.7674681054373,461.33320952502095,1.0,0.0,0.0,0.0,2.0
5171,0.003186943086819287,0.688379706752966,0.0,0.1,541.5525246862761,457.6763945277155,1.0,0.0,0.0,0.0,2.0
5172,0.002716084184330438,0.5866741838153746,0.0,0.1,548.448460871359,448.730858930359,1.0,0.0,0.0,0.0,2.0
5173,0.004720276554983798,1.0195797358765004,0.0,0.1,558.4650675986704,438.7331597582286,1.0,0.0,0.0,0.0,2.0
5174,0.003557054863008551,0.7683238504098471,0.0,0.1,572.4020878588418,425.7185718328731,1.0,0.0,0.0,0.0,2.0
5175,0.0010702559900398188,0.23117529384860083,0.0,0.1,584.8492936689757,415.1419057660706,1.0,0.0,0.0,0.0,2.0
5176,0.004145232514261012,0.8953702230803785,0.0,0.1,590.9657566913359,409.7712284931878,1.0,0.0,0.0,0.0,2.0
5177,0.0033836594559724965,0.7308704424900593,0.0,0.1,601.069271474071,402.3750710676588,1.0,0.0,0.0,0.0,2.0
5178,0.0037683192404322535,0.8139569559333667,0.0,0.1,612.4486619377392,393.14108110606605,1.0,0.0,0.0,0.0,2.0
5179,0.002012107273343853,0.43461517104227226,0.0,0.1,621.298326821191,385.5741820860543,1.0,0.0,0.0,0.0,2.0
5180,0.0016450519921977654,0.3553312303147173,0.0,0.1,632.3474567131987,377.20196769497096,1.0,0.0,0.0,0.0,2.0
5181,0.002908869932668315,0.6283159054563561,0.0,0.1,636.678988450538,373.9890896931512,1.0,0.0,0.0,0.0,2.0
5182,0.0027939434042716376,0.6034917753226737,0.0,0.1,644.2611314841531,367.72544581329157,1.0,0.0,0.0,0.0,2.0
5183,0.002840877696481435,0.61362958243999,0.0,0.1,649.9586065021934,363.4348822517467,1.0,0.0,0.0,0.0,2.0
5184,0.0018877980249357212,0.4077643733861158,0.0,0.1,662.7164265698552,355.3943301752014,1.0,0.0,0.0,0.0,2.0
5185,0.003525966399680609,0.7616087423310116,0.0,0.1,669.7903305758886,353.8000334272747,1.0,0.0,0.0,0.0,2.0
5186,0.0025219030835038174,0.5447310660368245,0.0,0.1,682.514103838167,347.9941774071333,0.0,1.0,0.0,0.0,2.0
5187,0.004005863970191182,0.8652666175612953,0.0,0.1,692.7944138712126,341.039443978854,0.0,1.0,0.0,0.0,2.0
5188,0.002250738225810153,0.4861594567749931,0.0,0.1,700.6522523818753,337.6876881698861,0.0,1.0,0.0,0.0,2.0
5189,0.0026646432106477293,0.5755629334999095,0.0,0.1,704.598114450823,336.46115674954206,0.0,1.0,0.0,0.0,2.0
5190,0.0023753031371075047,0.513065477615221,0.0,0.1,710.3702362735852,333.4499415015583,0.0,1.0,0.0,0.0,2.0
5191,0.002502089231879922,0.5404512740860631,0.0,0.1,720.5374497576635,330.57527647160583,0.0,1.0,0.0,0.0,2.0
5192,0.0030672980924271215,0.6625363879642582,0.0,0.1,732.6321924311561,327.90982406133054,0.0,1.0,0.0,0.0,2.0
5193,0.00199200847361384,0.43027383030058947,0.0,0.1,740.2475422134453,324.7506860572957,0.0,1.0,0.0,0.0,2.0
5194,0.0029396317658466195,0.6349604614228698,0.0,0.1,742.7793154574969,322.18191588789,0.0,1.0,0.0,0.0,2.0
5195,0.002487804790898607,0.5373658348340992,0.0,0.1,748.146108856341,315.71715771490983,0.0,1.0,0.0,0.0,2.0
5196,0.003057120169043108,0.6603379565133113,0.0,0.1,755.6361002667309,310.07818941561743,0.0,1.0,0.0,0.0,2.0
5197,0.0016416039985051858,0.35458646367712016,0.0,0.1,762.4863743701507,306.29960445687107,0.0,1.0,0.0,0.0,2.0
5198,0.0035260124673270263,0.7616186929426377,0.0,0.1,766.7917327442016,304.29147816211076,0.0,1.0,0.0,0.0,2.0
5199,0.0030363985830353375,0.6558620939356329,0.0,0.1,775.351072467129,299.9864896558032,0.0,1.0,0.0,0.0,2.0
5200,0.003654352644416104,0.7893401711938784,0.0,0.1,787.0290550566954,294.70224744618594,0.0,1.0,0.0,0.0,2.0
5201,0.004044239091470484,0.8735556437576245,0.0,0.1,802.80201592034,289.5821584037319,0.0,1.0,0.0,0.0,2.0
5202,0.0016374417738495013,0.35368742315149226,0.0,0.1,819.5024246386482,286.6914299709617,0.0,1.0,0.0,0.0,2.0
5203,0.004487263329443052,0.9692488791596993,0.0,0.1,825.8739572255538,285.5935723500326,0.0,1.0,0.0,0.0,2.0
5204,0.0032191027700909144,0.6953261983396375,0.0,0.1,837.9941617021334,286.2725523424968,0.0,1.0,0.0,0.0,2.0
5205,0.004169691207409707,0.9006533008004968,0.0,0.1,851.2130847048846,285.64726653881803,0.0,1.0,0.0,0.0,2.0
5206,0.0005192570011060973,0.11215951223891701,0.0,0.1,868.4306975901127,284.45492306139596,0.0,1.0,0.0,0.0,2.0
5207,0.006840344478159745,1.477514407282505,0.0,0.1,877.5476650752187,282.8734735144641,0.0,1.0,0.0,0.0,2.0
5208,0.0054035434832627694,1.1671653923847582,0.0,0.1,895.3065353489965,282.3906521630305,0.0,1.0,0.0,0.0,2.0
5209,0.003856810585695291,0.8330710865101828,0.0,0.1,913.773221978145,283.1401090410698,0.0,1.0,0.0,0.0,2.0
5210,0.004080522945996708,0.8813929563352889,0.0,0.1,927.5407985380755,283.51460257932314,0.0,1.0,0.0,0.0,2.0
5211,0.003286160415419591,0.7098106497306317,0.0,0.1,939.1934007298295,285.5672700070133,0.0,1.0,0.0,0.0,2.0
5212,0.0036593064573412397,0.7904101947857077,0.0,0.1,948.2211587678825,289.8481980847791,0.0,1.0,0.0,0.0,2.0
5213,0.0038158800042836353,0.8242300809252652,0.0,0.1,964.3938690706474,300.0677991117195,0.0,1.0,0.0,0.0,2.0
5214,0.0036653275533867894,0.7917107515315465,0.0,0.1,977.8047528167715,304.6867567982535,0.0,1.0,0.0,0.0,2.0
5215,0.0020659580474150538,0.4462469382416516,0.0,0.1,985.4604616290316,311.3184722118092,0.0,1.0,0.0,0.0,2.0
5216,0.002237588494041717,0.48331911471301087,0.0,0.1,986.7758078081087,310.93452636531464,0.0,1.0,0.0,0.0,2.0
5217,0.002382030047743047,0.5145184903124982,0.0,0.1,988.0831897528183,305.45064351744577,0.0,1.0,0.0,0.0,2.0
5218,0.0017804973297315758,0.3845874232220204,0.0,0.1,991.7298829821582,301.5234740087423,0.0,1.0,0.0,0.0,2.0
5219,0.002205719332273067,0.47643537577098255,0.0,0.1,996.0627967267852,297.36702181212644,0.0,1.0,0.0,0.0,2.0
5220,0.000932180458106441,0.20135097895099127,0.0,0.1,1000.8694627853578,295.24148317468035,0.0,1.0,0.0,0.0,2.0
5221,0.0019494991228765658,0.4210918105413382,0.0,0.1,1003.3099569983743,295.7963150576141,0.0,1.0,0.0,0.0,2.0
5222,0.0020167272873561014,0.43561309406891796,0.0,0.1,1011.3591519397789,296.8312357588157,0.0,1.0,0.0,0.0,2.0
5223,0.0031035193425058482,0.6703601779812632,0.0,0.1,1021.0197509496126,296.09609602062295,0.0,1.0,0.0,0.0,2.0
5224,0.0027266450923628042,0.5889553399503658,0.0,0.1,1032.316205869118,296.7724143104339,0.0,1.0,0.0,0.0,2.0
5225,0.0014592028676426879,0.31518781941082064,0.0,0.1,1041.1779467005092,297.0809729372502,0.0,1.0,0.0,0.0,2.0
5226,0.003551283171396912,0.767077165021733,0.0,0.1,1044.1165742198602,297.84564245351044,0.0,1.0,0.0,0.0,2.0
5227,0.0029893979986482934,0.6457099677080314,0.0,0.1,1051.480800372788,297.36422475528116,0.0,1.0,0.0,0.0,2.0
5228,0.002679091043689515,0.5786836654369353,0.0,0.1,1064.0773730353224,298.6636509959861,0.0,1.0,0.0,0.0,2.0
5229,0.0017080877101291483,0.3689469453878961,0.0,0.1,1075.124643293689,304.6888625988829,0.0,1.0,0.0,0.0,2.0
5230,0.003185324346785926,0.6880300589057601,0.0,0.1,1079.409015634063,307.2459845993589,0.0,1.0,0.0,0.0,2.0
5231,0.0030868226151294217,0.666753684867955,0.0,0.1,1089.1255120250894,315.26525577294046,0.0,1.0,0.0,0.0,2.0
5232,0.0020463048684914776,0.44200185159415917,0.0,0.1,1094.5132431191064,318.4788681503601,0.0,1.0,0.0,0.0,2.0
5233,0.0011030175881391166,0.23825179903804922,0.0,0.1,1097.8715394404562,323.8157093031821,0.0,1.0,0.0,0.0,2.0
5234,0.002164062604726882,0.4674375226210065,0.0,0.1,1099.8776605796143,327.0276323318416,0.0,1.0,0.0,0.0,2.0
5235,0.0018707588961967424,0.4040839215784964,0.0,0.1,1108.523730637368,336.105736175389,0.0,1.0,0.0,0.0,2.0
5236,0.0004487604076649543,0.09693224805563012,1.0,0.1,1107.6031363057411,336.0704601170384,0.0,1.0,0.0,0.0,2.0
5237,0.0009104921030373724,0.19666629425607243,0.0,0.1,1105.96092495193,333.3798689428562,0.0,1.0,0.0,0.0,2.0
5238,0.0002974094202395108,0.06424043477173433,1.0,0.1,1105.4388188308278,332.6374257214698,0.0,1.0,0.0,0.0,2.0
5239,0.0004075391862005433,0.08802846421931737,1.0,0.1,1104.5683924676111,328.9115990223724,0.0,1.0,0.0,0.0,2.0
5240,0.0009350788282116481,0.20197702689371602,0.0,0.1,1106.7312743239218,333.50867642976124,0.0,1.0,0.0,0.0,2.0
5241,0.0011298492719610395,0.24404744274358453,0.0,0.1,1102.0259846215733,326.84882748506817,0.0,1.0,0.0,0.0,2.0
5242,0.0012036542672945957,0.2599893217356327,0.0,0.1,1094.2087322751293,317.9716458499002,0.0,1.0,0.0,0.0,2.0
5243,0.00061454817450057,0.13274240569212314,0.0,0.1,1088.8397394306335,312.29148257818673,0.0,1.0,0.0,0.0,2.0
5244,0.0005235338458721013,0.11308331070837388,0.0,0.1,1087.719575098146,311.50736601642,0.0,1.0,0.0,0.0,2.0
5245,0.0003697510446317738,0.07986622564046314,1.0,0.1,1087.0529072845472,310.0562479523658,0.0,1.0,0.0,0.0,2.0
5246,0.0005609063872812815,0.1211557796527568,0.0,0.1,1087.6076648753367,309.16440805368103,0.0,1.0,0.0,0.0,2.0
5247,0.00011566239905108787,0.02498307819503498,1.0,0.1,1088.4582234513532,309.65026324349765,0.0,1.0,0.0,0.0,2.0
5248,0.0003668294084573314,0.07923515222678358,1.0,0.1,1088.4961609081452,309.26643316443096,0.0,1.0,0.0,0.0,2.0
5249,0.0001287357700789003,0.027806926337042466,1.0,0.1,1087.220228239045,308.82214603755926,0.0,1.0,0.0,0.0,2.0
5250,0.00034581391224438983,0.0746958050447882,1.0,0.1,1086.2124028778649,309.71161015378266,0.0,1.0,0.0,0.0,2.0
5251,0.0005033726275307779,0.10872848754664803,0.0,0.1,1090.228880489292,312.9022599495385,0.0,1.0,0.0,0.0,2.0
5252,0.00011257826128492572,0.024316904437543956,1.0,0.1,1090.5234305237077,314.7142913550303,0.0,1.0,0.0,0.0,2.0
5253,0.000609988438158902,0.13175750264232283,0.0,0.1,1091.9459594991001,316.92516504854467,0.0,1.0,0.0,0.0,2.0
5254,0.00028415286964083094,0.061377019842419486,1.0,0.1,,,0.0,1.0,,,2.0
5255,0.00047857000175813324,0.10337112037975679,0.0,0.1,,,0.0,1.0,,,2.0
5256,0.00028941694359891067,0.06251405981736471,1.0,0.1,,,0.0,1.0,,,2.0
5257,0.00020466165336789592,0.04420691712746552,1.0,0.1,,,0.0,1.0,,,2.0
5258,0.000194117179078199,0.04192931068089098,1.0,0.1,,,0.0,1.0,,,2.0
5259,0.000273233096045216,0.059018348745766655,1.0,0.1,,,0.0,1.0,,,2.0
5260,0.00016905259759424969,0.03651536108035794,1.0,0.1,,,0.0,1.0,,,2.0
5261,0.00016857449974226466,0.036412091944329164,1.0,0.1,,,0.0,1.0,,,2.0
5262,0.00016505580088340603,0.035652052990815704,1.0,0.1,,,0.0,1.0,,,2.0
5263,0.00016351886457318773,0.03532007474780855,1.0,0.1,,,0.0,1.0,,,2.0
5264,0.0004088788042268179,0.08831782171299267,1.0,0.1,,,0.0,1.0,,,2.0
5265,0.0001268796191302117,0.027405997732125726,1.0,0.1,,,0.0,1.0,,,2.0
5266,0.00029193434041157283,0.06305781752889973,1.0,0.1,,,0.0,1.0,,,2.0
5267,0.0001726545497776902,0.03729338275198108,1.0,0.1,,,0.0,1.0,,,2.0
5268,9.883856407627011e-05,0.021349129840474348,1.0,0.1,,,0.0,1.0,,,2.0
5269,0.00015685762656801402,0.03388124733869103,1.0,0.1,,,0.0,1.0,,,2.0
5270,0.00037604762703292863,0.08122628743911259,1.0,0.1,,,0.0,1.0,,,2.0
5271,0.00029147530464871405,0.06295866580412224,1.0,0.1,,,0.0,1.0,,,2.0
5272,0.00020553688285099487,0.044395966695814894,1.0,0.1,,,0.0,1.0,,,2.0
5273,0.00014580926520954803,0.03149480128526237,1.0,0.1,,,0.0,1.0,,,2.0
5274,5.674468547296792e-05,0.012256852062161072,1.0,0.1,,,0.0,1.0,,,2.0
5275,0.00040227276599335215,0.08689091745456407,1.0,0.1,,,0.0,1.0,,,2.0
5276,0.0003199268067433832,0.06910419025657077,1.0,0.1,,,0.0,1.0,,,2.0
5277,0.0001649391463142156,0.03562685560387057,1.0,0.1,,,0.0,1.0,,,2.0
5278,0.00011093028937449667,0.02396094250489128,1.0,0.1,,,0.0,1.0,,,2.0
5279,0.0004788610848541284,0.10343399432849174,0.0,0.1,,,0.0,1.0,,,2.0
5280,0.0004161312057633888,0.08988434044489198,1.0,0.1,,,0.0,1.0,,,2.0
5281,0.00019189234870207637,0.041448747319648496,1.0,0.1,,,0.0,1.0,,,2.0
5282,0.000716645711832041,0.15479547375572086,0.0,0.1,,,0.0,1.0,,,2.0
5283,0.0005549801038828929,0.11987570243870486,0.0,0.1,,,0.0,1.0,,,2.0
5284,0.0015331170194920274,0.33115327621027796,0.0,0.1,1126.7116516625604,325.7378656304188,0.0,1.0,0.0,0.0,2.0
5285,0.0011371070274583271,0.2456151179309987,0.0,0.1,1132.1862414494815,327.8088388764309,0.0,1.0,0.0,0.0,2.0
5286,0.0017795679722894364,0.38438668201451826,0.0,0.1,1135.5365914376093,327.79815832138513,0.0,1.0,0.0,0.0,2.0
5287,0.0027595798722510104,0.5960692524062182,0.0,0.1,1136.9998909298904,325.3355568624175,0.0,1.0,0.0,0.0,2.0
5288,0.001255657497724276,0.2712220195084436,0.0,0.1,1140.5798514396972,326.1422886998725,0.0,1.0,0.0,0.0,2.0
5289,0.002645071501835869,0.5713354443965477,0.0,0.1,1142.0515176972528,326.39660197154495,0.0,1.0,0.0,0.0,2.0
5290,0.0020703522790881885,0.44719609228304874,0.0,0.1,1144.5879671418588,326.60851118463836,0.0,1.0,0.0,0.0,2.0
5291,0.000778106459829627,0.16807099532319947,0.0,0.1,1143.0359966036601,322.9791969875297,0.0,1.0,0.0,0.0,2.0
5292,0.0009322814066519143,0.2013727838368135,0.0,0.1,1144.2135451556408,322.3965030393754,0.0,1.0,0.0,0.0,2.0
5293,0.0007008881983232353,0.15139185083781884,0.0,0.1,1144.0689821110127,319.9529451798429,0.0,1.0,0.0,0.0,2.0
5294,0.0005001703541076965,0.10803679648726244,0.0,0.1,1149.1132975949622,323.66873083822634,0.0,1.0,0.0,0.0,2.0
5295,0.0009625911542849528,0.2079196893255498,0.0,0.1,1155.1149642791763,328.0866567234161,0.0,1.0,0.0,0.0,2.0
5296,0.0007765415699571681,0.1677329791107483,0.0,0.1,1155.8416888691113,326.87183192798585,0.0,1.0,0.0,0.0,2.0
5297,0.0006577341544389466,0.14207057735881248,0.0,0.1,1156.5355170489,327.6093282322726,0.0,1.0,0.0,0.0,2.0
5298,0.0014669623206072606,0.3168638612511683,0.0,0.1,1159.491046092651,328.34137934765516,0.0,1.0,0.0,0.0,2.0
5299,0.0007931306534864272,0.17131622115306827,0.0,0.1,1163.3517341445915,330.2600359618511,0.0,1.0,0.0,0.0,2.0
5300,0.001427690156983343,0.3083810739084021,0.0,0.1,1168.459970068987,335.78230343543476,0.0,1.0,0.0,0.0,2.0
5301,0.00019719757651059366,0.04259467652628823,1.0,0.1,1172.142077940221,339.23999288478586,0.0,1.0,0.0,0.0,2.0
5302,0.0007515266147291728,0.16232974878150133,0.0,0.1,1174.654705064459,339.96496889850835,0.0,1.0,0.0,0.0,2.0
5303,0.0008406979773834,0.1815907631148144,0.0,0.1,1172.3988669767855,337.74327994530074,0.0,1.0,0.0,0.0,2.0
5304,0.0009441159701839689,0.20392904955973729,0.0,0.1,,,0.0,1.0,,,2.0
5305,0.0006308194867376011,0.13625700913532185,0.0,0.1,,,0.0,1.0,,,2.0
5306,0.0013399109957896106,0.2894207750905559,0.0,0.1,,,0.0,1.0,,,2.0
5307,0.0013056608213602734,0.28202273741381906,0.0,0.1,,,0.0,1.0,,,2.0
5308,0.0016757209783414913,0.3619557313217621,0.0,0.1,1153.9757602812751,322.0726391837586,0.0,1.0,0.0,0.0,2.0
5309,0.0013225063778197206,0.28566137760905963,0.0,0.1,1143.5256004032653,310.1979345584105,0.0,1.0,0.0,0.0,2.0
5310,0.0014424689555288753,0.3115732943942371,0.0,0.1,1131.5411487942986,295.0064387718453,0.0,1.0,0.0,0.0,2.0
5311,0.0011646562106232832,0.2515657414946292,0.0,0.1,1123.5067289785163,285.6279277428711,0.0,1.0,0.0,0.0,2.0
5312,0.0017788119880660978,0.38422338942227713,0.0,0.1,1106.171761900047,265.0807001302362,0.0,1.0,0.0,0.0,2.0
5313,0.0012620319900099495,0.27259890984214913,0.0,0.1,1087.463326327362,242.9888193082701,0.0,1.0,0.0,0.0,2.0
5314,7.51702708145748e-05,0.016236778495948158,1.0,0.1,1064.4905970595735,216.93281227923103,0.0,1.0,0.0,0.0,2.0
5315,0.0002025523233437489,0.04375130184224976,1.0,0.1,1056.0882323601181,207.1185924164039,0.0,1.0,0.0,0.0,2.0
5316,,,,0.1,1030.1270027809132,181.13741507583217,0.0,1.0,0.0,0.0,2.0
5317,,,,0.1,1004.7833854823934,157.62083558659887,,,0.0,0.0,2.0
5318,0.0012362996572973155,0.26704072597622014,0.0,0.1,977.1176860153611,136.35896372468082,0.0,1.0,0.0,0.0,2.0
5319,0.0014010676031487195,0.3026306022801234,0.0,0.1,954.2945752834006,125.93503879054587,0.0,1.0,0.0,0.0,2.0
5320,0.0015522360625429233,0.33528298950927143,0.0,0.1,947.2496311787293,124.15650844428556,0.0,1.0,0.0,0.0,2.0
5321,0.0016829291640859058,0.36351269944255565,0.0,0.1,933.7851509467033,121.04382575486704,0.0,1.0,0.0,0.0,2.0
5322,0.0018544352590465051,0.4005580159540451,0.0,0.1,,,0.0,1.0,,,2.0
5323,0.0005953427484117924,0.12859403365694716,0.0,0.1,,,0.0,1.0,,,2.0
5324,0.0010984311426167706,0.23726112680522246,0.0,0.1,,,0.0,1.0,,,2.0
5325,0.0008021275740976943,0.17325955600510198,0.0,0.1,,,0.0,1.0,,,2.0
5326,0.00015809479930960826,0.034148476650875385,1.0,0.1,,,0.0,1.0,,,2.0
5327,0.0011040095368642525,0.23846605996267853,0.0,0.1,,,0.0,1.0,,,2.0
5328,0.00041101789209284985,0.08877986469205557,1.0,0.1,,,0.0,1.0,,,2.0
5329,0.0009499728124154301,0.20519412748173288,0.0,0.1,,,0.0,1.0,,,2.0
5330,0.0010147399166895725,0.21918382200494768,0.0,0.1,,,0.0,1.0,,,2.0
5331,0.0005325891967994271,0.11503926650867626,0.0,0.1,,,0.0,1.0,,,2.0
5332,0.0003969146842345112,0.08573357179465442,1.0,0.1,,,0.0,1.0,,,2.0
5333,0.00024015701793656864,0.05187391587429883,1.0,0.1,,,0.0,1.0,,,2.0
5334,0.00038252968279741436,0.0826264114842415,1.0,0.1,,,0.0,1.0,,,2.0
5335,0.0003843648022209143,0.0830227972797175,1.0,0.1,,,0.0,1.0,,,2.0
5336,0.00023699752933153013,0.05119146633561051,1.0,0.1,,,0.0,1.0,,,2.0
5337,0.00036223704435618226,0.07824320158093537,1.0,0.1,,,0.0,1.0,,,2.0
5338,0.0003311779999746868,0.07153444799453236,1.0,0.1,,,0.0,1.0,,,2.0
5339,0.0003947420962649904,0.08526429279323793,1.0,0.1,,,0.0,1.0,,,2.0
5340,0.00012775399518059172,0.027594862959007812,1.0,0.1,,,0.0,1.0,,,2.0
5341,0.00023210850255665145,0.05013543655223671,1.0,0.1,,,0.0,1.0,,,2.0
5342,0.0004251002059120423,0.09182164447700114,1.0,0.1,,,0.0,1.0,,,2.0
5343,0.0005216950256648158,0.11268612554360022,0.0,0.1,,,0.0,1.0,,,2.0
5344,0.0006634217936333738,0.14329910742480875,0.0,0.1,,,0.0,1.0,,,2.0
5345,,,,0.1,,,0.0,1.0,,,2.0
5346,,,,0.1,,,,,,,2.0
5347,,,,0.1,,,,,,,2.0
5348,,,,0.1,,,,,,,2.0
5349,0.0003418768198820927,0.07384539309453203,1.0,0.1,,,0.0,1.0,,,2.0
5350,0.0003546047293373621,0.07659462153687022,1.0,0.1,,,0.0,1.0,,,2.0
5351,0.0004591662791776489,0.09917991630237216,1.0,0.1,,,0.0,1.0,,,2.0
5352,0.000777080534772243,0.16784939551080447,0.0,0.1,,,0.0,1.0,,,2.0
5353,0.00024731547460974236,0.05342014251570435,1.0,0.1,,,0.0,1.0,,,2.0
5354,0.000849027970194924,0.1833900415621036,0.0,0.1,,,0.0,1.0,,,2.0
5355,0.00017299135914660574,0.03736613357566684,1.0,0.1,,,0.0,1.0,,,2.0
5356,0.00019694735214885136,0.042540628064151896,1.0,0.1,,,0.0,1.0,,,2.0
5357,0.0003967327071326872,0.08569426474066044,1.0,0.1,,,0.0,1.0,,,2.0
5358,0.00024575011815597197,0.053082025521689946,1.0,0.1,,,0.0,1.0,,,2.0
5359,0.00011815649928625405,0.025521803845830877,1.0,0.1,,,0.0,1.0,,,2.0
5360,5.6418319275110325e-05,0.012186356963423831,1.0,0.1,,,0.0,1.0,,,2.0
5361,0.00021271689524281526,0.0459468493724481,1.0,0.1,,,0.0,1.0,,,2.0
5362,0.00010788116735050923,0.023302332147709992,1.0,0.1,,,0.0,1.0,,,2.0
5363,0.0005442854864752734,0.11756566507865905,0.0,0.1,,,0.0,1.0,,,2.0
5364,6.12688931419573e-05,0.013234080918662777,1.0,0.1,,,0.0,1.0,,,2.0
5365,0.00032768670998488544,0.07078032935673526,1.0,0.1,,,0.0,1.0,,,2.0
5366,0.00019129440644921104,0.04131959179302959,1.0,0.1,,,0.0,1.0,,,2.0
5367,0.00014491809676799814,0.0313023089018876,1.0,0.1,,,0.0,1.0,,,2.0
5368,0.00031482965352491694,0.06800320516138206,1.0,0.1,,,0.0,1.0,,,2.0
5369,0.00028570134199941747,0.06171148987187417,1.0,0.1,878.8690967883113,98.18710429912325,0.0,1.0,0.0,0.0,2.0
5370,0.000575796370047063,0.12437201593016563,0.0,0.1,877.8158127392861,96.8270280193283,0.0,1.0,0.0,0.0,2.0
5371,0.0007308969936969031,0.15787375063853107,0.0,0.1,876.1201910998926,96.46249098379663,0.0,1.0,0.0,0.0,2.0
5372,0.00011954007338668006,0.025820655851522895,1.0,0.1,876.6563864036754,96.3472769309294,0.0,1.0,0.0,0.0,2.0
5373,0.00014401685222730152,0.031107640081097128,1.0,0.1,884.8797909788364,96.99023661332309,0.0,1.0,0.0,0.0,2.0
5374,0.0008174614710604655,0.17657167774906055,0.0,0.1,890.8745419123218,97.01066835449959,0.0,1.0,0.0,0.0,2.0
5375,0.0005494681343450676,0.11868511701853461,0.0,0.1,893.3699997458953,96.65526978250156,0.0,1.0,0.0,0.0,2.0
5376,0.000358901536375412,0.077522731857089,1.0,0.1,894.3361076953806,96.80622491299938,0.0,1.0,0.0,0.0,2.0
5377,0.0005855432143794459,0.12647733430596034,0.0,0.1,895.0750814890517,96.30859532957264,0.0,1.0,0.0,0.0,2.0
5378,0.00031565479608855435,0.06818143595512774,1.0,0.1,894.2620062551771,94.59957166017595,0.0,1.0,0.0,0.0,2.0
5379,0.0001424443176007435,0.030767972601760597,1.0,0.1,891.1642676471115,93.94626464135719,0.0,1.0,0.0,0.0,2.0
5380,0.00022865021547160492,0.049388446541866665,1.0,0.1,889.7359474252263,92.53850767205599,0.0,1.0,0.0,0.0,2.0
5381,0.00036037018360478057,0.07783995965863261,1.0,0.1,889.1062673598815,91.03719433367755,0.0,1.0,0.0,0.0,2.0
5382,0.00019853739708213555,0.04288407776974128,1.0,0.1,891.6525505902972,94.54784381427633,0.0,1.0,0.0,0.0,2.0
5383,0.0003203109273952472,0.0691871603173734,1.0,0.1,894.6949394562744,94.28712853619673,0.0,1.0,0.0,0.0,2.0
5384,0.0001944231291785195,0.04199539590256021,1.0,0.1,895.7852172766704,95.4483726457719,0.0,1.0,0.0,0.0,2.0
5385,0.00030647936473272267,0.0661995427822681,1.0,0.1,896.9496844828554,96.32765283074893,0.0,1.0,0.0,0.0,2.0
5386,0.0004292027924868211,0.09270780317715337,1.0,0.1,897.6375451424643,92.60034406390288,0.0,1.0,0.0,0.0,2.0
5387,0.00023943719317172035,0.0517184337250916,1.0,0.1,897.0331049086561,90.33737379591867,0.0,1.0,0.0,0.0,2.0
5388,0.00027762217682018343,0.05996639019315962,1.0,0.1,900.9980153301568,87.96947127473396,0.0,1.0,0.0,0.0,2.0
5389,0.0005986579186554007,0.12931011042956655,0.0,0.1,906.7749017951809,85.38486874447173,0.0,1.0,0.0,0.0,2.0
5390,0.00024090011733361502,0.052034425344060845,1.0,0.1,908.789819950335,81.62176400589715,0.0,1.0,0.0,0.0,2.0
5391,0.0006428663247052008,0.1388591261363234,0.0,0.1,910.450714432084,79.25655908998867,0.0,1.0,0.0,0.0,2.0
5392,0.00035082450887497304,0.07577809391699418,1.0,0.1,911.6071898688282,78.92266569504275,0.0,1.0,0.0,0.0,2.0
5393,0.0008985667888589009,0.19409042639352259,0.0,0.1,912.4816193208002,74.80318591620204,0.0,1.0,0.0,0.0,2.0
5394,0.000920646430637855,0.19885962901777668,0.0,0.1,910.8589494491226,70.20675921157928,0.0,1.0,0.0,0.0,2.0
5395,0.00031314753841268174,0.06763986829713926,1.0,0.1,909.2036007335535,64.90548049654734,0.0,1.0,0.0,1.0,2.0
5396,0.0008744678094680277,0.188885046845094,0.0,0.1,908.6131782618291,63.05688665273192,0.0,1.0,0.0,1.0,2.0
5397,0.000880793626630627,0.19025142335221543,0.0,0.1,909.2316128877605,60.596996748654014,0.0,1.0,0.0,1.0,2.0
5398,0.0006064211803297499,0.130986974951226,0.0,0.1,910.7929293558708,64.02264322110543,0.0,1.0,0.0,1.0,2.0
5399,0.001117613550701461,0.24140452695151557,0.0,0.1,915.1737919177323,72.23006926720016,0.0,1.0,0.0,0.0,2.0
5400,0.00021623294252907468,0.046706315586280134,1.0,0.1,917.9105504954726,76.9159343348345,0.0,1.0,0.0,0.0,2.0
5401,0.00110648973437711,0.23900178262545574,0.0,0.1,921.1857182892493,80.9642477724691,0.0,1.0,0.0,0.0,2.0
5402,0.0004537190059512561,0.09800330528547131,1.0,0.1,925.112536312465,87.043644754533,0.0,1.0,0.0,0.0,2.0
5403,0.0004178165248786515,0.09024836937378873,1.0,0.1,920.7739750231644,83.73991055884743,0.0,1.0,0.0,0.0,2.0
5404,0.00027538679003955707,0.05948354664854433,1.0,0.1,922.6675606840968,83.88655815848543,0.0,1.0,0.0,0.0,2.0
5405,0.0007702138249161097,0.16636618618187968,0.0,0.1,921.923172063631,83.87397514605787,0.0,1.0,0.0,0.0,2.0
5406,0.0006816638156434417,0.14723938417898338,0.0,0.1,918.5170895937708,83.01776445677734,0.0,1.0,0.0,0.0,2.0
5407,0.00048802313789141495,0.10541299778454563,0.0,0.1,911.4989571301712,82.70470615575375,0.0,1.0,0.0,0.0,2.0
5408,0.0002442046900492757,0.05274821305064355,1.0,0.1,905.9453245675768,89.74654205791423,0.0,1.0,0.0,0.0,2.0
5409,0.0004508314940254404,0.09737960270949512,1.0,0.1,898.2159101939469,97.02677857804807,0.0,1.0,0.0,0.0,2.0
5410,,,,0.1,893.4112366900318,100.49449276221132,0.0,1.0,0.0,0.0,2.0
5411,,,,0.1,890.5555008684167,109.7888488103076,,,0.0,0.0,2.0
5412,,,,0.1,,,,,,,2.0
5413,,,,0.1,,,,,,,2.0
5414,,,,0.1,,,,,,,2.0
5415,0.0002611162320374425,0.056401106120087585,1.0,0.1,,,0.0,1.0,,,2.0
5416,0.0005302045609490495,0.11452418516499471,0.0,0.1,,,0.0,1.0,,,2.0
5417,0.0007405675598411096,0.15996259292567966,0.0,0.1,,,0.0,1.0,,,2.0
5418,0.000584193583193395,0.12618581396977332,0.0,0.1,,,0.0,1.0,,,2.0
5419,0.0010222474959663327,0.22080545912872787,0.0,0.1,,,0.0,1.0,,,2.0
5420,0.0015346540824200082,0.3314852818027218,0.0,0.1,,,0.0,1.0,,,2.0
5421,0.0001258226638190963,0.027177695384924802,1.0,0.1,,,0.0,1.0,,,2.0
5422,0.00019864051569420786,0.0429063513899489,1.0,0.1,,,0.0,1.0,,,2.0
5423,0.0008319645211205607,0.1797043365620411,0.0,0.1,,,0.0,1.0,,,2.0
5424,0.0009770959167230515,0.21105271801217912,0.0,0.1,,,0.0,1.0,,,2.0
5425,0.0005596755198898115,0.12088991229619929,0.0,0.1,,,0.0,1.0,,,2.0
5426,0.00027895653419614263,0.06025461138636681,1.0,0.1,,,0.0,1.0,,,2.0
5427,0.000378550436754366,0.08176689433894305,1.0,0.1,,,0.0,1.0,,,2.0
5428,0.0006185544581762743,0.13360776296607524,0.0,0.1,,,0.0,1.0,,,2.0
5429,0.0005817054879958294,0.12564838540709913,0.0,0.1,,,0.0,1.0,,,2.0
5430,0.0010841457419365108,0.23417548025828636,0.0,0.1,,,0.0,1.0,,,2.0
5431,0.0002065571958463735,0.04461635430281668,1.0,0.1,,,0.0,1.0,,,2.0
5432,0.0003286933801660533,0.07099777011586751,1.0,0.1,,,0.0,1.0,,,2.0
5433,0.0007533857030792931,0.16273131186512732,0.0,0.1,,,0.0,1.0,,,2.0
5434,0.0015966209195853634,0.3448701186304385,0.0,0.1,,,0.0,1.0,,,2.0
5435,0.0008020642224035135,0.17324587203915892,0.0,0.1,,,0.0,1.0,,,2.0
5436,0.0001593175005893028,0.034412580127289406,1.0,0.1,,,0.0,1.0,,,2.0
5437,0.0004388002287157733,0.09478084940260703,1.0,0.1,,,0.0,1.0,,,2.0
5438,,,,0.1,,,0.0,1.0,,,2.0
5439,,,,0.1,,,,,,,2.0
5440,,,,0.1,,,,,,,2.0
5441,,,,0.1,,,0.0,1.0,,,2.0
5442,,,,0.1,,,,,,,2.0
5443,0.0009025849729275121,0.1949583541523426,0.0,0.1,,,0.0,1.0,,,2.0
5444,0.0010981013841562504,0.2371898989777501,0.0,0.1,882.1309892390468,278.59700351776837,0.0,1.0,0.0,0.0,2.0
5445,0.0002678811149450649,0.057862320828134015,1.0,0.1,,,0.0,1.0,,,2.0
5446,0.0004963850398335568,0.10721916860404827,0.0,0.1,,,0.0,1.0,,,2.0
5447,0.0003936695370367088,0.0850326199999291,1.0,0.1,,,0.0,1.0,,,2.0
5448,0.0004798580402803255,0.1036493367005503,0.0,0.1,,,0.0,1.0,,,2.0
5449,,,,0.1,866.8617948885361,263.8331742655304,0.0,1.0,0.0,0.0,2.0
5450,,,,0.1,864.1612061978395,260.84241079369247,,,0.0,0.0,2.0
5451,,,,0.1,862.9507089692964,249.26611145570112,0.0,1.0,0.0,0.0,2.0
5452,,,,0.1,859.5792547165603,242.6852507840994,,,0.0,0.0,2.0
5453,,,,0.1,858.3917716450842,241.15043384169408,,,0.0,0.0,2.0
5454,0.0001244388103175567,0.026878783028592246,1.0,0.1,858.5579805073758,237.33167264816518,0.0,1.0,0.0,0.0,2.0
5455,0.0004707346238058517,0.10167867874206396,0.0,0.1,859.2347007612611,233.7787783388761,0.0,1.0,0.0,0.0,2.0
5456,0.0009900305836018492,0.21384660605799943,0.0,0.1,861.4655989880517,231.45484050501977,0.0,1.0,0.0,0.0,2.0
5457,,,,0.1,862.2152030223681,228.08137569976358,0.0,1.0,0.0,0.0,2.0
5458,,,,0.1,861.6717818449363,222.914523456651,,,0.0,0.0,2.0
5459,,,,0.1,858.4317754198521,221.1830948627944,,,0.0,0.0,2.0
5460,0.00022190228413526488,0.047930893373217216,1.0,0.1,856.7444030676454,221.05992802780008,0.0,1.0,0.0,0.0,2.0
5461,0.0001665535471394321,0.035975566182117336,1.0,0.1,850.4821956093673,219.5034796113417,0.0,1.0,0.0,0.0,2.0
5462,,,,0.1,850.107139495806,215.71953858343903,0.0,1.0,0.0,0.0,2.0
5463,,,,0.1,848.7822414753981,212.56058101866236,,,0.0,0.0,2.0
5464,,,,0.1,847.1113890866657,209.28853816106107,,,0.0,0.0,2.0
5465,0.0005447042964231791,0.11765612802740669,0.0,0.1,844.2974855299605,206.02343535350047,0.0,1.0,0.0,0.0,2.0
5466,0.0001381469886759895,0.029839749554013733,1.0,0.1,836.6372488013044,201.88367150561768,0.0,1.0,0.0,0.0,2.0
5467,0.0012030218352997266,0.25985271642474095,0.0,0.1,838.6453793648593,196.66517793275813,0.0,1.0,0.0,0.0,2.0
5468,0.0001475265710301028,0.031865739342502204,1.0,0.1,840.9163490246946,193.94956820543302,0.0,1.0,0.0,0.0,2.0
5469,0.0003587595941664398,0.077492072339951,1.0,0.1,841.9846129522473,192.14340637911687,0.0,1.0,0.0,0.0,2.0
5470,0.0004648945675917406,0.10041722659981597,0.0,0.1,841.9904435037379,187.32591557983622,0.0,1.0,0.0,0.0,2.0
5471,0.0006425143173227432,0.13878309254171253,0.0,0.1,839.1434117285671,184.16225025167296,0.0,1.0,0.0,0.0,2.0
5472,0.00019296361260235653,0.04168014032210901,1.0,0.1,832.9173704475972,181.59746868100308,0.0,1.0,0.0,0.0,2.0
5473,0.0003609939894864475,0.07797470172907267,1.0,0.1,830.5717096223445,181.4301665107723,0.0,1.0,0.0,0.0,2.0
5474,0.0006121559761942624,0.13222569085796068,0.0,0.1,829.4014671770902,180.8842575144227,0.0,1.0,0.0,0.0,2.0
5475,0.0008014873698195328,0.17312127188101908,0.0,0.1,828.3762631159086,179.23941533265454,0.0,1.0,0.0,0.0,2.0
5476,0.0001942426234824754,0.04195640667221469,1.0,0.1,829.1963496952253,178.3994001804044,0.0,1.0,0.0,0.0,2.0
5477,0.0008353099727460935,0.1804269541131562,0.0,0.1,830.2872653510678,178.30199826277067,0.0,1.0,0.0,0.0,2.0
5478,0.0008941177740359265,0.19312943919176012,0.0,0.1,834.1266008197022,176.90218235155663,0.0,1.0,0.0,0.0,2.0
5479,0.0005321335083748582,0.11494083780896938,0.0,0.1,833.8523772074485,175.662123754416,0.0,1.0,0.0,0.0,2.0
5480,0.00026960192812533707,0.0582340164750728,1.0,0.1,833.6779475897555,176.30568451789296,0.0,1.0,0.0,0.0,2.0
5481,0.00018438406799799954,0.0398269586875679,1.0,0.1,833.2400205935504,175.18846392706575,0.0,1.0,0.0,0.0,2.0
5482,0.0001945917035316715,0.04203180796284105,1.0,0.1,832.641672596227,174.6830048503186,0.0,1.0,0.0,0.0,2.0
5483,0.0006350832396799982,0.13717797977087962,0.0,0.1,828.6317196068692,175.25468807860457,0.0,1.0,0.0,0.0,2.0
5484,0.0009097399008071077,0.19650381857433527,0.0,0.1,824.5585669717242,177.6770597047514,0.0,1.0,0.0,0.0,2.0
5485,0.0004396568263558743,0.09496587449286885,1.0,0.1,820.7099731818976,180.0876107750766,0.0,1.0,0.0,0.0,2.0
5486,0.0002573336760678449,0.0555840740306545,1.0,0.1,813.2340577725482,182.38011359014087,0.0,1.0,0.0,0.0,2.0
5487,0.0008435141137092999,0.18219904856120878,0.0,0.1,810.7324579337882,182.68525051627782,0.0,1.0,0.0,0.0,2.0
5488,0.0012300912224101235,0.2656997040405867,0.0,0.1,806.6403622139047,184.59751691965747,0.0,1.0,0.0,0.0,2.0
5489,0.00195487114501094,0.422252167322363,0.0,0.1,801.6359643584516,185.9984595691487,0.0,1.0,0.0,0.0,2.0
5490,0.001454874784361658,0.3142529534221181,0.0,0.1,794.0638961803668,188.7059216496318,0.0,1.0,0.0,0.0,2.0
5491,0.0018783129124064367,0.40571558907979033,0.0,0.1,789.9962687142068,190.46600163575928,0.0,1.0,0.0,0.0,2.0
5492,0.001696297842722802,0.3664003340281253,0.0,0.1,779.1229808850406,197.60223134215366,0.0,1.0,0.0,0.0,2.0
5493,0.003171370968784302,0.6850161292574093,0.0,0.1,766.3754317867753,203.9229963911153,0.0,1.0,0.0,0.0,2.0
5494,0.0012725081396236346,0.27486175815870506,0.0,0.1,759.102319659053,207.14747918193643,0.0,1.0,0.0,0.0,2.0
5495,0.0009284728213964147,0.2005501294216256,0.0,0.1,754.7069459647979,207.83800883502101,0.0,1.0,0.0,0.0,2.0
5496,0.0009559550782328521,0.20648629689829606,0.0,0.1,751.5308025459477,208.07760956700534,0.0,1.0,0.0,0.0,2.0
5497,0.0013545354250386794,0.29257965180835477,0.0,0.1,742.7013844887538,209.99331786648602,0.0,1.0,0.0,0.0,2.0
5498,0.0006842038801712034,0.14778803811697994,0.0,0.1,732.5226382664382,216.71270698892124,0.0,1.0,0.0,0.0,2.0
5499,0.0008380313614535517,0.18101477407396716,0.0,0.1,729.3906325277732,218.97711861585023,0.0,1.0,0.0,0.0,2.0
5500,0.0007560096210421051,0.1632980781450947,0.0,0.1,730.8173752596688,217.45401131025898,0.0,1.0,0.0,0.0,2.0
5501,0.0001379956184220122,0.029807053579154634,1.0,0.1,742.3057378772555,212.3082297338367,0.0,1.0,0.0,0.0,2.0
5502,0.0005381680603859288,0.11624430104336061,0.0,0.1,755.9552059308902,207.09576726603663,0.0,1.0,0.0,0.0,2.0
5503,0.0010088804177663664,0.21791817023753515,0.0,0.1,763.7256512751836,206.2359885937078,0.0,1.0,0.0,0.0,2.0
5504,0.001492926216476801,0.32247206275898904,0.0,0.1,766.2054778606371,203.45918041967977,0.0,1.0,0.0,0.0,2.0
5505,0.002064794005811523,0.445995505255289,0.0,0.1,767.7038127704304,200.74979882002938,0.0,1.0,0.0,0.0,2.0
5506,0.001462208813416032,0.31583710369786294,0.0,0.1,772.6962825710239,199.10257263593442,0.0,1.0,0.0,0.0,2.0
5507,0.0009222196273086715,0.19919943949867305,0.0,0.1,780.9931715630113,193.12865237033648,0.0,1.0,0.0,0.0,2.0
5508,0.0003942411829627273,0.0851560955199491,1.0,0.1,781.2434343115549,193.77655463109247,0.0,1.0,0.0,0.0,2.0
5509,0.0003637781761556935,0.07857608604962979,1.0,0.1,780.5055517674543,194.31226221391094,0.0,1.0,0.0,0.0,2.0
5510,0.0003322907870153013,0.07177480999530508,1.0,0.1,779.1939706950791,193.33369279438318,0.0,1.0,0.0,0.0,2.0
5511,0.00028662539667775395,0.06191108568239486,1.0,0.1,776.6457628262378,194.34935688134962,0.0,1.0,0.0,0.0,2.0
5512,0.00038717092418014766,0.0836289196229119,1.0,0.1,773.5069669831294,196.759230156929,0.0,1.0,0.0,0.0,2.0
5513,0.0004050964473118058,0.08750083261935006,1.0,0.1,770.0446643237506,199.73880417362244,0.0,1.0,0.0,0.0,2.0
5514,0.0009040075985560916,0.19526564128811577,0.0,0.1,767.3333929960064,202.46500368066523,0.0,1.0,0.0,0.0,2.0
5515,0.0005184620254245334,0.11198779749169922,0.0,0.1,764.6597712217007,206.05113865741393,0.0,1.0,0.0,0.0,2.0
5516,0.0005373033914563206,0.11605753255456527,0.0,0.1,762.7303860438549,209.3648706682393,0.0,1.0,0.0,0.0,2.0
5517,0.0001480549918752378,0.031979878245051364,1.0,0.1,755.1732643981983,211.53523522890117,0.0,1.0,0.0,0.0,2.0
5518,0.0009060744180795296,0.19571207430517842,0.0,0.1,750.0081568496149,214.42736201381808,0.0,1.0,0.0,0.0,2.0
5519,0.0010170268365477788,0.21967779669432022,0.0,0.1,743.3758242901167,217.73992887580283,0.0,1.0,0.0,0.0,2.0
5520,0.001953877688340123,0.4220375806814665,0.0,0.1,738.9921026745634,220.675279288001,0.0,1.0,0.0,0.0,2.0
5521,0.0013606094120852132,0.2938916330104061,0.0,0.1,734.3957886824492,225.71292494691616,0.0,1.0,0.0,0.0,2.0
5522,0.0004478997003122473,0.09674633526744542,1.0,0.1,728.6340259327062,230.28951667981954,0.0,1.0,0.0,0.0,2.0
5523,0.001127833988828156,0.24361214158688171,0.0,0.1,722.8899431494845,233.85747394283413,0.0,1.0,0.0,0.0,2.0
5524,0.0021752938802553166,0.4698634781351484,0.0,0.1,714.2907907057024,240.54649758341841,0.0,1.0,0.0,0.0,2.0
5525,0.0021384185117688734,0.46189839854207665,0.0,0.1,707.4330695740399,245.1708637976232,0.0,1.0,0.0,0.0,2.0
5526,0.0010588149809062646,0.22870403587575316,0.0,0.1,702.110529273232,249.42148931353938,0.0,1.0,0.0,0.0,2.0
5527,0.002012721001502376,0.43474773632451325,0.0,0.1,699.7730532087636,251.1542806456361,0.0,1.0,0.0,0.0,2.0
5528,0.0023883254786580227,0.515878303390133,0.0,0.1,692.7048656576831,256.17070967895677,0.0,1.0,0.0,0.0,2.0
5529,0.001825663990690904,0.3943434219892353,0.0,0.1,680.8319701326736,260.1702181845725,0.0,1.0,0.0,0.0,2.0
5530,0.0006871965451359771,0.14843445374937106,0.0,0.1,674.0337673045811,263.5091992797346,0.0,1.0,0.0,0.0,2.0
5531,0.0017732237344052707,0.3830163266315385,0.0,0.1,671.8826406627174,264.81454011073424,0.0,1.0,0.0,0.0,2.0
5532,0.0018299820349185949,0.3952761195424165,0.0,0.1,664.9658185320026,269.5698382991939,0.0,1.0,0.0,0.0,2.0
5533,0.00185379339095725,0.400419372446766,0.0,0.1,661.2172087745565,271.223924078125,0.0,1.0,0.0,0.0,2.0
5534,0.00288320106297237,0.6227714296020319,0.0,0.1,655.734979948359,274.6024004057628,0.0,1.0,0.0,0.0,2.0
5535,0.001296354018582878,0.28001246801390167,0.0,0.1,646.8755233168328,280.2229546995044,0.0,1.0,0.0,0.0,2.0
5536,0.002422434718686247,0.5232458992362293,0.0,0.1,645.0610233050231,280.6593716809191,0.0,1.0,0.0,0.0,2.0
5537,0.0013025655593428957,0.28135416081806547,0.0,0.1,640.3640756275623,283.53435304713474,0.0,1.0,0.0,0.0,2.0
5538,0.0013597278250233322,0.29370121020503975,0.0,0.1,637.6746073966921,285.5505605577004,0.0,1.0,0.0,0.0,2.0
5539,0.0003384482875055392,0.07310483010119648,1.0,0.1,637.5522478085987,284.67675795469285,0.0,1.0,0.0,0.0,2.0
5540,0.0008558371327078533,0.1848608206648963,0.0,0.1,635.0488440266747,285.35032054302513,0.0,1.0,0.0,0.0,2.0
5541,0.0014228685586261294,0.30733960866324395,0.0,0.1,634.3211970734814,286.9327915106448,0.0,1.0,0.0,0.0,2.0
5542,0.0010049808985010326,0.21707587407622306,0.0,0.1,634.3300268068268,285.8960679251716,0.0,1.0,0.0,0.0,2.0
5543,0.0004513766636199099,0.09749735934190054,1.0,0.1,633.119940762298,283.7658318888987,0.0,1.0,0.0,0.0,2.0
5544,0.000601021319816085,0.12982060508027438,0.0,0.1,631.1901026874473,282.4505613433805,0.0,1.0,0.0,0.0,2.0
5545,0.0019495091326987661,0.42109397266293347,0.0,0.1,630.8812785137825,281.0493227767836,0.0,1.0,0.0,0.0,2.0
5546,0.0017169937466787238,0.3708706492826044,0.0,0.1,631.7329995422216,277.5112763884608,0.0,1.0,0.0,0.0,2.0
5547,0.001291991335140564,0.2790701283903619,0.0,0.1,632.9382276538503,275.19393231949397,0.0,1.0,0.0,0.0,2.0
5548,0.0008225342926496819,0.1776674072123313,0.0,0.1,636.3691507260438,271.9628317719517,0.0,1.0,0.0,0.0,2.0
5549,0.00032154566572467467,0.06945386379652974,1.0,0.1,645.3894489253256,262.14017337331677,0.0,1.0,0.0,0.0,2.0
5550,0.0008217881820637292,0.1775062473257655,0.0,0.1,648.9796840136097,257.9436809540072,0.0,1.0,0.0,0.0,2.0
5551,0.0002785953182122169,0.06017658873383886,1.0,0.1,648.611155799045,255.55798717047855,0.0,1.0,0.0,0.0,2.0
5552,0.0005075148456640024,0.10962320666342452,0.0,0.1,650.8619496885075,249.93218195746337,0.0,1.0,0.0,0.0,2.0
5553,0.00037555628806308747,0.0811201582216269,1.0,0.1,651.4866115000356,248.38213746938277,0.0,1.0,0.0,0.0,2.0
5554,0.0005817193494569665,0.12565137948270477,0.0,0.1,653.1611862890055,244.61421583731814,0.0,1.0,0.0,0.0,2.0
5555,0.00095358936072784,0.20597530191721344,0.0,0.1,657.2413482678795,238.2150815151209,0.0,1.0,0.0,0.0,2.0
5556,0.000877614636960478,0.18956476158346328,0.0,0.1,662.4984051151832,230.15962602719506,0.0,1.0,0.0,0.0,2.0
5557,0.00038079701637976337,0.08225215553802889,1.0,0.1,663.0792830949493,229.3079635924173,0.0,1.0,0.0,0.0,2.0
5558,0.0005076001678027174,0.10964163624538698,0.0,0.1,662.992573683044,230.2174682138778,0.0,1.0,0.0,0.0,2.0
5559,0.0013663688879339082,0.2951356797937242,0.0,0.1,666.5190903508178,226.49925934334814,0.0,1.0,0.0,0.0,2.0
5560,0.0004461888886820697,0.09637679995532705,1.0,0.1,671.9951037744614,219.00332189574002,0.0,1.0,0.0,0.0,2.0
5561,0.00016988854465722596,0.03669592564596081,1.0,0.1,681.2872818025912,209.85811419968675,0.0,1.0,0.0,0.0,2.0
5562,0.0014463407980446806,0.312409612377651,0.0,0.1,685.3900365840123,206.9348198403404,0.0,1.0,0.0,0.0,2.0
5563,0.0008483458476078997,0.18324270308330634,0.0,0.1,688.361795052474,204.28606490223734,0.0,1.0,0.0,0.0,2.0
5564,0.0009407492496390931,0.2032018379220441,0.0,0.1,696.0156810654205,198.20737299188897,0.0,1.0,0.0,0.0,2.0
5565,0.0008694344068395332,0.18779783187733917,0.0,0.1,695.477777724079,199.5536906457879,0.0,1.0,0.0,0.0,2.0
5566,0.0003179902672614797,0.0686858977284796,1.0,0.1,697.334394971839,198.90741227651125,0.0,1.0,0.0,0.0,2.0
5567,0.0009044520560414608,0.19536164410495552,0.0,0.1,697.9837767646869,199.38295323273613,0.0,1.0,0.0,0.0,2.0
5568,0.0007098578953621455,0.15332930539822343,0.0,0.1,699.5122716244194,199.8600372093023,0.0,1.0,0.0,0.0,2.0
5569,0.0005525583284313194,0.119352598941165,0.0,0.1,702.6983117588109,198.9884005660954,0.0,1.0,0.0,0.0,2.0
5570,0.0004101696454811673,0.08859664342393214,1.0,0.1,704.8549965321372,197.18189586998395,0.0,1.0,0.0,0.0,2.0
5571,0.00026482493392045197,0.05720218572681763,1.0,0.1,705.2096318495462,197.28636925617764,0.0,1.0,0.0,0.0,2.0
5572,0.00045728013995010024,0.09877251022922165,1.0,0.1,705.799777669394,196.98195213771348,0.0,1.0,0.0,0.0,2.0
5573,0.0005271185159806061,0.11385759945181094,0.0,0.1,706.4600283682823,197.48205672416188,0.0,1.0,0.0,0.0,2.0
5574,0.0005784912074158849,0.12495410080183114,0.0,0.1,708.3195381900787,197.655495651263,0.0,1.0,0.0,0.0,2.0
5575,0.0004795975978882161,0.10359308114385468,0.0,0.1,710.6538771394711,195.79639635080304,0.0,1.0,0.0,0.0,2.0
5576,0.0004381413313144572,0.09463852756392277,1.0,0.1,712.5753318632032,193.81263795944943,0.0,1.0,0.0,0.0,2.0
5577,0.0007297171784281989,0.157618910540491,0.0,0.1,717.4649319956209,191.37131520622538,0.0,1.0,0.0,0.0,2.0
5578,0.00045281178659951915,0.09780734590549614,1.0,0.1,720.9622192169618,192.67513631892552,0.0,1.0,0.0,0.0,2.0
5579,0.0009482330081044389,0.2048183297505588,0.0,0.1,720.3735524474471,197.49265603671398,0.0,1.0,0.0,0.0,2.0
5580,0.00045402059223014743,0.09806844792171185,1.0,0.1,718.1103749944305,201.95800738904057,0.0,1.0,0.0,0.0,2.0
5581,0.0011079219561234402,0.2393111425226631,0.0,0.1,714.6561980738261,202.46421044733236,0.0,1.0,0.0,0.0,2.0
5582,0.0005131606603090078,0.1108427026267457,0.0,0.1,705.5457440637824,209.40071993370708,0.0,1.0,0.0,0.0,2.0
5583,0.0011246840140891217,0.24293174704325027,0.0,0.1,699.5848243078406,213.91475625091485,0.0,1.0,0.0,0.0,2.0
5584,0.000252927570042255,0.05463235512912708,1.0,0.1,696.1954844638924,217.38133413040254,0.0,1.0,0.0,0.0,2.0
5585,0.0006023896416905325,0.13011616260515502,0.0,0.1,693.649813536992,220.81779102058826,0.0,1.0,0.0,0.0,2.0
5586,0.0009763634814623452,0.21089451199586656,0.0,0.1,689.1504837731801,222.2930215493753,0.0,1.0,0.0,0.0,2.0
5587,0.00010523236341799192,0.022730190498286257,1.0,0.1,688.8596762833179,221.15234823733323,0.0,1.0,0.0,0.0,2.0
5588,0.0003119314102224566,0.06737718460805063,1.0,0.1,689.1265115024751,222.49809842293507,0.0,1.0,0.0,0.0,2.0
5589,0.0003246562984456649,0.07012576046426362,1.0,0.1,687.4416114610497,227.1475856691581,0.0,1.0,0.0,0.0,2.0
5590,0.0001589831054859577,0.03434035078496686,1.0,0.1,687.9820990695041,226.6776151933319,0.0,1.0,0.0,0.0,2.0
5591,0.0005250673561040979,0.11341454891848514,0.0,0.1,690.4886351038007,224.70829788209943,0.0,1.0,0.0,0.0,2.0
5592,0.00032405907102907837,0.06999675934228093,1.0,0.1,695.75078821241,222.3931714504943,0.0,1.0,0.0,0.0,2.0
5593,0.00017138926148066238,0.037020080479823074,1.0,0.1,698.0272859826315,223.65698567664478,0.0,1.0,0.0,0.0,2.0
5594,0.00025208684311091203,0.054450758111957,1.0,0.1,695.4753874640733,227.39146590568026,0.0,1.0,0.0,0.0,2.0
5595,0.0009752089781237819,0.2106451392747369,0.0,0.1,691.5433957413651,231.4276447253312,0.0,1.0,0.0,0.0,2.0
5596,0.0010348389127162233,0.22352520514670424,0.0,0.1,683.7897823536431,236.99374255240306,0.0,1.0,0.0,0.0,2.0
5597,0.0004319999576372734,0.09331199084965106,1.0,0.1,672.7978033570989,243.79063041343568,0.0,1.0,0.0,0.0,2.0
5598,0.0001844513900101505,0.03984150024219251,1.0,0.1,664.8098996683933,249.87851046500757,0.0,1.0,0.0,0.0,2.0
5599,0.00024575891256065145,0.05308392511310071,1.0,0.1,659.8478512939608,255.25792505401293,0.0,1.0,0.0,0.0,2.0
5600,0.0011287302287803125,0.24380572941654752,0.0,0.1,653.933843451201,262.84459441201415,0.0,1.0,0.0,0.0,2.0
5601,0.0004492726250821044,0.09704288701773456,1.0,0.1,651.444388163206,268.55673686856943,0.0,1.0,0.0,0.0,2.0
5602,0.0009282941519222311,0.2005115368152019,0.0,0.1,644.2881171394213,276.44203214862137,0.0,1.0,0.0,0.0,2.0
5603,0.0005968318115093448,0.12891567128601847,0.0,0.1,640.8626832834741,279.55276173482116,0.0,1.0,0.0,0.0,2.0
5604,0.00018929226275681105,0.04088712875547119,1.0,0.1,634.5948529346779,286.24274028982654,0.0,1.0,0.0,0.0,2.0
5605,0.0010922065112721592,0.2359166064347864,0.0,0.1,634.2911854171048,290.31727667134095,0.0,1.0,0.0,0.0,2.0
5606,0.0022409574516475293,0.4840468095558664,0.0,0.1,634.5790777722799,295.7659652848719,0.0,1.0,0.0,0.0,2.0
5607,0.002154383073140792,0.46534674379841107,0.0,0.1,633.6663389506793,301.5356331949578,0.0,1.0,0.0,0.0,2.0
5608,0.00027361746494010826,0.059101372427063384,1.0,0.1,634.6111140588474,305.0013498343231,0.0,1.0,0.0,0.0,2.0
5609,0.0007894921332053787,0.1705303007723618,0.0,0.1,631.5956670216209,311.81383966111235,0.0,1.0,0.0,0.0,2.0
5610,0.0013040178309566047,0.28166785148662665,0.0,0.1,623.4964497023805,318.4635265552554,0.0,1.0,0.0,0.0,2.0
5611,0.0007903114158533814,0.17070726582433038,0.0,0.1,618.0536618451391,323.9586430389553,0.0,1.0,0.0,0.0,2.0
5612,0.001197990821038198,0.25876601734425075,0.0,0.1,615.2437916922213,326.2614660542169,0.0,1.0,0.0,0.0,2.0
5613,0.0009893394432304232,0.2136973197377714,0.0,0.1,610.5295913670568,333.13525545170165,0.0,1.0,0.0,0.0,2.0
5614,0.0007419777617896185,0.16026719654655758,0.0,0.1,607.0431407688823,343.7953851937091,0.0,1.0,0.0,0.0,2.0
5615,0.0010418527510978218,0.2250401942371295,0.0,0.1,598.5909109756382,354.70698480180033,0.0,1.0,0.0,0.0,2.0
5616,0.0009420875612737697,0.20349091323513427,0.0,0.1,593.0669607278799,360.7689491533678,0.0,1.0,0.0,0.0,2.0
5617,0.0011175789601145707,0.24139705538474726,0.0,0.1,590.5220145352183,363.5738209818937,0.0,1.0,0.0,0.0,2.0
5618,0.0018836612908439956,0.40687083882230307,0.0,0.1,586.1489553822202,371.2978114596725,0.0,1.0,0.0,0.0,2.0
5619,0.002339460309089948,0.5053234267634288,0.0,0.1,584.7178412608151,375.098981398885,0.0,1.0,0.0,0.0,2.0
5620,0.0019508143066195585,0.42137589022982463,0.0,0.1,579.6064616536299,383.51538500941626,0.0,1.0,0.0,0.0,2.0
5621,0.0002691124993345811,0.05812829985626953,1.0,0.1,571.7336714057699,393.39473279601197,0.0,1.0,0.0,0.0,2.0
5622,0.0010181431959983027,0.21991893033563337,0.0,0.1,570.5260126182039,396.17974372150036,0.0,1.0,0.0,0.0,2.0
5623,0.0010021534711985446,0.21646514977888565,0.0,0.1,568.3959885295886,401.7888652737196,0.0,1.0,0.0,0.0,2.0
5624,0.0019298726244021307,0.41685248687086024,0.0,0.1,567.7201507132676,407.89184298628925,0.0,1.0,0.0,0.0,2.0
5625,0.001006389406703149,0.21738011184788017,0.0,0.1,569.1916095298071,412.67350729587037,0.0,1.0,0.0,0.0,2.0
5626,0.001892591791661788,0.40879982699894624,0.0,0.1,573.7868548337632,415.8983246518246,0.0,1.0,0.0,0.0,2.0
5627,0.0005132908711741902,0.11087082817362508,0.0,0.1,576.3125726592734,425.11260387053187,0.0,1.0,0.0,0.0,2.0
5628,0.0008176797334232022,0.17661882241941168,0.0,0.1,579.1968242953377,432.01703812491445,0.0,1.0,0.0,0.0,2.0
5629,0.0004037560339183934,0.08721130332637297,1.0,0.1,585.0353313579254,434.43448169761825,0.0,1.0,0.0,0.0,2.0
5630,0.0018690386829104068,0.40371235550864787,0.0,0.1,587.0693210010095,437.8665291414926,0.0,1.0,0.0,0.0,2.0
5631,0.0016424529566165364,0.3547698386291719,0.0,0.1,589.7954960181455,441.5707491453767,0.0,1.0,0.0,0.0,2.0
5632,0.0005800650335411799,0.12529404724489485,0.0,0.1,592.0714145365401,446.44402070733065,0.0,1.0,0.0,0.0,2.0
5633,0.0007948978066293006,0.17169792623192892,0.0,0.1,596.552430719582,449.0125799826678,0.0,1.0,0.0,0.0,2.0
5634,0.0003618654165244238,0.07816292996927554,1.0,0.1,596.8743912417314,454.5764115036769,0.0,1.0,0.0,0.0,2.0
5635,0.0013253278766429226,0.2862708213548713,0.0,0.1,598.2621856215916,456.13372613138387,0.0,1.0,0.0,0.0,2.0
5636,0.0014286423352953153,0.3085867444237881,0.0,0.1,599.2361182990359,461.4697942022574,0.0,1.0,0.0,0.0,2.0
5637,0.0005573124617835567,0.12037949174524826,0.0,0.1,604.8596196874652,462.9211564168627,0.0,1.0,0.0,0.0,2.0
5638,0.00113433776211783,0.2450169566174513,0.0,0.1,606.8519164515238,460.0493908077544,0.0,1.0,0.0,0.0,2.0
5639,0.0002137313997244268,0.04616598234047619,1.0,0.1,609.4563873343952,455.39624330988767,0.0,1.0,0.0,0.0,2.0
5640,0.0007438521966177958,0.16067207446944387,0.0,0.1,612.3883096475233,452.50387643977643,0.0,1.0,0.0,0.0,2.0
5641,0.0010234792717950002,0.22107152270772004,0.0,0.1,622.242664573065,447.7839131740689,0.0,1.0,0.0,0.0,2.0
5642,0.003317121007936786,0.7164981377143458,0.0,0.1,636.3195164075875,443.0800233024185,0.0,1.0,0.0,0.0,2.0
5643,0.0014389509549098372,0.31081340626052484,0.0,0.1,652.4862562349357,435.80355873544795,0.0,1.0,0.0,0.0,2.0
5644,0.0014217583724081804,0.307099808440167,0.0,0.1,657.3701297662587,433.8283541745069,0.0,1.0,0.0,0.0,2.0
5645,0.0027338885026434987,0.5905199165709957,0.0,0.1,668.5976811525388,427.05236824972604,0.0,1.0,0.0,0.0,2.0
5646,0.0014789025715042066,0.31944295544490864,0.0,0.1,675.7243618263624,422.0182265989129,0.0,1.0,0.0,0.0,2.0
5647,0.001798566279488196,0.38849031636945036,0.0,0.1,686.0348950576563,414.74156513461605,0.0,1.0,0.0,0.0,2.0
5648,0.00034923164495610255,0.07543403531051815,1.0,0.1,691.9746775829949,408.4955008430576,0.0,1.0,0.0,0.0,2.0
5649,0.0005504060290079998,0.11888770226572795,0.0,0.1,692.9162353974457,406.2715847290515,0.0,1.0,0.0,0.0,2.0
5650,0.0006538131563263874,0.14122364176649968,0.0,0.1,693.1400570738803,403.4399949351642,0.0,1.0,0.0,0.0,2.0
5651,0.0013101952224955852,0.28300216805904643,0.0,0.1,692.0774756804569,400.1323200582332,0.0,1.0,0.0,0.0,2.0
5652,0.00016799346467038232,0.03628658836880258,1.0,0.1,691.0196248310731,396.2349532610953,0.0,1.0,0.0,0.0,2.0
5653,0.0003150477990843673,0.06805032460222335,1.0,0.1,689.5695703272829,392.4414970464684,0.0,1.0,0.0,0.0,2.0
5654,0.000688532453523575,0.1487230099610922,0.0,0.1,692.7787149263161,385.77436244853794,0.0,1.0,0.0,0.0,2.0
5655,0.0004877392132419312,0.10535167006025714,0.0,0.1,693.5607023705052,379.6217756176822,0.0,1.0,0.0,0.0,2.0
5656,0.0005129970645140485,0.11080736593503447,0.0,0.1,694.0170159548405,374.7761758000444,0.0,1.0,0.0,0.0,2.0
5657,0.0015834301111972574,0.34202090401860763,0.0,0.1,698.9592767902718,371.5233238348901,0.0,1.0,0.0,0.0,2.0
5658,0.0005215395032598486,0.11265253270412731,0.0,0.1,703.214833462313,369.5432289472786,0.0,1.0,0.0,0.0,2.0
5659,0.0009683638645522114,0.20916659474327767,0.0,0.1,706.0835344350628,367.68419115883916,0.0,1.0,0.0,0.0,2.0
5660,0.0011583841934537822,0.25021098578601697,0.0,0.1,706.7729563718664,366.3433726549984,0.0,1.0,0.0,0.0,2.0
5661,0.0008069325566691159,0.17429743224052904,0.0,0.1,708.0113891607325,366.4193848776318,0.0,1.0,0.0,0.0,2.0
5662,0.0011723845673185203,0.2532350665408004,0.0,0.1,707.8684843883549,365.9344330481188,0.0,1.0,0.0,0.0,2.0
5663,0.00023480488180039502,0.05071785446888532,1.0,0.1,709.9220000215415,369.96026915858,0.0,1.0,0.0,0.0,2.0
5664,0.0011982931864122726,0.25883132826505084,0.0,0.1,715.7781647659442,376.01959829748125,0.0,1.0,0.0,0.0,2.0
5665,0.0007211740578410414,0.15577359649366496,0.0,0.1,722.0176055768576,382.1939622853982,0.0,1.0,0.0,0.0,2.0
5666,0.0003261785520135261,0.07045456723492163,1.0,0.1,727.9254442655258,385.0262536439408,0.0,1.0,0.0,0.0,2.0
5667,0.0008685492290627345,0.18760663347755066,0.0,0.1,733.2045502765588,386.45995719893085,0.0,1.0,0.0,0.0,2.0
5668,0.0013216402315178095,0.28547429000784685,0.0,0.1,743.038156462141,383.5438818882696,0.0,1.0,0.0,0.0,2.0
5669,0.0007604708212382505,0.16426169738746213,0.0,0.1,756.6234881879953,380.54695023757864,0.0,1.0,0.0,0.0,2.0
5670,0.00015104011482610752,0.032624664802439224,1.0,0.1,769.2374590354168,377.1685324858211,0.0,1.0,0.0,0.0,2.0
5671,0.0011444608660168248,0.24720354705963418,0.0,0.1,773.0762427839613,378.2245066967108,0.0,1.0,0.0,0.0,2.0
5672,0.0006202476210136074,0.1339734861389392,0.0,0.1,781.678985271303,379.57120513866136,0.0,1.0,0.0,0.0,2.0
5673,0.0001964073917864854,0.042423996625880846,1.0,0.1,786.8256429823462,379.89338663010795,0.0,1.0,0.0,0.0,2.0
5674,0.0002159246284840866,0.0466397197525627,1.0,0.1,793.1660026700865,379.2432168567604,0.0,1.0,0.0,0.0,2.0
5675,0.0008809254305947569,0.19027989300846748,0.0,0.1,798.0150460265083,382.7389584660541,0.0,1.0,0.0,0.0,2.0
5676,0.0002277687251769444,0.049198044638219994,1.0,0.1,810.7335108398736,380.95351019484167,0.0,1.0,0.0,0.0,2.0
5677,0.0005768272883936928,0.12459469429303766,0.0,0.1,822.7363985259717,378.27383830263693,0.0,1.0,0.0,0.0,2.0
5678,0.0008358553725539092,0.1805447604716444,0.0,0.1,830.7819614252644,379.3125094004379,0.0,1.0,0.0,0.0,2.0
5679,6.935496819146541e-05,0.014980673129356529,1.0,0.1,836.1906594723306,376.9437974752497,0.0,1.0,0.0,0.0,2.0
5680,0.0007916889433129151,0.17100481175558968,0.0,0.1,840.5788759183212,374.06154290767677,0.0,1.0,0.0,0.0,2.0
5681,0.0007852157487129778,0.1696066017220032,0.0,0.1,849.8974226937887,370.7475849936762,0.0,1.0,0.0,0.0,2.0
5682,0.0005761114727153569,0.1244400781065171,0.0,0.1,854.2834099602469,370.35683130622175,0.0,1.0,0.0,0.0,2.0
5683,0.0015356021808381772,0.33169007106104625,0.0,0.1,861.4602988720999,371.1035255124664,0.0,1.0,0.0,0.0,2.0
5684,0.00013337904054767867,0.02880987275829859,1.0,0.1,866.0860787302499,378.22413434347305,0.0,1.0,0.0,0.0,2.0
5685,0.0006978471113793474,0.15073497605793904,0.0,0.1,868.6432747051161,379.8456356227462,0.0,1.0,0.0,0.0,2.0
5686,0.0005657471887750766,0.12220139277541654,0.0,0.1,872.7045516595527,379.20915575069307,0.0,1.0,0.0,0.0,2.0
5687,0.00034959489920232604,0.07551249822770242,1.0,0.1,883.5137705495769,378.06535573877875,0.0,1.0,0.0,0.0,2.0
5688,0.0002521681820812555,0.05446832732955119,1.0,0.1,889.8484416519148,380.4602094892909,0.0,1.0,0.0,0.0,2.0
5689,0.00032806633178178945,0.07086232766486653,1.0,0.1,891.8848845968159,379.97650043988926,0.0,1.0,0.0,0.0,2.0
5690,0.00037586478804355495,0.08118679421740788,1.0,0.1,903.0630339328338,378.15684260405067,0.0,1.0,0.0,0.0,2.0
5691,0.0006812430066787857,0.1471484894426177,0.0,0.1,908.4720490246797,379.9008003820943,0.0,1.0,0.0,0.0,2.0
5692,0.0006996942236562597,0.1511339523097521,0.0,0.1,908.600421947442,377.03221369520196,0.0,1.0,0.0,0.0,2.0
5693,6.775184606417878e-05,0.014634398749862616,1.0,0.1,902.37142400983,367.86287489397307,0.0,1.0,0.0,0.0,2.0
5694,0.0007080029724779439,0.15292864205523587,0.0,0.1,905.1274772373819,361.1469311424341,0.0,1.0,0.0,0.0,2.0
5695,0.0002706223397215517,0.058454425379855166,1.0,0.1,,,0.0,1.0,,,2.0
5696,0.0006811897842648296,0.1471369934012032,0.0,0.1,909.9936605311519,357.3960526396112,0.0,1.0,0.0,0.0,2.0
5697,0.00019961325539878693,0.04311646316613798,1.0,0.1,,,0.0,1.0,,,2.0
5698,0.0005178541509848547,0.11185649661272862,0.0,0.1,,,0.0,1.0,,,2.0
5699,0.001113094094451281,0.24042832440147668,0.0,0.1,,,0.0,1.0,,,2.0
5700,0.00018757698263848025,0.040516628249911736,1.0,0.1,,,0.0,1.0,,,2.0
5701,0.00015475949713673366,0.03342805138153447,1.0,0.1,,,0.0,1.0,,,2.0
5702,0.00024553466898351046,0.05303548850043826,1.0,0.1,,,0.0,1.0,,,2.0
5703,0.0008598357849097037,0.185724529540496,0.0,0.1,,,0.0,1.0,,,2.0
5704,0.000801689450249588,0.173164921253911,0.0,0.1,,,0.0,1.0,,,2.0
5705,0.0006529495910766041,0.14103711167254648,0.0,0.1,,,0.0,1.0,,,2.0
5706,3.623643451074601e-05,0.007827069854321139,1.0,0.1,,,0.0,1.0,,,2.0
5707,0.0001357382527562495,0.029319462595349892,1.0,0.1,,,0.0,1.0,,,2.0
5708,0.0012623500739027214,0.27266761596298783,0.0,0.1,,,0.0,1.0,,,2.0
5709,0.000554285264434492,0.11972561711785029,0.0,0.1,,,0.0,1.0,,,2.0
5710,0.0002661824603049899,0.057495411425877815,1.0,0.1,,,0.0,1.0,,,2.0
5711,0.0001867923818033119,0.04034715446951537,1.0,0.1,,,0.0,1.0,,,2.0
5712,0.0002578875364949358,0.055703707882906135,1.0,0.1,,,0.0,1.0,,,2.0
5713,0.0005154220401178668,0.11133116066545923,0.0,0.1,,,0.0,1.0,,,2.0
5714,0.000570497610686088,0.123227483908195,0.0,0.1,,,0.0,1.0,,,2.0
5715,0.0002631205324834053,0.05683403501641555,1.0,0.1,,,0.0,1.0,,,2.0
5716,0.001025020658620425,0.22140446226201183,0.0,0.1,,,0.0,1.0,,,2.0
5717,0.0013380776691984115,0.2890247765468569,0.0,0.1,,,0.0,1.0,,,2.0
5718,0.0005288149916164613,0.11422403818915565,0.0,0.1,,,0.0,1.0,,,2.0
5719,0.0006671656710111035,0.14410778493839838,0.0,0.1,,,0.0,1.0,,,2.0
5720,0.0003446551854759556,0.0744455200628064,1.0,0.1,,,0.0,1.0,,,2.0
5721,0.0008139345745415429,0.17580986810097327,0.0,0.1,,,0.0,1.0,,,2.0
5722,0.0006587431148346307,0.14228851280428023,0.0,0.1,,,0.0,1.0,,,2.0
5723,,,,0.1,,,0.0,1.0,,,2.0
5724,,,,0.1,,,,,,,2.0
5725,9.773607009897254e-05,0.021110991141378068,1.0,0.1,,,0.0,1.0,,,2.0
5726,0.0002539373241581586,0.054850462018162266,1.0,0.1,,,0.0,1.0,,,2.0
5727,9.846003939127621e-05,0.021267368508515665,1.0,0.1,,,0.0,1.0,,,2.0
5728,0.00023205817510211984,0.05012456582205789,1.0,0.1,,,0.0,1.0,,,2.0
5729,0.0003216108380360949,0.0694679410157965,1.0,0.1,,,0.0,1.0,,,2.0
5730,0.00015354051750478671,0.03316475178103393,1.0,0.1,,,0.0,1.0,,,2.0
5731,0.00048266402228226685,0.10425542881296963,0.0,0.1,,,0.0,1.0,,,2.0
5732,,,,0.1,,,0.0,1.0,,,2.0
5733,,,,0.1,,,,,,,2.0
5734,,,,0.1,,,,,,,2.0
5735,,,,0.1,,,,,,,2.0
5736,,,,0.1,,,,,,,2.0
5737,,,,0.1,,,,,,,2.0
5738,,,,0.1,,,,,,,2.0
5739,,,,0.1,,,,,,,2.0
5740,,,,0.1,,,,,,,2.0
5741,,,,0.1,,,,,,,2.0
5742,,,,0.1,,,,,,,2.0
5743,,,,0.1,,,,,,,2.0
5744,,,,0.1,,,,,,,2.0
5745,,,,0.1,,,,,,,2.0
5746,,,,0.1,,,,,,,2.0
5747,,,,0.1,,,,,,,2.0
5748,,,,0.1,,,,,,,2.0
5749,,,,0.1,,,,,,,2.0
5750,,,,0.1,,,,,,,2.0
5751,,,,0.1,,,,,,,2.0
5752,,,,0.1,,,,,,,2.0
5753,,,,0.1,,,,,,,2.0
5754,,,,0.1,,,,,,,2.0
5755,,,,0.1,,,,,,,2.0
5756,0.0018637495024470326,0.402569892528559,0.0,0.1,,,0.0,1.0,,,2.0
5757,0.0008708144888171265,0.1880959295844993,0.0,0.1,,,0.0,1.0,,,2.0
5758,0.0009848868854776007,0.21273556726316176,0.0,0.1,868.3809530790954,295.4669248199587,0.0,1.0,0.0,0.0,2.0
5759,0.0010449436092879656,0.22570781960620054,0.0,0.1,874.5619400361009,289.5421357560884,0.0,1.0,0.0,0.0,2.0
5760,0.00046571019984744874,0.10059340316704893,0.0,0.1,886.8817229884457,283.30473574795957,0.0,1.0,0.0,0.0,2.0
5761,0.0025876850101848917,0.5589399621999366,0.0,0.1,893.1656471252483,281.93214089275943,0.0,1.0,0.0,0.0,2.0
5762,0.0003887532661251482,0.08397070548303201,1.0,0.1,900.2832451911517,279.178046513307,0.0,1.0,0.0,0.0,2.0
5763,0.0017607919826946033,0.3803310682620343,0.0,0.1,908.2539011040581,275.83059088507537,0.0,1.0,0.0,0.0,2.0
5764,,,,0.1,910.5050552560058,271.51289891967605,0.0,1.0,0.0,0.0,2.0
5765,,,,0.1,913.1798295775997,269.18605853836533,,,0.0,0.0,2.0
5766,,,,0.1,913.6423247221732,268.5656374015565,,,0.0,0.0,2.0
5767,,,,0.1,916.2252026750094,266.0322072418713,,,0.0,0.0,2.0
5768,0.00047193228569293745,0.10193737370967448,0.0,0.1,921.8741678917092,258.75454853278245,0.0,1.0,0.0,0.0,2.0
5769,0.000998489729621006,0.2156737815981373,0.0,0.1,929.4027667006533,256.12847757750853,0.0,1.0,0.0,0.0,2.0
5770,0.0016428352485624619,0.3548524136894918,0.0,0.1,934.5042848937768,255.62387244284383,0.0,1.0,0.0,0.0,2.0
5771,0.0027553956545812836,0.5951654613895573,0.0,0.1,937.0751630175205,249.71973703706513,0.0,1.0,0.0,0.0,2.0
5772,0.0018973071912314877,0.40981835330600136,0.0,0.1,942.0987464518458,246.01637298267974,0.0,1.0,0.0,0.0,2.0
5773,0.0028275168108081307,0.6107436311345562,0.0,0.1,949.4852952491782,247.53778505792562,0.0,1.0,0.0,0.0,2.0
5774,0.0011087559778988983,0.23949129122616206,0.0,0.1,952.4396168641365,242.49691639737526,0.0,1.0,0.0,0.0,2.0
5775,0.00119975975428707,0.25914810692600715,0.0,0.1,955.7571245402169,243.46327358406475,0.0,1.0,0.0,0.0,2.0
5776,0.0025670461148268498,0.5544819608025995,0.0,0.1,966.1279843575709,241.58347476311033,0.0,1.0,0.0,0.0,2.0
5777,0.0021724338427044493,0.46924571002416104,0.0,0.1,976.3510666807715,241.56041527332152,0.0,1.0,0.0,0.0,2.0
5778,0.000731320796608047,0.15796529206733817,0.0,0.1,986.8034317593134,243.78683244727077,0.0,1.0,0.0,0.0,2.0
5779,0.001772768289159229,0.3829179504583935,0.0,0.1,989.372353042641,242.693309736845,0.0,1.0,0.0,0.0,2.0
5780,0.002943235076408965,0.6357387765043364,0.0,0.1,991.8696435541256,239.53641939809944,0.0,1.0,0.0,0.0,2.0
5781,0.002769120105410398,0.5981299427686461,0.0,0.1,996.9372288483005,234.24859365335314,0.0,1.0,0.0,0.0,2.0
5782,0.00048418900624295623,0.10458482534847854,0.0,0.1,1003.5981195185814,229.97934825237115,0.0,1.0,0.0,0.0,2.0
5783,0.004135531962029074,0.89327490379828,0.0,0.1,1008.1208136102568,232.0395321282416,0.0,1.0,0.0,0.0,2.0
5784,0.0024020003411727416,0.5188320736933122,0.0,0.1,1016.037801082823,234.2672477357912,0.0,1.0,0.0,0.0,2.0
5785,0.0014120449384860776,0.30500170671299276,0.0,0.1,1021.4544934649082,236.74642134901728,0.0,1.0,0.0,0.0,2.0
5786,0.0010404900969015914,0.22474586093074375,0.0,0.1,1022.5942887540441,238.19862399543848,0.0,1.0,0.0,0.0,2.0
5787,0.0004223724197596478,0.09123244266808392,1.0,0.1,1029.6333746735006,245.38434077801006,0.0,1.0,0.0,0.0,2.0
5788,0.0019469509274599051,0.4205414003313395,0.0,0.1,1035.009276044186,249.178802664747,0.0,1.0,0.0,0.0,2.0
5789,0.001947918620303616,0.42075042198558105,0.0,0.1,1041.7628347313769,253.06644578376822,0.0,1.0,0.0,0.0,2.0
5790,0.0017534971248887217,0.3787553789759639,0.0,0.1,1046.4712729931944,258.0810871648601,0.0,1.0,0.0,0.0,2.0
5791,0.0020997892276176365,0.4535544731654095,0.0,0.1,1048.1928682612631,256.57219923436384,0.0,1.0,0.0,0.0,2.0
5792,0.00048262673566487846,0.10424737490361374,0.0,0.1,1049.6805098777975,252.5114631501077,0.0,1.0,0.0,0.0,2.0
5793,0.0014231855677412334,0.3074080826321064,0.0,0.1,1048.7130578329297,248.3828737755864,0.0,1.0,0.0,0.0,2.0
5794,0.0016375130768674251,0.35370282460336383,0.0,0.1,1049.0543856813076,242.3195024004963,0.0,1.0,0.0,0.0,2.0
5795,0.0014430480948730785,0.31169838849258497,0.0,0.1,1049.5289207107373,237.87900682977133,0.0,1.0,0.0,0.0,2.0
5796,0.00026654966467037764,0.057574727568801574,1.0,0.1,1049.2550623330017,234.57059035753252,0.0,1.0,0.0,0.0,2.0
5797,0.0008221788040863253,0.17759062168264628,0.0,0.1,1047.2669281656185,231.87825921072476,0.0,1.0,0.0,0.0,2.0
5798,0.0009831872445600937,0.21236844482498024,0.0,0.1,1044.3384585896877,224.0741367091307,0.0,1.0,0.0,0.0,2.0
5799,0.0011046356843556404,0.23860130782081831,0.0,0.1,1041.8279251259735,215.79569894880908,0.0,1.0,0.0,0.0,2.0
5800,0.0003874148710472291,0.0836816121462015,1.0,0.1,1037.3094732572142,206.7164676945225,0.0,1.0,0.0,0.0,2.0
5801,0.0014049636943881181,0.3034721579878335,0.0,0.1,1037.4925283048512,205.68185488725902,0.0,1.0,0.0,0.0,2.0
5802,0.0007700732508012173,0.16633582217306292,0.0,0.1,1037.8642894150776,205.25383899571278,0.0,1.0,0.0,0.0,2.0
5803,0.000944790406992329,0.20407472791034306,0.0,0.1,1033.1452381154552,199.23820917070296,0.0,1.0,0.0,0.0,2.0
5804,0.0004145041984998045,0.08953290687595777,1.0,0.1,1024.8840832196386,188.97514406905228,0.0,1.0,0.0,0.0,2.0
5805,0.0005320494568683132,0.11492268268355564,0.0,0.1,1016.3271065724545,178.73699175610307,0.0,1.0,0.0,0.0,2.0
5806,,,,0.1,1011.8161011868101,174.72915009468215,0.0,1.0,0.0,0.0,2.0
5807,,,,0.1,1000.2333548276071,162.13222719539363,,,0.0,0.0,2.0
5808,0.00033300921174143715,0.07192998973615042,1.0,0.1,988.9759311534506,149.90189848421798,0.0,1.0,0.0,0.0,2.0
5809,0.0003994262462975925,0.08627606920027998,1.0,0.1,987.0962814419801,146.8301789082858,0.0,1.0,0.0,0.0,2.0
5810,0.0003843656553208235,0.08302298154929787,1.0,0.1,984.8746478117903,143.0457927907329,0.0,1.0,0.0,0.0,2.0
5811,0.0006326860610163796,0.13666018917953798,0.0,0.1,974.2616532565783,128.51813165476742,0.0,1.0,0.0,0.0,2.0
5812,0.00017962884219822054,0.038799829914815634,1.0,0.1,969.7853331708383,119.02562574560334,0.0,1.0,0.0,0.0,2.0
5813,0.00014435372966387685,0.0311804056073974,1.0,0.1,962.1887541487117,108.45426999980022,0.0,1.0,0.0,0.0,2.0
5814,0.0003654361259246982,0.07893420319973482,1.0,0.1,956.5151357820578,101.05875581952314,0.0,1.0,0.0,0.0,2.0
5815,0.0014938183288261595,0.3226647590264505,0.0,0.1,954.2873984918454,97.64681041269,0.0,1.0,0.0,0.0,2.0
5816,0.0005060173492999854,0.10929974744879685,0.0,0.1,953.6702962293645,94.75923044955937,0.0,1.0,0.0,0.0,2.0
5817,0.0013618086433487015,0.29415066696331954,0.0,0.1,951.4845368331793,91.09532172254347,0.0,1.0,0.0,0.0,2.0
5818,0.0014336889858826275,0.3096768209506475,0.0,0.1,944.4030444031409,82.73609754842234,0.0,1.0,0.0,0.0,2.0
5819,0.0008396649550598359,0.18136763029292455,0.0,0.1,936.360343361941,74.56631762405738,0.0,1.0,0.0,0.0,2.0
5820,0.0010211997256794432,0.22057914074675972,0.0,0.1,932.9736328008187,70.27651597662413,0.0,1.0,0.0,0.0,2.0
5821,0.001392549052842136,0.30079059541390135,0.0,0.1,932.3209828170475,68.83978962513261,0.0,1.0,0.0,1.0,2.0
5822,0.0011794602286752864,0.2547634093938619,0.0,0.1,932.8224704709579,68.34274765368906,0.0,1.0,0.0,1.0,2.0
5823,0.00032744077282387827,0.07072720692995771,1.0,0.1,934.35361696337,66.18544077754265,0.0,1.0,0.0,1.0,2.0
5824,0.0012617625474881853,0.272540710257448,0.0,0.1,933.7116658767737,63.95773304283563,0.0,1.0,0.0,1.0,2.0
5825,0.0008331219632558058,0.17995434406325406,0.0,0.1,936.1360263435658,64.01411290811926,0.0,1.0,0.0,1.0,2.0
5826,0.000408351777146776,0.08820398386370362,1.0,0.1,936.2179094744872,63.76066463150416,0.0,1.0,0.0,1.0,2.0
5827,0.00019156451838593183,0.04137793597136128,1.0,0.1,939.0550978475243,66.44617106832176,0.0,1.0,0.0,1.0,2.0
5828,0.0008405868390909188,0.18156675724363844,0.0,0.1,943.2350103682593,70.4717283804976,0.0,1.0,0.0,0.0,2.0
5829,0.001672219305906317,0.36119937007576447,0.0,0.1,947.6789430887212,74.71522809726183,0.0,1.0,0.0,0.0,2.0
5830,0.0005286845516889359,0.11419586316481017,0.0,0.1,947.7181890987333,74.8623827961463,0.0,1.0,0.0,0.0,2.0
5831,0.0012169951992213263,0.2628709630318065,0.0,0.1,949.1251408085407,76.71188835460335,0.0,1.0,0.0,0.0,2.0
5832,0.0005975415426918069,0.1290689732214303,0.0,0.1,949.696433338835,77.3958781467931,0.0,1.0,0.0,0.0,2.0
5833,0.0014880878012722674,0.3214269650748098,0.0,0.1,948.398459215149,76.3760963161908,0.0,1.0,0.0,0.0,2.0
5834,0.0015576720576873189,0.33645716446046087,0.0,0.1,944.9024447576669,73.9376363282678,0.0,1.0,0.0,0.0,2.0
5835,0.0014379229244657111,0.3105913516845936,0.0,0.1,938.3573030551294,68.20342549307544,0.0,1.0,0.0,1.0,2.0
5836,0.00020496448255227778,0.044272328231292,1.0,0.1,931.7553302223106,62.85276345503819,0.0,1.0,0.0,1.0,2.0
5837,,,,0.1,,,0.0,1.0,,,2.0
5838,,,,0.1,908.4614746017994,41.58684067732537,,,0.0,1.0,2.0
5839,,,,0.1,896.9326589346517,30.05012092425172,,,0.0,1.0,2.0
5840,0.0021967388331924458,0.47449558796956826,0.0,0.1,911.7832628225225,44.40881816094007,0.0,1.0,0.0,1.0,2.0
5841,0.00024959034745819525,0.05391151505097018,1.0,0.1,902.7677297021957,42.10216653221192,0.0,1.0,0.0,1.0,2.0
5842,0.000614393388128179,0.13270897183568667,0.0,0.1,899.8192796011184,39.18042712141035,0.0,1.0,0.0,1.0,2.0
5843,0.0005504257932026242,0.11889197133176685,0.0,0.1,895.9613498460923,38.73349669119685,0.0,1.0,0.0,1.0,2.0
5844,0.0007456262005381551,0.1610552593162415,0.0,0.1,887.3294457149954,32.282252112491385,0.0,1.0,0.0,1.0,2.0
5845,0.0002247178188636963,0.0485390488745584,1.0,0.1,883.394987293148,30.068734863565762,0.0,1.0,0.0,1.0,2.0
5846,0.0007743596001603185,0.16726167363462882,0.0,0.1,881.2191618360799,29.451338277258515,0.0,1.0,0.0,1.0,2.0
5847,0.00014429689720710728,0.031168129796735174,1.0,0.1,877.4963750133182,29.995841078085878,0.0,1.0,0.0,1.0,2.0
5848,0.001711643317045653,0.3697149564818611,0.0,0.1,878.7016400448351,31.555073073967073,0.0,1.0,0.0,1.0,2.0
5849,0.0006074770737373093,0.1312150479272588,0.0,0.1,883.9185859361022,34.52003104985643,0.0,1.0,0.0,1.0,2.0
5850,0.00035515604614278157,0.07671370596684082,1.0,0.1,885.7716449333614,36.15387875921712,0.0,1.0,0.0,1.0,2.0
5851,0.00047040088905487724,0.10160659203585348,0.0,0.1,886.6649389045862,39.01422304955298,0.0,1.0,0.0,1.0,2.0
5852,0.0004203007883673283,0.09078497028734292,1.0,0.1,884.0523674833355,41.27092636808555,0.0,1.0,0.0,1.0,2.0
5853,0.00014137588269956164,0.03053719066310532,1.0,0.1,882.3693631811585,44.202305035083754,0.0,1.0,0.0,1.0,2.0
5854,0.0008282600953803923,0.17890418060216476,0.0,0.1,879.2864092899501,46.40788621699139,0.0,1.0,0.0,1.0,2.0
5855,0.001665969735150594,0.35984946279252833,0.0,0.1,875.9997040571902,47.29071315617765,0.0,1.0,0.0,1.0,2.0
5856,0.0015545705794101257,0.3357872451525872,0.0,0.1,875.8719962696191,53.503577368166134,0.0,1.0,0.0,1.0,2.0
5857,0.001393541814212873,0.30100503186998057,0.0,0.1,879.9221084637262,58.18732864567718,0.0,1.0,0.0,1.0,2.0
5858,0.0008395423184098352,0.18134114077652438,0.0,0.1,882.0076254449045,63.64843628145191,0.0,1.0,0.0,1.0,2.0
5859,0.00011999241016932183,0.025918360596573514,1.0,0.1,884.9058606373094,67.35739258211838,0.0,1.0,0.0,1.0,2.0
5860,0.0005773888210971739,0.12471598535698956,0.0,0.1,887.1326502519607,69.75846186149903,0.0,1.0,0.0,0.0,2.0
5861,0.0008645377744120019,0.18674015927299242,0.0,0.1,890.0695150260613,73.0089335319294,0.0,1.0,0.0,0.0,2.0
5862,0.0005563697201142301,0.1201758595446737,0.0,0.1,893.0414002228179,76.44155354807026,0.0,1.0,0.0,0.0,2.0
5863,0.0005305106856940257,0.11459030810990957,0.0,0.1,896.711515185148,83.15654362340784,0.0,1.0,0.0,0.0,2.0
5864,0.0006367868437825913,0.13754595825703972,0.0,0.1,899.5346655366246,88.04898247189426,0.0,1.0,0.0,0.0,2.0
5865,0.0012120359484598055,0.261799764867318,0.0,0.1,899.2765335814908,90.66961505952119,0.0,1.0,0.0,0.0,2.0
5866,0.0008614439875509861,0.186071901311013,0.0,0.1,898.4503589297583,96.07239068214493,0.0,1.0,0.0,0.0,2.0
5867,0.0018925467149062051,0.4087900904197403,0.0,0.1,903.9808269861004,99.35257036523258,0.0,1.0,0.0,0.0,2.0
5868,0.0006313302461313613,0.13636733316437405,0.0,0.1,906.8189889738325,101.62802469063492,0.0,1.0,0.0,0.0,2.0
5869,0.0007582193114757665,0.16377537127876557,0.0,0.1,,,0.0,1.0,,,2.0
5870,0.000800729171417781,0.17295750102624072,0.0,0.1,906.0152838318473,100.46012706809881,0.0,1.0,0.0,0.0,2.0
5871,0.0005126128299715452,0.11072437127385377,0.0,0.1,905.8807644437923,99.47268162174078,0.0,1.0,0.0,0.0,2.0
5872,0.0002968272366326953,0.06411468311266219,1.0,0.1,908.3742902379807,96.58943777735782,0.0,1.0,0.0,0.0,2.0
5873,0.00021668090842936642,0.046803076220743145,1.0,0.1,910.7683817379049,95.08558778410645,0.0,1.0,0.0,0.0,2.0
5874,0.0002699817437231761,0.05831605664420605,1.0,0.1,913.2908135188322,96.08174367083782,0.0,1.0,0.0,0.0,2.0
5875,0.0005399224330756388,0.11662324554433798,0.0,0.1,916.0151431532286,94.58431987839617,0.0,1.0,0.0,0.0,2.0
5876,0.0008477201391736116,0.18310755006150012,0.0,0.1,918.2093489337159,92.50031847965421,0.0,1.0,0.0,0.0,2.0
5877,0.000456735455553501,0.09865485839955622,1.0,0.1,923.0934232692799,93.30462343165752,0.0,1.0,0.0,0.0,2.0
5878,0.0008338422957460206,0.18010993588114044,0.0,0.1,930.0341996053021,96.5065126424171,0.0,1.0,0.0,0.0,2.0
5879,0.0010272909315141659,0.22189484120705982,0.0,0.1,942.1035215974393,103.46146439360027,0.0,1.0,0.0,0.0,2.0
5880,0.00017443509625683979,0.03767798079147739,1.0,0.1,949.6026299090921,108.5694846436649,0.0,1.0,0.0,0.0,2.0
5881,0.0003688938497927454,0.07968107155523302,1.0,0.1,960.7386794744632,119.5044532832469,0.0,1.0,0.0,0.0,2.0
5882,0.00033937580685214775,0.07330517428006392,1.0,0.1,967.179317264625,125.00721229233964,0.0,1.0,0.0,0.0,2.0
5883,0.0012543641306190802,0.2709426522137214,0.0,0.1,975.5465549629546,131.05657307915968,0.0,1.0,0.0,0.0,2.0
5884,0.0008914903804320542,0.1925619221733237,0.0,0.1,982.9549620682793,136.73349509827165,0.0,1.0,0.0,0.0,2.0
5885,0.0012033571802391634,0.2599251509316593,0.0,0.1,986.3019100362171,139.4629474852168,0.0,1.0,0.0,0.0,2.0
5886,0.0004491095556692062,0.09700766402454854,1.0,0.1,989.8955901796678,142.54996595109884,0.0,1.0,0.0,0.0,2.0
5887,0.00016481941905822494,0.03560099451657659,1.0,0.1,991.7383697258447,144.60113844845927,0.0,1.0,0.0,0.0,2.0
5888,0.0007766105553435584,0.16774787995420862,0.0,0.1,995.5066984421015,148.53547720504196,0.0,1.0,0.0,0.0,2.0
5889,0.0007095600538381251,0.15326497162903502,0.0,0.1,998.066860137446,151.2680914370149,0.0,1.0,0.0,0.0,2.0
5890,0.0002654484655254831,0.05733686855350435,1.0,0.1,1000.0234315778031,152.0007036706155,0.0,1.0,0.0,0.0,2.0
5891,0.0006310360490549945,0.13630378659587883,0.0,0.1,1001.1673893488617,152.91418495479306,0.0,1.0,0.0,0.0,2.0
5892,0.001026450506953322,0.22171330950191756,0.0,0.1,1000.2601758227249,151.61301975470272,0.0,1.0,0.0,0.0,2.0
5893,0.0003872581071114153,0.0836477511360657,1.0,0.1,1001.5904732489336,151.62224579407453,0.0,1.0,0.0,0.0,2.0
5894,0.0004346413002792447,0.09388252086031686,1.0,0.1,1003.845695736779,154.04582790321317,0.0,1.0,0.0,0.0,2.0
5895,0.000322747599076257,0.06971348140047151,1.0,0.1,1006.6321055676093,156.75799245588752,0.0,1.0,0.0,0.0,2.0
5896,0.0006936873472716583,0.1498364670106782,0.0,0.1,1007.786542688416,158.5328458796014,0.0,1.0,0.0,0.0,2.0
5897,0.0006385010510715461,0.13791622703145395,0.0,0.1,1008.7390719496315,161.07402165850854,0.0,1.0,0.0,0.0,2.0
5898,0.0006033836320409717,0.13033086452084988,0.0,0.1,1009.7158106185076,163.34796767318633,0.0,1.0,0.0,0.0,2.0
5899,0.0008317317608639732,0.1796540603466182,0.0,0.1,1009.2127590027761,164.6172133130919,0.0,1.0,0.0,0.0,2.0
5900,0.00012218339678655876,0.026391613705896693,1.0,0.1,1011.5044115690074,168.85944022704837,0.0,1.0,0.0,0.0,2.0
5901,0.0007263131996031844,0.15688365111428784,0.0,0.1,1010.7087200512277,168.44443139856799,0.0,1.0,0.0,0.0,2.0
5902,0.0010746826342031522,0.23213144898788088,0.0,0.1,1008.2488371618065,166.7879514129645,0.0,1.0,0.0,0.0,2.0
5903,0.0007485509759019884,0.1616870107948295,0.0,0.1,1002.7728458733137,163.19966414725815,0.0,1.0,0.0,0.0,2.0
5904,0.0003232032492752058,0.06981190184344446,1.0,0.1,996.2234971520568,158.59725002697084,0.0,1.0,0.0,0.0,2.0
5905,0.0006812929075497082,0.14715926803073698,0.0,0.1,994.2469709961209,157.7976988073938,0.0,1.0,0.0,0.0,2.0
5906,0.00044086819666889197,0.09522753048048067,1.0,0.1,992.9064383168793,158.15679026166632,0.0,1.0,0.0,0.0,2.0
5907,0.0001907216268578805,0.04119587140130219,1.0,0.1,989.5453930598852,154.95068204042258,0.0,1.0,0.0,0.0,2.0
5908,0.00023911733906988112,0.05164934523909432,1.0,0.1,987.0357118757252,152.065246137883,0.0,1.0,0.0,0.0,2.0
5909,0.0005051318271075754,0.10910847465523628,0.0,0.1,981.5626660067101,145.28574120003054,0.0,1.0,0.0,0.0,2.0
5910,0.0005165487923920672,0.11157453915668653,0.0,0.1,971.2264825557676,131.88332699362138,0.0,1.0,0.0,0.0,2.0
5911,0.0005840645749121894,0.1261579481810329,0.0,0.1,959.399904910436,117.81312055836982,0.0,1.0,0.0,0.0,2.0
5912,0.0009420584198538852,0.20348461868843923,0.0,0.1,942.3417959707311,102.55806102864962,0.0,1.0,0.0,0.0,2.0
5913,0.0008623400201330685,0.1862654443487428,0.0,0.1,923.4790007463413,91.42907546313711,0.0,1.0,0.0,0.0,2.0
5914,0.0023774805620096822,0.5135358013940914,0.0,0.1,914.8525868517286,86.00713913358378,0.0,1.0,0.0,0.0,2.0
5915,0.0007832539383160506,0.16918285067626693,0.0,0.1,896.4033154246101,80.87685762377325,0.0,1.0,0.0,0.0,2.0
5916,0.0013783219463181593,0.2977175404047224,0.0,0.1,877.7462597049678,78.94443971669584,0.0,1.0,0.0,0.0,2.0
5917,0.0006667911751748676,0.1440268938377714,0.0,0.1,861.7843178880426,79.83796436470561,0.0,1.0,0.0,0.0,2.0
5918,0.0008917716479011587,0.19262267594665028,0.0,0.1,856.3033606291372,81.81004819903113,0.0,1.0,0.0,0.0,2.0
5919,0.0004447451715472949,0.0960649570542157,1.0,0.1,850.7183484627839,83.9422042636909,0.0,1.0,0.0,0.0,2.0
5920,0.000587106756712397,0.12681505944987775,0.0,0.1,845.4887153752966,84.99759145843164,0.0,1.0,0.0,0.0,2.0
5921,0.0011999650058044213,0.259192441253755,0.0,0.1,840.7979922795413,86.70243615732956,0.0,1.0,0.0,0.0,2.0
5922,0.0003279018792723802,0.07082680592283412,1.0,0.1,835.5565611310517,85.63862336961891,0.0,1.0,0.0,0.0,2.0
5923,0.0016604549592780728,0.35865827120406374,0.0,0.1,833.2090109258659,84.90020736251218,0.0,1.0,0.0,0.0,2.0
5924,0.000737470908014614,0.15929371613115662,0.0,0.1,828.651643254969,85.49301980989206,0.0,1.0,0.0,0.0,2.0
5925,0.0006523865625389821,0.14091549750842014,0.0,0.1,825.5008495454042,86.26924212888565,0.0,1.0,0.0,0.0,2.0
5926,0.0007708393088742045,0.16650129071682818,0.0,0.1,824.2577297398304,86.89343029035562,0.0,1.0,0.0,0.0,2.0
5927,0.0002790963957237912,0.0602848214763389,1.0,0.1,823.3843307487001,87.62337451787933,0.0,1.0,0.0,0.0,2.0
5928,0.0006743896905293421,0.1456681731543379,0.0,0.1,823.5460480579155,87.6972797107097,0.0,1.0,0.0,0.0,2.0
5929,0.00033430946052763147,0.0722108434739684,1.0,0.1,825.8987501197516,82.42682788640938,0.0,1.0,0.0,0.0,2.0
5930,0.0003814831383880662,0.0824003578918223,1.0,0.1,827.9260670401391,79.82742059295683,0.0,1.0,0.0,0.0,2.0
5931,0.00018917181592068688,0.04086111223886837,1.0,0.1,826.6123139482215,78.82449082363489,0.0,1.0,0.0,0.0,2.0
5932,9.681628303705187e-05,0.020912317136003205,1.0,0.1,824.0658604750671,80.51837653687843,0.0,1.0,0.0,0.0,2.0
5933,0.00013543182339776852,0.029253273853918002,1.0,0.1,817.5372644817528,87.63912325887331,0.0,1.0,0.0,0.0,2.0
5934,0.00011404273575706284,0.02463323092352557,1.0,0.1,814.1081310893036,92.8336213839875,0.0,1.0,0.0,0.0,2.0
5935,0.00021795779335369346,0.04707888336439779,1.0,0.1,810.9362738879348,97.91264760035978,0.0,1.0,0.0,0.0,2.0
5936,0.00037279295069181026,0.08052327734943102,1.0,0.1,809.154167990945,102.16119571290508,0.0,1.0,0.0,0.0,2.0
5937,0.0003520996931772416,0.07605353372628418,1.0,0.1,807.0552061392118,110.96748770557767,0.0,1.0,0.0,0.0,2.0
5938,0.00031133893680329643,0.06724921034951202,1.0,0.1,800.0830932367294,120.33938134748755,0.0,1.0,0.0,0.0,2.0
5939,0.0006984496325432307,0.15086512062933782,0.0,0.1,796.2251318635879,131.90417704250572,0.0,1.0,0.0,0.0,2.0
5940,0.000151581989203427,0.03274170966794023,1.0,0.1,789.7866069816137,144.45376168026462,0.0,1.0,0.0,0.0,2.0
5941,0.0012715022126255837,0.2746444779271261,0.0,0.1,786.297480465405,149.2515033916255,0.0,1.0,0.0,0.0,2.0
5942,0.0008562184318755138,0.184943181285111,0.0,0.1,781.6210014867288,160.02717259582937,0.0,1.0,0.0,0.0,2.0
5943,0.0009443214895330758,0.2039734417391444,0.0,0.1,777.1365181817924,165.72952401263115,0.0,1.0,0.0,0.0,2.0
5944,0.0011439027397927449,0.24708299179523294,0.0,0.1,771.7888315648183,172.60182117504255,0.0,1.0,0.0,0.0,2.0
5945,0.001049913316501646,0.22678127636435552,0.0,0.1,762.164111012614,179.39993223685377,0.0,1.0,0.0,0.0,2.0
5946,0.001375880262131673,0.29719013662044136,0.0,0.1,758.8930435477523,182.57147440385947,0.0,1.0,0.0,0.0,2.0
5947,0.0016918968682822935,0.36544972354897537,0.0,0.1,752.7530774157663,188.34973819608055,0.0,1.0,0.0,0.0,2.0
5948,0.0025507426718919144,0.5509604171286536,0.0,0.1,746.5800896594895,194.90094564564103,0.0,1.0,0.0,0.0,2.0
5949,0.0005910699555082544,0.12767111038978296,0.0,0.1,740.7860137799984,199.66792450246402,0.0,1.0,0.0,0.0,2.0
5950,0.0011907425328164356,0.2572003870883501,0.0,0.1,737.5987825473823,203.28694252289458,0.0,1.0,0.0,0.0,2.0
5951,0.0005159617229888621,0.11144773216559423,0.0,0.1,729.0458256743578,211.19028814921944,0.0,1.0,0.0,0.0,2.0
5952,0.001496151364553625,0.323168694743583,0.0,0.1,726.7140305696935,216.002997427258,0.0,1.0,0.0,0.0,2.0
5953,0.0005423986205094452,0.11715810203004016,0.0,0.1,728.1036059724265,218.461745176723,0.0,1.0,0.0,0.0,2.0
5954,0.00021178973605036203,0.0457465829868782,1.0,0.1,727.7210326067562,219.51965106705305,0.0,1.0,0.0,0.0,2.0
5955,0.00045835381799501606,0.09900442468692347,1.0,0.1,727.1579345206535,222.6970906858692,0.0,1.0,0.0,0.0,2.0
5956,0.0012152930193838197,0.26250329218690505,0.0,0.1,728.2917002216168,224.9425135790094,0.0,1.0,0.0,0.0,2.0
5957,0.0012380756576277367,0.26742434204759113,0.0,0.1,730.2367977721694,224.21701904729446,0.0,1.0,0.0,0.0,2.0
5958,0.0006075584165948824,0.1312326179844946,0.0,0.1,732.3844016488672,217.4679252422084,0.0,1.0,0.0,0.0,2.0
5959,0.00042197824187197134,0.09114730024434581,1.0,0.1,732.5077426024286,213.206927244147,0.0,1.0,0.0,0.0,2.0
5960,0.0002670215959630968,0.05767666472802891,1.0,0.1,728.6941695490182,212.40523428226493,0.0,1.0,0.0,0.0,2.0
5961,0.0005889094460222935,0.1272044403408154,0.0,0.1,725.8174682196644,213.56511309683881,0.0,1.0,0.0,0.0,2.0
5962,0.0008469794310169543,0.18294755709966215,0.0,0.1,724.2342813912877,214.39429578030808,0.0,1.0,0.0,0.0,2.0
5963,0.0002698043209913529,0.058277733334132234,1.0,0.1,720.6571922687822,216.67367194079603,0.0,1.0,0.0,0.0,2.0
5964,0.00045751081010434727,0.098822334982539,1.0,0.1,718.4744329981038,218.11481058899798,0.0,1.0,0.0,0.0,2.0
5965,0.00019022491506795128,0.04108858165467748,1.0,0.1,713.3708780670137,219.90032504007505,0.0,1.0,0.0,0.0,2.0
5966,0.00035789182295963153,0.07730463375928041,1.0,0.1,709.6997838905679,222.3317430858534,0.0,1.0,0.0,0.0,2.0
5967,0.00028769856540725993,0.06214289012796814,1.0,0.1,710.7673311131936,221.71752727685026,0.0,1.0,0.0,0.0,2.0
5968,0.0011104983417353235,0.23986764181482992,0.0,0.1,712.4078180111019,220.01804765864821,0.0,1.0,0.0,0.0,2.0
5969,0.0011914045846661155,0.257343390287881,0.0,0.1,719.4449657604363,215.61345391337682,0.0,1.0,0.0,0.0,2.0
5970,0.0008683047474754218,0.1875538254546911,0.0,0.1,726.8052297869839,210.48086776008725,0.0,1.0,0.0,0.0,2.0
5971,0.0019470383053434555,0.4205602739541864,0.0,0.1,733.3659882850989,197.90760362742301,0.0,1.0,0.0,0.0,2.0
5972,0.000402044421547329,0.08684159505422306,1.0,0.1,735.070889260075,192.97764514705585,0.0,1.0,0.0,0.0,2.0
5973,0.00037739983608737826,0.0815183645948737,1.0,0.1,737.0074482119601,190.47141849148275,0.0,1.0,0.0,0.0,2.0
5974,0.0003175945067794045,0.06860041346435138,1.0,0.1,737.6842785423004,189.41700502813524,0.0,1.0,0.0,0.0,2.0
5975,0.0003044378054590875,0.06575856597916291,1.0,0.1,738.2585878354295,188.03556516185128,0.0,1.0,0.0,0.0,2.0
5976,0.00012224160142972293,0.02640418590882015,1.0,0.1,744.9835636785809,183.90632109642934,0.0,1.0,0.0,0.0,2.0
5977,0.00023487438540073657,0.0507328672465591,1.0,0.1,745.197036447954,183.78645627860618,0.0,1.0,0.0,0.0,2.0
5978,0.00026526931655189244,0.05729817237520877,1.0,0.1,744.5036680812243,182.93336522003887,0.0,1.0,0.0,0.0,2.0
5979,0.00033760892389811766,0.07292352756199343,1.0,0.1,741.6624024630186,183.45931776876685,0.0,1.0,0.0,0.0,2.0
5980,0.0001725624206904068,0.03727348286912787,1.0,0.1,738.5515643245096,183.76316759396954,0.0,1.0,0.0,0.0,2.0
5981,0.00015283612583969768,0.0330126031813747,1.0,0.1,736.5593669769697,185.90172478874848,0.0,1.0,0.0,0.0,2.0
5982,0.0008159352109445438,0.17624200556402148,0.0,0.1,735.1754931445455,187.03251260058246,0.0,1.0,0.0,0.0,2.0
5983,0.0007465198604936763,0.1612482898666341,0.0,0.1,733.8830205146186,187.86765019741586,0.0,1.0,0.0,0.0,2.0
5984,0.0005023130873758824,0.10849962687319059,0.0,0.1,731.7033041535732,188.754723997686,0.0,1.0,0.0,0.0,2.0
5985,0.0005626229788602404,0.12152656343381193,0.0,0.1,727.8878862209211,192.61670189044702,0.0,1.0,0.0,0.0,2.0
5986,0.00046538901706164607,0.10052402768531554,0.0,0.1,725.3628572936315,195.4156156914085,0.0,1.0,0.0,0.0,2.0
5987,0.0007560716259543372,0.16331147120613682,0.0,0.1,721.9973766837322,198.8405636237397,0.0,1.0,0.0,0.0,2.0
5988,0.0002781338853857085,0.06007691924331304,1.0,0.1,721.6058542510692,201.16670353044293,0.0,1.0,0.0,0.0,2.0
5989,7.491565463743786e-05,0.01618178140168658,1.0,0.1,716.6296745263778,208.5188738679531,0.0,1.0,0.0,0.0,2.0
5990,0.0002643685760036511,0.057103612416788636,1.0,0.1,716.6969877060236,209.82392163364602,0.0,1.0,0.0,0.0,2.0
5991,0.0005463657946186315,0.1180150116376244,0.0,0.1,720.8846335734156,213.26072771525517,0.0,1.0,0.0,0.0,2.0
5992,0.0005116171407884869,0.11050930241031318,0.0,0.1,726.768648680176,221.00814595033478,0.0,1.0,0.0,0.0,2.0
5993,0.001009104149660545,0.21796649632667775,0.0,0.1,729.9944715573889,227.2723266590823,0.0,1.0,0.0,0.0,2.0
5994,0.000231129587734197,0.049923990950586555,1.0,0.1,731.875256943251,233.64189344362208,0.0,1.0,0.0,0.0,2.0
5995,0.0003392100784840681,0.07326937695255871,1.0,0.1,732.0426651093236,237.49640080882443,0.0,1.0,0.0,0.0,2.0
5996,0.00029822161922976094,0.06441586975362837,1.0,0.1,727.5206829978914,242.84746610034577,0.0,1.0,0.0,0.0,2.0
5997,0.0008018958405114019,0.1732095015504628,0.0,0.1,725.9743110397814,247.12430678037424,0.0,1.0,0.0,0.0,2.0
5998,9.816408764459397e-05,0.021203442931232296,1.0,0.1,729.9389047504158,249.62068010235814,0.0,1.0,0.0,0.0,2.0
5999,0.00015620793414425718,0.03374091377515955,1.0,0.1,732.0785605247934,250.56541609145293,0.0,1.0,0.0,0.0,2.0
6000,0.0001977294220415832,0.04270955516098197,1.0,0.1,736.1139376584584,253.19867967215606,0.0,1.0,0.0,0.0,2.0
6001,0.00027239167983640736,0.05883660284466399,1.0,0.1,739.5528502248699,257.9321104610657,0.0,1.0,0.0,0.0,2.0
6002,0.0005668955912223414,0.12244944770402573,0.0,0.1,739.3594867753472,263.59066373678235,0.0,1.0,0.0,0.0,2.0
6003,0.0004191993510867204,0.0905470598347316,1.0,0.1,738.1028445914557,265.0990793004321,0.0,1.0,0.0,0.0,2.0
6004,0.0007034364435186228,0.1519422718000225,0.0,0.1,738.162287484124,265.60346506092367,0.0,1.0,0.0,0.0,2.0
6005,0.0007210157909757533,0.1557394108507627,0.0,0.1,741.2074019372781,266.3153509310789,0.0,1.0,0.0,0.0,2.0
6006,0.0008857671922920131,0.19132571353507485,0.0,0.1,744.698647880477,268.9889611921368,0.0,1.0,0.0,0.0,2.0
6007,0.0011472185961954216,0.24779921677821107,0.0,0.1,745.3778753089464,273.26838502170204,0.0,1.0,0.0,0.0,2.0
6008,0.0007359743908634494,0.15897046842650506,0.0,0.1,744.9303983601715,276.44898852463035,0.0,1.0,0.0,0.0,2.0
6009,0.0008816681661728175,0.1904403238933286,0.0,0.1,746.8063708567344,279.7765965106489,0.0,1.0,0.0,0.0,2.0
6010,0.00048458695547633977,0.10467078238288939,0.0,0.1,753.8976165178814,286.0158447577636,0.0,1.0,0.0,0.0,2.0
6011,0.0011584722325868053,0.25023000223874997,0.0,0.1,762.6914786446468,288.899194709658,0.0,1.0,0.0,0.0,2.0
6012,0.0002793139688385861,0.0603318172691346,1.0,0.1,770.020254367738,287.97179339917585,0.0,1.0,0.0,0.0,2.0
6013,0.00032698879005210784,0.07062957865125528,1.0,0.1,770.3849985247875,288.22166275504094,0.0,1.0,0.0,0.0,2.0
6014,0.0005421505986779139,0.1171045293144294,0.0,0.1,776.4125305211427,287.3398870774532,0.0,1.0,0.0,0.0,2.0
6015,0.0004614839334017604,0.09968052961478024,1.0,0.1,782.0321631541963,286.1798850441527,0.0,1.0,0.0,0.0,2.0
6016,0.0008465788238538242,0.18286102595242604,0.0,0.1,784.1056886481605,287.92293731315914,0.0,1.0,0.0,0.0,2.0
6017,0.0008017798590758649,0.1731844495603868,0.0,0.1,784.9617076394469,289.9511904413241,0.0,1.0,0.0,0.0,2.0
6018,0.0017223481276245464,0.37202719556690206,0.0,0.1,784.2644163651742,295.4448630065535,0.0,1.0,0.0,0.0,2.0
6019,0.0009842291939914415,0.21259350590215137,0.0,0.1,784.9313552114654,300.4206011911527,0.0,1.0,0.0,0.0,2.0
6020,0.0007552367335686128,0.16313113445082036,0.0,0.1,788.3123148248749,294.16859824585623,0.0,1.0,0.0,0.0,2.0
6021,0.000316449039534067,0.06835299253935848,1.0,0.1,787.3470064129294,284.2275817248715,0.0,1.0,0.0,0.0,2.0
6022,0.0006402419211042785,0.13829225495852415,0.0,0.1,786.2664793240431,279.54311402642696,0.0,1.0,0.0,0.0,2.0
6023,0.000457841519826723,0.09889376828257218,1.0,0.1,785.1468899890622,269.691652067004,0.0,1.0,0.0,0.0,2.0
6024,0.0003852254658844026,0.08320870063103097,1.0,0.1,783.2416998812862,260.36766349538135,0.0,1.0,0.0,0.0,2.0
6025,0.00034264903103097157,0.07401219070268986,1.0,0.1,783.8552979864129,254.5880374617566,0.0,1.0,0.0,0.0,2.0
6026,0.00015761952565456684,0.03404581754138644,1.0,0.1,785.2766649429898,250.4601192377111,0.0,1.0,0.0,0.0,2.0
6027,0.00027613011237105596,0.059644104272148085,1.0,0.1,792.1797906958521,248.76701099468255,0.0,1.0,0.0,0.0,2.0
6028,0.000293980712341569,0.06349983386577891,1.0,0.1,,,0.0,1.0,,,2.0
6029,0.00086016904163159,0.18579651299242345,0.0,0.1,798.3552530769114,245.0259968517373,0.0,1.0,0.0,0.0,2.0
6030,0.0003432452659659619,0.07414097744864778,1.0,0.1,797.1493863847342,240.58501615221095,0.0,1.0,0.0,0.0,2.0
6031,0.0012833868371064517,0.2772115568149936,0.0,0.1,,,0.0,1.0,,,2.0
6032,0.0008752581762758038,0.18905576607557364,0.0,0.1,,,0.0,1.0,,,2.0
6033,0.0013259521988419137,0.28640567494985336,0.0,0.1,801.3740106592383,235.62385986456275,0.0,1.0,0.0,0.0,2.0
6034,0.000632812844260562,0.1366875743602814,0.0,0.1,802.6909509236148,237.0024531181274,0.0,1.0,0.0,0.0,2.0
6035,0.0004002368896604445,0.08645116816665602,1.0,0.1,800.9797454113944,239.79854742465952,0.0,1.0,0.0,0.0,2.0
6036,0.0007929246046580518,0.17127171460613919,0.0,0.1,799.6391157814837,246.6853577737609,0.0,1.0,0.0,0.0,2.0
6037,0.0001676376647303977,0.0362097355817659,1.0,0.1,796.3510061629057,256.22890097038845,0.0,1.0,0.0,0.0,2.0
6038,0.00012795339512546426,0.02763793334710028,1.0,0.1,794.5499963305841,263.49732283156663,0.0,1.0,0.0,0.0,2.0
6039,0.00032317437720410597,0.06980566547608688,1.0,0.1,790.7983441877665,267.00687858702304,0.0,1.0,0.0,0.0,2.0
6040,0.0003287558270184992,0.07101125863599583,1.0,0.1,788.8262411629111,267.13416785915973,0.0,1.0,0.0,0.0,2.0
6041,0.0003526245297875835,0.07616689843411803,1.0,0.1,787.1544197545239,268.5516464702436,0.0,1.0,0.0,0.0,2.0
6042,0.0002874501784880577,0.06208923855342047,1.0,0.1,784.627735349389,269.59711355815256,0.0,1.0,0.0,0.0,2.0
6043,0.000285158178719846,0.06159416660348673,1.0,0.1,784.6577968631921,271.8675291798154,0.0,1.0,0.0,0.0,2.0
6044,0.00047612615371111995,0.10284324920160191,0.0,0.1,785.2179355069251,273.218802301542,0.0,1.0,0.0,0.0,2.0
6045,0.00038555449856787945,0.08327977169066196,1.0,0.1,785.2763035531744,271.9823670882387,0.0,1.0,0.0,0.0,2.0
6046,0.0005386269139342406,0.11634341340979597,0.0,0.1,789.6364785346293,265.74670750387935,0.0,1.0,0.0,0.0,2.0
6047,0.0009000192755829701,0.19440416352592155,0.0,0.1,797.7551437230109,264.40036100357383,0.0,1.0,0.0,0.0,2.0
6048,0.00046231679430774577,0.09986042757047309,1.0,0.1,804.2980753183718,262.68746779293383,0.0,1.0,0.0,0.0,2.0
6049,9.906354147001344e-05,0.0213977249575229,1.0,0.1,808.1483886130528,263.04566330290055,0.0,1.0,0.0,0.0,2.0
6050,0.00048677895382772334,0.10514425402678824,0.0,0.1,816.7795069878853,267.13041573730106,0.0,1.0,0.0,0.0,2.0
6051,0.0006715712787972749,0.14505939622021138,0.0,0.1,824.181071479581,269.6960538888108,0.0,1.0,0.0,0.0,2.0
6052,0.0008005130886748623,0.17291082715377026,0.0,0.1,828.2069412346524,271.3763151685796,0.0,1.0,0.0,0.0,2.0
6053,0.0004225118738618172,0.09126256475415251,1.0,0.1,831.2926385578891,270.1102234251454,0.0,1.0,0.0,0.0,2.0
6054,0.00023456558881170212,0.05066616718332766,1.0,0.1,832.7403441980265,270.5498327261011,0.0,1.0,0.0,0.0,2.0
6055,0.0013448776808732891,0.29049357906863044,0.0,0.1,833.6029137432683,270.0892413054433,0.0,1.0,0.0,0.0,2.0
6056,0.00016815011181126657,0.03632042415123358,1.0,0.1,827.837690564362,267.38919616259614,0.0,1.0,0.0,0.0,2.0
6057,0.0006947498489543226,0.15006596737413366,0.0,0.1,827.363096129253,266.2044496038571,0.0,1.0,0.0,0.0,2.0
6058,0.00018483959597206763,0.039925352729966605,1.0,0.1,827.38437301373,264.718998357071,0.0,1.0,0.0,0.0,2.0
6059,0.000613424507235611,0.13249969356289198,0.0,0.1,826.8039079875999,262.6997902190402,0.0,1.0,0.0,0.0,2.0
6060,0.00025982851568456697,0.05612295938786647,1.0,0.1,823.426669527588,262.3770438656434,0.0,1.0,0.0,0.0,2.0
6061,0.0002058616499315558,0.044466116385216053,1.0,0.1,821.6944376853671,264.7971596992345,0.0,1.0,0.0,0.0,2.0
6062,0.0002702992488188305,0.058384637744867386,1.0,0.1,819.3385527722855,266.3946629250698,0.0,1.0,0.0,0.0,2.0
6063,0.00028606241862324605,0.061789482422621146,1.0,0.1,819.109552857699,267.5561394386011,0.0,1.0,0.0,0.0,2.0
6064,0.0021172685244774917,0.4573300012871382,0.0,0.1,819.235167914271,264.7500038092957,0.0,1.0,0.0,0.0,2.0
6065,0.0008298771024422075,0.17925345412751684,0.0,0.1,819.6887404091051,259.89655924179687,0.0,1.0,0.0,0.0,2.0
6066,0.00041460839197872016,0.08955541266740356,1.0,0.1,819.3098126086129,255.44866222196026,0.0,1.0,0.0,0.0,2.0
6067,0.00040086403997561176,0.08658663263473214,1.0,0.1,819.2348757624239,252.73141440330463,0.0,1.0,0.0,0.0,2.0
6068,0.0009212755238579001,0.19899551315330644,0.0,0.1,,,0.0,1.0,,,2.0
6069,0.0003517840111231545,0.07598534640260138,1.0,0.1,,,0.0,1.0,,,2.0
6070,0.0007894408498217738,0.17051922356150315,0.0,0.1,,,0.0,1.0,,,2.0
6071,0.0013332580708749645,0.2879837433089923,0.0,0.1,,,0.0,1.0,,,2.0
6072,0.00048429278307223595,0.10460724114360297,0.0,0.1,,,0.0,1.0,,,2.0
6073,0.000817126213203967,0.17649926205205688,0.0,0.1,,,0.0,1.0,,,2.0
6074,0.00033118761742770606,0.07153652536438451,1.0,0.1,827.2115495218271,236.45044053187576,0.0,1.0,0.0,0.0,2.0
6075,0.0007318051097303522,0.15806990370175608,0.0,0.1,826.1496451983195,237.4036781007264,0.0,1.0,0.0,0.0,2.0
6076,0.0005785874608785097,0.1249748915497581,0.0,0.1,825.496975965043,236.67176574609132,0.0,1.0,0.0,0.0,2.0
6077,0.0007300052091680437,0.15768112518029745,0.0,0.1,823.5853213643102,237.3401751548819,0.0,1.0,0.0,0.0,2.0
6078,0.00015010874677637853,0.03242348930369777,1.0,0.1,817.1725107402937,240.23226537494793,0.0,1.0,0.0,0.0,2.0
6079,0.0002124722641214854,0.045894009050240846,1.0,0.1,810.8170990667099,246.79748424041128,0.0,1.0,0.0,0.0,2.0
6080,0.00014405588461830065,0.031116071077552942,1.0,0.1,806.6612753500424,253.9208577456516,0.0,1.0,0.0,0.0,2.0
6081,0.00015497087858236082,0.03347370977378994,1.0,0.1,804.3781519145201,255.5618942704414,0.0,1.0,0.0,0.0,2.0
6082,0.00037853920319713474,0.0817644678905811,1.0,0.1,805.0284915161662,257.46900259926036,0.0,1.0,0.0,0.0,2.0
6083,0.0006442749330006063,0.13916338552813096,0.0,0.1,814.0688400744067,253.91672979936604,0.0,1.0,0.0,0.0,2.0
6084,0.0002533565114409193,0.05472500647123857,1.0,0.1,824.0682481144134,249.78232851710624,0.0,1.0,0.0,0.0,2.0
6085,0.0007873232674302976,0.17006182576494427,0.0,0.1,826.631898577852,249.45375279704083,0.0,1.0,0.0,0.0,2.0
6086,0.0007049096770293098,0.1522604902383309,0.0,0.1,829.2678177836929,251.7733098920883,0.0,1.0,0.0,0.0,2.0
6087,0.0009505464961949824,0.2053180431781162,0.0,0.1,828.9473673200088,252.84593275334203,0.0,1.0,0.0,0.0,2.0
6088,0.00029857718055852913,0.0644926710006423,1.0,0.1,828.4375328484816,255.0131744587895,0.0,1.0,0.0,0.0,2.0
6089,0.0003486648440695836,0.07531160631903006,1.0,0.1,831.4783059341881,256.9912691084141,0.0,1.0,0.0,0.0,2.0
6090,0.0008558947365475131,0.18487326309426283,0.0,0.1,839.0538264534588,262.22148609117824,0.0,1.0,0.0,0.0,2.0
6091,0.0002573846911859618,0.05559509329616775,1.0,0.1,841.6853038761303,267.1329231365052,0.0,1.0,0.0,0.0,2.0
6092,0.0003159277313634228,0.06824038997449933,1.0,0.1,844.6637662477435,271.1834222063786,0.0,1.0,0.0,0.0,2.0
6093,4.263002975493078e-05,0.009208086427065049,1.0,0.1,845.8728319355823,275.22525309124757,0.0,1.0,0.0,0.0,2.0
6094,0.0001525774693144088,0.0329567333719123,1.0,0.1,845.782654486806,275.81660716314866,0.0,1.0,0.0,0.0,2.0
6095,0.0007989411547840692,0.17257128943335895,0.0,0.1,845.5638640901907,275.52031261776193,0.0,1.0,0.0,0.0,2.0
6096,0.0011161817261221034,0.24109525284237432,0.0,0.1,847.6255114619148,275.42279758828954,0.0,1.0,0.0,0.0,2.0
6097,6.768910432186053e-05,0.014620846533521874,1.0,0.1,857.2131545979829,275.9279096349289,0.0,1.0,0.0,0.0,2.0
6098,0.00018726004857568313,0.04044817049234756,1.0,0.1,,,0.0,1.0,,,2.0
6099,0.0011963865043596391,0.2584194849416821,0.0,0.1,,,0.0,1.0,,,2.0
6100,0.0006275163443906437,0.13554353038837902,0.0,0.1,,,0.0,1.0,,,2.0
6101,0.0003937574967093612,0.08505161928922203,1.0,0.1,855.5180998439405,270.44997960138784,0.0,1.0,0.0,0.0,2.0
6102,0.00021425918983915195,0.046279985005256825,1.0,0.1,855.0061276558323,271.4550316661978,0.0,1.0,0.0,0.0,2.0
6103,0.00020547498000721585,0.044382595681558626,1.0,0.1,854.447778457488,273.6655372046933,0.0,1.0,0.0,0.0,2.0
6104,0.00035952184914053736,0.07765671941435608,1.0,0.1,853.2691773520922,275.2172117375744,0.0,1.0,0.0,0.0,2.0
6105,0.00032865594026834004,0.07098968309796144,1.0,0.1,852.0786293204463,278.25829986934923,0.0,1.0,0.0,0.0,2.0
6106,0.000302377879093697,0.06531362188423856,1.0,0.1,850.6650049622293,284.08043844414624,0.0,1.0,0.0,0.0,2.0
6107,0.000498628694925643,0.10770379810393887,0.0,0.1,846.7464386838033,292.35851047530764,0.0,1.0,0.0,0.0,2.0
6108,8.298199815587684e-05,0.017924111601669398,1.0,0.1,846.7976575407683,296.6494706635624,0.0,1.0,0.0,0.0,2.0
6109,0.00041003335911824526,0.08856720556954098,1.0,0.1,845.377808070752,298.8263278095098,0.0,1.0,0.0,0.0,2.0
6110,0.0002821744303031605,0.060949676945482666,1.0,0.1,845.8044239207427,300.6000249012229,0.0,1.0,0.0,0.0,2.0
6111,0.0005613413567629259,0.12124973306079198,0.0,0.1,846.6010600622824,301.06906730667123,0.0,1.0,0.0,0.0,2.0
6112,0.0003549368001764218,0.0766663488381071,1.0,0.1,847.7015034567439,303.0984662892987,0.0,1.0,0.0,0.0,2.0
6113,0.00018969897325255594,0.04097497822255208,1.0,0.1,851.4007273474508,305.30809487580876,0.0,1.0,0.0,0.0,2.0
6114,0.0003305183849698037,0.0713919711534776,1.0,0.1,853.4595002176275,301.9932242740109,0.0,1.0,0.0,0.0,2.0
6115,0.0002995804246128237,0.06470937171636992,1.0,0.1,853.1369442077394,293.26779325303636,0.0,1.0,0.0,0.0,2.0
6116,0.000317368365248776,0.06855156689373562,1.0,0.1,854.35391359992,290.67342352731634,0.0,1.0,0.0,0.0,2.0
6117,0.0001460910736799996,0.031555671914879915,1.0,0.1,855.2528410411227,282.0686661340883,0.0,1.0,0.0,0.0,2.0
6118,0.00012161026217369044,0.026267816629517136,1.0,0.1,853.5485215153668,280.5086433531477,0.0,1.0,0.0,0.0,2.0
6119,0.00046383978402468227,0.10018939334933137,0.0,0.1,852.1423142827524,281.03194919889035,0.0,1.0,0.0,0.0,2.0
6120,0.00028075901416381145,0.06064394705938327,1.0,0.1,851.2733475857658,280.7776614426582,0.0,1.0,0.0,0.0,2.0
6121,0.00032154098122541753,0.0694528519446902,1.0,0.1,851.9611858585279,280.85165795602074,0.0,1.0,0.0,0.0,2.0
6122,0.00021198771332378328,0.04578934607793719,1.0,0.1,849.4130051359056,281.21404574654827,0.0,1.0,0.0,0.0,2.0
6123,0.0004883054611423636,0.10547397960675055,0.0,0.1,846.8069925236124,277.78087213433895,0.0,1.0,0.0,0.0,2.0
6124,0.00035921928150772715,0.07759136480566907,1.0,0.1,846.1283062525099,275.1339157397438,0.0,1.0,0.0,0.0,2.0
6125,0.0001971542523988567,0.042585318518153045,1.0,0.1,843.955338992698,272.2947800163292,0.0,1.0,0.0,0.0,2.0
6126,0.00026876367600538675,0.05805295401716353,1.0,0.1,843.8297273329189,271.37320133575287,0.0,1.0,0.0,0.0,2.0
6127,0.00017166193901761348,0.03707897882780451,1.0,0.1,842.6351256595705,271.3210610841669,0.0,1.0,0.0,0.0,2.0
6128,0.00029070764312523386,0.06279285091505052,1.0,0.1,842.118860820035,271.66308705949166,0.0,1.0,0.0,0.0,2.0
6129,0.00012878166042058526,0.027816838650846415,1.0,0.1,841.4622714787911,273.26220860733696,0.0,1.0,0.0,0.0,2.0
6130,0.00046262879433882305,0.09992781957718579,1.0,0.1,841.9628771732073,274.86791904311247,0.0,1.0,0.0,0.0,2.0
6131,0.00018054316489601307,0.038997323617538826,1.0,0.1,843.1355936625047,278.8700928588668,0.0,1.0,0.0,0.0,2.0
6132,0.00024454275547640836,0.05282123518290421,1.0,0.1,842.971742134087,279.8594934686241,0.0,1.0,0.0,0.0,2.0
6133,0.00012590686920802347,0.02719588374893307,1.0,0.1,843.2343263958313,278.6865204583685,0.0,1.0,0.0,0.0,2.0
6134,8.973636665494466e-05,0.019383055197468045,1.0,0.1,844.9822548167349,277.4762555943547,0.0,1.0,0.0,0.0,2.0
6135,0.00011191572954056068,0.024173797580761106,1.0,0.1,845.988343564384,277.2290113421095,0.0,1.0,0.0,0.0,2.0
6136,0.0004422899523954103,0.09553462971740863,1.0,0.1,848.5257338562129,276.538535396212,0.0,1.0,0.0,0.0,2.0
6137,0.00019017306688124593,0.04107738244634912,1.0,0.1,849.8680140805669,277.27730771212407,0.0,1.0,0.0,0.0,2.0
6138,0.0001956333978765303,0.042256813941330545,1.0,0.1,850.4596177375012,278.771205232515,0.0,1.0,0.0,0.0,2.0
6139,0.0005917219824389981,0.1278119482068236,0.0,0.1,851.367079393963,279.96842869574704,0.0,1.0,0.0,0.0,2.0
6140,2.4122038063184058e-05,0.005210360221647756,1.0,0.1,855.8613765848936,282.9304171537661,0.0,1.0,0.0,0.0,2.0
6141,0.00037629030781399753,0.08127870648782347,1.0,0.1,862.4894949317511,284.17762595473226,0.0,1.0,0.0,0.0,2.0
6142,0.0004312551868933652,0.09315112036896689,1.0,0.1,864.5718783082026,280.664642927146,0.0,1.0,0.0,0.0,2.0
6143,0.0005118831009507658,0.11056674980536542,0.0,0.1,865.0697385999247,278.2037826110805,0.0,1.0,0.0,0.0,2.0
6144,0.0010500834566389912,0.22681802663402212,0.0,0.1,865.3476447908149,275.7998816837833,0.0,1.0,0.0,0.0,2.0
6145,0.0024103668852614255,0.5206392472164679,0.0,0.1,864.2072341910625,272.84659685957683,0.0,1.0,0.0,0.0,2.0
6146,0.0009688566230293752,0.20927303057434504,0.0,0.1,869.3758983800866,268.9181148608019,0.0,1.0,0.0,0.0,2.0
6147,0.000905402078983198,0.19556684906037078,0.0,0.1,872.4525675720515,265.03090278473206,0.0,1.0,0.0,0.0,2.0
6148,0.0007202115119555356,0.1555656865823957,0.0,0.1,871.7394073051549,263.27004285607734,0.0,1.0,0.0,0.0,2.0
6149,0.0016213255804950239,0.35020632538692514,0.0,0.1,874.9501785671976,263.99603146959913,0.0,1.0,0.0,0.0,2.0
6150,0.0011132474364370021,0.24046144627039245,0.0,0.1,876.9816520906049,262.04742734525126,0.0,1.0,0.0,0.0,2.0
6151,0.00023743606739354937,0.051286190557006665,1.0,0.1,878.583431224627,259.05473247170505,0.0,1.0,0.0,0.0,2.0
6152,0.0005660372009642284,0.12226403540827334,0.0,0.1,877.5920440194992,255.7486334269678,0.0,1.0,0.0,0.0,2.0
6153,0.0006110407050201596,0.13198479228435447,0.0,0.1,874.208985924973,253.99144793980506,0.0,1.0,0.0,0.0,2.0
6154,0.0007734449467699064,0.16706410850229977,0.0,0.1,870.4332303529022,253.96866981875317,0.0,1.0,0.0,0.0,2.0
6155,0.00031313353686752694,0.06763684396338582,1.0,0.1,865.5456967304074,256.5970521413249,0.0,1.0,0.0,0.0,2.0
6156,0.0005839243350932411,0.1261276563801401,0.0,0.1,859.3226857976016,263.3440678862976,0.0,1.0,0.0,0.0,2.0
6157,0.00046366489750559146,0.10015161786120776,0.0,0.1,855.7817937804583,267.17636262330365,0.0,1.0,0.0,0.0,2.0
6158,0.0003590916319250336,0.07756379249580725,1.0,0.1,854.0428508942456,273.3089954981007,0.0,1.0,0.0,0.0,2.0
6159,0.0006896226024452717,0.1489584821281787,0.0,0.1,853.887171927052,274.2419210403175,0.0,1.0,0.0,0.0,2.0
6160,0.000796377206227336,0.17201747654510458,0.0,0.1,855.9511237915442,269.30308389417263,0.0,1.0,0.0,0.0,2.0
6161,0.00020846098781018558,0.045027573367000084,1.0,0.1,863.9648299629177,260.6133555934244,0.0,1.0,0.0,0.0,2.0
6162,0.00012739367381890094,0.0275170335448826,1.0,0.1,864.6739328224817,260.5201063046414,0.0,1.0,0.0,0.0,2.0
6163,0.00013535745449718724,0.029237210171392445,1.0,0.1,862.9260297739472,262.679818641042,0.0,1.0,0.0,0.0,2.0
6164,0.00015229450015721597,0.03289561203395865,1.0,0.1,860.6705644058015,266.4775661928821,0.0,1.0,0.0,0.0,2.0
6165,0.000147615114797637,0.031884864796289596,1.0,0.1,857.8042213463322,270.1121588309653,0.0,1.0,0.0,0.0,2.0
6166,0.00040887751168044246,0.08831754252297558,1.0,0.1,856.9143596140995,272.6973644046677,0.0,1.0,0.0,0.0,2.0
6167,0.0005477781306056627,0.11832007621082316,0.0,0.1,857.0071885366735,269.8411788642679,0.0,1.0,0.0,0.0,2.0
6168,0.00010349538584207205,0.02235500334188756,1.0,0.1,855.4331283918375,262.10088133374506,0.0,1.0,0.0,0.0,2.0
6169,0.0002032433116085379,0.04390055530744418,1.0,0.1,854.2095210263803,259.5092659794007,0.0,1.0,0.0,0.0,2.0
6170,0.00038350564307204686,0.08283721890356212,1.0,0.1,853.8657911731722,259.75844854466123,0.0,1.0,0.0,0.0,2.0
6171,0.0002140540943045393,0.04623568436978049,1.0,0.1,851.3098883194359,261.4229651761847,0.0,1.0,0.0,0.0,2.0
6172,9.23179668319346e-05,0.019940680835697874,1.0,0.1,850.5124247257843,264.66669872163044,0.0,1.0,0.0,0.0,2.0
6173,5.2858417314945134e-05,0.01141741814002815,1.0,0.1,852.5535540335139,267.9636240761192,0.0,1.0,0.0,0.0,2.0
6174,7.614009325481268e-05,0.01644626014303954,1.0,0.1,855.0214956709646,268.07311061591247,0.0,1.0,0.0,0.0,2.0
6175,0.00041278068792854205,0.08916062859256509,1.0,0.1,855.2221588102581,266.5663548263784,0.0,1.0,0.0,0.0,2.0
6176,0.00026978549274403804,0.058273666432712215,1.0,0.1,853.1955072321367,264.55497284900116,0.0,1.0,0.0,0.0,2.0
6177,0.00015147609063439091,0.03271883557702844,1.0,0.1,851.9820632332685,264.04657220109203,0.0,1.0,0.0,0.0,2.0
6178,0.00012555553887416427,0.027119996396819484,1.0,0.1,851.5866747826155,265.89123665610333,0.0,1.0,0.0,0.0,2.0
6179,0.0004246047850812623,0.09171463357755265,1.0,0.1,851.4298611404131,269.7090072795156,0.0,1.0,0.0,0.0,2.0
6180,0.00025905603566238154,0.05595610370307441,1.0,0.1,850.0313474164625,268.22427439749276,0.0,1.0,0.0,0.0,2.0
6181,0.0001664390721035935,0.0359508395743762,1.0,0.1,846.6961419725064,267.8959761619124,0.0,1.0,0.0,0.0,2.0
6182,0.0005184952388568648,0.1119949715930828,0.0,0.1,844.3567082313692,265.602892804751,0.0,1.0,0.0,0.0,2.0
6183,0.00029711254415547197,0.06417630953758195,1.0,0.1,843.5087317708264,265.02084002684364,0.0,1.0,0.0,0.0,2.0
6184,0.00010067657829488376,0.021746140911694894,1.0,0.1,843.8147280919575,263.54563273970336,0.0,1.0,0.0,0.0,2.0
6185,0.00012610984480127576,0.027239726477075565,1.0,0.1,844.6894406141065,261.9048525344383,0.0,1.0,0.0,0.0,2.0
6186,8.966116667607173e-05,0.019366812002031494,1.0,0.1,845.7944181794031,261.0483029655791,0.0,1.0,0.0,0.0,2.0
6187,2.2034317300265082e-05,0.004759412536857258,1.0,0.1,846.1272445572406,260.9695415215385,0.0,1.0,0.0,0.0,2.0
6188,0.0002734656417699067,0.059068578622299854,1.0,0.1,846.8632093054385,260.7165829510322,0.0,1.0,0.0,0.0,2.0
6189,0.0006881833456123256,0.14864760265226235,0.0,0.1,849.0463391603355,260.4179806735179,0.0,1.0,0.0,0.0,2.0
6190,0.0005102945754354524,0.11022362829405773,0.0,0.1,849.9414091648351,262.38539486444586,0.0,1.0,0.0,0.0,2.0
6191,0.00020133543537238332,0.0434884540404348,1.0,0.1,846.0127760103665,264.12657185652563,0.0,1.0,0.0,0.0,2.0
6192,0.0004615610361632942,0.09969718381127154,1.0,0.1,848.2901024356622,260.8975304277889,0.0,1.0,0.0,0.0,2.0
6193,0.00011759403738279182,0.025400312074683032,1.0,0.1,848.5750717214377,259.18754110817184,0.0,1.0,0.0,0.0,2.0
6194,0.00041634256024381243,0.0899299930126635,1.0,0.1,846.2781319844887,255.40506947160085,0.0,1.0,0.0,0.0,2.0
6195,0.00046020574335802736,0.09940444056533392,1.0,0.1,846.0111201655112,252.92489115930007,0.0,1.0,0.0,0.0,2.0
6196,0.00019699707042999015,0.042551367212877875,1.0,0.1,846.2463449976864,255.8097072914473,0.0,1.0,0.0,0.0,2.0
6197,0.00024968450141013137,0.05393185230458838,1.0,0.1,846.1638248972006,257.31246437129033,0.0,1.0,0.0,0.0,2.0
6198,0.00019376876607743915,0.04185405347272685,1.0,0.1,845.0813532831212,256.9804608920624,0.0,1.0,0.0,0.0,2.0
6199,0.000190256378611558,0.041095377780096524,1.0,0.1,844.7963174605948,255.58360817833258,0.0,1.0,0.0,0.0,2.0
6200,0.00048258634017426963,0.10423864947764223,0.0,0.1,842.694402448545,251.26131586566945,0.0,1.0,0.0,0.0,2.0
6201,0.00011962562368226418,0.025839134715369062,1.0,0.1,842.7435293671523,249.61229887458927,0.0,1.0,0.0,0.0,2.0
6202,0.00020022616937637302,0.04324885258529657,1.0,0.1,842.884029460503,250.28902811926756,0.0,1.0,0.0,0.0,2.0
6203,0.0005075884821350072,0.10963911214116155,0.0,0.1,841.4667244440423,251.7007933402804,0.0,1.0,0.0,0.0,2.0
6204,0.00012931725318615297,0.027932526688209044,1.0,0.1,840.3603657447272,254.30286807035068,0.0,1.0,0.0,0.0,2.0
6205,0.00034803529606743837,0.07517562395056669,1.0,0.1,842.1254960127877,259.5472419127452,0.0,1.0,0.0,0.0,2.0
6206,6.097250712083059e-05,0.013170061538099407,1.0,0.1,842.1685430859017,260.30073654318517,0.0,1.0,0.0,0.0,2.0
6207,0.00014726556571077542,0.03180936219352749,1.0,0.1,843.8662664447985,262.0939653369615,0.0,1.0,0.0,0.0,2.0
6208,0.0001025235064632337,0.02214507739605848,1.0,0.1,844.2086756528628,261.7019605587933,0.0,1.0,0.0,0.0,2.0
6209,0.0005336510134034408,0.11526861889514321,0.0,0.1,841.427203214932,261.8738016337619,0.0,1.0,0.0,0.0,2.0
6210,6.621293863652134e-05,0.01430199474548861,1.0,0.1,840.4331183294186,261.3049852331501,0.0,1.0,0.0,0.0,2.0
6211,0.0001581152236407201,0.03415288830639555,1.0,0.1,840.3622733542267,261.56419481434415,0.0,1.0,0.0,0.0,2.0
6212,0.0001376331487045383,0.02972876012018028,1.0,0.1,840.4927337652524,262.38868132804987,0.0,1.0,0.0,0.0,2.0
6213,0.00022156023594752344,0.04785701096466506,1.0,0.1,838.6643862863694,263.482481218686,0.0,1.0,0.0,0.0,2.0
6214,0.0002777174736400057,0.05998697430624123,1.0,0.1,840.7548705893583,260.98878221428936,0.0,1.0,0.0,0.0,2.0
6215,0.0002825369428166966,0.06102797964840647,1.0,0.1,842.0812538840928,261.09358227599995,0.0,1.0,0.0,0.0,2.0
6216,0.00013588552134304467,0.029351272610097647,1.0,0.1,846.2836284518102,256.7276405850359,0.0,1.0,0.0,0.0,2.0
6217,0.000180499478101348,0.038987887269891164,1.0,0.1,845.9823126882311,256.4643653542428,0.0,1.0,0.0,0.0,2.0
6218,0.00033703957294194803,0.07280054775546077,1.0,0.1,846.6213698751499,257.1144664447212,0.0,1.0,0.0,0.0,2.0
6219,0.00016505855855402808,0.035652648647670065,1.0,0.1,847.1062803609652,258.2183082648821,0.0,1.0,0.0,0.0,2.0
6220,6.144561450709754e-05,0.01327225273353307,1.0,0.1,846.5424446253251,259.85477478956324,0.0,1.0,0.0,0.0,2.0
6221,0.00013917288608809286,0.030061343395028056,1.0,0.1,849.8174846295148,262.88842630958356,0.0,1.0,0.0,0.0,2.0
6222,3.174203207044456e-05,0.006856278927216026,1.0,0.1,849.0429418442959,264.34487364301077,0.0,1.0,0.0,0.0,2.0
6223,0.00012203565995325389,0.02635970254990284,1.0,0.1,850.5341193107541,264.9563532560585,0.0,1.0,0.0,0.0,2.0
6224,0.00019776293960780682,0.042716794955286276,1.0,0.1,851.2398574315675,264.07890404330374,0.0,1.0,0.0,0.0,2.0
6225,0.001110313826775298,0.23982778658346438,0.0,0.1,853.4221846577971,264.0650947412281,0.0,1.0,0.0,0.0,2.0
6226,0.0003228439687014578,0.06973429723951488,1.0,0.1,857.6510547703784,260.9529558793657,0.0,1.0,0.0,0.0,2.0
6227,0.0002744659247368915,0.05928463974316856,1.0,0.1,859.3002540210864,260.7687342373757,0.0,1.0,0.0,0.0,2.0
6228,0.00012867171727191313,0.027793090930733236,1.0,0.1,859.7217429147789,262.0805594842457,0.0,1.0,0.0,0.0,2.0
6229,0.0007526230646330216,0.16256658196073268,0.0,0.1,858.9295857920248,262.53146788558786,0.0,1.0,0.0,0.0,2.0
6230,0.000368424774287335,0.07957975124606437,1.0,0.1,857.1417910635948,264.3299599964872,0.0,1.0,0.0,0.0,2.0
6231,0.0011331930551647619,0.24476969991558856,0.0,0.1,859.5467856926304,261.4052578639127,0.0,1.0,0.0,0.0,2.0
6232,0.00013848723911212674,0.029913243648219373,1.0,0.1,859.2392882146063,257.43446138914663,0.0,1.0,0.0,0.0,2.0
6233,0.00025405533378236974,0.054875952096991865,1.0,0.1,857.9180902442839,258.86809538412683,0.0,1.0,0.0,0.0,2.0
6234,0.0007474458870191722,0.1614483115961412,0.0,0.1,857.4176264224294,260.6402912272465,0.0,1.0,0.0,0.0,2.0
6235,0.0007240306090104939,0.15639061154626668,0.0,0.1,856.1702903047687,262.81611554615006,0.0,1.0,0.0,0.0,2.0
6236,0.0010829449924549693,0.2339161183702734,0.0,0.1,856.7059271195117,262.1004372544064,0.0,1.0,0.0,0.0,2.0
6237,0.0001013036333476024,0.02188158480308212,1.0,0.1,859.8378489232523,260.0770525007248,0.0,1.0,0.0,0.0,2.0
6238,6.514963919793569e-05,0.01407232206675411,1.0,0.1,861.4581226716491,260.63355038373976,0.0,1.0,0.0,0.0,2.0
6239,9.923587432880085e-05,0.021434948855020987,1.0,0.1,863.0012195209886,262.01185968056336,0.0,1.0,0.0,0.0,2.0
6240,0.0007580019571829944,0.16372842275152683,0.0,0.1,862.746475392408,263.952551675423,0.0,1.0,0.0,0.0,2.0
6241,0.000302980234012863,0.0654437305467784,1.0,0.1,860.9916517458313,263.69599685743344,0.0,1.0,0.0,0.0,2.0
6242,0.0008744772107405754,0.18888707751996428,0.0,0.1,861.205804467305,262.8921070438164,0.0,1.0,0.0,0.0,2.0
6243,0.00022955620188221226,0.049584139606557845,1.0,0.1,861.6761661034791,260.420148985135,0.0,1.0,0.0,0.0,2.0
6244,0.0002356367600680079,0.050897540174689705,1.0,0.1,860.5368147021486,258.4936014596776,0.0,1.0,0.0,0.0,2.0
6245,0.00010664556592586683,0.023035442239987238,1.0,0.1,857.6693266684397,258.8740609835645,0.0,1.0,0.0,0.0,2.0
6246,0.00010148748874052929,0.021921297567954325,1.0,0.1,856.4307712687473,259.38814082733444,0.0,1.0,0.0,0.0,2.0
6247,0.00047603546160278966,0.10282365970620257,0.0,0.1,856.4948213282978,260.59278586033645,0.0,1.0,0.0,0.0,2.0
6248,0.0007478626486405088,0.16153833210634988,0.0,0.1,858.5783454340108,262.24570582404397,0.0,1.0,0.0,0.0,2.0
6249,0.0006449286565118625,0.1393045898065623,0.0,0.1,861.9179976911939,258.60765342149347,0.0,1.0,0.0,0.0,2.0
6250,0.0002563268614551055,0.055366602074302794,1.0,0.1,862.6695568287005,258.47219466373133,0.0,1.0,0.0,0.0,2.0
6251,0.00030018232320739815,0.06483938181279801,1.0,0.1,866.3055863500481,260.1784415654952,0.0,1.0,0.0,0.0,2.0
6252,0.00031746053792678025,0.06857147619218454,1.0,0.1,866.8996632448469,262.31183574502995,0.0,1.0,0.0,0.0,2.0
6253,0.0006733324343472404,0.14543980581900393,0.0,0.1,865.7946388042488,261.96599931104976,0.0,1.0,0.0,0.0,2.0
6254,0.0001546374129980989,0.033401681207589365,1.0,0.1,864.0263947651766,261.33188637231996,0.0,1.0,0.0,0.0,2.0
6255,0.00047866308340820037,0.10339122601617129,0.0,0.1,864.9709591835455,259.1359995911125,0.0,1.0,0.0,0.0,2.0
6256,0.00036917300099176476,0.07974136821422119,1.0,0.1,863.2836723344361,256.93265930826686,0.0,1.0,0.0,0.0,2.0
6257,0.0007284723216808316,0.15735002148305963,0.0,0.1,862.1433674168533,254.52298854492747,0.0,1.0,0.0,0.0,2.0
6258,0.0001953672779104124,0.04219933202864908,1.0,0.1,864.0631682182633,256.6064597567757,0.0,1.0,0.0,0.0,2.0
6259,0.0007198832837588576,0.15549478929191324,0.0,0.1,863.12900021328,261.11114971861275,0.0,1.0,0.0,0.0,2.0
6260,0.0003284945950098612,0.07095483252213002,1.0,0.1,862.1376905390053,262.8281392193501,0.0,1.0,0.0,0.0,2.0
6261,0.000336775726951485,0.07274355702152076,1.0,0.1,864.0156972463237,262.1300995322546,0.0,1.0,0.0,0.0,2.0
6262,0.00012164369497539325,0.026275038114684943,1.0,0.1,863.2147649439056,256.8020069125966,0.0,1.0,0.0,0.0,2.0
6263,0.001334755256051304,0.2883071353070817,0.0,0.1,867.3358043690881,254.18645258806973,0.0,1.0,0.0,0.0,2.0
6264,0.0004967951879730669,0.10730776060218244,0.0,0.1,867.384303333743,256.51129429783265,0.0,1.0,0.0,0.0,2.0
6265,0.0001520155311681587,0.032835354732322276,1.0,0.1,866.5278977058555,258.65293929750095,0.0,1.0,0.0,0.0,2.0
6266,0.0005045055608346381,0.10897320114028183,0.0,0.1,863.2888138412515,258.1475949304853,0.0,1.0,0.0,0.0,2.0
6267,0.00025178421732298303,0.05438539094176433,1.0,0.1,863.4878631285237,260.5195773872316,0.0,1.0,0.0,0.0,2.0
6268,6.621929568494851e-05,0.01430336786794888,1.0,0.1,863.7859095283295,263.79382189348223,0.0,1.0,0.0,0.0,2.0
6269,0.0001620159772904501,0.03499545109473722,1.0,0.1,862.3923260283559,264.46085858017756,0.0,1.0,0.0,0.0,2.0
6270,0.0002349127017509547,0.05074114357820622,1.0,0.1,861.7459906345333,261.2901845153435,0.0,1.0,0.0,0.0,2.0
6271,0.0002152564689405648,0.046495397291162,1.0,0.1,860.3064692206552,258.86714851397414,0.0,1.0,0.0,0.0,2.0
6272,0.00031770951741391586,0.06862525576140582,1.0,0.1,860.4166855087292,259.8467431216385,0.0,1.0,0.0,0.0,2.0
6273,0.0001881380769066487,0.040637824611836126,1.0,0.1,859.6961961694005,260.59102187165234,0.0,1.0,0.0,0.0,2.0
6274,9.804757873718619e-05,0.021178277007232217,1.0,0.1,859.1033067912982,261.31197546577084,0.0,1.0,0.0,0.0,2.0
6275,0.0001050968332919266,0.022700915991056145,1.0,0.1,858.4518942657145,263.24215137012067,0.0,1.0,0.0,0.0,2.0
6276,0.00045232683693080864,0.09770259677705466,1.0,0.1,864.4499753680604,260.09100770501703,0.0,1.0,0.0,0.0,2.0
6277,0.0003667710907441022,0.07922255560072607,1.0,0.1,869.5564939441957,257.95859106016167,0.0,1.0,0.0,0.0,2.0
6278,0.0008702923168671285,0.18798314044329978,0.0,0.1,870.4445407531385,257.91042791072954,0.0,1.0,0.0,0.0,2.0
6279,0.00039111954852921336,0.08448182248231009,1.0,0.1,869.5449525946561,257.9335215845917,0.0,1.0,0.0,0.0,2.0
6280,0.000101908308250813,0.02201219458217561,1.0,0.1,869.4902732245326,259.9909128469188,0.0,1.0,0.0,0.0,2.0
6281,0.00027916611329988235,0.06029988047277459,1.0,0.1,867.09125278364,260.0923894228784,0.0,1.0,0.0,0.0,2.0
6282,7.648693301388944e-05,0.01652117753100012,1.0,0.1,866.5456296976025,262.2572651467709,0.0,1.0,0.0,0.0,2.0
6283,0.00033566679764697905,0.07250402829174747,1.0,0.1,866.9702230692006,260.079431609806,0.0,1.0,0.0,0.0,2.0
6284,0.0002709623513807871,0.05852786789825002,1.0,0.1,870.074779506207,253.14502233848032,0.0,1.0,0.0,0.0,2.0
6285,,,,0.1,870.4232066710695,251.94112120850042,0.0,1.0,0.0,0.0,2.0
6286,,,,0.1,870.0221730509564,251.48635029374032,,,0.0,0.0,2.0
6287,0.0005583052453129805,0.12059393298760379,0.0,0.1,868.3766724639866,252.71326236960493,0.0,1.0,0.0,0.0,2.0
6288,0.0003848947187092993,0.08313725924120866,1.0,0.1,867.4848804375357,254.33606864454072,0.0,1.0,0.0,0.0,2.0
6289,0.001161745705748485,0.2509370724416728,0.0,0.1,866.3943894609807,257.5225462421749,0.0,1.0,0.0,0.0,2.0
6290,0.0005541255460148519,0.119691117939208,0.0,0.1,864.3689125781735,259.9232202055954,0.0,1.0,0.0,0.0,2.0
6291,0.00035424927302514514,0.07651784297343135,1.0,0.1,865.5345921530145,260.1177997864774,0.0,1.0,0.0,0.0,2.0
6292,0.0006418251973688515,0.13863424263167193,0.0,0.1,867.7126846675152,258.25429553003346,0.0,1.0,0.0,0.0,2.0
6293,0.0013316352619368046,0.28763321657834984,0.0,0.1,874.4958663405466,251.33791487021833,0.0,1.0,0.0,0.0,2.0
6294,0.0006201482107521512,0.13395201352246466,0.0,0.1,877.6476963818621,251.22748940678088,0.0,1.0,0.0,0.0,2.0
6295,0.0006400056598300943,0.13824122252330037,0.0,0.1,877.9928169978197,253.26653083078696,0.0,1.0,0.0,0.0,2.0
6296,0.00026644176736407676,0.05755142175064058,1.0,0.1,877.3471150164834,254.3387226875664,0.0,1.0,0.0,0.0,2.0
6297,0.00010297292945875533,0.02224215276309115,1.0,0.1,875.7072924491051,257.3042635909973,0.0,1.0,0.0,0.0,2.0
6298,0.0015857025329230623,0.3425117471113815,0.0,0.1,874.8724272753567,259.63893703154883,0.0,1.0,0.0,0.0,2.0
6299,0.0003346456489810245,0.0722834601799013,1.0,0.1,872.1718280100007,263.8070760055653,0.0,1.0,0.0,0.0,2.0
6300,0.0004658899614037629,0.10063223166321279,0.0,0.1,865.9009118688205,260.9956980311171,0.0,1.0,0.0,0.0,2.0
6301,0.001858345367044898,0.40140259928169797,0.0,0.1,865.9353215680325,259.6540303713617,0.0,1.0,0.0,0.0,2.0
6302,0.0008246911207579669,0.17813328208372087,0.0,0.1,874.9804558846462,253.8999113723076,0.0,1.0,0.0,0.0,2.0
6303,0.00023211456360785533,0.05013674573929675,1.0,0.1,,,0.0,1.0,,,2.0
6304,0.0006909652123673111,0.1492484858713392,0.0,0.1,,,0.0,1.0,,,2.0
6305,0.0005327344263025112,0.11507063608134242,0.0,0.1,,,0.0,1.0,,,2.0
6306,0.000692367758535127,0.14955143584358746,0.0,0.1,,,0.0,1.0,,,2.0
6307,0.0005824746608134899,0.1258145267357138,0.0,0.1,,,0.0,1.0,,,2.0
6308,9.217050858561451e-05,0.019908829854492733,1.0,0.1,884.6330504233416,256.94615312746504,0.0,1.0,0.0,0.0,2.0
6309,0.00022279743898488374,0.048124246820734885,1.0,0.1,885.3096856025807,265.6218768927191,0.0,1.0,0.0,0.0,2.0
6310,0.0001886480920037423,0.04074798787280834,1.0,0.1,884.7274873425855,267.6471272857702,0.0,1.0,0.0,0.0,2.0
6311,0.0012068060564845255,0.2606701082006575,0.0,0.1,883.8948111293721,267.71046023472996,0.0,1.0,0.0,0.0,2.0
6312,0.0010936227041462143,0.23622250409558226,0.0,0.1,882.1517137847036,269.9328274258029,0.0,1.0,0.0,0.0,2.0
6313,0.00028202723519910516,0.06091788280300672,1.0,0.1,880.0490569145178,272.2558903415326,0.0,1.0,0.0,0.0,2.0
6314,0.00024337592796153955,0.05256920043969254,1.0,0.1,880.0670543724056,275.4825592625686,0.0,1.0,0.0,0.0,2.0
6315,0.0002649487807789053,0.05722893664824356,1.0,0.1,879.7982997651814,277.1800622348859,0.0,1.0,0.0,0.0,2.0
6316,9.529192679325283e-05,0.020583056187342613,1.0,0.1,877.0906430812515,275.7554039054929,0.0,1.0,0.0,0.0,2.0
6317,0.0003508890860769397,0.07579204259261897,1.0,0.1,877.9705466323624,274.6354922510467,0.0,1.0,0.0,0.0,2.0
6318,0.0002099397619185014,0.045346988574396306,1.0,0.1,877.2502460900586,274.33286688161104,0.0,1.0,0.0,0.0,2.0
6319,0.00019118931348065108,0.04129689171182063,1.0,0.1,876.4474195464561,274.9510180373753,0.0,1.0,0.0,0.0,2.0
6320,0.0005721378147427083,0.12358176798442501,0.0,0.1,876.2962499606473,275.9948638433472,0.0,1.0,0.0,0.0,2.0
6321,0.0008159224199710567,0.17623924271374825,0.0,0.1,873.4721046608153,276.21975048148556,0.0,1.0,0.0,0.0,2.0
6322,0.0006321102033323373,0.13653580391978484,0.0,0.1,877.4995626727123,275.55481024070605,0.0,1.0,0.0,0.0,2.0
6323,0.0005614282042884375,0.1212684921263025,0.0,0.1,879.3933963512408,270.3018642248508,0.0,1.0,0.0,0.0,2.0
6324,0.0013355376802004133,0.28847613892328927,0.0,0.1,879.9256310641144,262.5999240029493,0.0,1.0,0.0,0.0,2.0
6325,0.0019383858886984652,0.4186913519588685,0.0,0.1,883.0320247476652,258.994569835154,0.0,1.0,0.0,0.0,2.0
6326,0.0011094451103772084,0.23964014384147703,0.0,0.1,885.7196942486586,260.23799650597977,0.0,1.0,0.0,0.0,2.0
6327,0.0006524804462696445,0.1409357763942432,0.0,0.1,887.8313936054791,260.15592025323537,0.0,1.0,0.0,0.0,2.0
6328,,,,0.1,888.3612184136811,259.591651478586,0.0,1.0,0.0,0.0,2.0
6329,,,,0.1,888.537825184675,264.2507062538031,,,0.0,0.0,2.0
6330,0.00069103057600184,0.14926260441639744,0.0,0.1,890.5375410230577,268.0859049563883,0.0,1.0,0.0,0.0,2.0
6331,0.0008770772921833727,0.1894486951116085,0.0,0.1,886.038439037307,269.149158108848,0.0,1.0,0.0,0.0,2.0
6332,0.0002534481316227427,0.05474479643051242,1.0,0.1,882.203487096159,271.87687426954176,0.0,1.0,0.0,0.0,2.0
6333,0.0012448713709626736,0.2688922161279375,0.0,0.1,879.1552197826672,272.9889798186816,0.0,1.0,0.0,0.0,2.0
6334,0.0003094690766496129,0.0668453205563164,1.0,0.1,877.3283516995117,273.84241123048656,0.0,1.0,0.0,0.0,2.0
6335,0.00018352355517208766,0.039641087917170935,1.0,0.1,880.0115096094448,272.4011954091892,0.0,1.0,0.0,0.0,2.0
6336,0.00016967253007624987,0.036649266496469976,1.0,0.1,883.5695835745711,269.37785905882924,0.0,1.0,0.0,0.0,2.0
6337,0.0004910057872473751,0.10605725004543302,0.0,0.1,883.3425387364197,268.95471100363835,0.0,1.0,0.0,0.0,2.0
6338,0.0004432166981783967,0.09573480680653368,1.0,0.1,881.627927636991,269.91082680816993,0.0,1.0,0.0,0.0,2.0
6339,0.00018667076342134692,0.040320884899010936,1.0,0.1,880.958132333891,273.1866814016186,0.0,1.0,0.0,0.0,2.0
6340,0.0007700684321004834,0.1663347813337044,0.0,0.1,878.5115137852624,274.37471657000725,0.0,1.0,0.0,0.0,2.0
6341,0.00044450038359682863,0.096012082856915,1.0,0.1,878.0412200756349,272.61316453401446,0.0,1.0,0.0,0.0,2.0
6342,0.0006488288614304783,0.14014703406898332,0.0,0.1,881.0916220443291,270.5898123025012,0.0,1.0,0.0,0.0,2.0
6343,0.0010313649257887656,0.2227748239703734,0.0,0.1,,,0.0,1.0,,,2.0
6344,0.0006859871952248956,0.14817323416857744,0.0,0.1,,,0.0,1.0,,,2.0
6345,0.0013902081794032416,0.30028496675110017,0.0,0.1,885.1053971913801,257.1235194230999,0.0,1.0,0.0,0.0,2.0
6346,0.000294908509095756,0.0637002379646833,1.0,0.1,883.4710632636651,255.54771980049355,0.0,1.0,0.0,0.0,2.0
6347,0.0008500747229587759,0.1836161401590956,0.0,0.1,887.678649683356,257.43516156357657,0.0,1.0,0.0,0.0,2.0
6348,,,,0.1,887.0986303692422,258.6044751917285,0.0,1.0,0.0,0.0,2.0
6349,,,,0.1,884.8027904859174,262.12670030020956,,,0.0,0.0,2.0
6350,0.0007293040869428103,0.15752968277964702,0.0,0.1,883.679625154002,263.8503435846802,0.0,1.0,0.0,0.0,2.0
6351,0.0005419344460999789,0.11705784035759544,0.0,0.1,881.5120128237123,269.86955026302735,0.0,1.0,0.0,0.0,2.0
6352,0.00017155872115577609,0.03705668376964764,1.0,0.1,879.4121728141494,274.8661325259134,0.0,1.0,0.0,0.0,2.0
6353,0.0004227947893898441,0.09132367450820633,1.0,0.1,876.2667665027594,275.7526272654217,0.0,1.0,0.0,0.0,2.0
6354,9.32969666129371e-05,0.020152144788394413,1.0,0.1,874.1706470945843,275.4085606822788,0.0,1.0,0.0,0.0,2.0
6355,0.0003331457562550532,0.07195948335109148,1.0,0.1,873.9729522218455,274.28596587777326,0.0,1.0,0.0,0.0,2.0
6356,0.0006887638190806432,0.1487729849214189,0.0,0.1,872.5397299480729,272.2533421659174,0.0,1.0,0.0,0.0,2.0
6357,0.00033408867737779374,0.07216315431360346,1.0,0.1,869.8583549702562,273.19962591675227,0.0,1.0,0.0,0.0,2.0
6358,0.00023229752346689265,0.05017626506884881,1.0,0.1,868.887213622517,276.55000455441126,0.0,1.0,0.0,0.0,2.0
6359,0.00028370660019281726,0.06128062564164853,1.0,0.1,864.5198936752339,279.5444724597283,0.0,1.0,0.0,0.0,2.0
6360,0.0005936874706507114,0.12823649366055367,0.0,0.1,863.2206605262817,281.6073161208239,0.0,1.0,0.0,0.0,2.0
6361,0.00013818556172442482,0.029848081332475764,1.0,0.1,864.8064887116498,281.7007521444065,0.0,1.0,0.0,0.0,2.0
6362,0.00033692087997661387,0.07277491007494859,1.0,0.1,864.7361990494468,280.2787012252509,0.0,1.0,0.0,0.0,2.0
6363,7.418650487223687e-05,0.016024285052403164,1.0,0.1,863.8298452651205,277.3875475609893,0.0,1.0,0.0,0.0,2.0
6364,0.00020561468285866419,0.044412771497471464,1.0,0.1,864.6171642366318,273.91903478934705,0.0,1.0,0.0,0.0,2.0
6365,0.0005639906653989413,0.12182198372617134,0.0,0.1,866.4943568234382,267.9641412763856,0.0,1.0,0.0,0.0,2.0
6366,0.00022738574940921595,0.04911532187239065,1.0,0.1,867.4797889483807,267.1315200868856,0.0,1.0,0.0,0.0,2.0
6367,0.00039289327218200036,0.08486494679131208,1.0,0.1,865.4313532592392,269.6051845524323,0.0,1.0,0.0,0.0,2.0
6368,0.00040343315229777126,0.0871415608963186,1.0,0.1,865.0148141562107,271.310349891652,0.0,1.0,0.0,0.0,2.0
6369,0.0002735280832504563,0.059082065982098565,1.0,0.1,864.2357938928494,273.99203749395843,0.0,1.0,0.0,0.0,2.0
6370,0.0007267900719163641,0.15698665553393465,0.0,0.1,861.3395236185269,274.1884925782951,0.0,1.0,0.0,0.0,2.0
6371,0.0007982589555820362,0.17242393440571982,0.0,0.1,863.2805854221479,263.90666970357387,0.0,1.0,0.0,0.0,2.0
6372,,,,0.1,864.5279904060997,253.42378448799266,0.0,1.0,0.0,0.0,2.0
6373,,,,0.1,864.8188784948431,251.56726021051117,,,0.0,0.0,2.0
6374,0.0005763808850719828,0.12449827117554828,0.0,0.1,866.1092833558091,252.52642871516184,0.0,1.0,0.0,0.0,2.0
6375,0.00033937469031219074,0.0733049331074332,1.0,0.1,866.3336599643167,253.16824905977413,0.0,1.0,0.0,0.0,2.0
6376,0.00011785312804065135,0.02545627565678069,1.0,0.1,865.7682581827639,256.7886522176381,0.0,1.0,0.0,0.0,2.0
6377,0.0005528543021846765,0.11941652927189012,0.0,0.1,863.8380239967887,256.6376955798512,0.0,1.0,0.0,0.0,2.0
6378,0.00018644412162721784,0.04027193027147905,1.0,0.1,862.6170694293959,259.3639832757285,0.0,1.0,0.0,0.0,2.0
6379,0.00039334526409801426,0.08496257704517109,1.0,0.1,860.040161409247,261.24428351781205,0.0,1.0,0.0,0.0,2.0
6380,0.0007150852480903175,0.15445841358750856,0.0,0.1,857.4088798017934,257.4698196087571,0.0,1.0,0.0,0.0,2.0
6381,0.00044887091780693595,0.09695611824629817,1.0,0.1,860.9983176391373,250.85349067907592,0.0,1.0,0.0,0.0,2.0
6382,0.0008433431697829027,0.18216212467310697,0.0,0.1,863.14304608579,245.94606013605633,0.0,1.0,0.0,0.0,2.0
6383,0.0008229043213385691,0.17774733340913093,0.0,0.1,868.8787508130646,245.928808455346,0.0,1.0,0.0,0.0,2.0
6384,0.0009858184986537258,0.2129367957092048,0.0,0.1,,,0.0,1.0,,,2.0
6385,0.0007622956518360735,0.16465586079659186,0.0,0.1,,,0.0,1.0,,,2.0
6386,0.0002029402806912272,0.04383510062930508,1.0,0.1,871.6555654156513,243.5646021509722,0.0,1.0,0.0,0.0,2.0
6387,0.00011645041034589459,0.025153288634713233,1.0,0.1,871.1511329165168,245.71355756381294,0.0,1.0,0.0,0.0,2.0
6388,9.790798708610436e-05,0.021148125210598542,1.0,0.1,871.2161124622079,248.75736518255485,0.0,1.0,0.0,0.0,2.0
6389,0.00107743667298044,0.23272632136377505,0.0,0.1,867.7928642298691,251.88109705742033,0.0,1.0,0.0,0.0,2.0
6390,,,,0.1,864.1550089046211,254.75017732919636,0.0,1.0,0.0,0.0,2.0
6391,,,,0.1,863.4027876990855,255.83506211682442,,,0.0,0.0,2.0
6392,0.0008481602719123292,0.1832026187330631,0.0,0.1,861.2939138037981,257.0548786380307,0.0,1.0,0.0,0.0,2.0
6393,0.000343058996918704,0.07410074333444006,1.0,0.1,859.8358560128984,262.5696675800675,0.0,1.0,0.0,0.0,2.0
6394,0.00017239411829344088,0.03723712955138323,1.0,0.1,858.2236813999073,261.63223120662497,0.0,1.0,0.0,0.0,2.0
6395,0.00016000530588337645,0.03456114607080932,1.0,0.1,860.27480048032,258.18311095199624,0.0,1.0,0.0,0.0,2.0
6396,0.000503801134249027,0.10882104499778986,0.0,0.1,863.182418522128,256.2707357141292,0.0,1.0,0.0,0.0,2.0
6397,0.0011658126178321392,0.2518155254517421,0.0,0.1,861.0711889261837,255.15120148602728,0.0,1.0,0.0,0.0,2.0
6398,0.000322495086288051,0.06965893863821901,1.0,0.1,859.3050613019294,256.4265056702804,0.0,1.0,0.0,0.0,2.0
6399,0.00020110832222335631,0.04343939760024496,1.0,0.1,856.147151686863,260.55191377590353,0.0,1.0,0.0,0.0,2.0
6400,0.0003460514523366046,0.07474711370470659,1.0,0.1,855.4904452892728,262.21526097598723,0.0,1.0,0.0,0.0,2.0
6401,0.0007476606350001728,0.16149469716003734,0.0,0.1,857.5064856303524,259.9575767892142,0.0,1.0,0.0,0.0,2.0
6402,0.0014288287759325923,0.30862701560143996,0.0,0.1,863.3740476765757,249.3397091212305,0.0,1.0,0.0,0.0,2.0
6403,0.0004881544214804849,0.10544135503978473,0.0,0.1,865.6501993607816,247.19722533610914,0.0,1.0,0.0,0.0,2.0
6404,0.00033347578399929367,0.07203076934384743,1.0,0.1,865.605983032833,247.47132554492885,0.0,1.0,0.0,0.0,2.0
6405,0.0006313313611408103,0.13636757400641503,0.0,0.1,867.3912006356198,248.32216233822683,0.0,1.0,0.0,0.0,2.0
6406,0.0003017828708099801,0.0651851000949557,1.0,0.1,865.4891105128922,252.88929772251328,0.0,1.0,0.0,0.0,2.0
6407,0.0003631055199803516,0.07843079231575595,1.0,0.1,865.0526685913509,256.4414930767829,0.0,1.0,0.0,0.0,2.0
6408,0.000251058903488421,0.054228723153498935,1.0,0.1,863.5372779290848,258.9644768856537,0.0,1.0,0.0,0.0,2.0
6409,0.00015225768376217266,0.032887659692629294,1.0,0.1,860.426451913594,259.22986681797636,0.0,1.0,0.0,0.0,2.0
6410,0.0006622715569122586,0.14305065629304786,0.0,0.1,860.7048533261037,258.09453418229106,0.0,1.0,0.0,0.0,2.0
6411,0.00024011000822665918,0.05186376177695838,1.0,0.1,863.0681207480882,255.8701161887974,0.0,1.0,0.0,0.0,2.0
6412,0.0006065138333913075,0.13100698801252245,0.0,0.1,866.7169269188689,252.71937713904208,0.0,1.0,0.0,0.0,2.0
6413,0.00043879841455452884,0.09478045754377824,1.0,0.1,871.0429171674781,248.28553292976534,0.0,1.0,0.0,0.0,2.0
6414,0.0012424018817889075,0.26835880646640403,0.0,0.1,873.2017038838729,249.28546741921014,0.0,1.0,0.0,0.0,2.0
6415,0.0006692027198057443,0.14454778747804078,0.0,0.1,879.9460890668115,252.36458560540868,0.0,1.0,0.0,0.0,2.0
6416,0.00010961451267514811,0.023676734737831995,1.0,0.1,883.1175010738223,253.67494819352805,0.0,1.0,0.0,0.0,2.0
6417,5.782484716383531e-05,0.012490166987388427,1.0,0.1,882.6776621143595,254.4906859738136,0.0,1.0,0.0,0.0,2.0
6418,0.00020906405296551984,0.04515783544055229,1.0,0.1,881.4480736537092,253.84951011390103,0.0,1.0,0.0,0.0,2.0
6419,0.00024179717199805328,0.052228189151579514,1.0,0.1,878.8096343316519,252.7724383211674,0.0,1.0,0.0,0.0,2.0
6420,0.0002451531976145609,0.05295309068474516,1.0,0.1,875.0051893130633,254.330194452404,0.0,1.0,0.0,0.0,2.0
6421,2.105862109699345e-05,0.0045486621569505855,1.0,0.1,871.3348741215608,257.56529467273725,0.0,1.0,0.0,0.0,2.0
6422,0.0005138839818845202,0.11099894008705637,0.0,0.1,870.0967822205902,260.05458742606163,0.0,1.0,0.0,0.0,2.0
6423,0.00027354619778106816,0.059085978720710725,1.0,0.1,867.1859762498339,263.1880450643364,0.0,1.0,0.0,0.0,2.0
6424,0.0004897022379917304,0.10577568340621378,0.0,0.1,864.1756422211382,267.16710674973126,0.0,1.0,0.0,0.0,2.0
6425,0.0003621466728744855,0.07822368134088888,1.0,0.1,860.72876213808,271.05538961229155,0.0,1.0,0.0,0.0,2.0
6426,0.00010776395705280078,0.02327701472340497,1.0,0.1,856.1781579647947,274.6376563303724,0.0,1.0,0.0,0.0,2.0
6427,0.000623550152527484,0.13468683294593653,0.0,0.1,855.7377224871391,278.3406198658618,0.0,1.0,0.0,0.0,2.0
6428,0.00023812814974247273,0.05143568034437411,1.0,0.1,853.8517661836447,279.92435865112867,0.0,1.0,0.0,0.0,2.0
6429,0.0003398522558592666,0.07340808726560158,1.0,0.1,854.2921868004606,279.0665230834575,0.0,1.0,0.0,0.0,2.0
6430,0.00014355313501101573,0.0310074771623794,1.0,0.1,856.2449962479252,273.9986603784063,0.0,1.0,0.0,0.0,2.0
6431,0.0009469153942280343,0.2045337251532554,0.0,0.1,857.3572091716529,273.1172381942069,0.0,1.0,0.0,0.0,2.0
6432,0.00010539742664575603,0.022765844155483304,1.0,0.1,858.6524967288502,274.55093517271337,0.0,1.0,0.0,0.0,2.0
6433,0.0001954864927724134,0.042225082438841294,1.0,0.1,861.4135949993167,278.5183460529955,0.0,1.0,0.0,0.0,2.0
6434,0.00024027304207060635,0.051898977087250976,1.0,0.1,863.772091314444,280.7070606755395,0.0,1.0,0.0,0.0,2.0
6435,5.511494717801419e-05,0.011904828590451066,1.0,0.1,865.0310650014007,281.64781813811373,0.0,1.0,0.0,0.0,2.0
6436,0.00043926219972479383,0.09488063514055546,1.0,0.1,864.3714168698648,280.6578482899187,0.0,1.0,0.0,0.0,2.0
6437,0.0005993846241786342,0.129467078822585,0.0,0.1,861.6835395508654,280.0463858824694,0.0,1.0,0.0,0.0,2.0
6438,0.00047559970450525665,0.10272953617313545,0.0,0.1,860.2275016386009,279.9505034267459,0.0,1.0,0.0,0.0,2.0
6439,0.0007378962975044158,0.15938560026095383,0.0,0.1,861.8707642117577,280.1711217746161,0.0,1.0,0.0,0.0,2.0
6440,7.740407020246926e-05,0.01671927916373336,1.0,0.1,862.9897376740929,280.6981736715569,0.0,1.0,0.0,0.0,2.0
6441,0.0002952642737273194,0.063777083125101,1.0,0.1,863.8056633618866,280.19427361330315,0.0,1.0,0.0,0.0,2.0
6442,0.00035492140922624866,0.07666302439286972,1.0,0.1,859.9176021803953,272.80844374928813,0.0,1.0,0.0,0.0,2.0
6443,0.0006587091426670539,0.14228117481608366,0.0,0.1,857.2505115938885,263.9808812116552,0.0,1.0,0.0,0.0,2.0
6444,0.00012786853985215896,0.027619604608066336,1.0,0.1,856.7555363069729,257.97010355042084,0.0,1.0,0.0,0.0,2.0
6445,0.00038882906895891745,0.08398707889512616,1.0,0.1,858.820978821992,255.01405999820992,0.0,1.0,0.0,0.0,2.0
6446,0.00015110369385235123,0.03263839787210787,1.0,0.1,860.0637634932923,252.9972951065072,0.0,1.0,0.0,0.0,2.0
6447,0.00020872047811181443,0.045083623272151915,1.0,0.1,861.7347224256662,252.73517791401068,0.0,1.0,0.0,0.0,2.0
6448,0.00014713402468651546,0.03178094933228734,1.0,0.1,863.8410489536185,255.53051655883127,0.0,1.0,0.0,0.0,2.0
6449,0.0004558114631475918,0.09845527603987983,1.0,0.1,866.2107738874124,253.8004403896643,0.0,1.0,0.0,0.0,2.0
6450,0.0012857248413586312,0.27771656573346437,0.0,0.1,870.0755000187925,250.65217742157796,0.0,1.0,0.0,0.0,2.0
6451,0.001092233126140742,0.23592235524640026,0.0,0.1,877.4268270959824,253.05412533317326,0.0,1.0,0.0,0.0,2.0
6452,0.0005839931262615791,0.1261425152725011,0.0,0.1,876.2449429282789,251.09251105309835,0.0,1.0,0.0,0.0,2.0
6453,0.001046497993164908,0.22604356652362012,0.0,0.1,877.7371576982498,249.71854872606716,0.0,1.0,0.0,0.0,2.0
6454,0.0008837998071472578,0.19090075834380768,0.0,0.1,876.7470397421026,247.63511038501122,0.0,1.0,0.0,0.0,2.0
6455,0.0016579714850984127,0.35812184078125714,0.0,0.1,878.3807842936766,247.20885733718075,0.0,1.0,0.0,0.0,2.0
6456,0.0006420048460168352,0.13867304673963643,0.0,0.1,878.3571790272848,248.0743895971671,0.0,1.0,0.0,0.0,2.0
6457,0.00032268780616728776,0.06970056613213416,1.0,0.1,877.6808946050993,250.70990468674555,0.0,1.0,0.0,0.0,2.0
6458,0.0007689158135555152,0.16608581572799128,0.0,0.1,875.9623183310188,250.68972682526314,0.0,1.0,0.0,0.0,2.0
6459,0.0003468488960201482,0.07491936154035202,1.0,0.1,873.761988025969,251.2041148105416,0.0,1.0,0.0,0.0,2.0
6460,0.0005969484859569698,0.12894087296670548,0.0,0.1,868.7572124623997,256.7604542014096,0.0,1.0,0.0,0.0,2.0
6461,0.00048159708741551,0.10402497088175017,0.0,0.1,865.7368956898289,261.56393978908915,0.0,1.0,0.0,0.0,2.0
6462,0.0002479207633287113,0.05355088487900165,1.0,0.1,861.4951372416365,264.937373580123,0.0,1.0,0.0,0.0,2.0
6463,0.00015496513860125527,0.03347246993787114,1.0,0.1,857.296364856701,266.0670790467444,0.0,1.0,0.0,0.0,2.0
6464,0.0004127340830612952,0.08915056194123976,1.0,0.1,852.5018879577855,267.88529126091083,0.0,1.0,0.0,0.0,2.0
6465,0.0003845633555213937,0.08306568479262105,1.0,0.1,850.2428560687852,270.31192180845267,0.0,1.0,0.0,0.0,2.0
6466,0.0006351589675069783,0.13719433698150732,0.0,0.1,846.3060869745998,272.1868912357449,0.0,1.0,0.0,0.0,2.0
6467,0.0011143999410728428,0.24071038727173405,0.0,0.1,845.8892051654938,272.7531447858541,0.0,1.0,0.0,0.0,2.0
6468,0.0014998617064183129,0.32397012858635554,0.0,0.1,844.2453600259987,273.8689560123741,0.0,1.0,0.0,0.0,2.0
6469,0.0008341473400733649,0.18017582545584682,0.0,0.1,842.548904363205,273.8593644787581,0.0,1.0,0.0,0.0,2.0
6470,0.0009363594458693253,0.20225364030777426,0.0,0.1,842.047118077154,274.1800399996759,0.0,1.0,0.0,0.0,2.0
6471,0.00025274464308363686,0.054592842906065565,1.0,0.1,842.3673423376365,276.259853882327,0.0,1.0,0.0,0.0,2.0
6472,0.000572631685971945,0.12368844416994014,0.0,0.1,842.2318070967572,277.856068259274,0.0,1.0,0.0,0.0,2.0
6473,4.276917387080803e-05,0.009238141556094533,1.0,0.1,843.6734574778582,280.35483485387374,0.0,1.0,0.0,0.0,2.0
6474,0.00030758263879839513,0.06643784998045335,1.0,0.1,842.8388600332398,281.0191412443138,0.0,1.0,0.0,0.0,2.0
6475,0.00011577914378832777,0.0250082950582788,1.0,0.1,842.8941700200701,282.24624611253563,0.0,1.0,0.0,0.0,2.0
6476,0.0006045015406880605,0.13057233278862107,0.0,0.1,842.6303705859383,283.5234350722066,0.0,1.0,0.0,0.0,2.0
6477,0.0003281028530708098,0.07087021626329491,1.0,0.1,839.9318814855425,284.644708430485,0.0,1.0,0.0,0.0,2.0
6478,0.0004658851379701559,0.10063118980155367,0.0,0.1,842.0472926708835,288.81156315920003,0.0,1.0,0.0,0.0,2.0
6479,0.0003136984726772241,0.06775887009828041,1.0,0.1,842.9418927161313,290.6741376831176,0.0,1.0,0.0,0.0,2.0
6480,0.00012255100618082456,0.026471017335058106,1.0,0.1,842.8394439239629,291.2916350013615,0.0,1.0,0.0,0.0,2.0
6481,0.0007657752226652877,0.16540744809570215,0.0,0.1,842.6278184090014,291.21897781041264,0.0,1.0,0.0,0.0,2.0
6482,0.0005195241264402603,0.11221721131109623,0.0,0.1,840.8675486181736,291.9522545728185,0.0,1.0,0.0,0.0,2.0
6483,0.0004802802961467778,0.103740543967704,0.0,0.1,840.0518658014549,292.8512185479269,0.0,1.0,0.0,0.0,2.0
6484,0.0002474653711005158,0.05345252015771142,1.0,0.1,839.7963884065737,295.27406545961605,0.0,1.0,0.0,0.0,2.0
6485,0.0006416272893698557,0.13859149450388886,0.0,0.1,841.1812531912682,295.3983694948742,0.0,1.0,0.0,0.0,2.0
6486,0.00018857270743626573,0.0407317048062334,1.0,0.1,841.6353314230686,295.57331550788035,0.0,1.0,0.0,0.0,2.0
6487,0.0004041117946980476,0.0872881476547783,1.0,0.1,840.0325132262477,295.13445469468957,0.0,1.0,0.0,0.0,2.0
6488,0.0002396075418683642,0.05175522904356667,1.0,0.1,838.6310187058559,294.8581902512661,0.0,1.0,0.0,0.0,2.0
6489,0.00015375565385491877,0.03321122123266246,1.0,0.1,836.7612541593903,295.11503739208064,0.0,1.0,0.0,0.0,2.0
6490,0.00017471374253938488,0.03773816838850713,1.0,0.1,836.2919278973477,295.61795401780813,0.0,1.0,0.0,0.0,2.0
6491,0.00018307046143470243,0.03954321966989573,1.0,0.1,838.4591885714547,296.3254069546415,0.0,1.0,0.0,0.0,2.0
6492,0.0003065507681157937,0.06621496591301143,1.0,0.1,835.3538898975117,295.20648432858763,0.0,1.0,0.0,0.0,2.0
6493,0.0008274490942300969,0.17872900435370093,0.0,0.1,828.579900005115,290.66899582419245,0.0,1.0,0.0,0.0,2.0
6494,0.00024020049385536224,0.05188330667275824,1.0,0.1,826.3200576173917,288.3392148953977,0.0,1.0,0.0,0.0,2.0
6495,0.0005608756187213443,0.12114913364381037,0.0,0.1,825.2393335959971,288.20931107536205,0.0,1.0,0.0,0.0,2.0
6496,9.48508958363515e-05,0.020487793500651923,1.0,0.1,824.2734927185751,289.7503862443222,0.0,1.0,0.0,0.0,2.0
6497,0.00015902385120355496,0.03434915185996787,1.0,0.1,823.6804554048895,289.9143363139828,0.0,1.0,0.0,0.0,2.0
6498,0.0001838361418862382,0.03970860664742745,1.0,0.1,822.1850518626919,289.2867830486435,0.0,1.0,0.0,0.0,2.0
6499,0.00022711462995711373,0.04905676007073657,1.0,0.1,820.5769231719172,289.10661820540025,0.0,1.0,0.0,0.0,2.0
6500,0.0004337588197098904,0.09369190505733634,1.0,0.1,816.8227853918156,286.2687234126055,0.0,1.0,0.0,0.0,2.0
6501,0.00019843573721055829,0.04286211923748059,1.0,0.1,814.0501444300068,284.9389950785687,0.0,1.0,0.0,0.0,2.0
6502,1.9456035521613223e-05,0.004202503672668456,1.0,0.1,811.899716528677,285.8423416982955,0.0,1.0,0.0,0.0,2.0
6503,0.00025451599275897824,0.0549754544359393,1.0,0.1,811.3984247259077,285.7301425345814,0.0,1.0,0.0,0.0,2.0
6504,0.00019782139986735414,0.0427294223713485,1.0,0.1,810.001880721745,286.442114782583,0.0,1.0,0.0,0.0,2.0
6505,0.00018473769762160721,0.03990334268626716,1.0,0.1,809.393453469151,285.9250052655348,0.0,1.0,0.0,0.0,2.0
6506,0.00013518350730849123,0.029199637578634106,1.0,0.1,809.3795789109047,286.65822533447545,0.0,1.0,0.0,0.0,2.0
6507,0.00016330576561764142,0.03527404537341055,1.0,0.1,809.9869233361871,287.5703709578943,0.0,1.0,0.0,0.0,2.0
6508,0.00019228955732282998,0.04153454438173128,1.0,0.1,810.9838587944407,287.8026811331096,0.0,1.0,0.0,0.0,2.0
6509,0.00027760823162070085,0.059963378030071394,1.0,0.1,811.5644104147589,288.22148395291396,0.0,1.0,0.0,0.0,2.0
6510,8.474767780173778e-05,0.018305498405175362,1.0,0.1,810.9060005813384,289.106198530139,0.0,1.0,0.0,0.0,2.0
6511,0.0006536765348311256,0.14119413152352314,0.0,0.1,811.8684766178521,289.2705936105359,0.0,1.0,0.0,0.0,2.0
6512,8.159475759232701e-05,0.017624467639942635,1.0,0.1,812.832141847523,288.85693083907455,0.0,1.0,0.0,0.0,2.0
6513,0.000755708748355889,0.16323308964487204,0.0,0.1,814.4401709394534,288.3422367315509,0.0,1.0,0.0,0.0,2.0
6514,0.0008607309349648439,0.1859178819524063,0.0,0.1,817.206302613815,288.4989567840369,0.0,1.0,0.0,0.0,2.0
6515,0.000886126467430594,0.1914033169650083,0.0,0.1,817.8808941814757,289.1319935634574,0.0,1.0,0.0,0.0,2.0
6516,3.768269549017614e-05,0.008139462225878047,1.0,0.1,818.1148910845039,291.1402195590522,0.0,1.0,0.0,0.0,2.0
6517,0.00024650588210917525,0.053245270535581854,1.0,0.1,818.1699054507473,291.8215228531877,0.0,1.0,0.0,0.0,2.0
6518,6.104242538891827e-05,0.013185163884006345,1.0,0.1,818.1519873738324,292.20895553362203,0.0,1.0,0.0,0.0,2.0
6519,0.00017148063236465514,0.03703981659076551,1.0,0.1,817.8854429589051,293.156290895277,0.0,1.0,0.0,0.0,2.0
6520,0.0002667127631763855,0.057609956846099264,1.0,0.1,817.6297309591109,294.15155960066943,0.0,1.0,0.0,0.0,2.0
6521,3.851720328313892e-05,0.008319715909158008,1.0,0.1,818.6229689529735,296.0223536124236,0.0,1.0,0.0,0.0,2.0
6522,0.00013860032842261078,0.02993767093928393,1.0,0.1,820.4039046393196,296.41106932268406,0.0,1.0,0.0,0.0,2.0
6523,0.00038511164186467084,0.0831841146427689,1.0,0.1,821.6224130826071,296.4276867178743,0.0,1.0,0.0,0.0,2.0
6524,0.00020409500289422555,0.044084520625152716,1.0,0.1,821.4873070466956,296.50032706581027,0.0,1.0,0.0,0.0,2.0
6525,4.41064248952134e-05,0.009526987777366094,1.0,0.1,822.5256843811082,298.06181001016074,0.0,1.0,0.0,0.0,2.0
6526,0.00015846493899124002,0.034228426822107846,1.0,0.1,823.8223635559807,299.69400268323375,0.0,1.0,0.0,0.0,2.0
6527,0.0004221334707808579,0.09118082968866531,1.0,0.1,826.7772302009612,300.3548022792789,0.0,1.0,0.0,0.0,2.0
6528,0.00018925132001132704,0.04087828512244664,1.0,0.1,828.1617818262648,301.5786380470592,0.0,1.0,0.0,0.0,2.0
6529,0.0001603219696214157,0.034629545438225794,1.0,0.1,829.1304589497627,303.6547337300415,0.0,1.0,0.0,0.0,2.0
6530,0.00023949635466653406,0.05173121260797136,1.0,0.1,828.3068889310523,302.185639541687,0.0,1.0,0.0,0.0,2.0
6531,0.00022345295462880495,0.048265838199821866,1.0,0.1,826.3461059481256,299.23861208000545,0.0,1.0,0.0,0.0,2.0
6532,0.00012007667384943527,0.02593656155147802,1.0,0.1,826.1663412319527,297.2816596247929,0.0,1.0,0.0,0.0,2.0
6533,0.0002754808075096224,0.059503854422078443,1.0,0.1,826.3228193511098,296.1511635528699,0.0,1.0,0.0,0.0,2.0
6534,0.0002026095674304547,0.04376366656497822,1.0,0.1,827.9369758400076,295.36379760146235,0.0,1.0,0.0,0.0,2.0
6535,0.000725751475213821,0.15676231864618534,0.0,0.1,828.4398476457848,294.81548389515206,0.0,1.0,0.0,0.0,2.0
6536,0.0005373082340592599,0.11605857855680014,0.0,0.1,825.1698791649752,290.4120953759066,0.0,1.0,0.0,0.0,2.0
6537,0.0005622564767728849,0.12144739898294313,0.0,0.1,820.4222451880181,283.1945454032823,0.0,1.0,0.0,0.0,2.0
6538,0.0006199701787283504,0.1339135586053237,0.0,0.1,818.9974325996825,278.30503662840846,0.0,1.0,0.0,0.0,2.0
6539,0.0008107023758241471,0.17511171317801577,0.0,0.1,,,0.0,1.0,,,2.0
6540,0.00048581247485949864,0.1049354945696517,0.0,0.1,,,0.0,1.0,,,2.0
6541,0.00029079273712576635,0.06281123121916553,1.0,0.1,816.9847030671478,264.9106864235747,0.0,1.0,0.0,0.0,2.0
6542,0.0006586323533390085,0.14226458832122585,0.0,0.1,,,0.0,1.0,,,2.0
6543,0.0002979983135810533,0.06436763573350752,1.0,0.1,,,0.0,1.0,,,2.0
6544,0.00039291702761881544,0.08487007796566413,1.0,0.1,,,0.0,1.0,,,2.0
6545,0.0002773645346752461,0.05991073948985315,1.0,0.1,,,0.0,1.0,,,2.0
6546,0.000171810431703795,0.03711105324801972,1.0,0.1,,,0.0,1.0,,,2.0
6547,0.0004287478546449224,0.09260953660330325,1.0,0.1,,,0.0,1.0,,,2.0
6548,0.00025343305712035593,0.05474154033799688,1.0,0.1,,,0.0,1.0,,,2.0
6549,0.0008680106840423463,0.18749030775314682,0.0,0.1,,,0.0,1.0,,,2.0
6550,0.0004929260363188844,0.10647202384487903,0.0,0.1,,,0.0,1.0,,,2.0
6551,0.0003227488954349205,0.06971376141394282,1.0,0.1,,,0.0,1.0,,,2.0
6552,0.00018570669267138515,0.040112645617019195,1.0,0.1,799.2016099740687,240.48151560873706,0.0,1.0,0.0,0.0,2.0
6553,0.0005297132966422471,0.11441807207472539,0.0,0.1,798.3091843992177,240.3117650106684,0.0,1.0,0.0,0.0,2.0
6554,0.0005264563408173119,0.11371456961653938,0.0,0.1,797.5431485448902,238.47744313608572,0.0,1.0,0.0,0.0,2.0
6555,0.0007208919714133803,0.15571266582529014,0.0,0.1,796.236290145175,238.31417322775076,0.0,1.0,0.0,0.0,2.0
6556,0.0004717656080416713,0.101901371337001,0.0,0.1,797.0541818536954,240.2822405732396,0.0,1.0,0.0,0.0,2.0
6557,0.00033238070110941343,0.0717942314396333,1.0,0.1,798.0683570115904,241.9684335426858,0.0,1.0,0.0,0.0,2.0
6558,0.0008545730419010157,0.18458777705061938,0.0,0.1,800.8955165654532,246.17585528415384,0.0,1.0,0.0,0.0,2.0
6559,0.0003356750790627104,0.07250581707754546,1.0,0.1,797.8838317067905,253.35624774290477,0.0,1.0,0.0,0.0,2.0
6560,0.00013054751159445995,0.02819826250440335,1.0,0.1,795.8300656080675,257.125388636263,0.0,1.0,0.0,0.0,2.0
6561,0.00029983545482019385,0.06476445824116188,1.0,0.1,797.6381277964747,259.9223904655592,0.0,1.0,0.0,0.0,2.0
6562,0.0005287086345575624,0.11420106506443349,0.0,0.1,798.364848968562,261.0789052438907,0.0,1.0,0.0,0.0,2.0
6563,0.0011723793917480727,0.2532339486175837,0.0,0.1,800.0178083912602,264.0196752962585,0.0,1.0,0.0,0.0,2.0
6564,0.000861167542860949,0.186012189257965,0.0,0.1,801.5950580648303,266.71968933994856,0.0,1.0,0.0,0.0,2.0
6565,0.0002883378242982525,0.062280970048422535,1.0,0.1,802.6635498552253,272.77402595834747,0.0,1.0,0.0,0.0,2.0
6566,0.00044261099833508416,0.09560397564037817,1.0,0.1,802.9090589405183,277.5834856894328,0.0,1.0,0.0,0.0,2.0
6567,0.0006136071920072721,0.1325391534735708,0.0,0.1,803.6982299516976,279.1578983208431,0.0,1.0,0.0,0.0,2.0
6568,0.000578395575691605,0.12493344434938668,0.0,0.1,803.5939049421885,284.8339355691048,0.0,1.0,0.0,0.0,2.0
6569,0.00011031558997917541,0.02382816743550189,1.0,0.1,803.3154386356512,292.7912340760096,0.0,1.0,0.0,0.0,2.0
6570,0.0003042062878809754,0.06570855818229068,1.0,0.1,804.3412938605463,298.29884274568036,0.0,1.0,0.0,0.0,2.0
6571,9.23457907402877e-05,0.019946690799902144,1.0,0.1,804.8636747645285,299.2482469703325,0.0,1.0,0.0,0.0,2.0
6572,0.0005843985852611001,0.12623009441639763,0.0,0.1,803.0488313246124,301.1763526725784,0.0,1.0,0.0,0.0,2.0
6573,0.00018015676402009396,0.038913861028340296,1.0,0.1,801.0189843433739,302.93055302853526,0.0,1.0,0.0,0.0,2.0
6574,0.00015091682055908942,0.03259803324076331,1.0,0.1,801.6878604027615,305.339547870849,0.0,1.0,0.0,0.0,2.0
6575,0.0002491735626909486,0.0538214895412449,1.0,0.1,802.4211907389179,307.68597142086765,0.0,1.0,0.0,0.0,2.0
6576,0.0002715995210968842,0.05866549655692699,1.0,0.1,804.3666867176008,309.13505118522045,0.0,1.0,0.0,0.0,2.0
6577,0.00029927690124131916,0.06464381066812494,1.0,0.1,804.8766920256813,308.81838007451194,0.0,1.0,0.0,0.0,2.0
6578,0.000303873800453008,0.06563674089784972,1.0,0.1,801.2830670599557,307.28634717170326,0.0,1.0,0.0,0.0,2.0
6579,8.900590339445499e-05,0.01922527513320228,1.0,0.1,796.4834252284475,303.9282217411703,0.0,1.0,0.0,0.0,2.0
6580,0.0005607245261055045,0.12111649763878897,0.0,0.1,794.2152519246936,302.3114805447387,0.0,1.0,0.0,0.0,2.0
6581,0.00035430309790918357,0.07652946914838366,1.0,0.1,787.9776291139535,300.4736722824981,0.0,1.0,0.0,0.0,2.0
6582,0.00023960655571355483,0.05175501603412784,1.0,0.1,786.2404565352982,300.3302985670964,0.0,1.0,0.0,0.0,2.0
6583,0.00015060723241373976,0.032531162201367786,1.0,0.1,786.7723818329279,300.39284675161116,0.0,1.0,0.0,0.0,2.0
6584,0.00019391794573510868,0.041886276278783476,1.0,0.1,786.6330221328393,299.3414195377275,0.0,1.0,0.0,0.0,2.0
6585,0.00020810070123287013,0.044949751466299946,1.0,0.1,785.9169675611998,294.68027197915217,0.0,1.0,0.0,0.0,2.0
6586,0.0003974004550771464,0.08583849829666362,1.0,0.1,782.1687349359023,293.70233975733976,0.0,1.0,0.0,0.0,2.0
6587,0.00039388337484534713,0.08507880896659499,1.0,0.1,780.7818187346576,294.0597392981359,0.0,1.0,0.0,0.0,2.0
6588,0.00017039464898764984,0.03680524418133237,1.0,0.1,780.5918040269644,293.04463353592655,0.0,1.0,0.0,0.0,2.0
6589,0.0003079196811824238,0.06651065113540354,1.0,0.1,780.0776699670379,294.29495556943306,0.0,1.0,0.0,0.0,2.0
6590,0.0002506101191337934,0.054131785732899375,1.0,0.1,779.9748072225301,294.3538089352115,0.0,1.0,0.0,0.0,2.0
6591,0.00022242264161561023,0.04804329058897181,1.0,0.1,779.791814628251,294.2576150850095,0.0,1.0,0.0,0.0,2.0
6592,0.0001793904998685966,0.038748347971616866,1.0,0.1,780.0665209512589,295.6940283224295,0.0,1.0,0.0,0.0,2.0
6593,5.309593108940413e-05,0.011468721115311293,1.0,0.1,782.2433624493823,297.29216855703925,0.0,1.0,0.0,0.0,2.0
6594,0.0001493415407117704,0.03225777279374241,1.0,0.1,783.1540609140366,297.897273189302,0.0,1.0,0.0,0.0,2.0
6595,0.0003337102794347052,0.07208142035789633,1.0,0.1,786.186563714283,298.98838030591025,0.0,1.0,0.0,0.0,2.0
6596,9.223350743264727e-05,0.01992243760545181,1.0,0.1,786.7196480218881,298.8879103831951,0.0,1.0,0.0,0.0,2.0
6597,0.0002141403147239551,0.046254307980374304,1.0,0.1,789.5128200146248,299.0203009912765,0.0,1.0,0.0,0.0,2.0
6598,0.00021491435490945818,0.04642150066044297,1.0,0.1,790.3233455807969,298.62344310068926,0.0,1.0,0.0,0.0,2.0
6599,0.00022116165459508348,0.04777091739253803,1.0,0.1,791.8907027292379,297.1736317014853,0.0,1.0,0.0,0.0,2.0
6600,0.00045095115978893604,0.09740545051441019,1.0,0.1,792.8275086425086,297.1787020380454,0.0,1.0,0.0,0.0,2.0
6601,0.0004282312666465921,0.0924979535956639,1.0,0.1,793.3746688256239,297.17349521253675,0.0,1.0,0.0,0.0,2.0
6602,0.0006364438614724975,0.13747187407805947,0.0,0.1,794.1549590899087,297.12248319367154,0.0,1.0,0.0,0.0,2.0
6603,0.000633372218414264,0.13680839917748103,0.0,0.1,794.6499992848527,297.3316673843046,0.0,1.0,0.0,0.0,2.0
6604,0.0003385620913242347,0.0731294117260347,1.0,0.1,794.6537173466173,296.54885840201143,0.0,1.0,0.0,0.0,2.0
6605,0.00029067819017423557,0.06278648907763489,1.0,0.1,794.8835358583973,295.0098710131136,0.0,1.0,0.0,0.0,2.0
6606,1.7769413283175476e-05,0.003838193269165903,1.0,0.1,793.5211125672532,292.02811460912994,0.0,1.0,0.0,0.0,2.0
6607,0.0010211394055478836,0.22056611159834286,0.0,0.1,791.9706146534961,290.25434475573087,0.0,1.0,0.0,0.0,2.0
6608,0.0004777428061502812,0.10319244612846075,0.0,0.1,793.3265189888452,288.7952064588416,0.0,1.0,0.0,0.0,2.0
6609,0.00024610748706978904,0.05315921720707443,1.0,0.1,796.4536343719451,288.51334237111314,0.0,1.0,0.0,0.0,2.0
6610,0.0004365317260122317,0.09429085281864205,1.0,0.1,800.5695724265789,289.388431439837,0.0,1.0,0.0,0.0,2.0
6611,0.0003902037907722795,0.08428401880681237,1.0,0.1,800.5570970873796,289.27588099737875,0.0,1.0,0.0,0.0,2.0
6612,0.0009984861882395273,0.2156730166597379,0.0,0.1,804.2722110681435,285.56170967398896,0.0,1.0,0.0,0.0,2.0
6613,0.0003837946406130411,0.08289964237241688,1.0,0.1,807.6699126663368,286.8445644085036,0.0,1.0,0.0,0.0,2.0
6614,0.00039436422531519545,0.08518267266808222,1.0,0.1,812.7483787745098,289.3863114006739,0.0,1.0,0.0,0.0,2.0
6615,0.0003515448717430426,0.0759336922964972,1.0,0.1,818.1515566004905,292.10088323802745,0.0,1.0,0.0,0.0,2.0
6616,0.000124313007239003,0.026851609563624645,1.0,0.1,819.4547550053102,292.8155890352367,0.0,1.0,0.0,0.0,2.0
6617,0.00030504626113821127,0.06588999240585364,1.0,0.1,820.4748618575616,292.10059980430066,0.0,1.0,0.0,0.0,2.0
6618,0.00024011035256137192,0.051863836153256335,1.0,0.1,820.9437527417072,292.38957496607514,0.0,1.0,0.0,0.0,2.0
6619,0.00013874357104371027,0.029968611345441418,1.0,0.1,824.9850492873078,290.52621333357376,0.0,1.0,0.0,0.0,2.0
6620,2.759248131138364e-05,0.005959975963258866,1.0,0.1,825.9723812498435,287.4373821050876,0.0,1.0,0.0,0.0,2.0
6621,0.00018979853143670427,0.04099648279032812,1.0,0.1,827.7222617484163,284.4476189788459,0.0,1.0,0.0,0.0,2.0
6622,0.000662803881283292,0.14316563835719107,0.0,0.1,831.3475128692966,277.3548808182606,0.0,1.0,0.0,0.0,2.0
6623,0.0005437725621730472,0.1174548734293782,0.0,0.1,829.5815239317358,270.38047922391985,0.0,1.0,0.0,0.0,2.0
6624,0.0006371760407943985,0.13763002481159006,0.0,0.1,831.2532104274345,266.6859523538046,0.0,1.0,0.0,0.0,2.0
6625,0.0008763063577607156,0.18928217327631458,0.0,0.1,833.6548822054227,266.62305554375274,0.0,1.0,0.0,0.0,2.0
6626,0.0007485044529414281,0.16167696183534846,0.0,0.1,836.9228272444227,261.8299349456414,0.0,1.0,0.0,0.0,2.0
6627,0.0005597225346257006,0.12090006747915134,0.0,0.1,841.5969517132482,256.46588725665094,0.0,1.0,0.0,0.0,2.0
6628,0.001035593246678846,0.22368814128263076,0.0,0.1,849.0997851251793,248.28096748811464,0.0,1.0,0.0,0.0,2.0
6629,0.0016328154905217553,0.35268814595269915,0.0,0.1,,,0.0,1.0,,,2.0
6630,0.0015997737582935038,0.34555113179139685,0.0,0.1,859.1702644651084,244.3141227202312,0.0,1.0,0.0,0.0,2.0
6631,0.001013585061909171,0.21893437337238092,0.0,0.1,860.6129558389581,238.5888052172087,0.0,1.0,0.0,0.0,2.0
6632,0.001364023006205255,0.2946289693403351,0.0,0.1,865.7312918601314,237.2677996618757,0.0,1.0,0.0,0.0,2.0
6633,0.00017188478654303613,0.0371271138932958,1.0,0.1,871.1218080517023,239.1745499345888,0.0,1.0,0.0,0.0,2.0
6634,0.0010897179504767871,0.23537907730298602,0.0,0.1,872.5694432845472,240.39116492117034,0.0,1.0,0.0,0.0,2.0
6635,0.0005848531369457899,0.1263282775802906,0.0,0.1,870.050727377714,240.02686192582587,0.0,1.0,0.0,0.0,2.0
6636,0.00015192078006454426,0.03281488849394156,1.0,0.1,866.5075133388558,239.2856746284196,0.0,1.0,0.0,0.0,2.0
6637,8.588972403235796e-05,0.01855218039098932,1.0,0.1,863.0745204251249,243.09563674141435,0.0,1.0,0.0,0.0,2.0
6638,0.0003566317934488505,0.07703246738495172,1.0,0.1,861.2348049564687,244.787134873064,0.0,1.0,0.0,0.0,2.0
6639,0.00028809155406789224,0.06222777567866473,1.0,0.1,857.9890944654669,250.60414883261754,0.0,1.0,0.0,0.0,2.0
6640,0.001198636634558354,0.2589055130646045,0.0,0.1,851.2988659233752,252.91561487652717,0.0,1.0,0.0,0.0,2.0
6641,0.0006659135635643383,0.14383732972989707,0.0,0.1,845.9264565783393,256.52082098993304,0.0,1.0,0.0,0.0,2.0
6642,0.00026738312255851824,0.05775475447263994,1.0,0.1,838.6302577518718,257.07007792146516,0.0,1.0,0.0,0.0,2.0
6643,0.001691523582514446,0.36536909382312033,0.0,0.1,836.2441036978817,259.2934825639541,0.0,1.0,0.0,0.0,2.0
6644,0.0007849608183089393,0.1695515367547309,0.0,0.1,832.7405859751839,263.15955618550674,0.0,1.0,0.0,0.0,2.0
6645,0.0010447127528396306,0.22565795461336022,0.0,0.1,833.5465388298301,266.44296825187655,0.0,1.0,0.0,0.0,2.0
6646,0.0007525005905912906,0.16254012756771877,0.0,0.1,833.7125132549374,268.59076937556637,0.0,1.0,0.0,0.0,2.0
6647,0.000571051134079387,0.12334704496114758,0.0,0.1,833.2241149155358,268.8971997318204,0.0,1.0,0.0,0.0,2.0
6648,0.000976888029609178,0.21100781439558244,0.0,0.1,832.6906433799221,271.1310606089944,0.0,1.0,0.0,0.0,2.0
6649,0.0005899755823111801,0.1274347257792149,0.0,0.1,830.6178417859255,274.04797275592017,0.0,1.0,0.0,0.0,2.0
6650,0.0001278226955581301,0.0276097022405561,1.0,0.1,827.9539564922825,275.4803593768488,0.0,1.0,0.0,0.0,2.0
6651,0.0006495049456989292,0.1402930682709687,0.0,0.1,827.5926837376564,277.5449398222812,0.0,1.0,0.0,0.0,2.0
6652,0.0007013323515172903,0.1514877879277347,0.0,0.1,825.4865791286696,278.362113252621,0.0,1.0,0.0,0.0,2.0
6653,0.00024247674866733333,0.052374977712144,1.0,0.1,821.9293907167481,278.51040763265917,0.0,1.0,0.0,0.0,2.0
6654,0.0008408618979612928,0.18162616995963926,0.0,0.1,820.9633194014743,278.9107177223487,0.0,1.0,0.0,0.0,2.0
6655,0.0003545650490896544,0.07658605060336536,1.0,0.1,819.9144274599414,280.4452078917899,0.0,1.0,0.0,0.0,2.0
6656,7.959712927203525e-05,0.017192979922759616,1.0,0.1,819.402893065406,282.07892146778204,0.0,1.0,0.0,0.0,2.0
6657,0.00036926748585556357,0.07976177694480173,1.0,0.1,819.2307848020045,282.08480962738275,0.0,1.0,0.0,0.0,2.0
6658,0.0003219774332256804,0.06954712557674697,1.0,0.1,816.2316739371544,281.2050466700486,0.0,1.0,0.0,0.0,2.0
6659,0.00045498174754767787,0.09827605747029843,1.0,0.1,813.3459398748247,280.05313668377806,0.0,1.0,0.0,0.0,2.0
6660,9.951175057496431e-05,0.021494538124192292,1.0,0.1,811.9494481733356,279.82198374345677,0.0,1.0,0.0,0.0,2.0
6661,0.00015843644386135934,0.03422227187405362,1.0,0.1,811.790710479899,279.1994667154477,0.0,1.0,0.0,0.0,2.0
6662,6.500572036400561e-05,0.014041235598625213,1.0,0.1,810.5019746243962,279.4527896560506,0.0,1.0,0.0,0.0,2.0
6663,0.00012164042666298452,0.026274332159204657,1.0,0.1,810.8079417500969,281.0326587502683,0.0,1.0,0.0,0.0,2.0
6664,0.0005295478136330559,0.1143823277447401,0.0,0.1,808.7565022522615,281.0988343047254,0.0,1.0,0.0,0.0,2.0
6665,0.00041834654757938076,0.09036285427714624,1.0,0.1,804.7168514429092,280.16008474775504,0.0,1.0,0.0,0.0,2.0
6666,0.0007988752564415273,0.1725570553913699,0.0,0.1,803.8389490469037,279.1722451190398,0.0,1.0,0.0,0.0,2.0
6667,0.000540848768953434,0.11682333409394176,0.0,0.1,803.5015168075379,278.79607042741725,0.0,1.0,0.0,0.0,2.0
6668,0.00017255975883726088,0.03727290790884835,1.0,0.1,802.4272514708555,281.2498152212374,0.0,1.0,0.0,0.0,2.0
6669,0.0002962051313991897,0.06398030838222497,1.0,0.1,801.3182248132872,284.54017543276564,0.0,1.0,0.0,0.0,2.0
6670,0.00019919924725392212,0.04302703740684718,1.0,0.1,801.1883465034724,285.00865896278566,0.0,1.0,0.0,0.0,2.0
6671,0.0004407765320794257,0.09520773092915595,1.0,0.1,800.7400798656726,287.37118171343025,0.0,1.0,0.0,0.0,2.0
6672,0.00010448162966259923,0.022568032007121434,1.0,0.1,799.9649694940712,289.25766249589196,0.0,1.0,0.0,0.0,2.0
6673,0.00016927641493290859,0.03656370562550825,1.0,0.1,801.5407875134028,292.40242842154083,0.0,1.0,0.0,0.0,2.0
6674,2.7511483195876605e-05,0.0059424803703093465,1.0,0.1,802.7137995179679,295.42686843880244,0.0,1.0,0.0,0.0,2.0
6675,0.00019835225165062086,0.042844086356534104,1.0,0.1,803.7245588031446,296.6004522219242,0.0,1.0,0.0,0.0,2.0
6676,8.612547342544967e-05,0.018603102259897128,1.0,0.1,804.3548857838314,296.3284506269648,0.0,1.0,0.0,0.0,2.0
6677,0.0002619213594270574,0.05657501363624439,1.0,0.1,803.3744183531195,295.01860739252345,0.0,1.0,0.0,0.0,2.0
6678,5.680686903407573e-05,0.012270283711360358,1.0,0.1,802.5448813109078,293.6042042474619,0.0,1.0,0.0,0.0,2.0
6679,0.0001524326107783299,0.03292544392811926,1.0,0.1,803.5056785116006,293.66755985089674,0.0,1.0,0.0,0.0,2.0
6680,0.0002657761724828064,0.05740765325628619,1.0,0.1,803.8442758918156,292.7958009512525,0.0,1.0,0.0,0.0,2.0
6681,2.626633725514353e-05,0.005673528847111003,1.0,0.1,805.8671701954675,294.2469014208064,0.0,1.0,0.0,0.0,2.0
6682,0.00010015282678321393,0.02163301058517421,1.0,0.1,806.6931627320877,294.8264826438834,0.0,1.0,0.0,0.0,2.0
6683,8.841745833163868e-05,0.019098170999633957,1.0,0.1,806.8264032344981,294.85242390102025,0.0,1.0,0.0,0.0,2.0
6684,0.0002200066248914046,0.04752143097654339,1.0,0.1,804.8616561423933,293.6351176744802,0.0,1.0,0.0,0.0,2.0
6685,0.0002698909345288253,0.05829644185822627,1.0,0.1,802.148690149158,292.08231723782734,0.0,1.0,0.0,0.0,2.0
6686,0.0001363698438547778,0.02945588627263201,1.0,0.1,800.8634100425709,291.6990391377272,0.0,1.0,0.0,0.0,2.0
6687,0.00010448549625371984,0.022568867190803487,1.0,0.1,798.1808122553542,291.5640692020153,0.0,1.0,0.0,0.0,2.0
6688,0.00019801375136844107,0.04277097029558328,1.0,0.1,798.6588829643885,291.772261274849,0.0,1.0,0.0,0.0,2.0
6689,0.0005443743459444557,0.11758485872400244,0.0,0.1,799.2901530935436,292.65621925800383,0.0,1.0,0.0,0.0,2.0
6690,0.0005042348023352014,0.10891471730440351,0.0,0.1,797.9884865539143,291.9922743884567,0.0,1.0,0.0,0.0,2.0
6691,0.0003521866419510609,0.07607231466142915,1.0,0.1,794.4145472217081,292.5471641269867,0.0,1.0,0.0,0.0,2.0
6692,6.30417513609257e-05,0.013617018293959952,1.0,0.1,793.399788466449,289.1536754697665,0.0,1.0,0.0,0.0,2.0
6693,2.084970258328524e-05,0.004503535757989612,1.0,0.1,792.5765378579347,288.09951867096345,0.0,1.0,0.0,0.0,2.0
6694,0.0001884478061723889,0.040704726133236,1.0,0.1,791.9109360535753,287.7126433889997,0.0,1.0,0.0,0.0,2.0
6695,0.0005038263649654366,0.10882649483253432,0.0,0.1,791.813460637002,290.3796257436016,0.0,1.0,0.0,0.0,2.0
6696,0.00026929788374042046,0.058168342887930824,1.0,0.1,791.325484319534,290.77072653047117,0.0,1.0,0.0,0.0,2.0
6697,0.0002868958317860878,0.06196949966579497,1.0,0.1,791.2075155108021,291.5766754415177,0.0,1.0,0.0,0.0,2.0
6698,0.0005274681751735651,0.11393312583749007,0.0,0.1,791.1919616138617,291.8365053855065,0.0,1.0,0.0,0.0,2.0
6699,0.00026912355880244216,0.05813068870132751,1.0,0.1,790.9307793253438,292.915136418513,0.0,1.0,0.0,0.0,2.0
6700,0.0004269530411288386,0.09222185688382914,1.0,0.1,791.8072588495183,292.86163124059374,0.0,1.0,0.0,0.0,2.0
6701,0.00023053718355509198,0.04979603164789987,1.0,0.1,793.019785779982,294.2485426704289,0.0,1.0,0.0,0.0,2.0
6702,0.00014827073984515185,0.0320264798065528,1.0,0.1,793.4417389382731,294.3308549971354,0.0,1.0,0.0,0.0,2.0
6703,8.577984362287583e-05,0.01852844622254118,1.0,0.1,793.1088047181128,294.28734581993683,0.0,1.0,0.0,0.0,2.0
6704,0.00013510810505047916,0.029183350690903498,1.0,0.1,793.2949246181917,294.06473751200554,0.0,1.0,0.0,0.0,2.0
6705,0.0002634538888620259,0.05690603999419759,1.0,0.1,794.4276401363235,293.2806652881041,0.0,1.0,0.0,0.0,2.0
6706,0.00027311986086748797,0.0589938899473774,1.0,0.1,794.2511811077749,293.4319228734245,0.0,1.0,0.0,0.0,2.0
6707,0.0005225721418990918,0.11287558265020382,0.0,0.1,795.400851787375,292.49723429257637,0.0,1.0,0.0,0.0,2.0
6708,0.00013985024591144877,0.030207653116872936,1.0,0.1,796.7893499506806,291.51188398709843,0.0,1.0,0.0,0.0,2.0
6709,0.00017666144862730408,0.03815887290349768,1.0,0.1,797.6934939273324,292.44256001390704,0.0,1.0,0.0,0.0,2.0
6710,3.597821912966208e-05,0.00777129533200701,1.0,0.1,798.2968949386267,292.6802849680124,0.0,1.0,0.0,0.0,2.0
6711,0.00010023566799483411,0.021650904286884168,1.0,0.1,798.1774317880934,292.4645024029555,0.0,1.0,0.0,0.0,2.0
6712,8.708833356451465e-05,0.018811080049935164,1.0,0.1,798.3213618467083,292.7333037806535,0.0,1.0,0.0,0.0,2.0
6713,0.0005644852607396524,0.12192881631976493,0.0,0.1,801.5019244888819,291.8749785024561,0.0,1.0,0.0,0.0,2.0
6714,0.0001452676446074937,0.031377811235218635,1.0,0.1,805.6378221333664,280.40376383985557,0.0,1.0,0.0,0.0,2.0
6715,0.0003402645316827893,0.07349713884348248,1.0,0.1,804.8675783594266,276.89823227401837,0.0,1.0,0.0,0.0,2.0
6716,0.0003209764340298435,0.06933090975044619,1.0,0.1,809.7173792097981,278.199503101193,0.0,1.0,0.0,0.0,2.0
6717,0.00011684318718908232,0.025238128432841782,1.0,0.1,807.3964194411076,283.96227700404137,0.0,1.0,0.0,0.0,2.0
6718,0.0005271458593169955,0.11386350561247104,0.0,0.1,809.0889257449866,289.6265280596929,0.0,1.0,0.0,0.0,2.0
6719,0.0010775047694737234,0.23274103020632425,0.0,0.1,815.8156568413609,288.7842132476767,0.0,1.0,0.0,0.0,2.0
6720,0.001053707591970501,0.2276008398656282,0.0,0.1,818.8733836124271,287.6163988119234,0.0,1.0,0.0,0.0,2.0
6721,0.0008079307319256988,0.17451303809595092,0.0,0.1,823.1300388367262,285.0277965059634,0.0,1.0,0.0,0.0,2.0
6722,7.513924185474875e-05,0.01623007624062573,1.0,0.1,830.6613671101029,283.3313989914272,0.0,1.0,0.0,0.0,2.0
6723,6.054363947906301e-05,0.01307742612747761,1.0,0.1,832.0459831509168,286.38928365112474,0.0,1.0,0.0,0.0,2.0
6724,0.00022478208024566298,0.048552929333063204,1.0,0.1,833.9348210504687,288.95680994098024,0.0,1.0,0.0,0.0,2.0
6725,0.0012220603048177581,0.26396502584063575,0.0,0.1,833.9437287613855,293.3483868093847,0.0,1.0,0.0,0.0,2.0
6726,0.0011194686492746102,0.2418052282433158,0.0,0.1,833.1832227765326,291.6801239294708,0.0,1.0,0.0,0.0,2.0
6727,0.00026922478070499515,0.05815255263227896,1.0,0.1,828.7802837840663,291.3705743919767,0.0,1.0,0.0,0.0,2.0
6728,0.000292422708276982,0.06316330498782811,1.0,0.1,825.5578541305298,291.3215629628487,0.0,1.0,0.0,0.0,2.0
6729,0.0005934192777126845,0.12817856398593988,0.0,0.1,824.4687934989504,291.2446280126499,0.0,1.0,0.0,0.0,2.0
6730,0.0002889821643128707,0.062420147491580064,1.0,0.1,823.9548143217235,291.6337247393761,0.0,1.0,0.0,0.0,2.0
6731,0.00047374187970576983,0.10232824601644629,0.0,0.1,825.0362692980251,287.65254055185414,0.0,1.0,0.0,0.0,2.0
6732,0.0003801997323026867,0.08212314217738033,1.0,0.1,824.0316963288404,283.23267198321633,0.0,1.0,0.0,0.0,2.0
6733,0.000786216698916669,0.1698228069660005,0.0,0.1,825.032192320996,278.60108163955204,0.0,1.0,0.0,0.0,2.0
6734,0.0002885863320543285,0.062334647723734954,1.0,0.1,829.9309182797273,267.8362187207037,0.0,1.0,0.0,0.0,2.0
6735,0.0005205868643852507,0.11244676270721415,0.0,0.1,833.9119244516098,265.98008139371257,0.0,1.0,0.0,0.0,2.0
6736,0.00026689997542461453,0.05765039469171674,1.0,0.1,836.2010512339217,262.95084481243384,0.0,1.0,0.0,0.0,2.0
6737,0.0028237014865214716,0.6099195210886379,0.0,0.1,836.759720620002,260.29611365915395,0.0,1.0,0.0,0.0,2.0
6738,0.0019433917996886916,0.4197726287327574,0.0,0.1,843.495211811264,256.8103004785179,0.0,1.0,0.0,0.0,2.0
6739,0.0005493495540698989,0.11865950367909817,0.0,0.1,849.8733427822875,260.02825996198663,0.0,1.0,0.0,0.0,2.0
6740,0.0005120042237468898,0.11059291232932819,0.0,0.1,851.9448309702811,259.35468693198186,0.0,1.0,0.0,0.0,2.0
6741,0.00022806308377818906,0.04926162609608884,1.0,0.1,849.0130815592195,259.5495921530922,0.0,1.0,0.0,0.0,2.0
6742,0.0007275770002093944,0.1571566320452292,0.0,0.1,848.6271294756,259.4382025446304,0.0,1.0,0.0,0.0,2.0
6743,0.00021558220149389765,0.04656575552268189,1.0,0.1,844.4785708848685,262.2624766716939,0.0,1.0,0.0,0.0,2.0
6744,0.00014796363823553414,0.031960145858875376,1.0,0.1,839.8779729186462,267.25440337955746,0.0,1.0,0.0,0.0,2.0
6745,0.00012203170632322784,0.026358848565817213,1.0,0.1,836.7291505942602,270.8535670703199,0.0,1.0,0.0,0.0,2.0
6746,0.00028451507388754636,0.06145525595971002,1.0,0.1,835.7609752406746,273.5204607113868,0.0,1.0,0.0,0.0,2.0
6747,0.00047909551515273917,0.10348463127299166,0.0,0.1,829.4742368767359,277.9122678617645,0.0,1.0,0.0,0.0,2.0
6748,0.0006398392077599641,0.13820526887615225,0.0,0.1,825.4990198933441,282.1605625942636,0.0,1.0,0.0,0.0,2.0
6749,0.0009651837410894474,0.20847968807532063,0.0,0.1,822.4885634818049,285.6560343387789,0.0,1.0,0.0,0.0,2.0
6750,0.0002532001127241977,0.0546912243484267,1.0,0.1,820.8006846604435,290.80535611698184,0.0,1.0,0.0,0.0,2.0
6751,0.00021411885639471872,0.046249672981259246,1.0,0.1,820.8511213511973,291.2188311064958,0.0,1.0,0.0,0.0,2.0
6752,0.001007991293172628,0.21772611932528765,0.0,0.1,819.0327480786431,289.80623632364996,0.0,1.0,0.0,0.0,2.0
6753,0.00144031339543773,0.3111076934145497,0.0,0.1,817.8039663337951,287.43357317607297,0.0,1.0,0.0,0.0,2.0
6754,0.0002725955770190788,0.05888064463612101,1.0,0.1,818.0286748171375,287.3520459604479,0.0,1.0,0.0,0.0,2.0
6755,0.0005926094502283314,0.1280036412493196,0.0,0.1,817.6942668972621,286.81683577768064,0.0,1.0,0.0,0.0,2.0
6756,0.000245867549776553,0.05310739075173544,1.0,0.1,818.260415756021,290.2907071584441,0.0,1.0,0.0,0.0,2.0
6757,0.00033528171373032006,0.07242085016574913,1.0,0.1,816.0578319040293,294.01646967104955,0.0,1.0,0.0,0.0,2.0
6758,0.0002557414404472883,0.05524015113661428,1.0,0.1,815.3012810558907,295.93353056024387,0.0,1.0,0.0,0.0,2.0
6759,0.0002124929331389752,0.04589847355801865,1.0,0.1,814.4396437128086,298.7511528292928,0.0,1.0,0.0,0.0,2.0
6760,0.0002656385052846695,0.05737791714148862,1.0,0.1,814.3461631803023,300.1101357624973,0.0,1.0,0.0,0.0,2.0
6761,0.0005197279717649295,0.11226124190122477,0.0,0.1,815.9884192842048,303.5261405833997,0.0,1.0,0.0,0.0,2.0
6762,0.0001292661121926115,0.027921480233604083,1.0,0.1,816.9789076988293,306.18066847648123,0.0,1.0,0.0,0.0,2.0
6763,0.000111916797581368,0.02417402827757549,1.0,0.1,820.4494309926929,307.5252467090187,0.0,1.0,0.0,0.0,2.0
6764,0.0002807281391160366,0.060637278049063915,1.0,0.1,821.1279873132426,307.9372320238122,0.0,1.0,0.0,0.0,2.0
6765,0.00011893994160787535,0.025691027387301075,1.0,0.1,819.9459449798018,307.3030886300354,0.0,1.0,0.0,0.0,2.0
6766,0.00011554407225962293,0.024957519608078554,1.0,0.1,820.1390902490737,306.4430866441083,0.0,1.0,0.0,0.0,2.0
6767,4.165566078509672e-05,0.00899762272958089,1.0,0.1,820.714637365798,306.34068192188147,0.0,1.0,0.0,0.0,2.0
6768,0.0001969534713013445,0.04254194980109041,1.0,0.1,821.3838562940035,305.79699636417087,0.0,1.0,0.0,0.0,2.0
6769,0.00015152458256523276,0.032729309834090274,1.0,0.1,821.6428685821094,306.38037316118147,0.0,1.0,0.0,0.0,2.0
6770,0.00011210766045176533,0.02421525465758131,1.0,0.1,821.4560811286528,307.4760300768613,0.0,1.0,0.0,0.0,2.0
6771,7.761150167277915e-05,0.0167640843613203,1.0,0.1,821.5079368721342,307.44536344631354,0.0,1.0,0.0,0.0,2.0
6772,0.00032132902746148954,0.06940706993168175,1.0,0.1,820.1907246854388,305.6094313128627,0.0,1.0,0.0,0.0,2.0
6773,0.0004032159898753599,0.08709465381307774,1.0,0.1,818.0315506811488,302.5381536923633,0.0,1.0,0.0,0.0,2.0
6774,8.793571575617485e-05,0.018994114603333768,1.0,0.1,816.2428429078999,302.91707162371284,0.0,1.0,0.0,0.0,2.0
6775,0.0001324480796222644,0.02860878519840911,1.0,0.1,814.598772698435,303.56341744873333,0.0,1.0,0.0,0.0,2.0
6776,0.0003866596260012727,0.08351847921627491,1.0,0.1,813.5675127005114,304.3934303429628,0.0,1.0,0.0,0.0,2.0
6777,0.00014051186825718884,0.030350563543552794,1.0,0.1,813.8159789668949,304.36627256215485,0.0,1.0,0.0,0.0,2.0
6778,0.0001862950835706879,0.040239738051268584,1.0,0.1,812.5594230072641,305.160938624803,0.0,1.0,0.0,0.0,2.0
6779,0.00038355511831782304,0.08284790555664978,1.0,0.1,813.2231458469565,305.09991889902403,0.0,1.0,0.0,0.0,2.0
6780,3.261455032502114e-05,0.007044742870204566,1.0,0.1,813.3178782017991,304.0566708249338,0.0,1.0,0.0,0.0,2.0
6781,0.0001032756537569184,0.022307541211494374,1.0,0.1,813.9151460115696,303.70640415566726,0.0,1.0,0.0,0.0,2.0
6782,4.813272630929212e-05,0.010396668882807098,1.0,0.1,813.6519476340434,303.5707633842766,0.0,1.0,0.0,0.0,2.0
6783,9.521186901616112e-05,0.020565763707490803,1.0,0.1,814.0256233422269,303.4376558314252,0.0,1.0,0.0,0.0,2.0
6784,0.00012662921651925992,0.027351910768160143,1.0,0.1,814.0950009812691,304.0908839534852,0.0,1.0,0.0,0.0,2.0
6785,0.0004047168281893645,0.08741883488890273,1.0,0.1,814.3509671115297,304.189400151686,0.0,1.0,0.0,0.0,2.0
6786,7.30594289040446e-05,0.015780836643273635,1.0,0.1,813.5205840440963,303.5287466101845,0.0,1.0,0.0,0.0,2.0
6787,9.933378448245729e-05,0.021456097448210774,1.0,0.1,813.6138210572767,302.6384387037032,0.0,1.0,0.0,0.0,2.0
6788,0.00023875515587116702,0.05157111366817208,1.0,0.1,809.591309462144,298.9805574400411,0.0,1.0,0.0,0.0,2.0
6789,0.0004100566571675597,0.0885722379481929,1.0,0.1,806.5370522386446,296.1508300309109,0.0,1.0,0.0,0.0,2.0
6790,0.00020108178098498389,0.04343366469275652,1.0,0.1,803.6433406359241,293.8479948468997,0.0,1.0,0.0,0.0,2.0
6791,0.0002654872023261914,0.057345235702457344,1.0,0.1,803.7452483433714,293.30831253267763,0.0,1.0,0.0,0.0,2.0
6792,0.00019385051281285796,0.04187171076757732,1.0,0.1,804.6648781631134,291.9126983874376,0.0,1.0,0.0,0.0,2.0
6793,0.0004133500334057815,0.0892836072156488,1.0,0.1,802.3851882366524,284.28497881911784,0.0,1.0,0.0,0.0,2.0
6794,0.0002815057325512557,0.060805238231071236,1.0,0.1,799.8590115517643,281.40336599185514,0.0,1.0,0.0,0.0,2.0
6795,0.0008587552141684464,0.18549112626038444,0.0,0.1,802.053528501424,278.178423521269,0.0,1.0,0.0,0.0,2.0
6796,0.00021505683444415492,0.046452276239937466,1.0,0.1,800.2313427126223,274.04323522677174,0.0,1.0,0.0,0.0,2.0
6797,0.0008884596236571034,0.19190727870993435,0.0,0.1,801.1934054686319,270.7584566794186,0.0,1.0,0.0,0.0,2.0
6798,0.0007868727034718823,0.16996450394992657,0.0,0.1,801.2066965601543,266.01102351770174,0.0,1.0,0.0,0.0,2.0
6799,0.0015449523106271692,0.33370969909546855,0.0,0.1,800.406268485822,253.7737571041501,0.0,1.0,0.0,0.0,2.0
6800,0.0002392338790196686,0.05167451786824842,1.0,0.1,797.1482396948675,239.82071434973187,0.0,1.0,0.0,0.0,2.0
6801,0.0001634564903121813,0.03530660190743116,1.0,0.1,796.5152356753819,234.95471458196573,0.0,1.0,0.0,0.0,2.0
6802,0.00022342331916066924,0.048259436938704554,1.0,0.1,796.9776682926658,228.9977500643754,0.0,1.0,0.0,0.0,2.0
6803,0.0010788453891091801,0.2330306040475829,0.0,0.1,799.2080154554424,227.53767550712058,0.0,1.0,0.0,0.0,2.0
6804,0.00023384449640141225,0.05051041122270505,1.0,0.1,800.3130123709939,222.44517701393295,0.0,1.0,0.0,0.0,2.0
6805,0.0006751366481903853,0.14582951600912322,0.0,0.1,800.9525313983285,218.31808887813506,0.0,1.0,0.0,0.0,2.0
6806,0.000993151726530136,0.2145207729305094,0.0,0.1,803.2722069566258,208.2521678827415,0.0,1.0,0.0,0.0,2.0
6807,0.0007692312466618999,0.16615394927897037,0.0,0.1,806.1276324629082,209.10342829868162,0.0,1.0,0.0,0.0,2.0
6808,0.0002692828858157493,0.058165103336201854,1.0,0.1,810.3819681425153,211.95809750002405,0.0,1.0,0.0,0.0,2.0
6809,0.0007151762902887546,0.154478078702371,0.0,0.1,812.858076913105,211.5243594061842,0.0,1.0,0.0,0.0,2.0
6810,0.0007080441249888326,0.15293753099758783,0.0,0.1,817.6868656052646,207.65617904305097,0.0,1.0,0.0,0.0,2.0
6811,0.0007268754731232126,0.15700510219461392,0.0,0.1,823.4228694574332,208.33479850735532,0.0,1.0,0.0,0.0,2.0
6812,0.0006321999056588375,0.1365551796223089,0.0,0.1,834.3660380567442,205.25475948159846,0.0,1.0,0.0,0.0,2.0
6813,0.000809889206300815,0.17493606856097607,0.0,0.1,,,0.0,1.0,,,2.0
6814,0.0007458436360616427,0.16110222538931485,0.0,0.1,,,0.0,1.0,,,2.0
6815,0.001578458638000537,0.340947065808116,0.0,0.1,846.6415685308395,205.61899981605592,0.0,1.0,0.0,0.0,2.0
6816,0.00135006668713794,0.29161440442179504,0.0,0.1,850.9593546182359,205.1328402510327,0.0,1.0,0.0,0.0,2.0
6817,0.0004324273291740566,0.09340430310159623,1.0,0.1,848.6127693739267,200.9494386285304,0.0,1.0,0.0,0.0,2.0
6818,4.153609410187284e-05,0.008971796326004533,1.0,0.1,848.376816546543,200.9303226003545,0.0,1.0,0.0,0.0,2.0
6819,0.000912268559718619,0.19705000889922172,0.0,0.1,847.3673782962846,200.97307957521957,0.0,1.0,0.0,0.0,2.0
6820,0.0004482502678616541,0.09682205785811729,1.0,0.1,846.41667879926,204.56062788852446,0.0,1.0,0.0,0.0,2.0
6821,0.0005212904171898175,0.11259873011300058,0.0,0.1,841.159262388864,208.02993339261369,0.0,1.0,0.0,0.0,2.0
6822,0.00038792823730196123,0.08379249925722362,1.0,0.1,836.4848280864945,209.28521653509713,0.0,1.0,0.0,0.0,2.0
6823,0.000312296252481462,0.0674559905359958,1.0,0.1,833.7876335351044,209.81611511012773,0.0,1.0,0.0,0.0,2.0
6824,0.0009645624285211832,0.20834548456057558,0.0,0.1,827.8363065140398,213.6455216822767,0.0,1.0,0.0,0.0,2.0
6825,0.001758879465985785,0.37991796465292954,0.0,0.1,819.9113468711616,215.01831578723633,0.0,1.0,0.0,0.0,2.0
6826,0.0014180674991788828,0.30630257982263864,0.0,0.1,814.7242162713505,208.9516932713012,0.0,1.0,0.0,0.0,2.0
6827,0.0008604537035971381,0.18585799997698182,0.0,0.1,814.1706606670147,196.24556923655913,0.0,1.0,0.0,0.0,2.0
6828,0.0009337089772948833,0.20168113909569477,0.0,0.1,813.5359688679127,189.81105905974283,0.0,1.0,0.0,0.0,2.0
6829,0.0006275980577096484,0.13556118046528406,0.0,0.1,813.5470049625926,185.96934961760317,0.0,1.0,0.0,0.0,2.0
6830,0.00032309782308346423,0.06978912978602828,1.0,0.1,811.0954003849849,185.97956544334198,0.0,1.0,0.0,0.0,2.0
6831,0.0008375859777993232,0.18091857120465382,0.0,0.1,811.0860322094561,184.10092486905071,0.0,1.0,0.0,0.0,2.0
6832,0.0003206885186171065,0.06926872002129501,1.0,0.1,812.5396122531128,181.42240961564806,0.0,1.0,0.0,0.0,2.0
6833,0.0008115609265671234,0.17529716013849866,0.0,0.1,816.8348754671825,175.08617375787833,0.0,1.0,0.0,0.0,2.0
6834,0.0010896227547844107,0.23535851503343272,0.0,0.1,820.6541691264961,170.0746112842963,0.0,1.0,0.0,0.0,2.0
6835,0.0006488009054845151,0.14014099558465526,0.0,0.1,821.0581177365399,165.28621976305521,0.0,1.0,0.0,0.0,2.0
6836,0.0013412138087639804,0.2897021826930198,0.0,0.1,820.0903742220489,164.75204508879725,0.0,1.0,0.0,0.0,2.0
6837,,,,0.1,815.8072783620615,164.82801927679952,0.0,1.0,0.0,0.0,2.0
6838,,,,0.1,808.6554450755277,165.09586611953617,,,0.0,0.0,2.0
6839,0.00047226987803757704,0.10201029365611665,0.0,0.1,810.6462054175257,153.85425918352948,0.0,1.0,0.0,0.0,2.0
6840,0.0009348553922577923,0.20192876472768315,0.0,0.1,815.0188119433788,134.9027411992404,0.0,1.0,0.0,0.0,2.0
6841,0.00195362050680403,0.42198202946967045,0.0,0.1,813.1700817842991,130.78652648724469,0.0,1.0,0.0,0.0,2.0
6842,0.0006987617144266655,0.15093253031615975,0.0,0.1,811.53707737868,125.28984580140698,0.0,1.0,0.0,0.0,2.0
6843,0.0010204695223450346,0.22042141682652747,0.0,0.1,811.4463379709083,117.48739557187334,0.0,1.0,0.0,0.0,2.0
6844,9.507878857238301e-05,0.02053701833163473,1.0,0.1,806.3485723089037,112.55988600692557,0.0,1.0,0.0,0.0,2.0
6845,0.0003327267638467793,0.07186898099090433,1.0,0.1,800.9327219474973,111.31684280200406,0.0,1.0,0.0,0.0,2.0
6846,0.001741416838670545,0.37614603715283773,0.0,0.1,799.9535218141411,110.28420022689207,0.0,1.0,0.0,0.0,2.0
6847,0.0007641122700803399,0.16504825033735343,0.0,0.1,799.6185682607149,104.94379829599929,0.0,1.0,0.0,0.0,2.0
6848,0.0009044279129278442,0.19535642919241436,0.0,0.1,796.6922434444331,99.73665465368047,0.0,1.0,0.0,0.0,2.0
6849,0.0009587659092786592,0.2070934364041904,0.0,0.1,794.0739323065351,97.07876497613692,0.0,1.0,0.0,0.0,2.0
6850,0.0009333370138694605,0.20160079499580347,0.0,0.1,792.0165954770013,97.01641788228167,0.0,1.0,0.0,0.0,2.0
6851,0.0007643703121299687,0.16510398742007326,0.0,0.1,789.4728203324768,97.38694847183963,0.0,1.0,0.0,0.0,2.0
6852,0.0009564694380905734,0.20659739862756385,0.0,0.1,787.8469580619593,96.99877130884923,0.0,1.0,0.0,0.0,2.0
6853,0.0005417457072352331,0.11701707276281034,0.0,0.1,784.8956419561069,96.69884501560085,0.0,1.0,0.0,0.0,2.0
6854,0.002723325259514977,0.588238256055235,0.0,0.1,784.6767198897911,95.00982302933444,0.0,1.0,0.0,0.0,2.0
6855,0.0012605976691220603,0.27228909653036504,0.0,0.1,786.4614572101474,90.6260494496362,0.0,1.0,0.0,0.0,2.0
6856,0.0023821123170302628,0.5145362604785367,0.0,0.1,784.092667714331,90.39632758112604,0.0,1.0,0.0,0.0,2.0
6857,0.002799902432444952,0.6047789254081096,0.0,0.1,778.7413206764907,94.93615067068455,0.0,1.0,0.0,0.0,2.0
6858,0.00031859751701850396,0.06881706367599685,1.0,0.1,778.1666272783158,96.47505938705642,0.0,1.0,0.0,0.0,2.0
6859,0.002272863963994673,0.49093861622284934,0.0,0.1,777.2055532238592,98.228522596476,0.0,1.0,0.0,0.0,2.0
6860,0.0027990498363096574,0.604594764642886,0.0,0.1,777.1643553653253,101.20594417411206,0.0,1.0,0.0,0.0,2.0
6861,0.0016568175314452607,0.3578725867921763,0.0,0.1,772.4192241011673,107.70122012171235,0.0,1.0,0.0,0.0,2.0
6862,0.0004497227080906215,0.09714010494757425,1.0,0.1,773.374208387362,109.36667908013114,0.0,1.0,0.0,0.0,2.0
6863,0.002257492422129176,0.487618363179902,0.0,0.1,772.831168741367,110.45176275370837,0.0,1.0,0.0,0.0,2.0
6864,0.0008799438717163955,0.19006787629074143,0.0,0.1,774.0852013353422,110.83019859165573,0.0,1.0,0.0,0.0,2.0
6865,0.0013325281680869223,0.28782608430677525,0.0,0.1,773.8246823522638,113.08879550478196,0.0,1.0,0.0,0.0,2.0
6866,0.001968027610998394,0.42509396397565313,0.0,0.1,771.4883818438936,117.03552074153757,0.0,1.0,0.0,0.0,2.0
6867,0.0010677249264974297,0.2306285841234448,0.0,0.1,769.7028069696378,119.42650953024996,0.0,1.0,0.0,0.0,2.0
6868,0.0018740919960574345,0.4048038711484058,0.0,0.1,767.8776390649608,121.12949910741993,0.0,1.0,0.0,0.0,2.0
6869,0.0020370172675124682,0.43999572978269313,0.0,0.1,764.6606205064578,124.83633913442213,0.0,1.0,0.0,0.0,2.0
6870,0.002227260038023008,0.4810881682129697,0.0,0.1,761.3480783918534,129.66275377557466,0.0,1.0,0.0,0.0,2.0
6871,0.0007043828889176361,0.15214670400620942,0.0,0.1,755.9848157848592,134.8956417359844,0.0,1.0,0.0,0.0,2.0
6872,0.0014751032037841239,0.31862229201737075,0.0,0.1,752.3193961911999,138.66946399285217,0.0,1.0,0.0,0.0,2.0
6873,0.00035157663207699067,0.07594055252862998,1.0,0.1,746.8122268135736,144.30907810702107,0.0,1.0,0.0,0.0,2.0
6874,0.0008962466456978221,0.1935892754707296,0.0,0.1,742.8865812299794,148.2131769296043,0.0,1.0,0.0,0.0,2.0
6875,0.0003725996471807726,0.08048152379104688,1.0,0.1,740.2021520085065,152.57393960609323,0.0,1.0,0.0,0.0,2.0
6876,0.0006433520414537558,0.13896404095401127,0.0,0.1,736.4690386283327,157.321660022363,0.0,1.0,0.0,0.0,2.0
6877,0.00174428547679908,0.37676566298860126,0.0,0.1,734.501896659911,160.16442888514862,0.0,1.0,0.0,0.0,2.0
6878,0.001537770215920574,0.332158366638844,0.0,0.1,730.4523337268785,165.1501712713478,0.0,1.0,0.0,0.0,2.0
6879,0.001599438414000424,0.3454786974240916,0.0,0.1,727.6453752592314,168.66197518528944,0.0,1.0,0.0,0.0,2.0
6880,0.0016769652454527242,0.3622244930177885,0.0,0.1,723.3441677042575,173.45491269174866,0.0,1.0,0.0,0.0,2.0
6881,0.000632090773581946,0.13653160709370032,0.0,0.1,722.1394067809396,178.66311524715047,0.0,1.0,0.0,0.0,2.0
6882,0.0016993219980898527,0.36705355158740816,0.0,0.1,721.824489302195,181.11514672144784,0.0,1.0,0.0,0.0,2.0
6883,0.0017820626742009738,0.38492553762741033,0.0,0.1,715.2178625788613,190.34511308713536,0.0,1.0,0.0,0.0,2.0
6884,0.0015931049050611436,0.344110659493207,0.0,0.1,712.4528783451893,196.94712738512249,0.0,1.0,0.0,0.0,2.0
6885,0.0009678882505500008,0.20906386211880015,0.0,0.1,710.1553592185508,203.69799413054503,0.0,1.0,0.0,0.0,2.0
6886,0.002088198838444244,0.4510509491039567,0.0,0.1,707.9427028373327,207.18392698626388,0.0,1.0,0.0,0.0,2.0
6887,0.0013682686157008115,0.2955460209913753,0.0,0.1,704.8407530484034,214.67185687623933,0.0,1.0,0.0,0.0,2.0
6888,0.002139304166415131,0.4620896999456683,0.0,0.1,703.3710868206462,221.17540669110122,0.0,1.0,0.0,0.0,2.0
6889,0.0011419535457694563,0.2466619658862026,0.0,0.1,702.0014131797258,228.16766302555854,0.0,1.0,0.0,0.0,2.0
6890,0.0020062131130991418,0.43334203242941466,0.0,0.1,701.6913211089899,232.2869613713641,0.0,1.0,0.0,0.0,2.0
6891,0.0033074165259155052,0.7144019695977492,0.0,0.1,700.9386854361164,238.00565553120865,0.0,1.0,0.0,0.0,2.0
6892,0.0032050121664830835,0.692282627960346,0.0,0.1,699.7231396191191,243.55674947206887,0.0,1.0,0.0,0.0,2.0
6893,0.003064556256926881,0.6619441514962064,0.0,0.1,698.1871267355979,249.9476147101777,0.0,1.0,0.0,0.0,2.0
6894,0.001417135725011661,0.30610131660251877,0.0,0.1,696.6402572004779,257.26289396206266,0.0,1.0,0.0,0.0,2.0
6895,0.002701487526853237,0.5835213058002993,0.0,0.1,697.1043568306762,259.24754143115746,0.0,1.0,0.0,0.0,2.0
6896,0.0012955067254612762,0.27982945269963566,0.0,0.1,694.7686795389009,264.45019356981345,0.0,1.0,0.0,0.0,2.0
6897,0.002019298114819882,0.43616839280109454,0.0,0.1,692.5489413770224,269.5250811891825,0.0,1.0,0.0,0.0,2.0
6898,0.001364064120032764,0.29463784992707703,0.0,0.1,692.9509393938647,272.0313506958286,0.0,1.0,0.0,0.0,2.0
6899,0.0006013863387988276,0.12989944918054677,0.0,0.1,694.9562567408486,274.40587242180123,0.0,1.0,0.0,0.0,2.0
6900,0.0017277592400356014,0.3731959958476899,0.0,0.1,697.1695232544082,273.55665352753005,0.0,1.0,0.0,0.0,2.0
6901,0.0017797589705491794,0.38442793763862276,0.0,0.1,699.6009820054398,272.0893739762186,0.0,1.0,0.0,0.0,2.0
6902,0.001798873178231932,0.3885566064980973,0.0,0.1,701.1352480307249,268.18678490213466,0.0,1.0,0.0,0.0,2.0
6903,0.0008160227750474375,0.1762609194102465,0.0,0.1,702.7360091070394,263.26718031185356,0.0,1.0,0.0,0.0,2.0
6904,0.0012061054544711485,0.26051877816576813,0.0,0.1,706.9150630207657,259.76982643702195,0.0,1.0,0.0,0.0,2.0
6905,0.001007663580239675,0.21765533333176984,0.0,0.1,714.1219294790516,250.8699744393155,0.0,1.0,0.0,0.0,2.0
6906,0.0006102736930652567,0.13181911770209545,0.0,0.1,721.6891350491037,244.70580111903138,0.0,1.0,0.0,0.0,2.0
6907,0.00018011425819358816,0.03890467976981504,1.0,0.1,726.7701577091738,241.12919287440604,0.0,1.0,0.0,0.0,2.0
6908,0.0005737940396274245,0.12393951255952368,0.0,0.1,729.749667721662,237.99845561200257,0.0,1.0,0.0,0.0,2.0
6909,0.0004595302960018906,0.09925854393640837,1.0,0.1,733.77154913025,234.88197999243175,0.0,1.0,0.0,0.0,2.0
6910,0.0003327346283032185,0.07187067971349519,1.0,0.1,739.3012092013909,230.1549090365472,0.0,1.0,0.0,0.0,2.0
6911,0.000545105709098504,0.11774283316527687,0.0,0.1,746.1082810771884,222.16324056573328,0.0,1.0,0.0,0.0,2.0
6912,0.0005277606945696848,0.11399631002705192,0.0,0.1,753.0868557011803,214.6605685462416,0.0,1.0,0.0,0.0,2.0
6913,0.000528719147743429,0.11420333591258067,0.0,0.1,756.8721373626367,212.39602918259604,0.0,1.0,0.0,0.0,2.0
6914,0.0008466302034578227,0.1828721239468897,0.0,0.1,762.8304684976217,206.1512967961415,0.0,1.0,0.0,0.0,2.0
6915,0.0005464408171447957,0.11803121650327587,0.0,0.1,767.3295611571418,203.50259195976219,0.0,1.0,0.0,0.0,2.0
6916,0.0001746500525754438,0.03772441135629586,1.0,0.1,771.6671619856652,206.90428398824753,0.0,1.0,0.0,0.0,2.0
6917,0.0005591621419768635,0.12077902266700254,0.0,0.1,773.4525353204705,206.06474884314434,0.0,1.0,0.0,0.0,2.0
6918,0.0006491130194838689,0.14020841220851568,0.0,0.1,773.6535204805635,199.80002812324332,0.0,1.0,0.0,0.0,2.0
6919,0.00026459597655717953,0.05715273093635079,1.0,0.1,776.5279728059073,199.5908701945679,0.0,1.0,0.0,0.0,2.0
6920,0.0018371878339615009,0.3968325721356842,0.0,0.1,779.5802676901858,204.1172994976603,0.0,1.0,0.0,0.0,2.0
6921,0.00014042790257202508,0.030332426955557417,1.0,0.1,782.1276627036183,206.75028038935636,0.0,1.0,0.0,0.0,2.0
6922,0.0006207956622312097,0.1340918630419413,0.0,0.1,784.0467031050083,209.25747573551996,0.0,1.0,0.0,0.0,2.0
6923,0.001326609783093564,0.2865477131482098,0.0,0.1,788.8243876082773,214.5246198090143,0.0,1.0,0.0,0.0,2.0
6924,0.0018312385847256661,0.3955475343007439,0.0,0.1,792.2803325690082,221.74506697952165,0.0,1.0,0.0,0.0,2.0
6925,0.003239352885909882,0.6997002233565345,0.0,0.1,797.5435454043501,228.2442131856564,0.0,1.0,0.0,0.0,2.0
6926,0.001710254699721802,0.3694150151399092,0.0,0.1,805.9218258388262,235.2148336232028,0.0,1.0,0.0,0.0,2.0
6927,0.002006815604845248,0.43347217064657356,0.0,0.1,810.5429773125866,239.15295143257254,0.0,1.0,0.0,0.0,2.0
6928,0.0028553964641301467,0.6167656362521117,0.0,0.1,815.729585332588,248.68502857398383,0.0,1.0,0.0,0.0,2.0
6929,0.0025640432031451806,0.553833331879359,0.0,0.1,820.955506599998,252.45919779073049,0.0,1.0,0.0,0.0,2.0
6930,0.0013695421045315428,0.2958210945788132,0.0,0.1,829.5926551418368,259.896673195444,0.0,1.0,0.0,0.0,2.0
6931,0.002952808042130968,0.6378065371002891,0.0,0.1,836.0907062111983,263.77448483950553,0.0,1.0,0.0,0.0,2.0
6932,0.0031096860414944615,0.6716921849628037,0.0,0.1,842.8587116714559,273.3568665511196,0.0,1.0,0.0,0.0,2.0
6933,0.002719968512062388,0.5875131986054758,0.0,0.1,846.1723211624707,280.85781805700515,0.0,1.0,0.0,0.0,2.0
6934,0.0013784719057691503,0.29774993164613645,0.0,0.1,849.2355330439119,288.88519155176533,0.0,1.0,0.0,0.0,2.0
6935,0.0024356492455900936,0.5261002370474602,0.0,0.1,851.4098848272591,291.9894636091744,0.0,1.0,0.0,0.0,2.0
6936,0.0033878269707732617,0.7317706256870246,0.0,0.1,852.755641388036,301.1667085581029,0.0,1.0,0.0,0.0,2.0
6937,0.0024248718140914586,0.5237723118437552,0.0,0.1,853.7740848944909,310.8839800109598,0.0,1.0,0.0,0.0,2.0
6938,0.0031878627921729237,0.6885783631093515,0.0,0.1,853.1583844270622,321.7470698901692,0.0,1.0,0.0,0.0,2.0
6939,0.0010647133995831024,0.22997809430995014,0.0,0.1,853.0562084832694,332.5642975767077,0.0,1.0,0.0,0.0,2.0
6940,0.0025483276195625002,0.5504387658255,0.0,0.1,852.6894674725298,336.06151623987176,0.0,1.0,0.0,0.0,2.0
6941,0.0020373544779712584,0.44006856724179183,0.0,0.1,853.8405815974688,341.61482437018367,0.0,1.0,0.0,0.0,2.0
6942,0.001767384523952315,0.38175505717370006,0.0,0.1,854.7094288659947,348.5767745927407,0.0,1.0,0.0,0.0,2.0
6943,0.0009525146244401538,0.2057431588790732,0.0,0.1,857.0907844066359,356.0230827838935,0.0,1.0,0.0,0.0,2.0
6944,0.0012305767830733008,0.265804585143833,0.0,0.1,858.3836202737289,359.88963281079265,0.0,1.0,0.0,0.0,2.0
6945,0.0014622154046454786,0.3158385274034234,0.0,0.1,861.5240690019724,368.05749540747183,0.0,1.0,0.0,0.0,2.0
6946,0.0017144245883473396,0.37031571108302536,0.0,0.1,860.8496532976152,371.6884067442445,0.0,1.0,0.0,0.0,2.0
6947,0.002682883551131825,0.5795028470444743,0.0,0.1,857.7142304555288,372.76381594155004,0.0,1.0,0.0,0.0,2.0
6948,0.0008386736834153543,0.18115351561771656,0.0,0.1,849.070871165488,376.9546831201361,0.0,1.0,0.0,0.0,2.0
6949,0.0016668815911894518,0.3600464236969216,0.0,0.1,844.2438534512853,379.5653369124072,0.0,1.0,0.0,0.0,2.0
6950,0.00127981388834409,0.2764397998823234,0.0,0.1,832.990972055101,383.48682615037063,0.0,1.0,0.0,0.0,2.0
6951,0.00184766015951241,0.39909459445468054,0.0,0.1,829.8906914192846,390.2699605875476,0.0,1.0,0.0,0.0,2.0
6952,0.0005061054840484215,0.10931878455445905,0.0,0.1,823.4924488751591,395.10296027430985,0.0,1.0,0.0,0.0,2.0
6953,0.0013077685089908607,0.28247799794202594,0.0,0.1,818.8778777106962,397.81374912112676,0.0,1.0,0.0,0.0,2.0
6954,0.0006958286998954739,0.15029899917742237,0.0,0.1,806.7652136250731,403.76034945970866,0.0,1.0,0.0,0.0,2.0
6955,0.0012979010511788532,0.2803466270546323,0.0,0.1,798.0954531070764,412.02784180378484,0.0,1.0,0.0,0.0,2.0
6956,0.0021790266640742705,0.47066975944004247,0.0,0.1,793.4266934651843,426.16179488648254,0.0,1.0,0.0,0.0,2.0
6957,0.00027137154173119534,0.05861625301393819,1.0,0.1,788.433947053535,430.69849805876095,0.0,1.0,0.0,0.0,2.0
6958,0.0006792551760029525,0.14671911801663776,0.0,0.1,783.6500243095177,431.1080683516119,0.0,1.0,0.0,0.0,2.0
6959,0.0007858277221755084,0.16973878798990982,0.0,0.1,779.7646271216911,432.4870950090536,0.0,1.0,0.0,0.0,2.0
6960,0.0010544297841888364,0.22775683338478867,0.0,0.1,774.6356588694273,426.8436444082401,0.0,1.0,0.0,0.0,2.0
6961,0.0009986270548728968,0.21570344385254572,0.0,0.1,773.1794734632763,425.90178475406805,0.0,1.0,0.0,0.0,2.0
6962,8.146792076732642e-05,0.017597070885742506,1.0,0.1,770.6761068152967,428.0752722856971,0.0,1.0,0.0,0.0,2.0
6963,0.0010306956169952935,0.2226302532709834,0.0,0.1,,,0.0,1.0,,,2.0
6964,0.0015862725001099284,0.34263486002374455,0.0,0.1,,,0.0,1.0,,,2.0
6965,0.0012112919707337557,0.2616390656784912,0.0,0.1,,,0.0,1.0,,,2.0
6966,0.0007840800767203176,0.16936129657158863,0.0,0.1,,,0.0,1.0,,,2.0
6967,0.0019814180948927638,0.427986308496837,0.0,0.1,,,0.0,1.0,,,2.0
6968,0.0008050474625173862,0.1738902519037554,0.0,0.1,,,0.0,1.0,,,2.0
6969,0.0010026655969128872,0.21657576893318364,0.0,0.1,763.2363684762701,439.05846444824135,0.0,1.0,0.0,0.0,2.0
6970,0.0003957928309037469,0.08549125147520933,1.0,0.1,760.4693520508208,441.07179515704695,0.0,1.0,0.0,0.0,2.0
6971,0.000622131654292292,0.13438043732713506,0.0,0.1,760.6382742905893,441.699227349747,0.0,1.0,0.0,0.0,2.0
6972,0.0029419374857630556,0.63545849692482,0.0,0.1,762.7567587767808,446.44584939290047,0.0,1.0,0.0,0.0,2.0
6973,0.0006191490374537769,0.1337361920900158,0.0,0.1,765.5940956682484,448.2928875412005,0.0,1.0,0.0,0.0,2.0
6974,0.00041076337358673,0.08872488869473368,1.0,0.1,767.2706833376601,454.2948728442497,0.0,1.0,0.0,0.0,2.0
6975,0.0011233259544929908,0.24263840617048604,0.0,0.1,769.581485686747,458.6398563597063,0.0,1.0,0.0,0.0,2.0
6976,0.0006800765841804955,0.14689654218298703,0.0,0.1,769.27485305393,459.74113165447494,0.0,1.0,0.0,0.0,2.0
6977,0.002200904694124835,0.4753954139309643,0.0,0.1,772.1697972036486,462.6966182278614,0.0,1.0,0.0,0.0,2.0
6978,0.0008977647447464582,0.193917184865235,0.0,0.1,771.1589431916724,466.66182367971066,0.0,1.0,0.0,0.0,2.0
6979,0.0008717129696095559,0.18829000143566407,0.0,0.1,764.6382862347867,470.42761030866995,0.0,1.0,0.0,0.0,2.0
6980,0.00038137047774325204,0.08237602319254245,1.0,0.1,761.7424959857007,472.3428967747891,0.0,1.0,0.0,0.0,2.0
6981,0.0009192276384383181,0.1985531699026767,0.0,0.1,760.0909864648887,472.6546110730288,0.0,1.0,0.0,0.0,2.0
6982,0.0007021534810485781,0.15166515190649288,0.0,0.1,761.0312639231535,474.1044247133288,0.0,1.0,0.0,0.0,2.0
6983,0.0012416316471096929,0.2681924357756937,0.0,0.1,,,0.0,1.0,,,2.0
6984,0.0007245217958910852,0.15649670791247441,0.0,0.1,,,0.0,1.0,,,2.0
6985,0.0014422683459301765,0.3115299627209181,0.0,0.1,,,0.0,1.0,,,2.0
6986,0.0006943085430125014,0.1499706452907003,0.0,0.1,,,0.0,1.0,,,2.0
6987,0.001247249002212532,0.2694057844779069,0.0,0.1,,,0.0,1.0,,,2.0
6988,0.0009050759501968605,0.19549640524252188,0.0,0.1,,,0.0,1.0,,,2.0
6989,0.0006274835963704338,0.1355364568160137,0.0,0.1,,,0.0,1.0,,,2.0
6990,0.0003898604825195121,0.08420986422421461,1.0,0.1,,,0.0,1.0,,,2.0
6991,0.0013825314819818652,0.2986268001080829,0.0,0.1,,,0.0,1.0,,,2.0
6992,0.0005889142649782293,0.12720548123529754,0.0,0.1,,,0.0,1.0,,,2.0
6993,0.00023770589169169938,0.05134447260540707,1.0,0.1,,,0.0,1.0,,,2.0
6994,0.0006157610239258817,0.13300438116799046,0.0,0.1,,,0.0,1.0,,,2.0
6995,0.001188678186480181,0.2567544882797191,0.0,0.1,,,0.0,1.0,,,2.0
6996,0.0012352728263902316,0.26681893050029,0.0,0.1,,,0.0,1.0,,,2.0
6997,0.0006817341629218771,0.14725457919112545,0.0,0.1,,,0.0,1.0,,,2.0
6998,0.0004941065167103991,0.1067270076094462,0.0,0.1,,,0.0,1.0,,,2.0
6999,0.0006040730098454022,0.13047977012660686,0.0,0.1,,,0.0,1.0,,,2.0
7000,0.0020354683180705633,0.4396611567032417,0.0,0.1,,,0.0,1.0,,,2.0
7001,0.0010194205498943235,0.22019483877717388,0.0,0.1,765.7196923911073,462.75625711155527,0.0,1.0,0.0,0.0,2.0
7002,0.0008726223414117137,0.18848642574493016,0.0,0.1,761.2129165476895,463.2261137162356,0.0,1.0,0.0,0.0,2.0
7003,0.0007866500262572872,0.16991640567157404,0.0,0.1,753.034083950219,458.6910612972693,0.0,1.0,0.0,0.0,2.0
7004,0.0013353148614769635,0.28842801007902413,0.0,0.1,740.6149317384791,456.02085545030036,0.0,1.0,0.0,0.0,2.0
7005,0.0024263081668994104,0.5240825640502726,0.0,0.1,731.5295428237972,455.20781947688147,0.0,1.0,0.0,0.0,2.0
7006,0.0026941157305426866,0.5819289977972203,0.0,0.1,725.3693828257551,451.249345848262,0.0,1.0,0.0,0.0,2.0
7007,0.0009011926001952827,0.19465760164218107,0.0,0.1,709.469940765406,447.7234376729351,0.0,1.0,0.0,0.0,2.0
7008,0.0011564829561405907,0.24980031852636758,0.0,0.1,701.9203363107761,449.0251579891071,0.0,1.0,0.0,0.0,2.0
7009,0.0014637970332026598,0.31618015917177456,0.0,0.1,692.0215959870076,447.751116683844,0.0,1.0,0.0,0.0,2.0
7010,0.002148491241224615,0.46407410810451694,0.0,0.1,684.3304537738778,445.8458431815514,0.0,1.0,0.0,0.0,2.0
7011,0.0005692799555555419,0.12296447039999707,0.0,0.1,676.5719312399231,443.5292685346274,0.0,1.0,0.0,0.0,2.0
7012,0.00016926610657856078,0.03656147902096913,1.0,0.1,674.0740020494848,443.6613218324184,0.0,1.0,0.0,0.0,2.0
7013,0.0019824788295810716,0.42821542718951144,0.0,0.1,665.7629448450386,443.0300785082246,0.0,1.0,0.0,0.0,2.0
7014,0.0004239525025519835,0.09157374055122844,1.0,0.1,658.4714329173028,444.9526973129692,0.0,1.0,0.0,0.0,2.0
7015,0.0005058153778974912,0.10925612162585811,0.0,0.1,646.6283391850834,447.6091358181545,0.0,1.0,0.0,0.0,2.0
7016,0.0025467164820833915,0.5500907601300126,0.0,0.1,640.0702184978933,448.32740951741306,0.0,1.0,0.0,0.0,2.0
7017,0.0003788054508657588,0.0818219773870039,1.0,0.1,630.9974443783886,450.1715683940994,0.0,1.0,0.0,0.0,2.0
7018,0.002076069488339414,0.4484310094813134,0.0,0.1,620.4012170477722,453.35552074839495,0.0,1.0,0.0,0.0,2.0
7019,0.0015988862146136041,0.3453594223565385,0.0,0.1,609.5242645722491,459.83436111079357,0.0,1.0,0.0,0.0,2.0
7020,0.0005924774965267583,0.1279751392497798,0.0,0.1,601.3395598354491,465.97462680519567,0.0,1.0,0.0,0.0,2.0
7021,,,,0.1,597.2452077350521,468.95009142989835,0.0,1.0,0.0,0.0,2.0
7022,,,,0.1,590.8251347424398,474.3688180757504,,,0.0,0.0,2.0
7023,0.0028895851439977517,0.6241503911035144,0.0,0.1,581.2301574291675,481.38503133684526,0.0,1.0,0.0,0.0,2.0
7024,0.0008905068766576946,0.192349485358062,0.0,0.1,566.2283143217471,491.19765357498017,0.0,1.0,0.0,0.0,2.0
7025,0.0036270375726200105,0.7834401156859222,0.0,0.1,559.1717909560422,497.7716362886246,0.0,1.0,0.0,0.0,2.0
7026,0.003128370684199241,0.6757280677870361,0.0,0.1,545.2832308335004,509.3169679280299,0.0,1.0,0.0,0.0,2.0
7027,0.004110838788454143,0.8879411783060949,0.0,0.1,533.6020012687275,519.9426940379848,0.0,1.0,0.0,0.0,2.0
7028,0.004772251395719283,1.0308063014753652,0.0,0.1,522.7356397728541,529.6991929320503,0.0,1.0,0.0,0.0,2.0
7029,0.0019487068795757084,0.420920685988353,0.0,0.1,509.6337988096722,541.6396579656355,0.0,1.0,0.0,0.0,2.0
7030,0.004115216776518579,0.8888868237280132,0.0,0.1,503.9495532358998,547.7937762107322,0.0,1.0,0.0,0.0,2.0
7031,0.004784830974555074,1.033523490503896,0.0,0.1,490.41012163660423,563.0843129174511,0.0,1.0,0.0,0.0,2.0
7032,0.00535945480311546,1.1576422374729394,0.0,0.1,480.1135386091436,577.1635477802214,0.0,1.0,0.0,0.0,2.0
7033,0.0048881282830389415,1.0558357091364114,0.0,0.1,471.9485556620174,588.443101776417,0.0,1.0,0.0,0.0,2.0
7034,0.0009958480053028108,0.21510316914540714,0.0,0.1,467.0441810696538,602.4744680986144,0.0,1.0,0.0,0.0,2.0
7035,0.003981784384148893,0.8600654269761608,0.0,0.1,463.7615074037288,610.4505216842438,0.0,1.0,0.0,0.0,2.0
7036,,,,0.1,457.52094843757925,628.7970235686422,0.0,1.0,0.0,0.0,2.0
7037,,,,0.1,451.0334731687442,642.8672589675754,,,0.0,0.0,2.0
7038,0.0020612031322485517,0.4452198765656872,0.0,0.1,444.89431342118456,651.2233461910657,0.0,1.0,0.0,0.0,2.0
7039,0.00257368073656513,0.5559150390980682,0.0,0.1,441.1015205411024,652.8411689405857,0.0,1.0,0.0,0.0,2.0
7040,0.0020097883481335907,0.43411428319685563,0.0,0.1,433.9166714184496,653.8906192798797,0.0,1.0,0.0,0.0,2.0
7041,0.0028826364793017004,0.6226494795291673,0.0,0.1,425.970065961309,658.5896632816551,0.0,1.0,0.0,0.0,2.0
7042,0.0008031422256480202,0.17347872073997236,0.0,0.1,415.99650459497616,666.2769536248297,0.0,1.0,0.0,0.0,2.0
7043,0.002122005019949455,0.4583530843090823,0.0,0.1,413.4836015929975,669.2372910583761,0.0,1.0,0.0,0.0,2.0
7044,0.001643677676254793,0.3550343780710353,0.0,0.1,411.66634034499737,671.698244753828,0.0,1.0,0.0,0.0,2.0
7045,0.0011429837270303265,0.24688448503855057,0.0,0.1,408.40800923396483,679.115746081195,0.0,1.0,0.0,0.0,2.0
7046,0.000868039090789978,0.18749644361063525,0.0,0.1,402.98707154526943,685.5485215799305,0.0,1.0,0.0,0.0,2.0
7047,0.0014948884045976442,0.32289589539309116,0.0,0.1,399.31962181829437,689.2430970579583,0.0,1.0,0.0,0.0,2.0
7048,0.0013094952886035728,0.28285098233837175,0.0,0.1,396.9396982934029,689.9486778765611,0.0,1.0,0.0,0.0,2.0
7049,0.0009247613393763382,0.19974844930528907,0.0,0.1,395.696897673137,692.6525462048778,0.0,1.0,0.0,0.0,2.0
7050,0.0006520303830860959,0.14083856274659673,0.0,0.1,399.180138093334,697.512466649627,0.0,1.0,0.0,0.0,2.0
7051,0.001114241222013123,0.24067610395483457,0.0,0.1,400.020543520304,702.6372017072882,0.0,1.0,0.0,0.0,2.0
7052,0.0014143764576340177,0.30550531484894783,0.0,0.1,399.84995473474476,705.4841103809061,0.0,1.0,0.0,0.0,2.0
7053,0.0013209676315993446,0.28532900842545844,0.0,0.1,400.6839629012594,706.4924052946385,1.0,0.0,0.0,0.0,2.0
7054,0.0018021897805097155,0.38927299259009857,0.0,0.1,400.228298346646,705.6112198683919,1.0,0.0,0.0,0.0,2.0
7055,0.0025415377605783416,0.5489721562849218,0.0,0.1,408.32169996034264,702.6887923732429,1.0,0.0,0.0,0.0,2.0
7056,0.0011554470086748026,0.2495765538737574,0.0,0.1,419.63143805935215,694.281241101354,1.0,0.0,0.0,0.0,2.0
7057,0.0010378262361588565,0.224170467010313,0.0,0.1,422.3633706478179,691.5873484900247,1.0,0.0,0.0,0.0,2.0
7058,0.00045293917181158343,0.09783486111130202,1.0,0.1,426.32242917438384,686.9689428974954,1.0,0.0,0.0,0.0,2.0
7059,0.00018845600827782242,0.040706497788009645,1.0,0.1,426.9877851337301,687.9911228906847,1.0,0.0,0.0,0.0,2.0
7060,0.00030334470188829866,0.06552245560787251,1.0,0.1,426.6528283485632,689.7413988425527,1.0,0.0,0.0,0.0,2.0
7061,0.0007715326154260639,0.16665104493202978,0.0,0.1,426.8203116098699,687.0973068051062,1.0,0.0,0.0,0.0,2.0
7062,0.0002667852352413594,0.057625610812133625,1.0,0.1,429.1052185142544,683.9036913437214,1.0,0.0,0.0,0.0,2.0
7063,0.00029835282760765986,0.06444421076325453,1.0,0.1,435.4449022943684,680.7135579045244,1.0,0.0,0.0,0.0,2.0
7064,0.000316143157155232,0.06828692194553011,1.0,0.1,438.7806256447223,682.5607535246643,1.0,0.0,0.0,0.0,2.0
7065,0.0004323227204206155,0.09338170761085295,1.0,0.1,439.8919511809546,684.4522023302454,1.0,0.0,0.0,0.0,2.0
7066,0.00032535492679676355,0.07027666418810093,1.0,0.1,439.70223526229466,685.5497163708511,1.0,0.0,0.0,0.0,2.0
7067,0.0012543122872671595,0.2709314540497065,0.0,0.1,433.69700748155486,686.3967716040133,1.0,0.0,0.0,0.0,2.0
7068,0.0006440502450522905,0.13911485293129475,0.0,0.1,425.83157252752085,692.9626258416193,1.0,0.0,0.0,0.0,2.0
7069,0.00044913775174132257,0.09701375437612568,1.0,0.1,416.7538981807839,700.5189160556191,1.0,0.0,0.0,0.0,2.0
7070,0.0009135327070828106,0.1973230647298871,0.0,0.1,411.6587791025326,704.647969399771,1.0,0.0,0.0,0.0,2.0
7071,0.001698275761927581,0.3668275645763575,0.0,0.1,406.56335441736803,709.2244389444421,1.0,0.0,0.0,0.0,2.0
7072,0.001727838301361678,0.37321307309412244,0.0,0.1,400.3837530872467,716.6826523618005,1.0,0.0,0.0,0.0,2.0
7073,0.00249192566699326,0.5382559440705442,0.0,0.1,392.08282100851864,724.5093664640111,1.0,0.0,0.0,0.0,2.0
7074,0.0012487130625462716,0.26972202150999464,0.0,0.1,384.39150719813057,736.1746141072787,1.0,0.0,0.0,0.0,2.0
7075,0.002276495167892261,0.49172295626472845,0.0,0.1,380.5086571350294,741.9559452870496,1.0,0.0,0.0,0.0,2.0
7076,0.002856465631781887,0.6169965764648876,0.0,0.1,375.2614414339503,752.0101634785524,1.0,0.0,0.0,0.0,2.0
7077,0.0019822646542829027,0.42816916532510696,0.0,0.1,373.65945468708594,762.4267156430673,1.0,0.0,0.0,0.0,2.0
7078,0.0035159648808815356,0.7594484142704117,0.0,0.1,375.5096030763782,770.5692816203648,1.0,0.0,0.0,0.0,2.0
7079,0.0013737493386297092,0.29672985714401723,0.0,0.1,,,1.0,0.0,,,2.0
7080,0.003095818896200876,0.6686968815793892,0.0,0.1,,,1.0,0.0,,,2.0
7081,0.003390934836715682,0.7324419247305873,0.0,0.1,,,1.0,0.0,,,2.0
7082,0.0027632547118789674,0.596863017765857,0.0,0.1,,,1.0,0.0,,,2.0
7083,0.0007563019837509397,0.163361228490203,0.0,0.1,,,1.0,0.0,,,2.0
7084,0.0022152361868983824,0.47849101637005065,0.0,0.1,,,1.0,0.0,,,2.0
7085,0.0026932031095485034,0.5817318716624768,0.0,0.1,,,1.0,0.0,,,2.0
7086,0.001240698551933918,0.2679908872177263,0.0,0.1,,,1.0,0.0,,,2.0
7087,0.0024940909300961954,0.5387236409007782,0.0,0.1,,,1.0,0.0,,,2.0
7088,0.0015179006752359813,0.32786654585097197,0.0,0.1,,,1.0,0.0,,,2.0
7089,0.0013538577090091521,0.29243326514597684,0.0,0.1,,,1.0,0.0,,,2.0
7090,0.0013753757233026906,0.29708115623338116,0.0,0.1,,,1.0,0.0,,,2.0
7091,0.0011781181588658976,0.2544735223150339,0.0,0.1,,,1.0,0.0,,,2.0
7092,0.0005468397273351086,0.11811738110438345,0.0,0.1,,,1.0,0.0,,,2.0
7093,0.0017219998556666982,0.37195196882400683,0.0,0.1,,,1.0,0.0,,,2.0
7094,0.00028623760398964037,0.06182732246176232,1.0,0.1,,,1.0,0.0,,,2.0
7095,0.0005066578495995977,0.1094380955135131,0.0,0.1,,,1.0,0.0,,,2.0
7096,0.0005352496301991754,0.1156139201230219,0.0,0.1,,,1.0,0.0,,,2.0
7097,0.0009525788717389765,0.20575703629561892,0.0,0.1,363.8781949232445,815.7492467805832,1.0,0.0,0.0,0.0,2.0
7098,0.0010454253945481236,0.2258118852223947,0.0,0.1,364.833689223613,814.5746615757645,1.0,0.0,0.0,0.0,2.0
7099,0.00021406331353966926,0.046237675724568564,1.0,0.1,365.48894499866935,814.2941702376905,1.0,0.0,0.0,0.0,2.0
7100,0.000261636015393593,0.0565133793250161,1.0,0.1,365.64319236045753,813.7863330506095,1.0,0.0,0.0,0.0,2.0
7101,0.0009050345625913721,0.1954874655197364,0.0,0.1,368.5987102750467,814.1259209714824,1.0,0.0,0.0,0.0,2.0
7102,0.0013039813600654343,0.2816599737741338,0.0,0.1,369.950831825149,813.5258680803695,1.0,0.0,0.0,0.0,2.0
7103,0.0007894299458583285,0.17051686830539897,0.0,0.1,371.3835811024093,814.7950836734997,1.0,0.0,0.0,0.0,2.0
7104,0.0006439076319909213,0.139084048510039,0.0,0.1,369.88279069270374,817.8906890452492,1.0,0.0,0.0,0.0,2.0
7105,0.0010985429125730706,0.23728526911578326,0.0,0.1,368.5312679260169,817.7009365577335,1.0,0.0,0.0,0.0,2.0
7106,0.00044019840289520753,0.09508285502536483,1.0,0.1,368.2394519213147,816.6257016460751,1.0,0.0,0.0,0.0,2.0
7107,0.0007599908693576884,0.16415802778126068,0.0,0.1,366.5833846188528,812.9104720138122,1.0,0.0,0.0,0.0,2.0
7108,0.0002249521586219654,0.04858966626234453,1.0,0.1,361.0985806688864,810.3898615517809,1.0,0.0,0.0,0.0,2.0
7109,0.0005763964400638137,0.12450163105378377,0.0,0.1,351.86303847421954,809.5311626124533,1.0,0.0,0.0,0.0,2.0
7110,2.6004176853467323e-05,0.005616902200348942,1.0,0.1,350.7051693317971,807.7762717196226,1.0,0.0,0.0,0.0,2.0
7111,0.000727780247035317,0.1572005333596285,0.0,0.1,349.9578460514927,807.706744711455,1.0,0.0,0.0,0.0,2.0
7112,0.0011689624173607607,0.25249588214992436,0.0,0.1,349.1554831859684,803.8840349737667,1.0,0.0,0.0,0.0,2.0
7113,0.00012671529891194796,0.02737050456498076,1.0,0.1,347.9894665540097,800.5603672042552,1.0,0.0,0.0,0.0,2.0
7114,0.00027021582304120607,0.05836661777690051,1.0,0.1,346.5897509135704,794.2892715113157,1.0,0.0,0.0,0.0,2.0
7115,0.000355419074506363,0.07677052009337441,1.0,0.1,345.42440354782946,792.4766857667676,1.0,0.0,0.0,0.0,2.0
7116,,,,0.1,345.8079986473692,790.7343484160406,1.0,0.0,0.0,0.0,2.0
7117,,,,0.1,350.07853865537317,791.8918178077892,,,0.0,0.0,2.0
7118,,,,0.1,356.7656228443914,791.7156405845328,,,0.0,0.0,2.0
7119,0.00025155649949561154,0.05433620389105209,1.0,0.1,361.7727099368189,791.9171810783005,1.0,0.0,0.0,0.0,2.0
7120,0.001066777995381881,0.23042404700248628,0.0,0.1,363.34046969687165,792.2433462509448,1.0,0.0,0.0,0.0,2.0
7121,0.0006819854977867804,0.14730886752194458,0.0,0.1,367.63822137806955,792.7533279653017,1.0,0.0,0.0,0.0,2.0
7122,0.00030175446466484626,0.0651789643676068,1.0,0.1,368.74322838352873,792.4930165381691,1.0,0.0,0.0,0.0,2.0
7123,0.0004681358917054702,0.10111735260838156,0.0,0.1,372.4794076938197,788.8612809971971,1.0,0.0,0.0,0.0,2.0
7124,0.0004584702544875403,0.09902957496930871,1.0,0.1,373.0312904789966,788.4260529333183,1.0,0.0,0.0,0.0,2.0
7125,0.0002619577258037884,0.05658286877361829,1.0,0.1,372.514882647428,788.5025301766946,1.0,0.0,0.0,0.0,2.0
7126,0.0004357318497420266,0.09411807954427774,1.0,0.1,369.38779448556426,789.4724026134008,1.0,0.0,0.0,0.0,2.0
7127,0.0005993056237840837,0.1294500147373621,0.0,0.1,365.991912956875,790.8107125969374,1.0,0.0,0.0,0.0,2.0
7128,0.0006442283632736755,0.13915332646711392,0.0,0.1,366.0243690158769,790.3776235314551,1.0,0.0,0.0,0.0,2.0
7129,0.0015430096488367048,0.33329008414872824,0.0,0.1,368.8196832222259,786.0948597367429,1.0,0.0,0.0,0.0,2.0
7130,0.0007884586627982376,0.17030707116441934,0.0,0.1,366.3022585361431,782.1347337130977,1.0,0.0,0.0,0.0,2.0
7131,,,,0.1,362.3831428620953,780.1014049956299,1.0,0.0,0.0,0.0,2.0
7132,,,,0.1,359.00722114163017,776.2915169468617,,,0.0,0.0,2.0
7133,,,,0.1,358.6344235009679,776.1563883722149,,,0.0,0.0,2.0
7134,,,,0.1,361.41861418057084,777.7567251390162,,,0.0,0.0,2.0
7135,0.001096196143173593,0.23677836692549611,0.0,0.1,365.955237168523,778.419500408781,1.0,0.0,0.0,0.0,2.0
7136,0.0018337120562713256,0.39608180415460637,0.0,0.1,371.8448510900354,781.2874652120178,1.0,0.0,0.0,0.0,2.0
7137,0.0012593554895466606,0.2720207857420787,0.0,0.1,371.57470896390095,785.9783674806162,1.0,0.0,0.0,0.0,2.0
7138,0.0007783043780968247,0.16811374566891416,0.0,0.1,372.1468913918182,787.4590816088578,1.0,0.0,0.0,0.0,2.0
7139,0.0006093126708247681,0.13161153689814992,0.0,0.1,371.1133685007149,792.2388138114975,1.0,0.0,0.0,0.0,2.0
7140,0.0025902760085433764,0.5594996178453693,0.0,0.1,371.7433408329679,791.3636952054239,1.0,0.0,0.0,0.0,2.0
7141,0.00021385988393477667,0.04619373492991176,1.0,0.1,373.5179747478748,789.394674625639,1.0,0.0,0.0,0.0,2.0
7142,0.0002651882926195128,0.05728067120581476,1.0,0.1,372.84083786893564,790.7314062188917,1.0,0.0,0.0,0.0,2.0
7143,0.0018667929725846128,0.4032272820782764,0.0,0.1,374.73220375320295,789.8220160300026,1.0,0.0,0.0,0.0,2.0
7144,0.001590944223796184,0.34364395233997574,0.0,0.1,373.47523951784393,789.6437866278012,1.0,0.0,0.0,0.0,2.0
7145,0.00031692462306643965,0.06845571858235097,1.0,0.1,368.21852878482406,792.7400487380854,1.0,0.0,0.0,0.0,2.0
7146,0.001254134712911078,0.27089309798879285,0.0,0.1,362.0547247697305,792.2523430861955,1.0,0.0,0.0,0.0,2.0
7147,0.0005500216569681668,0.11880467790512401,0.0,0.1,357.5233679988857,789.7637391286744,1.0,0.0,0.0,0.0,2.0
7148,0.0008000048688668768,0.1728010516752454,0.0,0.1,352.3364796946647,786.8128230220009,1.0,0.0,0.0,0.0,2.0
7149,0.0007269768034684366,0.15702698954918232,0.0,0.1,346.52359876392427,786.7641803885895,1.0,0.0,0.0,0.0,2.0
7150,0.0008358297877974183,0.18053923416424233,0.0,0.1,340.15970413117157,793.6176505158759,1.0,0.0,0.0,0.0,2.0
7151,0.00023289564602993988,0.05030545954246701,1.0,0.1,337.78330796622356,794.9078133732926,1.0,0.0,0.0,0.0,2.0
7152,0.0007442978148185223,0.16076832800080082,0.0,0.1,329.3186623419835,798.4035008197791,1.0,0.0,0.0,0.0,2.0
7153,0.0017917594565129147,0.38702004260678957,0.0,0.1,321.35448805172626,809.0501048563016,1.0,0.0,0.0,0.0,2.0
7154,0.002247552622610482,0.48547136648386413,0.0,0.1,314.4853457768191,821.0483397228984,1.0,0.0,0.0,0.0,2.0
7155,0.0017209656761803492,0.37172858605495546,0.0,0.1,310.2491990213992,828.4340918163359,1.0,0.0,0.0,0.0,2.0
7156,0.001635356346601949,0.353236970866021,0.0,0.1,309.6335124251363,832.056236572879,1.0,0.0,0.0,0.0,2.0
7157,0.002865285083717491,0.618901578082978,0.0,0.1,304.3854068764035,844.5240178620116,1.0,0.0,0.0,0.0,2.0
7158,0.004613400499846814,0.9964945079669119,0.0,0.1,299.1503142496092,852.56712649628,1.0,0.0,0.0,0.0,2.0
7159,0.0014562372930730096,0.3145472553037701,0.0,0.1,298.8923701672545,863.3111941618479,1.0,0.0,0.0,0.0,2.0
7160,0.0012517211931992304,0.27037177773103377,0.0,0.1,298.62488477070167,873.9528313184231,1.0,0.0,0.0,0.0,2.0
7161,0.0028000128015466886,0.6048027651340847,0.0,0.1,300.171877674741,877.7521794219385,1.0,0.0,0.0,0.0,2.0
7162,,,,0.1,301.0059741347797,887.1393218127477,1.0,0.0,0.0,0.0,2.0
7163,,,,0.1,303.3900540189399,900.9589699410425,,,0.0,0.0,2.0
7164,0.00162394714528694,0.35077258338197903,0.0,0.1,309.90737314941265,916.450382344432,1.0,0.0,0.0,0.0,2.0
7165,0.003806125529973661,0.8221231144743107,0.0,0.1,310.840317522096,923.903795715774,1.0,0.0,0.0,0.0,2.0
7166,0.0027646356344640443,0.5971612970442336,0.0,0.1,312.9550107309364,931.4662198447706,1.0,0.0,0.0,0.0,2.0
7167,0.0037138947737445577,0.8022012711288244,0.0,0.1,315.0622496383644,940.9350680544272,1.0,0.0,0.0,0.0,2.0
7168,0.0044394777664402965,0.958927197551104,0.0,0.1,315.53689914465673,953.1147371427734,1.0,0.0,0.0,0.0,2.0
7169,0.001028926722102855,0.2222481719742167,0.0,0.1,318.69056019716595,966.6522928531742,1.0,0.0,0.0,0.0,2.0
7170,0.003225974067940334,0.6968103986751122,0.0,0.1,319.7467379891312,972.9708900652108,1.0,0.0,0.0,0.0,2.0
7171,0.0018474647286326363,0.39905238138464943,0.0,0.1,319.51611261271364,979.6028319035884,1.0,0.0,0.0,0.0,2.0
7172,0.0019458207610907107,0.4202972843955935,0.0,0.1,318.0127322243869,982.5651980831447,1.0,0.0,0.0,0.0,2.0
7173,0.000994993562817117,0.21491860956849726,0.0,0.1,315.31355813780937,983.2273311894348,1.0,0.0,0.0,0.0,2.0
7174,0.003415701153755732,0.7377914492112381,0.0,0.1,314.02466514790285,982.9718914721806,1.0,0.0,0.0,0.0,2.0
7175,0.0016554259160642079,0.3575719978698689,0.0,0.1,310.0532904373242,980.155767907969,1.0,0.0,0.0,0.0,2.0
7176,0.0033200459164469177,0.7171299179525342,0.0,0.1,307.5610059851896,975.3411778845168,1.0,0.0,0.0,0.0,2.0
7177,0.0005799976551161005,0.12527949350507772,0.0,0.1,309.7333055037465,978.7684863114891,1.0,0.0,0.0,0.0,2.0
7178,0.001970585175147467,0.4256463978318528,0.0,0.1,310.97150659251014,979.8296709447719,1.0,0.0,0.0,0.0,2.0
7179,0.0010111274170100158,0.21840352207416341,0.0,0.1,314.02706426526146,974.3456830735263,1.0,0.0,0.0,0.0,2.0
7180,0.0007688901964522038,0.16608028243367604,0.0,0.1,322.0429833152195,965.3551378626867,1.0,0.0,0.0,0.0,2.0
7181,0.0004621429013229694,0.09982286668576139,1.0,0.1,330.6142019607961,962.2518197976559,1.0,0.0,0.0,0.0,2.0
7182,0.0017602625842137198,0.38021671819016345,0.0,0.1,336.7498025199581,960.0017033388648,1.0,0.0,0.0,0.0,2.0
7183,0.0004044919982151767,0.08737027161447816,1.0,0.1,339.7254780763335,961.379836058825,1.0,0.0,0.0,0.0,2.0
7184,5.9657660934943956e-05,0.012886054761947895,1.0,0.1,342.96273826976847,962.0418827844761,1.0,0.0,0.0,0.0,2.0
7185,0.0004949493173346108,0.10690905254427593,0.0,0.1,345.0648156935093,963.3203567303569,1.0,0.0,0.0,0.0,2.0
7186,0.0004300199130514018,0.0928843012191028,1.0,0.1,348.635016616933,969.6469349303858,1.0,0.0,0.0,0.0,2.0
7187,0.0007487819644302448,0.16173690431693288,0.0,0.1,355.0628113654313,972.8784228716647,1.0,0.0,0.0,0.0,2.0
7188,0.0003653592318875839,0.07891759408771812,1.0,0.1,357.17078017917424,973.4194651000789,1.0,0.0,0.0,0.0,2.0
7189,4.878539065535201e-05,0.010537644381556034,1.0,0.1,359.6154473625255,974.3086883976758,1.0,0.0,0.0,0.0,2.0
7190,0.00019898254008041117,0.042980228657368814,1.0,0.1,359.0118607868773,978.7112289654906,1.0,0.0,0.0,0.0,2.0
7191,0.0003207318260699782,0.06927807443111529,1.0,0.1,358.531499235803,984.6564597263688,1.0,0.0,0.0,0.0,2.0
7192,0.0007142583302145822,0.15427979932634975,0.0,0.1,359.54021881991355,988.5574595620562,1.0,0.0,0.0,0.0,2.0
7193,0.0008562064776980085,0.18494059918276987,0.0,0.1,361.1628943648102,995.1057371441675,1.0,0.0,0.0,0.0,2.0
7194,0.0003661547017510286,0.07908941557822217,1.0,0.1,360.423687039721,997.743286090825,1.0,0.0,0.0,0.0,2.0
7195,0.0006160752385111208,0.1330722515184021,0.0,0.1,350.6841066992611,997.3143349244924,1.0,0.0,0.0,0.0,2.0
7196,0.0007014130068661899,0.15150520948309704,0.0,0.1,344.1836966252244,996.537909110273,1.0,0.0,0.0,0.0,2.0
7197,0.0014243958342608236,0.3076695002003379,0.0,0.1,327.0663617606328,996.7362259021875,1.0,0.0,0.0,0.0,2.0
7198,0.0006385883985222089,0.13793509408079713,0.0,0.1,311.4655703777445,997.4731426356891,1.0,0.0,0.0,0.0,2.0
7199,0.0019413091510544053,0.4193227766277516,0.0,0.1,304.8446638217334,1001.5643089957515,1.0,0.0,0.0,0.0,2.0
7200,0.000772471882419275,0.1668539266025634,0.0,0.1,305.42002747441944,1010.9200274621693,1.0,0.0,0.0,0.0,2.0
7201,0.002871595791350157,0.6202646909316339,0.0,0.1,305.8136360813372,1014.794650098497,1.0,0.0,0.0,0.0,2.0
7202,0.001287018926206281,0.2779960880605567,0.0,0.1,309.1773830047495,1021.7124660820915,1.0,0.0,0.0,0.0,2.0
7203,0.003385281969387615,0.7312209053877248,0.0,0.1,313.24165940954964,1033.8541936090141,1.0,0.0,0.0,0.0,2.0
7204,0.0007663914516979713,0.1655405535667618,0.0,0.1,315.3832733862662,1045.6281872457207,1.0,0.0,0.0,0.0,2.0
7205,0.0028925507505416365,0.6247909621169935,0.0,0.1,317.0550940632578,1050.7142415134986,1.0,0.0,0.0,0.0,2.0
7206,0.002428915387102357,0.5246457236141091,0.0,0.1,317.6865482240504,1059.4418878166837,1.0,0.0,0.0,0.0,2.0
7207,0.001688141033509409,0.3646384632380324,0.0,0.1,318.88779615815537,1064.2265504116278,1.0,0.0,0.0,0.0,2.0
7208,0.0016402897374755729,0.35430258329472375,0.0,0.1,318.8245696074938,1066.1389910710652,1.0,0.0,0.0,0.0,2.0
7209,0.0013941408216327227,0.3011344174726681,0.0,0.1,319.550114911775,1069.4557280673346,1.0,0.0,0.0,0.0,2.0
7210,0.0010133087202055286,0.21887468356439418,0.0,0.1,319.29040695800654,1070.8507701836231,1.0,0.0,0.0,0.0,2.0
7211,0.002466258338669638,0.5327118011526418,0.0,0.1,321.77700907775915,1077.1454304393687,1.0,0.0,0.0,0.0,2.0
7212,0.003791220440888018,0.8189036152318119,0.0,0.1,323.3996812336557,1082.9041565069294,1.0,0.0,0.0,0.0,2.0
7213,0.002255709915567299,0.4872333417625366,0.0,0.1,324.91320409688245,1089.3887918749497,1.0,0.0,0.0,0.0,2.0
7214,0.0009157014462901562,0.19779151239867376,0.0,0.1,324.4908769248147,1093.7083970362291,1.0,0.0,0.0,0.0,2.0
7215,0.00230450743248224,0.49777360541616383,0.0,0.1,322.3424979487753,1095.0605060886517,1.0,0.0,0.0,0.0,2.0
7216,0.0013489604191815115,0.29137545054320646,0.0,0.1,323.1747153897959,1101.2264993365202,1.0,0.0,0.0,0.0,2.0
7217,0.0017132515968705806,0.37006234492404544,0.0,0.1,,,1.0,0.0,,,2.0
7218,0.000923698986762174,0.19951898114062958,0.0,0.1,,,1.0,0.0,,,2.0
7219,0.0009657923464151383,0.20861114682566986,0.0,0.1,321.60206517871563,1110.8027510706129,1.0,0.0,0.0,0.0,2.0
7220,0.0013587975954049618,0.29350028060747174,0.0,0.1,,,1.0,0.0,,,2.0
7221,0.0012093756317069783,0.2612251364487074,0.0,0.1,,,1.0,0.0,,,2.0
7222,0.0009997122999329605,0.21593785678551947,0.0,0.1,,,1.0,0.0,,,2.0
7223,0.0005279986864409061,0.11404771627123572,0.0,0.1,,,1.0,0.0,,,2.0
7224,0.0008837521909575248,0.19089047324682534,0.0,0.1,,,1.0,0.0,,,2.0
7225,9.457245217738209e-05,0.020427649670314532,1.0,0.1,324.84131155880516,1115.5351780611347,1.0,0.0,0.0,0.0,2.0
7226,0.0019013187810138737,0.41068485669899674,0.0,0.1,,,1.0,0.0,,,2.0
7227,0.0006008875013964083,0.12979170030162418,0.0,0.1,,,1.0,0.0,,,2.0
7228,0.0013731860289682477,0.29660818225714153,0.0,0.1,,,1.0,0.0,,,2.0
7229,0.0027081394464706426,0.5849581204376588,0.0,0.1,,,1.0,0.0,,,2.0
7230,0.0012915798518502257,0.27898124799964874,0.0,0.1,,,1.0,0.0,,,2.0
7231,0.00040756862840540494,0.08803482373556748,1.0,0.1,,,1.0,0.0,,,2.0
7232,0.0005326605730265033,0.11505468377372471,0.0,0.1,,,1.0,0.0,,,2.0
7233,0.0016368099725607452,0.3535509540731209,0.0,0.1,,,1.0,0.0,,,2.0
7234,0.000746951955354052,0.16134162235647523,0.0,0.1,,,1.0,0.0,,,2.0
7235,0.001738124007742805,0.3754347856724459,0.0,0.1,,,1.0,0.0,,,2.0
7236,0.0006137731621355315,0.1325750030212748,0.0,0.1,,,1.0,0.0,,,2.0
7237,0.0003529449663941027,0.07623611274112618,1.0,0.1,,,1.0,0.0,,,2.0
7238,0.0010516500579230844,0.22715641251138624,0.0,0.1,,,1.0,0.0,,,2.0
7239,0.0012106076320285862,0.2614912485181746,0.0,0.1,,,1.0,0.0,,,2.0
7240,0.00036766631457610014,0.07941592394843763,1.0,0.1,,,1.0,0.0,,,2.0
7241,0.0004806000734416467,0.1038096158633957,0.0,0.1,348.6711715782777,1146.9189069148415,1.0,0.0,0.0,0.0,2.0
7242,0.0006837687566831239,0.14769405144355477,0.0,0.1,351.1301745576382,1148.1352892632585,1.0,0.0,0.0,0.0,2.0
7243,0.0006278657991130239,0.13561901260841316,0.0,0.1,,,1.0,0.0,,,2.0
7244,0.0007434488904230737,0.16058496033138392,0.0,0.1,358.4886573799083,1155.9380324651052,1.0,0.0,0.0,0.0,2.0
7245,0.0004939156750994275,0.10668578582147634,0.0,0.1,,,1.0,0.0,,,2.0
7246,0.0002844030394195067,0.06143105651461345,1.0,0.1,,,1.0,0.0,,,2.0
7247,0.0005634116537979636,0.12169691722036013,0.0,0.1,,,1.0,0.0,,,2.0
7248,0.00038849106756285817,0.08391407059357736,1.0,0.1,,,1.0,0.0,,,2.0
7249,0.00011936287894413496,0.025782381851933153,1.0,0.1,,,1.0,0.0,,,2.0
7250,0.0001067824167854107,0.02306500202564871,1.0,0.1,,,1.0,0.0,,,2.0
7251,0.0017635808722472484,0.3809334684054057,0.0,0.1,,,1.0,0.0,,,2.0
7252,0.0010461461491185823,0.22596756820961375,0.0,0.1,,,1.0,0.0,,,2.0
7253,0.0023293507794873622,0.5031397683692702,0.0,0.1,,,1.0,0.0,,,2.0
7254,0.00015600843502827365,0.03369782196610711,1.0,0.1,,,1.0,0.0,,,2.0
7255,0.001262094249246625,0.272612357837271,0.0,0.1,,,1.0,0.0,,,2.0
7256,0.0007378358655387862,0.15937254695637784,0.0,0.1,,,1.0,0.0,,,2.0
7257,0.001437709628809425,0.3105452798228358,0.0,0.1,,,1.0,0.0,,,2.0
7258,0.0003637168737376748,0.07856284472733775,1.0,0.1,389.9418077083676,1185.0877289319433,1.0,0.0,0.0,0.0,2.0
7259,0.00029087890862583717,0.06282984426318083,1.0,0.1,400.4777826976958,1193.159227415296,1.0,0.0,0.0,0.0,2.0
7260,7.396772167281328e-05,0.01597702788132767,1.0,0.1,403.7510349098397,1196.3489011725321,1.0,0.0,0.0,0.0,2.0
7261,0.0009680895716286926,0.2091073474717976,0.0,0.1,405.57882749749837,1198.5440994479343,1.0,0.0,0.0,0.0,2.0
7262,0.0004503626417369399,0.09727833061517902,1.0,0.1,408.0413559535751,1199.770346732256,1.0,0.0,0.0,0.0,2.0
7263,0.0003400766271808373,0.07345655147106085,1.0,0.1,410.6937016939311,1202.805871636912,1.0,0.0,0.0,0.0,2.0
7264,0.00019055923583426298,0.04116079494020081,1.0,0.1,412.77239153937865,1204.841035010634,1.0,0.0,0.0,0.0,2.0
7265,0.0015115370838604352,0.326492010113854,0.0,0.1,421.0513184853203,1212.3134458363484,1.0,0.0,0.0,0.0,2.0
7266,0.000667062352164454,0.1440854680675221,0.0,0.1,425.7294178315986,1217.3801406224006,1.0,0.0,0.0,0.0,2.0
7267,0.00019474275146266095,0.04206443431593476,1.0,0.1,426.47421396152146,1218.9707084776974,1.0,0.0,0.0,0.0,2.0
7268,0.00025390068323108823,0.05484254757791506,1.0,0.1,426.69945842586725,1219.7282405961482,1.0,0.0,0.0,0.0,2.0
7269,0.0004435750293643763,0.09581220634270529,1.0,0.1,,,1.0,0.0,,,2.0
7270,0.0004926605077255873,0.10641466966872686,0.0,0.1,,,1.0,0.0,,,2.0
7271,0.0003101355816486587,0.06698928563611029,1.0,0.1,,,1.0,0.0,,,2.0
7272,0.0009353312185973953,0.2020315432170374,0.0,0.1,417.35835229645903,1204.407732398856,1.0,0.0,0.0,0.0,2.0
7273,0.0005902007182983111,0.1274833551524352,0.0,0.1,416.7738646093005,1203.8853978527839,1.0,0.0,0.0,0.0,2.0
7274,0.00010654643940529086,0.023014030911542825,1.0,0.1,417.11027652785083,1202.261698293646,1.0,0.0,0.0,0.0,2.0
7275,0.0003835558637833924,0.08284806657721276,1.0,0.1,412.7302363371145,1193.7868687444527,1.0,0.0,0.0,0.0,2.0
7276,7.487269065379743e-05,0.016172501181220243,1.0,0.1,,,1.0,0.0,,,2.0
7277,0.00044579567610273453,0.09629186603819066,1.0,0.1,,,1.0,0.0,,,2.0
7278,0.00046861834604030954,0.10122156274470687,0.0,0.1,,,1.0,0.0,,,2.0
7279,0.0003521695483419784,0.07606862244186734,1.0,0.1,,,1.0,0.0,,,2.0
7280,0.0004530961235909122,0.09786876269563705,1.0,0.1,,,1.0,0.0,,,2.0
7281,0.000322408434029384,0.06964022175034694,1.0,0.1,,,1.0,0.0,,,2.0
7282,0.0008553257517563048,0.18475036237936182,0.0,0.1,,,1.0,0.0,,,2.0
7283,0.00047606198299797486,0.10282938832756258,0.0,0.1,,,1.0,0.0,,,2.0
7284,0.0007792812925660458,0.1683247591942659,0.0,0.1,,,1.0,0.0,,,2.0
7285,0.0006305320024547374,0.13619491253022328,0.0,0.1,,,1.0,0.0,,,2.0
7286,0.0007221473473488111,0.1559838270273432,0.0,0.1,,,1.0,0.0,,,2.0
7287,0.0005129530257857129,0.11079785356971399,0.0,0.1,,,1.0,0.0,,,2.0
7288,0.0012948187165298258,0.2796808427704424,0.0,0.1,,,1.0,0.0,,,2.0
7289,0.0013744562856143235,0.2968825576926939,0.0,0.1,,,1.0,0.0,,,2.0
7290,0.00043882098037195655,0.09478533176034261,1.0,0.1,,,1.0,0.0,,,2.0
7291,0.0018148517868129507,0.39200798595159736,0.0,0.1,,,1.0,0.0,,,2.0
7292,0.001364613148208222,0.29475644001297596,0.0,0.1,,,1.0,0.0,,,2.0
7293,0.0014605486389171534,0.31547850600610516,0.0,0.1,,,1.0,0.0,,,2.0
7294,0.0003434041981446611,0.0741753067992468,1.0,0.1,,,1.0,0.0,,,2.0
7295,0.0011134880463352442,0.24051341800841275,0.0,0.1,,,1.0,0.0,,,2.0
7296,0.0004717518506959815,0.101898399750332,0.0,0.1,,,1.0,0.0,,,2.0
7297,0.00046570963525201416,0.10059328121443506,0.0,0.1,,,1.0,0.0,,,2.0
7298,0.0010777700844578377,0.23279833824289292,0.0,0.1,,,1.0,0.0,,,2.0
7299,0.0010681797560630668,0.23072682730962246,0.0,0.1,377.63090710509755,1149.9624593074539,1.0,0.0,0.0,0.0,2.0
7300,0.001587283281801842,0.3428531888691979,0.0,0.1,376.99259685521037,1150.4043801067212,1.0,0.0,0.0,0.0,2.0
7301,0.00036041658717052223,0.0778499828288328,1.0,0.1,373.421121379395,1145.5034348057256,1.0,0.0,0.0,0.0,2.0
7302,0.0006278142107451362,0.13560786952094941,0.0,0.1,,,1.0,0.0,,,2.0
7303,0.00019494302695982404,0.042107693823321996,1.0,0.1,,,1.0,0.0,,,2.0
7304,9.176953666544846e-05,0.01982221991973687,1.0,0.1,,,1.0,0.0,,,2.0
7305,0.00025800544591154316,0.05572917631689332,1.0,0.1,,,1.0,0.0,,,2.0
7306,0.0006877023641008869,0.14854371064579158,0.0,0.1,,,1.0,0.0,,,2.0
7307,0.0008144496632338035,0.17592112725850156,0.0,0.1,,,1.0,0.0,,,2.0
7308,0.00032030783271990993,0.06918649186750055,1.0,0.1,,,1.0,0.0,,,2.0
7309,0.0002598500344903346,0.05612760744991227,1.0,0.1,,,1.0,0.0,,,2.0
7310,0.0006298498574996651,0.13604756921992767,0.0,0.1,,,1.0,0.0,,,2.0
7311,0.0002235502886888474,0.048286862356791034,1.0,0.1,,,1.0,0.0,,,2.0
7312,0.0001974756370872296,0.0426547376108416,1.0,0.1,,,1.0,0.0,,,2.0
7313,0.00032003761495029263,0.06912812482926321,1.0,0.1,,,1.0,0.0,,,2.0
7314,0.0005226504565686092,0.1128924986188196,0.0,0.1,,,1.0,0.0,,,2.0
7315,0.00032587332659424786,0.07038863854435753,1.0,0.1,,,1.0,0.0,,,2.0
7316,0.00027595213529720973,0.059605661224197304,1.0,0.1,,,1.0,0.0,,,2.0
7317,0.00010754811665557773,0.02323039319760479,1.0,0.1,,,1.0,0.0,,,2.0
7318,7.649692922627943e-05,0.016523336712876358,1.0,0.1,,,1.0,0.0,,,2.0
7319,0.0006740515056848716,0.14559512522793228,0.0,0.1,,,1.0,0.0,,,2.0
7320,8.74822865047915e-05,0.018896173885034964,1.0,0.1,,,1.0,0.0,,,2.0
7321,0.0007532827097779207,0.16270906531203086,0.0,0.1,,,1.0,0.0,,,2.0
7322,0.0003409816912751717,0.07365204531543709,1.0,0.1,356.9032237559691,1102.0392446590674,1.0,0.0,0.0,0.0,2.0
7323,0.00041534843367609727,0.08971526167403701,1.0,0.1,355.86296877247105,1101.6026943065435,1.0,0.0,0.0,0.0,2.0
7324,0.0002457228617131486,0.053076138130040106,1.0,0.1,353.1454633098772,1099.4266486403524,1.0,0.0,0.0,0.0,2.0
7325,0.0005731649974353776,0.12380363944604156,0.0,0.1,353.8212101512394,1099.6536014798423,1.0,0.0,0.0,0.0,2.0
7326,0.000381067710344859,0.08231062543448955,1.0,0.1,353.6796633646946,1099.08454076495,1.0,0.0,0.0,0.0,2.0
7327,0.001006247916160706,0.21734954989071248,0.0,0.1,357.4237057241251,1100.3017298974441,1.0,0.0,0.0,0.0,2.0
7328,0.00026984832499707395,0.05828723819936797,1.0,0.1,362.63231693456635,1102.0773174656872,1.0,0.0,0.0,0.0,2.0
7329,0.00014654896104845027,0.03165457558646526,1.0,0.1,365.62304754556095,1103.5314846132314,1.0,0.0,0.0,0.0,2.0
7330,9.046387744726311e-05,0.019540197528608833,1.0,0.1,365.52201038798535,1100.6742640461362,1.0,0.0,0.0,0.0,2.0
7331,0.0005541356970700293,0.11969331056712633,0.0,0.1,363.6925206303802,1097.295221335342,1.0,0.0,0.0,0.0,2.0
7332,0.00013707170059051567,0.029607487327551387,1.0,0.1,366.71526306293856,1101.0587750042375,1.0,0.0,0.0,0.0,2.0
7333,0.0008290712826093732,0.1790793970436246,0.0,0.1,364.92492529817446,1092.2827544412773,1.0,0.0,0.0,0.0,2.0
7334,0.0008739568989306484,0.18877469016902004,0.0,0.1,359.99045575493307,1081.5189445734661,1.0,0.0,0.0,0.0,2.0
7335,0.00026070388276951096,0.05631203867821436,1.0,0.1,358.69554605755366,1072.9299922546033,1.0,0.0,0.0,0.0,2.0
7336,0.0006817898312083363,0.14726660354100066,0.0,0.1,356.2619153870485,1067.0992288562093,1.0,0.0,0.0,0.0,2.0
7337,0.0002846526696601864,0.06148497664660026,1.0,0.1,354.6840329718725,1065.2976969068066,1.0,0.0,0.0,0.0,2.0
7338,0.00047527243669793405,0.10265884632675375,0.0,0.1,353.3529948152425,1064.559842239116,1.0,0.0,0.0,0.0,2.0
7339,0.0010145386844612261,0.21914035584362485,0.0,0.1,348.3670578373381,1060.1475220077534,1.0,0.0,0.0,0.0,2.0
7340,0.00044504787876691607,0.09613034181365387,1.0,0.1,342.7115435113922,1056.202836314589,1.0,0.0,0.0,0.0,2.0
7341,0.001334620052905569,0.2882779314276029,0.0,0.1,339.68879026731173,1054.640845023028,1.0,0.0,0.0,0.0,2.0
7342,0.00015815433563210252,0.03416133649653414,1.0,0.1,335.45226583853224,1051.7310755717479,1.0,0.0,0.0,0.0,2.0
7343,0.0005788485178816722,0.1250312798624412,0.0,0.1,333.6835439180599,1050.115035357239,1.0,0.0,0.0,0.0,2.0
7344,0.0003601179078885258,0.07778546810392158,1.0,0.1,335.63156199410577,1050.8054953520393,1.0,0.0,0.0,0.0,2.0
7345,0.0006682860224028385,0.14434978083901312,0.0,0.1,333.9477457712926,1047.621607396034,1.0,0.0,0.0,0.0,2.0
7346,0.0008102279539537264,0.1750092380540049,0.0,0.1,329.3441493524049,1041.305311354335,1.0,0.0,0.0,0.0,2.0
7347,0.0006801279027284206,0.14690762698933887,0.0,0.1,325.7060276608543,1033.631140007075,1.0,0.0,0.0,0.0,2.0
7348,0.00020527863655705154,0.04434018549632313,1.0,0.1,321.64009969958886,1027.6052660355228,1.0,0.0,0.0,0.0,2.0
7349,0.00010869325510528723,0.023477743102742043,1.0,0.1,320.6634585722867,1026.6787678358767,1.0,0.0,0.0,0.0,2.0
7350,,,,0.1,322.36257098756147,1030.3331721337097,1.0,0.0,0.0,0.0,2.0
7351,,,,0.1,323.29489250835513,1035.1973228555714,,,0.0,0.0,2.0
7352,0.00014787264899524474,0.03194049218297287,1.0,0.1,326.6014400247094,1042.7207233908948,1.0,0.0,0.0,0.0,2.0
7353,0.00021655430549575062,0.04677572998708213,1.0,0.1,329.1415549587253,1048.0229082056128,1.0,0.0,0.0,0.0,2.0
7354,0.0002434188740531396,0.05257847679547815,1.0,0.1,329.3488137637569,1047.9028339677736,1.0,0.0,0.0,0.0,2.0
7355,0.00013624596985731038,0.029429129489179043,1.0,0.1,330.1317627726974,1047.740619999329,1.0,0.0,0.0,0.0,2.0
7356,3.9914878864454924e-05,0.008621613834722264,1.0,0.1,327.07628671023105,1043.7034276240943,1.0,0.0,0.0,0.0,2.0
7357,,,,0.1,325.15485226594484,1041.5320683621087,1.0,0.0,0.0,0.0,2.0
7358,,,,0.1,322.8059005760269,1040.7488612527477,,,0.0,0.0,2.0
7359,,,,0.1,320.41014055513057,1039.5597878716455,,,0.0,0.0,2.0
7360,,,,0.1,321.9418111481813,1041.269684687507,,,0.0,0.0,2.0
7361,,,,0.1,323.3751922118182,1040.3997687266697,,,0.0,0.0,2.0
7362,,,,0.1,326.6473676555039,1040.4990154766385,,,0.0,0.0,2.0
7363,,,,0.1,328.20820009939393,1040.442776530772,,,0.0,0.0,2.0
7364,,,,0.1,332.8099225911835,1044.1465465656047,,,0.0,0.0,2.0
7365,4.897726108987322e-05,0.010579088395412616,1.0,0.1,332.6667888759303,1043.596234108964,1.0,0.0,0.0,0.0,2.0
7366,0.0002326156076289065,0.05024497124784381,1.0,0.1,332.1173872663083,1042.6610166389169,1.0,0.0,0.0,0.0,2.0
7367,,,,0.1,331.45693924967117,1041.7857875412858,1.0,0.0,0.0,0.0,2.0
7368,,,,0.1,327.9479266618099,1035.444500034508,,,0.0,0.0,2.0
7369,0.0005331287284135954,0.1151558053373366,0.0,0.1,324.2301160663381,1027.133064002022,1.0,0.0,0.0,0.0,2.0
7370,,,,0.1,322.501756965862,1022.4748674543263,1.0,0.0,0.0,0.0,2.0
7371,,,,0.1,320.89445420623815,1020.2798436009201,,,0.0,0.0,2.0
7372,,,,0.1,320.23367416320156,1019.1295126943813,,,0.0,0.0,2.0
7373,,,,0.1,320.89729175555794,1019.1434250734873,,,0.0,0.0,2.0
7374,,,,0.1,319.6160162686443,1018.5907119017257,,,0.0,0.0,2.0
7375,,,,0.1,318.5730192750408,1015.6443896434407,,,0.0,0.0,2.0
7376,,,,0.1,321.03759298598504,1013.6397943186075,,,0.0,0.0,2.0
7377,,,,0.1,321.61683040663314,1013.0889705479534,,,0.0,0.0,2.0
7378,,,,0.1,319.89657438856835,1008.5259863787599,,,0.0,0.0,2.0
7379,,,,0.1,319.73621438477255,1007.6856216242428,,,0.0,0.0,2.0
7380,,,,0.1,317.52619154876857,1003.1937985165239,,,0.0,0.0,2.0
7381,,,,0.1,315.5472915972505,1001.0635768871996,,,0.0,0.0,2.0
7382,,,,0.1,303.66787353399747,987.9808996635716,,,0.0,0.0,2.0
7383,,,,0.1,300.3250546190643,985.0240991722787,,,0.0,0.0,2.0
7384,,,,0.1,299.1450487403644,984.6994130571949,,,0.0,0.0,2.0
7385,,,,0.1,298.78993630934787,984.4721535409625,,,0.0,0.0,2.0
7386,,,,0.1,303.42290145362375,987.4316122240497,,,0.0,0.0,2.0
7387,,,,0.1,310.9530794666964,992.4813279302598,,,0.0,0.0,2.0
7388,,,,0.1,314.8600694115843,994.3777671101456,,,0.0,0.0,2.0
7389,,,,0.1,314.9641805782145,994.1039277202077,,,0.0,0.0,2.0
7390,,,,0.1,313.3964330802041,993.3907029545246,,,0.0,0.0,2.0
7391,,,,0.1,312.65584276290537,993.8288089350486,,,0.0,0.0,2.0
7392,,,,0.1,313.6565031535385,995.2636659391866,,,0.0,0.0,2.0
7393,,,,0.1,316.3783033403212,1000.2650140634463,,,0.0,0.0,2.0
7394,,,,0.1,316.23921481089104,999.5094637581118,,,0.0,0.0,2.0
7395,,,,0.1,320.83805070000886,1001.355967072796,,,0.0,0.0,2.0
7396,,,,0.1,321.1926396612608,1002.6650209524955,,,0.0,0.0,2.0
7397,,,,0.1,322.5547999256155,1006.2111178228979,,,0.0,0.0,2.0
7398,,,,0.1,322.44633951132874,1007.4150590047084,,,0.0,0.0,2.0
7399,,,,0.1,321.9651723127918,1008.1656565458402,,,0.0,0.0,2.0
7400,,,,0.1,318.7334637359419,1007.4782214789418,,,0.0,0.0,2.0
7401,,,,0.1,311.4208413717434,1004.6829961985173,,,0.0,0.0,2.0
7402,,,,0.1,310.0021502109299,1006.2595934933082,,,0.0,0.0,2.0
7403,,,,0.1,309.3466711383516,1006.858623369452,,,0.0,0.0,2.0
7404,,,,0.1,309.6211680655522,1009.0965091034413,,,0.0,0.0,2.0
7405,,,,0.1,312.89967957934317,1011.7687843962871,,,0.0,0.0,2.0
7406,,,,0.1,313.0473825201886,1011.4504668245842,,,0.0,0.0,2.0
7407,,,,0.1,315.0364341754146,1012.4609552200479,,,0.0,0.0,2.0
7408,,,,0.1,320.04752941209136,1018.9825819398383,,,0.0,0.0,2.0
7409,,,,0.1,328.6323015731901,1037.0343463846755,,,0.0,0.0,2.0
7410,0.0006267427518734436,0.13537643440466382,0.0,0.1,337.77003129880364,1059.8047993424743,1.0,0.0,0.0,0.0,2.0
7411,0.0007539915247470586,0.16286216934536465,0.0,0.1,343.00394822332095,1080.9573338876746,1.0,0.0,0.0,0.0,2.0
7412,0.0007014751659739044,0.15151863585036335,0.0,0.1,346.72844220479624,1094.271862871582,1.0,0.0,0.0,0.0,2.0
7413,0.0016019090065117517,0.3460123454065384,0.0,0.1,347.53205918723074,1100.713285255856,1.0,0.0,0.0,0.0,2.0
7414,0.00012863901748504688,0.02778602777677013,1.0,0.1,347.5050078240074,1105.700807327597,1.0,0.0,0.0,0.0,2.0
7415,0.0001876799001239943,0.040538858426782766,1.0,0.1,347.6316334878967,1107.7738513805614,1.0,0.0,0.0,0.0,2.0
7416,0.000570736891891045,0.12327916864846572,0.0,0.1,355.63666152694515,1114.264186605838,1.0,0.0,0.0,0.0,2.0
7417,0.0009411402293944866,0.20328628954920913,0.0,0.1,358.15298134446454,1117.2281908136035,1.0,0.0,0.0,0.0,2.0
7418,0.0008545937777247877,0.18459225598855414,0.0,0.1,,,1.0,0.0,,,2.0
7419,0.0006350090979728361,0.1371619651621326,0.0,0.1,,,1.0,0.0,,,2.0
7420,0.0007220688825482545,0.15596687863042297,0.0,0.1,,,1.0,0.0,,,2.0
7421,0.0013553003277484408,0.29274487079366324,0.0,0.1,,,1.0,0.0,,,2.0
7422,0.00038958764481781004,0.08415093128064698,1.0,0.1,,,1.0,0.0,,,2.0
7423,8.232468726298158e-05,0.017782132448804024,1.0,0.1,,,1.0,0.0,,,2.0
7424,0.0004984683697870781,0.10766916787400888,0.0,0.1,,,1.0,0.0,,,2.0
7425,0.00026453262389354045,0.05713904676100474,1.0,0.1,,,1.0,0.0,,,2.0
7426,0.0007292122666549562,0.15750984959747052,0.0,0.1,,,1.0,0.0,,,2.0
7427,0.0005542113998933737,0.11970966237696871,0.0,0.1,,,1.0,0.0,,,2.0
7428,0.0003127615591893694,0.06755649678490379,1.0,0.1,372.05265651938987,1140.2317475990285,1.0,0.0,0.0,0.0,2.0
7429,0.00013850432806059989,0.029916934861089577,1.0,0.1,371.33804603242976,1140.85754429933,1.0,0.0,0.0,0.0,2.0
7430,0.0004922820922808974,0.10633293193267383,0.0,0.1,371.48644364696213,1140.9105706383293,1.0,0.0,0.0,0.0,2.0
7431,0.0002603291586703722,0.0562310982728004,1.0,0.1,371.8020639706044,1139.6469912340133,1.0,0.0,0.0,0.0,2.0
7432,0.0007380648635239986,0.15942201052118368,0.0,0.1,,,1.0,0.0,,,2.0
7433,0.0003191566957694773,0.0689378462862071,1.0,0.1,,,1.0,0.0,,,2.0
7434,0.00014358634721838126,0.031014650999170352,1.0,0.1,,,1.0,0.0,,,2.0
7435,0.0008531685261180911,0.18428440164150767,0.0,0.1,,,1.0,0.0,,,2.0
7436,0.0003112905735748558,0.06723876389216885,1.0,0.1,,,1.0,0.0,,,2.0
7437,0.0005691855287828615,0.12294407421709809,0.0,0.1,372.70658644045284,1140.8385530024814,1.0,0.0,0.0,0.0,2.0
7438,0.0006153621535583438,0.13291822516860227,0.0,0.1,373.64363563452054,1140.4655982687573,1.0,0.0,0.0,0.0,2.0
7439,0.00017347416567052966,0.03747041978483441,1.0,0.1,373.8183786978291,1141.718356679284,1.0,0.0,0.0,0.0,2.0
7440,0.0003108154755170829,0.0671361427116899,1.0,0.1,373.56082016514097,1141.9834594811655,1.0,0.0,0.0,0.0,2.0
7441,0.00040638856083032227,0.08777992913934962,1.0,0.1,372.2474870168318,1141.874425471725,1.0,0.0,0.0,0.0,2.0
7442,0.0004271312903257356,0.0922603587103589,1.0,0.1,370.74993758965627,1141.069566097302,1.0,0.0,0.0,0.0,2.0
7443,0.00031505886816804874,0.06805271552429853,1.0,0.1,370.6017117613341,1141.2867884359566,1.0,0.0,0.0,0.0,2.0
7444,0.0004408726884047386,0.09522850069542355,1.0,0.1,370.7672848039078,1141.546951696767,1.0,0.0,0.0,0.0,2.0
7445,0.0002677218085408008,0.05782791064481297,1.0,0.1,370.4123737621446,1141.5524788766459,1.0,0.0,0.0,0.0,2.0
7446,0.0002730478736088779,0.05897834069951762,1.0,0.1,370.5769582449207,1142.8845911945114,1.0,0.0,0.0,0.0,2.0
7447,0.000450192555134361,0.09724159190902198,1.0,0.1,370.1643961758935,1143.4618955241347,1.0,0.0,0.0,0.0,2.0
7448,0.00013380594777719264,0.02890208471987361,1.0,0.1,371.3331935026921,1145.331539025171,1.0,0.0,0.0,0.0,2.0
7449,0.00023731455854011815,0.051259944644665524,1.0,0.1,371.9088188191835,1145.6584973239464,1.0,0.0,0.0,0.0,2.0
7450,0.0005128316063297752,0.11077162696723143,0.0,0.1,372.32260559310185,1145.387419989658,1.0,0.0,0.0,0.0,2.0
7451,0.0003221477177238181,0.06958390702834472,1.0,0.1,373.0784989136875,1145.0562362185763,1.0,0.0,0.0,0.0,2.0
7452,0.0005218315421206191,0.11271561309805371,0.0,0.1,375.5668953098222,1146.4451504123108,1.0,0.0,0.0,0.0,2.0
7453,7.42918505838574e-05,0.0160470397261132,1.0,0.1,377.3033303195629,1148.1886081669934,1.0,0.0,0.0,0.0,2.0
7454,0.00034344902808687767,0.07418499006676559,1.0,0.1,378.4567567892783,1148.6210181906872,1.0,0.0,0.0,0.0,2.0
7455,0.0002838113047046244,0.061303241816198874,1.0,0.1,379.7696805880498,1148.9776724997614,1.0,0.0,0.0,0.0,2.0
7456,9.619404218414095e-05,0.020777913111774446,1.0,0.1,380.7452320046439,1147.4987501207177,1.0,0.0,0.0,0.0,2.0
7457,0.0009386271572969522,0.20274346597614168,0.0,0.1,380.91432513959154,1147.1132894761847,1.0,0.0,0.0,0.0,2.0
7458,4.123218648928859e-05,0.008906152281686336,1.0,0.1,382.7775824586478,1147.6167501345735,1.0,0.0,0.0,0.0,2.0
7459,0.0001653433649441782,0.03571416682794249,1.0,0.1,382.4606736098842,1147.256089895366,1.0,0.0,0.0,0.0,2.0
7460,0.0004859861408966966,0.10497300643368646,0.0,0.1,382.5608460960996,1147.778892780296,1.0,0.0,0.0,0.0,2.0
7461,0.00010647718341793842,0.022999071618274698,1.0,0.1,382.561728095511,1148.4872075333956,1.0,0.0,0.0,0.0,2.0
7462,0.00048361565481326205,0.1044609814396646,0.0,0.1,383.2927956518668,1148.8360550884406,1.0,0.0,0.0,0.0,2.0
7463,0.0001404154094543698,0.03032972844214388,1.0,0.1,383.4542563988205,1149.000695045179,1.0,0.0,0.0,0.0,2.0
7464,0.00027862340888428595,0.06018265631900576,1.0,0.1,382.5602099841556,1147.5929452586868,1.0,0.0,0.0,0.0,2.0
7465,0.0005909540839511905,0.12764608213345716,0.0,0.1,381.00317864307755,1146.1376280056397,1.0,0.0,0.0,0.0,2.0
7466,0.0002366659419447668,0.05111984346006963,1.0,0.1,381.664327212725,1147.029438319146,1.0,0.0,0.0,0.0,2.0
7467,0.000639286636203268,0.1380859134199059,0.0,0.1,381.46362706378494,1146.7334405403667,1.0,0.0,0.0,0.0,2.0
7468,0.0004060679556662003,0.08771067842389926,1.0,0.1,381.65444233026534,1146.134977772406,1.0,0.0,0.0,0.0,2.0
7469,0.00019362636822381466,0.041823295536343966,1.0,0.1,382.594302744664,1145.9572933092663,1.0,0.0,0.0,0.0,2.0
7470,0.0001470607703904793,0.03176512640434353,1.0,0.1,,,1.0,0.0,,,2.0
7471,0.00021708466318162258,0.046890287247230475,1.0,0.1,,,1.0,0.0,,,2.0
7472,0.00022284995306757886,0.048135589862597035,1.0,0.1,,,1.0,0.0,,,2.0
7473,0.000446853127199106,0.0965202754750069,1.0,0.1,388.31291288672867,1144.7052796307064,1.0,0.0,0.0,0.0,2.0
7474,8.453834719687956e-05,0.018260282994525985,1.0,0.1,388.26123970446326,1144.2968771799422,1.0,0.0,0.0,0.0,2.0
7475,0.00018677662551420758,0.04034375111106884,1.0,0.1,,,1.0,0.0,,,2.0
7476,0.0002402442198132301,0.051892751479657696,1.0,0.1,389.7851447026224,1143.488761866443,1.0,0.0,0.0,0.0,2.0
7477,0.000306152668138324,0.06612897631787798,1.0,0.1,388.92535690203437,1140.174180607357,1.0,0.0,0.0,0.0,2.0
7478,0.00021123933883931528,0.0456276971892921,1.0,0.1,389.89255694275346,1140.1033728087937,1.0,0.0,0.0,0.0,2.0
7479,0.0002619789046458514,0.0565874434035039,1.0,0.1,390.68103276782017,1140.4867098249197,1.0,0.0,0.0,0.0,2.0
7480,0.0005419441169275312,0.11705992925634674,0.0,0.1,389.97303808045007,1139.4419532228503,1.0,0.0,0.0,0.0,2.0
7481,0.0003939373114778186,0.08509045927920882,1.0,0.1,389.67318898874043,1139.001759261978,1.0,0.0,0.0,0.0,2.0
7482,0.00012688370789893982,0.027406880906171,1.0,0.1,,,1.0,0.0,,,2.0
7483,0.0007431824636223726,0.16052741214243246,0.0,0.1,,,1.0,0.0,,,2.0
7484,0.0004547413629251845,0.09822413439183986,1.0,0.1,,,1.0,0.0,,,2.0
7485,0.00021676543789709885,0.04682133458577335,1.0,0.1,,,1.0,0.0,,,2.0
7486,0.00046199255422592247,0.09979039171279926,1.0,0.1,,,1.0,0.0,,,2.0
7487,0.0006466246137287363,0.13967091656540703,0.0,0.1,,,1.0,0.0,,,2.0
7488,0.00015965550678140593,0.03448558946478369,1.0,0.1,,,1.0,0.0,,,2.0
7489,0.00026856935949340767,0.058010981650576054,1.0,0.1,,,1.0,0.0,,,2.0
7490,0.0005210494411110825,0.11254667927999383,0.0,0.1,,,1.0,0.0,,,2.0
7491,0.0008378378324741786,0.18097297181442257,0.0,0.1,,,1.0,0.0,,,2.0
7492,0.0002543100800811679,0.05493097729753226,1.0,0.1,,,1.0,0.0,,,2.0
7493,0.0002917022571794164,0.06300768755075395,1.0,0.1,,,1.0,0.0,,,2.0
7494,0.0004516942679054116,0.09756596186756891,1.0,0.1,,,1.0,0.0,,,2.0
7495,0.000243034626302911,0.052495479281428774,1.0,0.1,394.82061232747594,1139.704590482798,1.0,0.0,0.0,0.0,2.0
7496,0.0001813880667902882,0.039179822426702246,1.0,0.1,396.1427150988745,1140.0951509752524,1.0,0.0,0.0,0.0,2.0
7497,0.0001278987124090981,0.027626121880365187,1.0,0.1,397.45982331207523,1140.7391296147641,1.0,0.0,0.0,0.0,2.0
7498,6.618522533683768e-05,0.014296008672756941,1.0,0.1,397.8200367682676,1141.4073969608899,1.0,0.0,0.0,0.0,2.0
7499,0.000287129287462362,0.06201992609187019,1.0,0.1,398.20846077433544,1142.3081378172058,1.0,0.0,0.0,0.0,2.0
7500,0.00038158002492458726,0.08242128538371085,1.0,0.1,,,1.0,0.0,,,2.0
7501,0.0002662172106329919,0.05750291749672625,1.0,0.1,,,1.0,0.0,,,2.0
7502,0.001264741260086084,0.2731841121785941,0.0,0.1,,,1.0,0.0,,,2.0
7503,0.001047483879057612,0.22625651787644416,0.0,0.1,,,1.0,0.0,,,2.0
7504,0.0012970250153980553,0.28015740332597994,0.0,0.1,403.1795385236299,1148.1321621467634,1.0,0.0,0.0,0.0,2.0
7505,0.00036708352201179114,0.07929004075454689,1.0,0.1,403.8846155693875,1150.7517313543708,1.0,0.0,0.0,0.0,2.0
7506,0.00029633350474100775,0.06400803702405768,1.0,0.1,405.6773722277262,1152.793431288923,1.0,0.0,0.0,0.0,2.0
7507,0.0005025223949286146,0.10854483730458075,0.0,0.1,406.6699728714799,1152.263963227002,1.0,0.0,0.0,0.0,2.0
7508,0.0002484482512133836,0.053664822262090864,1.0,0.1,,,1.0,0.0,,,2.0
7509,0.0007670791613567174,0.16568909885305097,0.0,0.1,,,1.0,0.0,,,2.0
7510,0.0005081646916044794,0.10976357338656755,0.0,0.1,421.6325823153274,1159.114810263111,1.0,0.0,0.0,0.0,2.0
7511,0.0010817895984666576,0.23366655326879804,0.0,0.1,423.7966449381349,1160.7114671226182,1.0,0.0,0.0,0.0,2.0
7512,0.0010345602657719848,0.22346501740674873,0.0,0.1,,,1.0,0.0,,,2.0
7513,0.001000029408316252,0.21600635219631045,0.0,0.1,430.8288029126357,1163.7143862050118,1.0,0.0,0.0,0.0,2.0
7514,0.00013766404973200052,0.02973543474211211,1.0,0.1,433.24944090615486,1164.6729303462246,1.0,0.0,0.0,0.0,2.0
7515,0.0008222478754815366,0.17760554110401192,0.0,0.1,435.237350339693,1166.6740236140831,1.0,0.0,0.0,0.0,2.0
7516,0.002730694700247835,0.5898300552535324,0.0,0.1,437.2880810356121,1168.271390427615,1.0,0.0,0.0,0.0,2.0
7517,0.0013967503162010508,0.30169806829942697,0.0,0.1,437.0198312562219,1168.6576215375028,1.0,0.0,0.0,0.0,2.0
7518,0.001147859623023415,0.24793767857305762,0.0,0.1,439.1710096357148,1171.5172614959913,1.0,0.0,0.0,0.0,2.0
7519,0.0026158110036709685,0.5650151767929292,0.0,0.1,440.3668398491732,1176.2214693856838,1.0,0.0,0.0,0.0,2.0
7520,0.0004581728892372908,0.09896534407525481,1.0,0.1,441.1686099209131,1179.4341203440727,1.0,0.0,0.0,0.0,2.0
7521,0.0013676965390894795,0.2954224524433276,0.0,0.1,440.7744974154071,1181.0361577496017,1.0,0.0,0.0,0.0,2.0
7522,0.002245143846293017,0.4849510707992916,0.0,0.1,,,1.0,0.0,,,2.0
7523,0.0020953068064226733,0.4525862701872975,0.0,0.1,445.52952190201773,1191.6747058755545,1.0,0.0,0.0,0.0,2.0
7524,0.0007561387532448114,0.16332597070087926,0.0,0.1,451.0313887474089,1196.6292583123377,1.0,0.0,0.0,0.0,2.0
7525,0.0014662410818436994,0.3167080736782391,0.0,0.1,453.19160264087236,1199.8914201527696,1.0,0.0,0.0,0.0,2.0
7526,0.002023513021374595,0.43707881261691256,0.0,0.1,458.82472709711345,1207.3770927089909,1.0,0.0,0.0,0.0,2.0
7527,0.0017512838715915719,0.37827731626377953,0.0,0.1,465.56550713661767,1214.1351603780474,1.0,0.0,0.0,0.0,2.0
7528,0.0005748845690555241,0.1241750669159932,0.0,0.1,474.1791872226671,1223.3147429022376,1.0,0.0,0.0,0.0,2.0
7529,0.0018749838409842672,0.4049965096526017,0.0,0.1,479.47969843176975,1228.4043611941681,1.0,0.0,0.0,0.0,2.0
7530,0.0017381993444186411,0.3754510583944265,0.0,0.1,488.58192292341425,1235.9478103025745,1.0,0.0,0.0,0.0,2.0
7531,0.002113405315582911,0.45649554816590876,0.0,0.1,494.3118847309502,1241.3407618571118,1.0,0.0,0.0,0.0,2.0
7532,0.0010250944107821672,0.22142039272894812,0.0,0.1,497.592651095146,1245.3838514080294,1.0,0.0,0.0,0.0,2.0
7533,0.0005813220397959014,0.1255655605959147,0.0,0.1,501.232876987635,1248.751397880734,1.0,0.0,0.0,0.0,2.0
7534,0.0013438391605191148,0.2902692586721288,0.0,0.1,501.82003785893323,1248.6808705024566,1.0,0.0,0.0,0.0,2.0
7535,0.0012481935152947091,0.2696097993036572,0.0,0.1,502.57405951021434,1249.731856463321,1.0,0.0,0.0,0.0,2.0
7536,0.0019165468175105346,0.4139741125822755,0.0,0.1,503.7579904892233,1249.7062790740522,1.0,0.0,0.0,0.0,2.0
7537,0.0008361447975994388,0.1806072762814788,0.0,0.1,505.437293780601,1250.481779389688,1.0,0.0,0.0,0.0,2.0
7538,0.0006206618421435901,0.13406295790301545,0.0,0.1,506.1532925670564,1252.0823492415172,1.0,0.0,0.0,0.0,2.0
7539,0.0006257153290202677,0.13515451106837784,0.0,0.1,508.06430967383693,1255.0209940481564,1.0,0.0,0.0,0.0,2.0
7540,0.00045936950459674145,0.09922381299289616,1.0,0.1,508.3919051152124,1255.6259008700058,1.0,0.0,0.0,0.0,2.0
7541,0.0007291215655266032,0.1574902581537463,0.0,0.1,505.8243548944601,1253.7683172307593,1.0,0.0,0.0,0.0,2.0
7542,0.0002886084100673688,0.062339416574551665,1.0,0.1,506.52867564916687,1253.9247016097677,1.0,0.0,0.0,0.0,2.0
7543,0.0004712475245982611,0.1017894653132244,0.0,0.1,506.9207625486758,1253.004701271506,1.0,0.0,0.0,0.0,2.0
7544,0.000519321350088817,0.11217341161918447,0.0,0.1,506.8373356606386,1249.6802333256169,1.0,0.0,0.0,0.0,2.0
7545,0.000384709846318735,0.08309732680484676,1.0,0.1,508.7672910761484,1247.9158430754565,1.0,0.0,0.0,0.0,2.0
7546,0.0005073067076755385,0.10957824885791632,0.0,0.1,510.94907363537374,1248.8960394632309,1.0,0.0,0.0,0.0,2.0
7547,0.00020715253351902282,0.04474494724010893,1.0,0.1,510.62728283328096,1247.2085853412036,1.0,0.0,0.0,0.0,2.0
7548,0.00028689265585846245,0.06196881366542789,1.0,0.1,510.313789135867,1247.9947606567475,1.0,0.0,0.0,0.0,2.0
7549,0.00024486326576064803,0.05289046540429997,1.0,0.1,512.975117337773,1249.7708468810174,1.0,0.0,0.0,0.0,2.0
7550,0.0008395425154160202,0.18134118332986035,0.0,0.1,515.0438632345023,1251.7102426851893,1.0,0.0,0.0,0.0,2.0
7551,0.0002422455229933674,0.05232503296656736,1.0,0.1,521.3287744394928,1256.1366092889427,1.0,0.0,0.0,0.0,2.0
7552,0.0004633755397346685,0.10008911658268839,0.0,0.1,,,1.0,0.0,,,2.0
7553,0.00038604992816453727,0.08338678448354005,1.0,0.1,,,1.0,0.0,,,2.0
7554,1.170417397989639e-05,0.00252810157965762,1.0,0.1,,,1.0,0.0,,,2.0
7555,0.00023549461660921415,0.050866837187590254,1.0,0.1,526.2945744067742,1264.9259060495187,1.0,0.0,0.0,0.0,2.0
7556,0.0004877926175787133,0.10536320539700207,0.0,0.1,526.0748851147093,1265.9378794872866,1.0,0.0,0.0,0.0,2.0
7557,0.0002378254313127843,0.05137029316356141,1.0,0.1,525.7129419652154,1266.2604281015037,1.0,0.0,0.0,0.0,2.0
7558,0.00040774644878794795,0.08807323293819676,1.0,0.1,521.8683326041419,1261.8839513393198,1.0,0.0,0.0,0.0,2.0
7559,0.000766018195069689,0.1654599301350528,0.0,0.1,517.7516577245508,1257.739285883857,1.0,0.0,0.0,0.0,2.0
7560,0.0003008014988132166,0.0649731237436548,1.0,0.1,513.5063932058686,1252.288336737995,1.0,0.0,0.0,0.0,2.0
7561,0.0005054753420865778,0.10918267389070081,0.0,0.1,510.5968273815538,1250.3509837452914,1.0,0.0,0.0,0.0,2.0
7562,0.0003646311466771479,0.07876032768226394,1.0,0.1,505.01251063985984,1246.306748459438,1.0,0.0,0.0,0.0,2.0
7563,0.00037970857257147046,0.08201705167543762,1.0,0.1,502.295475819323,1245.9950369958894,1.0,0.0,0.0,0.0,2.0
7564,6.760010531341008e-05,0.014601622747696578,1.0,0.1,500.90135187762104,1243.199693293485,1.0,0.0,0.0,0.0,2.0
7565,0.0004497954330489746,0.09715581353857852,1.0,0.1,499.35390127209274,1241.7176638453755,1.0,0.0,0.0,0.0,2.0
7566,0.0009935502055456124,0.21460684439785227,0.0,0.1,495.74176332374674,1237.2934931361378,1.0,0.0,0.0,0.0,2.0
7567,0.00048990685360856,0.10581988037944898,0.0,0.1,491.5404934728863,1232.8392283370642,1.0,0.0,0.0,0.0,2.0
7568,0.00021993040395641212,0.047504967254585015,1.0,0.1,489.70512057629963,1231.527224102634,1.0,0.0,0.0,0.0,2.0
7569,0.00011724160665350498,0.025324187037157078,1.0,0.1,489.9572470066108,1233.8062336523362,1.0,0.0,0.0,0.0,2.0
7570,0.00024001311684463604,0.05184283323844138,1.0,0.1,488.512813426453,1233.581838698929,1.0,0.0,0.0,0.0,2.0
7571,0.0002446329459825191,0.052840716332224126,1.0,0.1,489.37742184658913,1235.1580387453703,1.0,0.0,0.0,0.0,2.0
7572,0.00030388709575793953,0.06563961268371493,1.0,0.1,489.09294433682413,1234.505330093392,1.0,0.0,0.0,0.0,2.0
7573,0.000842534879554021,0.18198753398366854,0.0,0.1,483.1364955865007,1225.0011051296844,1.0,0.0,0.0,0.0,2.0
7574,0.0004306584332361237,0.09302222157900272,1.0,0.1,476.76097860356674,1216.251742446597,1.0,0.0,0.0,0.0,2.0
7575,0.0006214229231219402,0.13422735139433908,0.0,0.1,472.6962572806686,1212.8291428771183,1.0,0.0,0.0,0.0,2.0
7576,0.001001557627845395,0.2163364476146053,0.0,0.1,470.9899889784598,1215.2191952441015,1.0,0.0,0.0,0.0,2.0
7577,0.001238276860085768,0.2674678017785259,0.0,0.1,467.20362005546093,1212.947743544328,1.0,0.0,0.0,0.0,2.0
7578,0.0007664934468338706,0.16556258451611605,0.0,0.1,466.74936979243427,1211.011902246825,1.0,0.0,0.0,0.0,2.0
7579,0.0017684862585820495,0.3819930318537227,0.0,0.1,467.20614815845056,1211.8102671331328,1.0,0.0,0.0,0.0,2.0
7580,0.0025275874553048533,0.5459588903458483,0.0,0.1,462.920490809306,1208.345376558766,1.0,0.0,0.0,0.0,2.0
7581,0.0031899554946369477,0.6890303868415807,0.0,0.1,458.44298005642764,1200.4157617326111,1.0,0.0,0.0,0.0,2.0
7582,0.0013467947531167457,0.2909076666732171,0.0,0.1,450.9030130119181,1193.0281901892406,1.0,0.0,0.0,0.0,2.0
7583,0.0033050208135078246,0.7138844957176902,0.0,0.1,447.921115603347,1192.282114792662,1.0,0.0,0.0,0.0,2.0
7584,0.002565407373283542,0.5541279926292452,0.0,0.1,,,1.0,0.0,,,2.0
7585,0.004595678185952581,0.9926664881657576,0.0,0.1,431.1243137059756,1185.903926995074,1.0,0.0,0.0,0.0,2.0
7586,0.002183609106261341,0.4716595669524496,0.0,0.1,,,1.0,0.0,,,2.0
7587,0.0018947125259340478,0.40925790560175435,0.0,0.1,407.1898069844443,1180.9961638786813,1.0,0.0,0.0,0.0,2.0
7588,0.001222820032012887,0.2641291269147836,0.0,0.1,400.4850344501312,1177.197475214582,1.0,0.0,0.0,0.0,2.0
7589,0.000569700415518832,0.12305528975206773,0.0,0.1,383.9175010877739,1168.5045899769507,1.0,0.0,0.0,0.0,2.0
7590,0.001002198835707176,0.21647494851275,0.0,0.1,375.28119071702525,1163.9550463859532,1.0,0.0,0.0,0.0,2.0
7591,0.0005143165235370444,0.11109236908400158,0.0,0.1,362.05780590734025,1156.6467613809377,1.0,0.0,0.0,0.0,2.0
7592,0.0007820297264436788,0.16891842091183462,0.0,0.1,,,1.0,0.0,,,2.0
7593,0.0010581877277012508,0.22856854918347014,0.0,0.1,356.265516865929,1154.2927865319166,1.0,0.0,0.0,0.0,2.0
7594,0.0014750097740312855,0.31860211119075765,0.0,0.1,349.4298891586972,1150.5550418663329,1.0,0.0,0.0,0.0,2.0
7595,0.0014919621334655397,0.3222638208285566,0.0,0.1,344.0771966481687,1148.3025916432825,1.0,0.0,0.0,0.0,2.0
7596,0.0004831777738181179,0.10436639914471348,0.0,0.1,340.1102097990611,1148.6950191258206,1.0,0.0,0.0,0.0,2.0
7597,0.002536488484756555,0.5478815127074159,0.0,0.1,,,1.0,0.0,,,2.0
7598,0.0020544313139527963,0.443757163813804,0.0,0.1,328.4468101850197,1142.0811164670677,1.0,0.0,0.0,0.0,2.0
7599,0.0014464644658344684,0.3124363246202452,0.0,0.1,315.3419306370814,1137.3460149543118,1.0,0.0,0.0,0.0,2.0
7600,0.002312172352503502,0.49942922814075646,0.0,0.1,301.5475587577494,1129.8843902135716,1.0,0.0,0.0,0.0,2.0
7601,0.0007553835224091688,0.16316284084038046,0.0,0.1,291.2245231919291,1122.8219504914882,1.0,0.0,0.0,0.0,2.0
7602,0.001164919862801425,0.2516226903651078,0.0,0.1,290.985681422067,1124.0107940132768,1.0,0.0,0.0,0.0,2.0
7603,0.0006371163960403666,0.13761714154471918,0.0,0.1,278.76545940302157,1114.9801533095904,1.0,0.0,0.0,0.0,2.0
7604,0.00040718399614832077,0.08795174316803728,1.0,0.1,267.41822366468017,1110.3477709763763,1.0,0.0,0.0,0.0,2.0
7605,0.00045146568365473207,0.09751658766942213,1.0,0.1,253.9758399829569,1102.2980473201374,1.0,0.0,0.0,0.0,2.0
7606,0.0008092875527889569,0.17480611140241467,0.0,0.1,,,1.0,0.0,,,2.0
7607,0.0011627123727985021,0.25114587252447645,0.0,0.1,242.34202390150952,1095.4612609760836,1.0,0.0,0.0,0.0,2.0
7608,0.0008123355064265753,0.17546446938814028,0.0,0.1,236.51268931397237,1092.0732765657685,1.0,0.0,0.0,0.0,2.0
7609,0.0006564886480186638,0.1418015479720314,0.0,0.1,230.68766706939505,1087.8447974365488,1.0,0.0,0.0,0.0,2.0
7610,0.0004435460532119113,0.09580594749377284,1.0,0.1,,,1.0,0.0,,,2.0
7611,0.0014475199877781184,0.3126643173600736,0.0,0.1,,,1.0,0.0,,,2.0
7612,0.00170069600847566,0.3673503378307426,0.0,0.1,,,1.0,0.0,,,2.0
7613,0.0028178113858196617,0.6086472593370469,0.0,0.1,212.14408151028792,1071.573632797981,1.0,0.0,0.0,0.0,2.0
7614,0.0007181474623976054,0.15511985187788277,0.0,0.1,209.24163463891847,1069.595395674595,1.0,0.0,0.0,0.0,2.0
7615,0.0015033505855357708,0.3247237264757265,0.0,0.1,206.5913609281686,1067.405382084915,1.0,0.0,0.0,0.0,2.0
7616,0.0011355861001254922,0.2452865976271063,0.0,0.1,,,1.0,0.0,,,2.0
7617,0.0002339268709683449,0.05052820412916249,1.0,0.1,,,1.0,0.0,,,2.0
7618,0.00017602043697809427,0.038020414387268366,1.0,0.1,,,1.0,0.0,,,2.0
7619,0.0010023582000786453,0.2165093712169874,0.0,0.1,162.70434758496452,1033.5885475480181,1.0,0.0,0.0,0.0,2.0
7620,0.000625691682741616,0.13514940347218907,0.0,0.1,164.01169664467474,1034.4599661389038,1.0,0.0,0.0,0.0,2.0
7621,0.0008540552481213152,0.1844759335942041,0.0,0.1,157.11332772957982,1027.1010311812097,1.0,0.0,0.0,0.0,2.0
7622,0.0013104781382151736,0.28306327785447755,0.0,0.1,144.8127116610614,1015.6447361066724,1.0,0.0,0.0,0.0,2.0
7623,0.0004405301359322442,0.09515450936136474,1.0,0.1,129.40419604722362,1001.1431067231817,1.0,0.0,0.0,0.0,2.0
7624,0.001582291968431625,0.341775065181231,0.0,0.1,125.11333248538214,997.123062355181,1.0,0.0,0.0,0.0,2.0
7625,0.00048514016365950875,0.10479027535045389,0.0,0.1,121.2869304607387,993.4831840192992,1.0,0.0,0.0,0.0,2.0
7626,0.0006849512537142265,0.14794947080227294,0.0,0.1,116.01838811355087,988.3736132507836,1.0,0.0,0.0,0.0,2.0
7627,6.504145476587747e-05,0.014048954229429533,1.0,0.1,109.59295053405626,982.3231362848569,1.0,0.0,0.0,0.0,2.0
7628,0.0003256367855128086,0.07033754567076667,1.0,0.1,105.82123826547124,978.8148036737665,1.0,0.0,0.0,0.0,2.0
7629,0.0004177839098894948,0.09024132453613089,1.0,0.1,97.60101677769813,971.0126618152441,1.0,0.0,0.0,0.0,2.0
7630,0.0012437745077066606,0.2686552936646387,0.0,0.1,95.37132876187738,968.8301387648602,1.0,0.0,0.0,0.0,2.0
7631,0.0014170001603018756,0.30607203462520516,0.0,0.1,96.40284540205928,969.9032447271073,1.0,0.0,0.0,0.0,2.0
7632,0.00035164796407016573,0.0759559602391558,1.0,0.1,96.35836491972397,969.9724344290033,1.0,0.0,0.0,0.0,2.0
7633,0.0008366759652402876,0.18072200849190212,0.0,0.1,95.76051053635457,969.3905146823383,1.0,0.0,0.0,0.0,2.0
7634,0.001010735227391191,0.21831880911649726,0.0,0.1,93.46923520649534,967.0724294974402,1.0,0.0,0.0,0.0,2.0
7635,0.0008108844197396631,0.17515103466376722,0.0,0.1,89.04457160768862,962.6347337190984,1.0,0.0,0.0,0.0,2.0
7636,0.00038592825655415895,0.08336050341569834,1.0,0.1,83.39766863405985,956.9443828669922,1.0,0.0,0.0,0.0,2.0
7637,9.412708513273004e-05,0.020331450388669688,1.0,0.1,80.74088851001909,954.2747020834855,1.0,0.0,0.0,0.0,2.0
7638,0.0006452457572525017,0.13937308356654038,0.0,0.1,72.44918513805021,946.0159561144243,1.0,0.0,0.0,0.0,2.0
7639,0.0006502993349470429,0.14046465634856128,0.0,0.1,67.58926484822331,941.220757869684,1.0,0.0,1.0,0.0,2.0
7640,0.0010106675130580219,0.21830418282053274,0.0,0.1,68.78332860480646,942.4312649865863,1.0,0.0,1.0,0.0,2.0
7641,0.000265141069849502,0.057270471087492426,1.0,0.1,68.4548805186565,942.0555739606505,1.0,0.0,1.0,0.0,2.0
7642,0.0011553077761490547,0.2495464796481958,0.0,0.1,66.7689077846947,940.2251215392657,1.0,0.0,1.0,0.0,2.0
7643,0.0004520966301138891,0.09765287210460005,1.0,0.1,65.01925051474704,938.0469574236939,1.0,0.0,1.0,0.0,2.0
7644,0.0006543033593335886,0.14132952561605513,0.0,0.1,,,1.0,0.0,,,2.0
7645,0.00044256712782366804,0.0955944996099123,1.0,0.1,,,1.0,0.0,,,2.0
7646,0.0005036868087379052,0.10879635068738754,0.0,0.1,67.43319132779317,933.761555306099,1.0,0.0,1.0,0.0,2.0
7647,0.0011959328286165606,0.25832149098117707,0.0,0.1,67.25555079328285,932.8748553939791,1.0,0.0,1.0,0.0,2.0
7648,0.0012961086210895698,0.27995946215534706,0.0,0.1,67.02370067340892,928.7001894164462,1.0,0.0,1.0,0.0,2.0
7649,0.00102000471435117,0.2203210182998527,0.0,0.1,68.17149169015414,924.5885560609048,1.0,0.0,1.0,0.0,2.0
7650,0.0010727764385078077,0.23171971071768646,0.0,0.1,72.51352944869852,923.5882974219194,1.0,0.0,0.0,0.0,2.0
7651,0.0011726929848856558,0.2533016847353017,0.0,0.1,77.21045020999182,924.5738524182531,1.0,0.0,0.0,0.0,2.0
7652,0.0017755045588564,0.3835089847129824,0.0,0.1,83.14854171613872,925.5656197699609,1.0,0.0,0.0,0.0,2.0
7653,0.0012784780260077118,0.27615125361766574,0.0,0.1,87.77343108398286,926.3888778288708,1.0,0.0,0.0,0.0,2.0
7654,0.0006234823726707171,0.1346721924968749,0.0,0.1,95.8193633673812,930.6678513229698,1.0,0.0,0.0,0.0,2.0
7655,0.0009259246734940349,0.19999972947471154,0.0,0.1,100.68138073362232,932.5131935329675,1.0,0.0,0.0,0.0,2.0
7656,0.002964529710905814,0.6403384175556558,0.0,0.1,110.04356495081062,935.1141156986139,1.0,0.0,0.0,0.0,2.0
7657,0.0007992132280438965,0.17263005725748165,0.0,0.1,118.54642385256726,937.7816109524568,1.0,0.0,0.0,0.0,2.0
7658,0.0025144854065193302,0.5431288478081754,0.0,0.1,122.5011111600297,937.4805840712521,1.0,0.0,0.0,0.0,2.0
7659,0.0006595531678971262,0.14246348426577926,0.0,0.1,126.07505242514567,936.1469722650784,1.0,0.0,0.0,0.0,2.0
7660,0.0021663450585990905,0.46793053265740353,0.0,0.1,127.8547457195439,936.1816833136778,1.0,0.0,0.0,0.0,2.0
7661,0.0013374296405834955,0.28888480236603503,0.0,0.1,132.7429647418995,934.7368088559774,1.0,0.0,0.0,0.0,2.0
7662,0.002437182283753476,0.5264313732907508,0.0,0.1,140.6420830158079,933.7545514398953,1.0,0.0,0.0,0.0,2.0
7663,0.001571783161950223,0.33950516298124817,0.0,0.1,145.81184920803128,931.435820690741,1.0,0.0,0.0,0.0,2.0
7664,0.0022513867255533103,0.486299532719515,0.0,0.1,147.64292984511397,928.3836524248703,1.0,0.0,0.0,0.0,2.0
7665,0.0018141941758401333,0.39186594198146885,0.0,0.1,150.51235156672348,924.4443174972965,1.0,0.0,0.0,0.0,2.0
7666,0.0030405562972661932,0.6567601602094978,0.0,0.1,153.83644999547417,921.308892327284,1.0,0.0,0.0,0.0,2.0
7667,0.0013384661533614862,0.289108689126081,0.0,0.1,149.38050978631597,917.7331183276813,1.0,0.0,0.0,0.0,2.0
7668,0.001109691356506506,0.2396933330054053,0.0,0.1,144.56923397521786,915.7008315532509,1.0,0.0,0.0,0.0,2.0
7669,0.0005476923245564011,0.11830154210418263,0.0,0.1,141.40190398138628,912.7959791165405,1.0,0.0,0.0,0.0,2.0
7670,0.00022043461316011167,0.04761387644258412,1.0,0.1,134.89502981177347,906.8269703620567,1.0,0.0,0.0,0.0,2.0
7671,0.000958990601902367,0.20714197001091128,0.0,0.1,130.23822903315644,902.7521567768974,1.0,0.0,0.0,0.0,2.0
7672,0.0002886009144604111,0.062337797523448805,1.0,0.1,127.9351977249445,900.0528735934043,1.0,0.0,0.0,0.0,2.0
7673,0.0003454762042948422,0.07462286012768592,1.0,0.1,126.18764768555096,898.7419118288855,1.0,0.0,0.0,0.0,2.0
7674,6.033773856241713e-05,0.013032951529482101,1.0,0.1,125.38922956178924,899.4160338499705,1.0,0.0,0.0,0.0,2.0
7675,0.002693402481481719,0.5817749360000514,0.0,0.1,120.85389165235897,898.1315818642346,1.0,0.0,0.0,0.0,2.0
7676,0.0006471847966696402,0.1397919160806423,0.0,0.1,112.54477345333511,896.4860294489876,1.0,0.0,0.0,0.0,2.0
7677,0.0004651685522801059,0.10047640729250287,0.0,0.1,104.94501682607738,893.6291460837405,1.0,0.0,0.0,0.0,2.0
7678,0.0008869115140752781,0.19157288704026007,0.0,0.1,103.0287094627547,892.8698362235529,1.0,0.0,0.0,0.0,2.0
7679,,,,0.1,103.18453675127459,893.6849460811586,1.0,0.0,0.0,0.0,2.0
7680,,,,0.1,101.04679866713123,892.8168431020397,,,0.0,0.0,2.0
7681,6.238353074395551e-05,0.01347484264069439,1.0,0.1,99.92130491457215,892.6482585713237,1.0,0.0,0.0,0.0,2.0
7682,9.700357291466197e-05,0.020952771749566987,1.0,0.1,98.3337178266546,891.8546740466122,1.0,0.0,0.0,0.0,2.0
7683,,,,0.1,95.28020780726226,891.5098875479907,1.0,0.0,0.0,0.0,2.0
7684,,,,0.1,91.40141294429213,888.5066614895474,,,0.0,0.0,2.0
7685,0.001297219570416992,0.28019942721007024,0.0,0.1,91.22977191854518,887.6577529219768,1.0,0.0,0.0,0.0,2.0
7686,0.0003202319444874252,0.06917010000928384,1.0,0.1,91.1928050566907,885.7652072125977,1.0,0.0,0.0,0.0,2.0
7687,0.0009013667439631433,0.19469521669603895,0.0,0.1,92.04463819462943,884.7500125852958,1.0,0.0,0.0,0.0,2.0
7688,0.00016873748696896187,0.03644729718529576,1.0,0.1,95.09049875933846,884.1549298138223,1.0,0.0,0.0,0.0,2.0
7689,0.00037839323491391523,0.08173293874140569,1.0,0.1,97.99039928847584,882.3549100997026,1.0,0.0,0.0,0.0,2.0
7690,0.0004520316495274098,0.09763883629792053,1.0,0.1,108.4911424959996,881.3997171074856,1.0,0.0,0.0,0.0,2.0
7691,0.0024111375633869576,0.5208057136915829,0.0,0.1,111.85621116645999,879.7808541995371,1.0,0.0,0.0,0.0,2.0
7692,0.0009031415304164548,0.19507857056995423,0.0,0.1,118.16061140626199,879.0287672169919,1.0,0.0,0.0,0.0,2.0
7693,0.0006957537347474288,0.15028280670544464,0.0,0.1,121.06041072619445,877.3582111504209,1.0,0.0,0.0,0.0,2.0
7694,0.0014461035226429404,0.31235836089087515,0.0,0.1,128.2875068277675,878.9936921358207,1.0,0.0,0.0,0.0,2.0
7695,0.00013062838947955813,0.028215732127584554,1.0,0.1,133.46434331714147,879.0778967465831,1.0,0.0,0.0,0.0,2.0
7696,0.002554525067453491,0.5517774145699541,0.0,0.1,134.78333713851416,880.7151240127267,1.0,0.0,0.0,0.0,2.0
7697,,,,0.1,139.43327786766113,881.0646060800875,1.0,0.0,0.0,0.0,2.0
7698,,,,0.1,141.90436696743942,879.672145858066,,,0.0,0.0,2.0
7699,0.0010115821080967811,0.2185017353489047,0.0,0.1,143.19295750741227,879.6465602107934,1.0,0.0,0.0,0.0,2.0
7700,0.0018573463032030826,0.40118680149186586,0.0,0.1,143.33417713801506,879.1079279599855,1.0,0.0,0.0,0.0,2.0
7701,0.0004133195692478453,0.08927702695753459,1.0,0.1,143.4759057968991,878.5458888460406,1.0,0.0,0.0,0.0,2.0
7702,0.0014087764530230527,0.3042957138529794,0.0,0.1,142.08738591823575,876.2663019798947,1.0,0.0,0.0,0.0,2.0
7703,0.000935706475747786,0.20211259876152177,0.0,0.1,139.55038893225057,874.182655976156,1.0,0.0,0.0,0.0,2.0
7704,0.00045420029909443236,0.09810726460439739,1.0,0.1,136.50574020553302,872.2960136121487,1.0,0.0,0.0,0.0,2.0
7705,0.00029749409107181245,0.0642587236715115,1.0,0.1,136.08212139783004,872.796014983717,1.0,0.0,0.0,0.0,2.0
7706,0.00025758961861518595,0.05563935762088017,1.0,0.1,136.73922238149657,873.755330583981,1.0,0.0,0.0,0.0,2.0
7707,0.00022427675257762173,0.0484437785567663,1.0,0.1,137.0713934282335,874.9786171859182,1.0,0.0,0.0,0.0,2.0
7708,0.0006535321050825718,0.14116293469783553,0.0,0.1,137.99553885562815,876.3310486571327,1.0,0.0,0.0,0.0,2.0
7709,0.00011739244677829977,0.025356768504112753,1.0,0.1,139.67983561392327,876.4463201908443,1.0,0.0,0.0,0.0,2.0
7710,0.0009254771383648579,0.1999030618868093,0.0,0.1,142.73066480995072,875.7010435487986,1.0,0.0,0.0,0.0,2.0
7711,0.0003157482630746065,0.068201624824115,1.0,0.1,145.93454707491202,870.2894636747562,1.0,0.0,0.0,0.0,2.0
7712,0.0009323714657328589,0.20139223659829752,0.0,0.1,150.6248069253699,864.667484524773,1.0,0.0,0.0,0.0,2.0
7713,0.0005677558284464569,0.1226352589444347,0.0,0.1,154.335986869489,865.976013810196,1.0,0.0,0.0,0.0,2.0
7714,0.0004556798238407346,0.09842684194959866,1.0,0.1,157.97053264785364,865.6882265834482,1.0,0.0,0.0,0.0,2.0
7715,0.004344207272298396,0.9383487708164535,0.0,0.1,166.96212590709538,864.0110700299683,1.0,0.0,0.0,0.0,2.0
7716,0.002698881985017529,0.5829585087637863,0.0,0.1,181.8766892888007,863.8985531357678,1.0,0.0,0.0,0.0,2.0
7717,0.0008768318154736112,0.18939567214230002,0.0,0.1,201.82000090602335,862.6777499193297,1.0,0.0,0.0,0.0,2.0
7718,0.005991740066969411,1.2942158544653928,0.0,0.1,209.5371321058345,864.1600205533343,1.0,0.0,0.0,0.0,2.0
7719,0.0020940162259375198,0.45230750480250426,0.0,0.1,224.9108076927819,866.8335262252949,1.0,0.0,0.0,0.0,2.0
7720,0.002930475173841253,0.6329826375497106,0.0,0.1,238.2083533061162,868.8185287262941,1.0,0.0,0.0,0.0,2.0
7721,0.004010155501308962,0.8661935882827357,0.0,0.1,249.4396540258716,870.7896954879873,1.0,0.0,0.0,0.0,2.0
7722,0.002988576885677691,0.6455326073063813,0.0,0.1,262.58394263436975,870.1385798088675,1.0,0.0,0.0,0.0,2.0
7723,0.0024527447967629063,0.5297928761007877,0.0,0.1,267.0458000189062,869.9220766341041,1.0,0.0,0.0,0.0,2.0
7724,0.003308889507140685,0.714720133542388,0.0,0.1,279.0001147393048,868.6498672300678,1.0,0.0,0.0,0.0,2.0
7725,0.003011881262957166,0.650566352798748,0.0,0.1,289.4077258118773,867.638153352349,1.0,0.0,0.0,0.0,2.0
7726,0.0003682875117014897,0.07955010252752177,1.0,0.1,295.27975561344994,867.0296759099866,1.0,0.0,0.0,0.0,2.0
7727,0.0011898165885530778,0.2570003831274648,0.0,0.1,300.8891509117619,866.7322560805932,1.0,0.0,0.0,0.0,2.0
7728,0.0016877260754605834,0.36454883229948604,0.0,0.1,307.95211624401696,869.9508660511036,1.0,0.0,0.0,0.0,2.0
7729,0.0021549417502860044,0.46546741806177694,0.0,0.1,312.158259341269,868.5763328230622,1.0,0.0,0.0,0.0,2.0
7730,0.0025438307517567853,0.5494674423794657,0.0,0.1,313.1153176552983,867.459219391024,1.0,0.0,0.0,0.0,2.0
7731,0.00016483841422828757,0.035605097473310116,1.0,0.1,315.7378489453824,870.3287027030157,1.0,0.0,0.0,0.0,2.0
7732,0.001394291569206509,0.30116697894860595,0.0,0.1,317.63791648532,872.8755676194767,1.0,0.0,0.0,0.0,2.0
7733,0.0004106977852456317,0.08871072161305646,1.0,0.1,321.0020609309429,876.9658497626788,1.0,0.0,0.0,0.0,2.0
7734,0.0011675767996491484,0.252196588724216,0.0,0.1,320.64398933434586,876.6529101670751,1.0,0.0,0.0,0.0,2.0
7735,0.0008250812958149438,0.17821755989602786,0.0,0.1,318.959626642351,878.7414019588377,1.0,0.0,0.0,0.0,2.0
7736,0.0006035649443487934,0.1303700279793394,0.0,0.1,318.1255779368431,879.8188551549848,1.0,0.0,0.0,0.0,2.0
7737,0.00020635793882766185,0.04457331478677496,1.0,0.1,316.7880111162962,879.7275719413578,1.0,0.0,0.0,0.0,2.0
7738,0.00012586764688298104,0.027187411726723905,1.0,0.1,313.73259479183287,880.0036226246177,1.0,0.0,0.0,0.0,2.0
7739,0.0008456104245055142,0.18265185169319106,0.0,0.1,308.60069993447286,886.579959099085,1.0,0.0,0.0,0.0,2.0
7740,0.0005610837159755711,0.12119408265072337,0.0,0.1,307.0018875143175,898.4994283869814,1.0,0.0,0.0,0.0,2.0
7741,0.0006736128646252322,0.14550037875905014,0.0,0.1,305.43877992468305,903.834480227626,1.0,0.0,0.0,0.0,2.0
7742,0.0009688951499003956,0.20928135237848547,0.0,0.1,301.800165685262,911.5731644384734,1.0,0.0,0.0,0.0,2.0
7743,0.0003772162488312151,0.08147870974754247,1.0,0.1,299.6176595015537,914.4121094982886,1.0,0.0,0.0,0.0,2.0
7744,0.0005466925863800752,0.11808559865809627,0.0,0.1,299.11590034960716,919.8681076368634,1.0,0.0,0.0,0.0,2.0
7745,0.00046789792754818566,0.1010659523504081,0.0,0.1,296.3040044793684,930.6946561664626,1.0,0.0,0.0,0.0,2.0
7746,0.0008450730570983619,0.18253578033324616,0.0,0.1,293.7882170150411,937.8020563472016,1.0,0.0,0.0,0.0,2.0
7747,9.798884260041876e-05,0.02116559000169045,1.0,0.1,290.7188242143613,951.5972748915278,1.0,0.0,0.0,0.0,2.0
7748,,,,0.1,290.87272943162543,961.5577794896855,1.0,0.0,0.0,0.0,2.0
7749,,,,0.1,287.41365549278197,969.0440643204882,,,0.0,0.0,2.0
7750,0.002335283216688402,0.5044211748046948,0.0,0.1,288.5061105778641,972.3694074379442,1.0,0.0,0.0,0.0,2.0
7751,0.0005339252221691436,0.11532784798853503,0.0,0.1,288.3851771416102,978.0682959723719,1.0,0.0,0.0,0.0,2.0
7752,0.0004764324521209945,0.1029094096581348,0.0,0.1,288.5014126253638,983.3628651140249,1.0,0.0,0.0,0.0,2.0
7753,0.00016075648388848133,0.03472340051991197,1.0,0.1,288.140953649935,990.4596363744133,1.0,0.0,0.0,0.0,2.0
7754,0.000171881018852875,0.037126300072221,1.0,0.1,287.9841594554045,997.3349741045164,1.0,0.0,0.0,0.0,2.0
7755,0.00022212096764746887,0.04797812901185328,1.0,0.1,289.6478472789685,1000.7432467971155,1.0,0.0,0.0,0.0,2.0
7756,,,,0.1,292.7941495623598,1008.4791057387486,1.0,0.0,0.0,0.0,2.0
7757,,,,0.1,292.7396119325106,1011.4542444574628,,,0.0,0.0,2.0
7758,,,,0.1,296.189699745018,1014.3134721826485,,,0.0,0.0,2.0
7759,,,,0.1,298.55775618460945,1015.4485548583361,,,0.0,0.0,2.0
7760,,,,0.1,298.489357034408,1017.710295512773,,,0.0,0.0,2.0
7761,,,,0.1,296.88227148729,1019.5153971973089,1.0,0.0,0.0,0.0,2.0
7762,,,,0.1,292.9977700352652,1017.9559684430852,,,0.0,0.0,2.0
7763,,,,0.1,291.86865089686523,1017.5844024293267,,,0.0,0.0,2.0
7764,0.0005888412011460259,0.1271896994475416,0.0,0.1,289.6983707518968,1015.6307349601016,1.0,0.0,0.0,0.0,2.0
7765,0.000155161284006589,0.03351483734542322,1.0,0.1,292.0262312396055,1016.2284283138584,1.0,0.0,0.0,0.0,2.0
7766,0.0007644485686963478,0.1651208908384111,0.0,0.1,298.5504822196152,1019.8704087411497,1.0,0.0,0.0,0.0,2.0
7767,0.0006009720242520478,0.12980995723844233,0.0,0.1,299.82463547384134,1019.6081803881561,1.0,0.0,0.0,0.0,2.0
7768,9.09418433292162e-05,0.019643438159110703,1.0,0.1,300.29114788540005,1020.2677493306951,1.0,0.0,0.0,0.0,2.0
7769,0.0004088369015672171,0.0883087707385189,1.0,0.1,301.30915625641575,1020.8831081279335,1.0,0.0,0.0,0.0,2.0
7770,0.0009262878938792727,0.2000781850779229,0.0,0.1,301.54283410988063,1021.0204430687296,1.0,0.0,0.0,0.0,2.0
7771,0.0006371761370698673,0.13763004560709136,0.0,0.1,301.67923573227733,1019.6381488321098,1.0,0.0,0.0,0.0,2.0
7772,0.00013909310914033776,0.03004411157431296,1.0,0.1,302.56478513005897,1018.5653789085385,1.0,0.0,0.0,0.0,2.0
7773,0.0003688459342839309,0.07967072180532907,1.0,0.1,303.20076900129305,1017.8012529652033,1.0,0.0,0.0,0.0,2.0
7774,0.000452996163037522,0.09784717121610476,1.0,0.1,304.9490439845,1018.4338767284413,1.0,0.0,0.0,0.0,2.0
7775,0.0011086810329816886,0.23947510312404477,0.0,0.1,307.31238917422405,1019.7778374225564,1.0,0.0,0.0,0.0,2.0
7776,0.0002963473962737599,0.06401103759513213,1.0,0.1,312.1899158223471,1023.8720488116768,1.0,0.0,0.0,0.0,2.0
7777,0.0005633992117118213,0.1216942297297534,0.0,0.1,313.34610034647034,1024.0173535786193,1.0,0.0,0.0,0.0,2.0
7778,0.0003038195164067984,0.06562501554386845,1.0,0.1,313.20685161854567,1022.9681350531074,1.0,0.0,0.0,0.0,2.0
7779,,,,0.1,311.6959266078937,1023.0759886580271,1.0,0.0,0.0,0.0,2.0
7780,,,,0.1,309.7972700706131,1022.1748392493403,,,0.0,0.0,2.0
7781,,,,0.1,302.6383573892415,1019.9010797792857,,,0.0,0.0,2.0
7782,,,,0.1,299.63512977819994,1019.9476836551336,,,0.0,0.0,2.0
7783,0.0012244591907465722,0.26448318520125963,0.0,0.1,294.34040628765194,1020.2296027857069,1.0,0.0,0.0,0.0,2.0
7784,0.0013419543579748993,0.28986214132257826,0.0,0.1,289.05862091251817,1021.512147735244,1.0,0.0,0.0,0.0,2.0
7785,0.00023165501091262873,0.05003748235712781,1.0,0.1,285.8219225641278,1023.7583784724173,1.0,0.0,0.0,0.0,2.0
7786,0.0008134895121143989,0.17571373461671017,0.0,0.1,286.3572494326822,1024.9313988771464,1.0,0.0,0.0,0.0,2.0
7787,0.0022707150171273217,0.4904744436995015,0.0,0.1,288.8042287862108,1027.9570871289418,1.0,0.0,0.0,0.0,2.0
7788,0.001617387467112256,0.3493556928962473,0.0,0.1,292.1412872796921,1033.3725313705152,1.0,0.0,0.0,0.0,2.0
7789,0.0007106762545903121,0.1535060709915074,0.0,0.1,297.2617612698212,1038.2479559957476,1.0,0.0,0.0,0.0,2.0
7790,0.001844374150045621,0.3983848164098542,0.0,0.1,298.4214985958613,1040.8053843087969,1.0,0.0,0.0,0.0,2.0
7791,0.0010329485492137202,0.22311688663016357,0.0,0.1,302.0250108489989,1044.9490431454874,1.0,0.0,0.0,0.0,2.0
7792,0.0023219977721001452,0.5015515187736314,0.0,0.1,305.8669905380999,1047.7707330229082,1.0,0.0,0.0,0.0,2.0
7793,0.002735676689753889,0.59090616498684,0.0,0.1,309.9902921949949,1051.1579698212824,1.0,0.0,0.0,0.0,2.0
7794,0.000724053034004645,0.15639545534500332,0.0,0.1,311.05204975773313,1051.7987541965579,1.0,0.0,0.0,0.0,2.0
7795,0.001452130790777079,0.3136602508078491,0.0,0.1,313.74412245990874,1053.1027043908402,1.0,0.0,0.0,0.0,2.0
7796,0.0006782801420272404,0.14650851067788392,0.0,0.1,317.6541951486737,1056.5589341775228,1.0,0.0,0.0,0.0,2.0
7797,0.00113542785163354,0.24525241595284467,0.0,0.1,325.0156554259748,1059.4110547448242,1.0,0.0,0.0,0.0,2.0
7798,0.0007029047388734581,0.15182742359666695,0.0,0.1,331.87726002839077,1063.8967713024117,1.0,0.0,0.0,0.0,2.0
7799,0.0007976782948456207,0.17229851168665405,0.0,0.1,332.8283579874318,1066.7170147130473,1.0,0.0,0.0,0.0,2.0
7800,0.0005703374278789714,0.12319288442185783,0.0,0.1,332.65221138584474,1067.8013722188987,1.0,0.0,0.0,0.0,2.0
7801,0.000890298363329711,0.19230444647921757,0.0,0.1,334.9905984085165,1068.7779781882323,1.0,0.0,0.0,0.0,2.0
7802,0.001471340529214716,0.31780955431037866,0.0,0.1,337.21888296486895,1071.4038257425439,1.0,0.0,0.0,0.0,2.0
7803,0.0005676166555502879,0.12260519759886221,0.0,0.1,338.4389724485501,1075.8719120637672,1.0,0.0,0.0,0.0,2.0
7804,0.001028445507487202,0.22214422961723562,0.0,0.1,339.4072197014946,1079.0425669681358,1.0,0.0,0.0,0.0,2.0
7805,0.0018091927356834816,0.3907856309076321,0.0,0.1,342.23167372338906,1084.306021244132,1.0,0.0,0.0,0.0,2.0
7806,0.0018956581340564905,0.409462156956202,0.0,0.1,346.9630132610224,1088.8413081790761,1.0,0.0,0.0,0.0,2.0
7807,0.0009269707625152077,0.20022568470328486,0.0,0.1,347.3920489143103,1092.9644838028275,1.0,0.0,0.0,0.0,2.0
7808,0.0019433336524926012,0.4197600689384019,0.0,0.1,348.2511967937827,1094.7014386692556,1.0,0.0,0.0,0.0,2.0
7809,0.00230571589196606,0.498034632664669,0.0,0.1,348.37748145006555,1094.7094212469933,1.0,0.0,0.0,0.0,2.0
7810,0.0025364359653066585,0.5478701685062383,0.0,0.1,349.8512363183921,1093.0615085584006,1.0,0.0,0.0,0.0,2.0
7811,0.002063295119237203,0.4456717457552359,0.0,0.1,353.21090403043667,1093.9994800783488,1.0,0.0,0.0,0.0,2.0
7812,0.0010144572773111765,0.2191227718992141,0.0,0.1,356.2082968725787,1091.9322730656877,1.0,0.0,0.0,0.0,2.0
7813,0.000688078412179341,0.14862493703073765,0.0,0.1,359.7473770110494,1091.8402647481448,1.0,0.0,0.0,0.0,2.0
7814,0.0014966523297600708,0.3232769032281753,0.0,0.1,365.82617619931165,1097.373171078124,1.0,0.0,0.0,0.0,2.0
7815,0.00027547492183857954,0.059502583117133176,1.0,0.1,369.38296837831246,1099.740125703897,1.0,0.0,0.0,0.0,2.0
7816,0.0004351961776089905,0.09400237436354195,1.0,0.1,377.22871315322334,1102.912297465775,1.0,0.0,0.0,0.0,2.0
7817,0.0010982405033515838,0.23721994872394211,0.0,0.1,381.3874323309176,1105.9314556727124,1.0,0.0,0.0,0.0,2.0
7818,0.0009693806672208755,0.2093862241197091,0.0,0.1,380.91935279617167,1104.6773313510225,1.0,0.0,0.0,0.0,2.0
7819,0.0005534239408456236,0.11953957122265468,0.0,0.1,383.23887380112916,1106.4597916481205,1.0,0.0,0.0,0.0,2.0
7820,0.0005807414473700256,0.12544015263192554,0.0,0.1,386.48921050747623,1105.5102561388328,1.0,0.0,0.0,0.0,2.0
7821,0.00033354565762713556,0.07204586204746129,1.0,0.1,,,1.0,0.0,,,2.0
7822,0.0005824284518344686,0.1258045455962452,0.0,0.1,388.00220503859595,1102.637451937694,1.0,0.0,0.0,0.0,2.0
7823,0.0009273329762663257,0.20030392287352636,0.0,0.1,,,1.0,0.0,,,2.0
7824,5.2638097689058225e-05,0.011369829100836577,1.0,0.1,,,1.0,0.0,,,2.0
7825,7.026915177877962e-05,0.015178136784216398,1.0,0.1,,,1.0,0.0,,,2.0
7826,0.00022185394699169672,0.047920452550206494,1.0,0.1,,,1.0,0.0,,,2.0
7827,0.000544801743819664,0.11767717666504744,0.0,0.1,385.5827589849295,1094.5943963572875,1.0,0.0,0.0,0.0,2.0
7828,0.00017746474334699443,0.038332384562950794,1.0,0.1,,,1.0,0.0,,,2.0
7829,0.00018341830029408032,0.03961835286352135,1.0,0.1,,,1.0,0.0,,,2.0
7830,0.00032780032882460074,0.07080487102611376,1.0,0.1,,,1.0,0.0,,,2.0
7831,0.00020083522949549318,0.043380409571026526,1.0,0.1,,,1.0,0.0,,,2.0
7832,0.0004083210459873816,0.08819734593327443,1.0,0.1,,,1.0,0.0,,,2.0
7833,0.00022066037019639,0.04766263996242024,1.0,0.1,,,1.0,0.0,,,2.0
7834,0.00015567520090364846,0.033625843395188065,1.0,0.1,,,1.0,0.0,,,2.0
7835,0.0006990832977473719,0.15100199231343234,0.0,0.1,,,1.0,0.0,,,2.0
7836,0.0006305686931343379,0.136202837717017,0.0,0.1,,,1.0,0.0,,,2.0
7837,0.0008145635228531163,0.17594572093627314,0.0,0.1,,,1.0,0.0,,,2.0
7838,0.0008726186013499843,0.1884856178915966,0.0,0.1,,,1.0,0.0,,,2.0
7839,0.0007257768877811567,0.15676780776072985,0.0,0.1,,,1.0,0.0,,,2.0
7840,0.0020814308882519767,0.44958907186242697,0.0,0.1,,,1.0,0.0,,,2.0
7841,0.0013111771371778734,0.2832142616304207,0.0,0.1,,,1.0,0.0,,,2.0
7842,0.0024203813903875284,0.5228023803237062,0.0,0.1,,,1.0,0.0,,,2.0
7843,0.0008071973299205698,0.1743546232628431,0.0,0.1,434.24486235837503,1158.9054658814844,1.0,0.0,0.0,0.0,2.0
7844,0.0025421950959802625,0.5491141407317367,0.0,0.1,,,1.0,0.0,,,2.0
7845,0.0013255415670797852,0.2863169784892336,0.0,0.1,,,1.0,0.0,,,2.0
7846,0.0005864097576268689,0.1266645076474037,0.0,0.1,,,1.0,0.0,,,2.0
7847,0.0019032230432539834,0.4110961773428604,0.0,0.1,,,1.0,0.0,,,2.0
7848,0.0012579306032252048,0.27171301029664424,0.0,0.1,,,1.0,0.0,,,2.0
7849,0.0010149596885557302,0.2192312927280377,0.0,0.1,,,1.0,0.0,,,2.0
7850,0.0023351001935599533,0.50438164180895,0.0,0.1,,,1.0,0.0,,,2.0
7851,0.002963988635097033,0.6402215451809592,0.0,0.1,,,1.0,0.0,,,2.0
7852,0.0014312194611026156,0.309143403598165,0.0,0.1,,,1.0,0.0,,,2.0
7853,0.001061264434142793,0.2292331177748433,0.0,0.1,,,1.0,0.0,,,2.0
7854,0.0013144596445977706,0.28392328323311844,0.0,0.1,,,1.0,0.0,,,2.0
7855,0.0016920885384767996,0.36549112431098874,0.0,0.1,,,1.0,0.0,,,2.0
7856,0.0014895080930770856,0.3217337481046505,0.0,0.1,,,1.0,0.0,,,2.0
7857,0.0004702211191724675,0.10156776174125298,0.0,0.1,,,1.0,0.0,,,2.0
7858,0.0006599407797940138,0.14254720843550697,0.0,0.1,,,1.0,0.0,,,2.0
7859,0.0013291638398295596,0.28709938940318486,0.0,0.1,,,1.0,0.0,,,2.0
7860,0.0014326859524575028,0.30946016573082064,0.0,0.1,,,1.0,0.0,,,2.0
7861,0.0012433030226942305,0.2685534529019538,0.0,0.1,,,1.0,0.0,,,2.0
7862,0.0004846980480638483,0.10469477838179123,0.0,0.1,,,1.0,0.0,,,2.0
7863,0.0013306214768913597,0.2874142390085337,0.0,0.1,,,1.0,0.0,,,2.0
7864,0.0013580718347172263,0.2933435162989209,0.0,0.1,,,1.0,0.0,,,2.0
7865,0.0014001372531481768,0.3024296466800062,0.0,0.1,,,1.0,0.0,,,2.0
7866,0.000734151524748171,0.15857672934560493,0.0,0.1,,,1.0,0.0,,,2.0
7867,0.0013087048877318804,0.28268025575008615,0.0,0.1,,,1.0,0.0,,,2.0
7868,0.0008597315056588061,0.18570200522230215,0.0,0.1,,,1.0,0.0,,,2.0
7869,0.0010939167702218543,0.2362860223679205,0.0,0.1,,,1.0,0.0,,,2.0
7870,0.00024859137455077873,0.05369573690296821,1.0,0.1,,,1.0,0.0,,,2.0
7871,0.0002239890747236732,0.04838164014031341,1.0,0.1,,,1.0,0.0,,,2.0
7872,0.0005915263360094517,0.12776968857804158,0.0,0.1,,,1.0,0.0,,,2.0
7873,0.00043321982590537457,0.0935754823955609,1.0,0.1,,,1.0,0.0,,,2.0
7874,0.0011016527588873235,0.23795699591966188,0.0,0.1,,,1.0,0.0,,,2.0
7875,0.00046884919256426864,0.10127142559388203,0.0,0.1,,,1.0,0.0,,,2.0
7876,0.00010438690822333355,0.02254757217624005,1.0,0.1,,,1.0,0.0,,,2.0
7877,0.0007982792943198285,0.172428327573083,0.0,0.1,,,1.0,0.0,,,2.0
7878,0.0003178217841076171,0.0686495053672453,1.0,0.1,,,1.0,0.0,,,2.0
7879,0.00048517537761998375,0.10479788156591649,0.0,0.1,,,1.0,0.0,,,2.0
7880,0.0007165447225989896,0.15477366008138177,0.0,0.1,,,1.0,0.0,,,2.0
7881,0.0002479327339219871,0.05355347052714922,1.0,0.1,,,1.0,0.0,,,2.0
7882,0.0009155075548418765,0.19774963184584532,0.0,0.1,,,1.0,0.0,,,2.0
7883,0.0007669794459996821,0.16566756033593133,0.0,0.1,,,1.0,0.0,,,2.0
7884,0.00047115921043022155,0.10177038945292786,0.0,0.1,,,1.0,0.0,,,2.0
7885,0.001198474751424124,0.2588705463076108,0.0,0.1,461.0546423114699,1232.2138892440933,1.0,0.0,0.0,0.0,2.0
7886,0.0022558896321886357,0.4872721605527453,0.0,0.1,451.3288121319166,1229.1565831990902,1.0,0.0,0.0,0.0,2.0
7887,0.001245632140255843,0.2690565422952621,0.0,0.1,446.750187024386,1226.6146322093089,1.0,0.0,0.0,0.0,2.0
7888,0.0002927938024515537,0.0632434613295356,1.0,0.1,,,1.0,0.0,,,2.0
7889,0.0009315569704694573,0.2012163056214028,0.0,0.1,,,1.0,0.0,,,2.0
7890,0.0005704123342597969,0.12320906420011614,0.0,0.1,,,1.0,0.0,,,2.0
7891,0.0008183582612904084,0.17676538443872822,0.0,0.1,,,1.0,0.0,,,2.0
7892,0.0010639762303012359,0.22981886574506694,0.0,0.1,423.3062941278435,1212.2818210029288,1.0,0.0,0.0,0.0,2.0
7893,0.0005721169234872897,0.12357725547325459,0.0,0.1,418.1928432364339,1208.4566572967508,1.0,0.0,0.0,0.0,2.0
7894,0.00041634541872793783,0.08993061044523457,1.0,0.1,418.07891390629976,1208.3532210389765,1.0,0.0,0.0,0.0,2.0
7895,0.0014170049119515064,0.30607306098152537,0.0,0.1,417.61610588474997,1208.2940595559994,1.0,0.0,0.0,0.0,2.0
7896,0.0008232981304462244,0.17783239617638447,0.0,0.1,417.1240517208824,1207.572457889619,1.0,0.0,0.0,0.0,2.0
7897,0.0005760473933776109,0.12442623696956394,0.0,0.1,,,1.0,0.0,,,2.0
7898,0.00030134950426084864,0.06509149292034332,1.0,0.1,,,1.0,0.0,,,2.0
7899,0.0003585799901337268,0.07745327786888498,1.0,0.1,,,1.0,0.0,,,2.0
7900,0.000556118678294797,0.12012163451167616,0.0,0.1,,,1.0,0.0,,,2.0
7901,0.0005679844360678302,0.12268463819065133,0.0,0.1,,,1.0,0.0,,,2.0
7902,0.00020535687344060372,0.044357084663170405,1.0,0.1,,,1.0,0.0,,,2.0
7903,0.001768318389081622,0.38195677204163037,0.0,0.1,417.1135982551674,1199.168736163624,1.0,0.0,0.0,0.0,2.0
7904,0.0011332589765948725,0.24478393894449246,0.0,0.1,421.64170566265494,1197.9191382953989,1.0,0.0,0.0,0.0,2.0
7905,0.003742029399713512,0.8082783503381186,0.0,0.1,429.1606458534598,1193.4461356844345,1.0,0.0,0.0,0.0,2.0
7906,0.0038849549822044887,0.8391502761561696,0.0,0.1,434.8802316185277,1184.7219921338417,1.0,0.0,0.0,0.0,2.0
7907,0.0010710237106495845,0.23134112150031025,0.0,0.1,,,1.0,0.0,,,2.0
7908,0.002201911127879215,0.47561280362191044,0.0,0.1,,,1.0,0.0,,,2.0
7909,0.0017297958866010906,0.3736359115058356,0.0,0.1,,,1.0,0.0,,,2.0
7910,0.00212018396756569,0.45795973699418907,0.0,0.1,,,1.0,0.0,,,2.0
7911,0.0011267495100391253,0.24337789416845107,0.0,0.1,,,1.0,0.0,,,2.0
7912,0.002280189405080099,0.49252091149730143,0.0,0.1,,,1.0,0.0,,,2.0
7913,0.0030995014368573126,0.6694923103611795,0.0,0.1,,,1.0,0.0,,,2.0
7914,0.0030949043531248335,0.668499340274964,0.0,0.1,,,1.0,0.0,,,2.0
7915,0.0015675203437945484,0.33858439425962245,0.0,0.1,,,1.0,0.0,,,2.0
7916,0.0017550545985466532,0.3790917932860771,0.0,0.1,403.87544341787884,1043.1990164547556,1.0,0.0,0.0,0.0,2.0
7917,0.0009730368785831827,0.21017596577396747,0.0,0.1,399.9690613154883,1028.4207221826657,1.0,0.0,0.0,0.0,2.0
7918,0.004408214782117092,0.952174392937292,0.0,0.1,,,1.0,0.0,,,2.0
7919,0.0030828270273522878,0.6658906379080941,0.0,0.1,,,1.0,0.0,,,2.0
7920,0.001884024126224958,0.40694921126459094,0.0,0.1,374.53678000553793,1002.3570212011235,1.0,0.0,0.0,0.0,2.0
7921,0.0013026100946496486,0.28136378044432414,0.0,0.1,373.0903826236985,995.6087964662637,1.0,0.0,0.0,0.0,2.0
7922,0.00136338940331885,0.29449211111687157,0.0,0.1,366.29564291253024,983.266542894895,1.0,0.0,0.0,0.0,2.0
7923,0.002523350564889904,0.5450437220162193,0.0,0.1,357.1148835817993,962.3222396665891,1.0,0.0,0.0,0.0,2.0
7924,0.001052858471123283,0.22741742976262913,0.0,0.1,356.25888642409416,948.1513391060963,1.0,0.0,0.0,0.0,2.0
7925,0.00016843506251400174,0.03638197350302438,1.0,0.1,343.7903063638425,917.9399187496479,1.0,0.0,0.0,0.0,2.0
7926,0.0010413386703201468,0.2249291527891517,0.0,0.1,339.29491960787493,900.858074465022,1.0,0.0,0.0,0.0,2.0
7927,0.004853324439382928,1.0483180789067124,0.0,0.1,329.6549060344549,866.4439165160181,1.0,0.0,0.0,0.0,2.0
7928,,,,0.1,318.9903332473795,835.993053441401,1.0,0.0,0.0,0.0,2.0
7929,,,,0.1,311.28081756698003,808.0950078363636,,,0.0,0.0,2.0
7930,0.0017720652494960967,0.3827660938911569,0.0,0.1,309.1453347178021,797.4027965467751,1.0,0.0,0.0,0.0,2.0
7931,0.000483435909968942,0.10442215655329147,0.0,0.1,305.653181945119,779.1679315885604,1.0,0.0,0.0,0.0,2.0
7932,0.002689676558010725,0.5809701365303167,0.0,0.1,306.40965428287956,764.4583370827257,1.0,0.0,0.0,0.0,2.0
7933,0.0011627869237592677,0.2511619755320018,0.0,0.1,307.62286996985597,751.5463609858243,1.0,0.0,0.0,0.0,2.0
7934,0.0021692739583318195,0.4685631749996731,0.0,0.1,311.25648653989293,739.2561111217054,1.0,0.0,0.0,0.0,2.0
7935,0.004099050968736184,0.8853950092470159,0.0,0.1,313.94993930903485,733.9890589710799,1.0,0.0,0.0,0.0,2.0
7936,0.0017345483655943216,0.3746624469683735,0.0,0.1,316.8982050026426,725.1976929321411,1.0,0.0,0.0,0.0,2.0
7937,0.0018521175817580637,0.4000573976597418,0.0,0.1,321.7961978326055,713.5892093228998,1.0,0.0,0.0,0.0,2.0
7938,0.001934570199803137,0.41786716315747763,0.0,0.1,328.1322061430715,697.5244604507512,1.0,0.0,0.0,0.0,2.0
7939,0.0035499765196777048,0.7667949282503842,0.0,0.1,330.9133039182788,689.5332747977321,1.0,0.0,0.0,0.0,2.0
7940,0.002321607414880872,0.5014672016142684,0.0,0.1,339.3755363115182,675.8379466974317,1.0,0.0,0.0,0.0,2.0
7941,0.002960718723128809,0.6395152441958228,0.0,0.1,345.99909459135324,662.384227553646,1.0,0.0,0.0,0.0,2.0
7942,0.0050131472828021575,1.0828398130852661,0.0,0.1,355.29328493872697,649.3996889736518,1.0,0.0,0.0,0.0,2.0
7943,0.0012359853139877021,0.2669728278213437,0.0,0.1,362.93369064174794,637.2688231354725,1.0,0.0,0.0,0.0,2.0
7944,0.004597566417890391,0.9930743462643244,0.0,0.1,366.52739628938514,632.4611123304925,1.0,0.0,0.0,0.0,2.0
7945,0.0030796903374555196,0.6652131128903923,0.0,0.1,378.1030416467708,620.3043858054735,1.0,0.0,0.0,0.0,2.0
7946,0.0036191523771637217,0.7817369134673638,0.0,0.1,388.255587901626,606.6691870927049,1.0,0.0,0.0,0.0,2.0
7947,0.001593775016477612,0.3442554035591642,0.0,0.1,398.83366114022687,594.467852526023,1.0,0.0,0.0,0.0,2.0
7948,0.0011532474730871353,0.24910145418682123,0.0,0.1,403.5190689812156,588.7856530869384,1.0,0.0,0.0,0.0,2.0
7949,0.005668506513387252,1.2243974068916466,0.0,0.1,414.1864885270794,576.4169924370989,1.0,0.0,0.0,0.0,2.0
7950,0.0026699914636519983,0.5767181561488317,0.0,0.1,421.02208085941135,569.1708056701651,1.0,0.0,0.0,0.0,2.0
7951,0.003201314375048007,0.6914839050103695,0.0,0.1,430.8229489635568,560.8332433837282,1.0,0.0,0.0,0.0,2.0
7952,0.0016196789503253794,0.349850653270282,0.0,0.1,443.9967276930282,550.0279626504058,1.0,0.0,0.0,0.0,2.0
7953,0.0029134585974194696,0.6293070570426055,0.0,0.1,450.93957320426733,544.7352710252666,1.0,0.0,0.0,0.0,2.0
7954,0.002741208070841776,0.5921009433018236,0.0,0.1,462.9260612072369,533.5413134808219,1.0,0.0,0.0,0.0,2.0
7955,0.0033752431539329493,0.729052521249517,0.0,0.1,472.89289385463167,524.810348642593,1.0,0.0,0.0,0.0,2.0
7956,0.0019090304850145116,0.4123505847631345,0.0,0.1,481.24590985704657,516.4855931895081,1.0,0.0,0.0,0.0,2.0
7957,0.0033259316690996696,0.7184012405255287,0.0,0.1,486.4047834701936,511.46960152866495,1.0,0.0,0.0,0.0,2.0
7958,0.004002148209474808,0.8644640132465585,0.0,0.1,493.3438364516394,504.13138900455544,1.0,0.0,0.0,0.0,2.0
7959,0.004615188734340243,0.9968807666174925,0.0,0.1,501.8495243344371,491.50045965801246,1.0,0.0,0.0,0.0,2.0
7960,0.004180236059818047,0.9029309889206981,0.0,0.1,509.3064835686685,480.73473779589153,1.0,0.0,0.0,0.0,2.0
7961,0.0014686937098826588,0.3172378413346543,0.0,0.1,520.3962555740377,469.37160666069093,1.0,0.0,0.0,0.0,2.0
7962,0.003394973314022446,0.7333142358288484,0.0,0.1,525.9375275449241,461.9965012862524,1.0,0.0,0.0,0.0,2.0
7963,0.003836717821292885,0.8287310493992632,0.0,0.1,537.045967474325,450.05814310402747,1.0,0.0,0.0,0.0,2.0
7964,0.004614779945004131,0.9967924681208923,0.0,0.1,545.5232293350009,438.6530729222837,1.0,0.0,0.0,0.0,2.0
7965,0.00189740128713895,0.4098386780220132,0.0,0.1,555.0455042738613,426.69007591643293,1.0,0.0,0.0,0.0,2.0
7966,0.004244202658269801,0.9167477741862771,0.0,0.1,561.1952311507903,418.8284252482318,1.0,0.0,0.0,0.0,2.0
7967,0.002550548808429782,0.550918542620833,0.0,0.1,572.2834886016749,408.4962315603567,1.0,0.0,0.0,0.0,2.0
7968,0.003931590409047791,0.8492235283543228,0.0,0.1,583.6443911617762,396.871852012398,1.0,0.0,0.0,0.0,2.0
7969,0.0038552683993088683,0.8327379742507156,0.0,0.1,595.7686631967927,384.3694453897407,1.0,0.0,0.0,0.0,2.0
7970,0.0015617823630992,0.3373449904294272,0.0,0.1,606.3424272316861,373.7235962743465,1.0,0.0,0.0,0.0,2.0
7971,0.0036062922553654303,0.778959127158933,0.0,0.1,610.7585401799266,369.4738798340329,1.0,0.0,0.0,0.0,2.0
7972,0.0040042280951259526,0.8649132685472057,0.0,0.1,618.9917370956742,358.0781530079775,1.0,0.0,0.0,0.0,2.0
7973,0.002487979623210959,0.5374035986135672,0.0,0.1,627.771752742356,343.8693841699859,1.0,0.0,0.0,0.0,2.0
7974,0.0028961938727192875,0.6255778765073661,0.0,0.1,636.8240685016026,326.886026838186,1.0,0.0,0.0,0.0,2.0
7975,0.003665506009156915,0.7917492979778936,0.0,0.1,641.2960952888313,317.3589644811747,1.0,0.0,0.0,0.0,2.0
7976,0.004212073129295419,0.9098077959278106,0.0,0.1,650.3488740331247,300.8148068999011,0.0,1.0,0.0,0.0,2.0
7977,0.0033442167410206907,0.7223508160604691,0.0,0.1,657.018289150821,286.7058828192294,0.0,1.0,0.0,0.0,2.0
7978,0.0028581862518940924,0.6173682304091239,0.0,0.1,662.0766117861526,273.42729456930317,0.0,1.0,0.0,0.0,2.0
7979,0.0021339543592232457,0.46093414159222107,0.0,0.1,666.9740914181781,261.3748613941436,0.0,1.0,0.0,0.0,2.0
7980,0.004040117647822396,0.8726654119296375,0.0,0.1,669.7385663567266,255.77198409963697,0.0,1.0,0.0,0.0,2.0
7981,0.004831653443165857,1.0436371437238252,0.0,0.1,677.5532193851474,244.70794837176226,0.0,1.0,0.0,0.0,2.0
7982,0.003698341341465681,0.7988417297565872,0.0,0.1,687.4551514007179,231.4137437537576,0.0,1.0,0.0,0.0,2.0
7983,0.0013428787754634723,0.29006181550011,0.0,0.1,695.7286725400731,220.84803514206916,0.0,1.0,0.0,0.0,2.0
7984,0.004322180464920266,0.9335909804227774,0.0,0.1,700.2844675878899,215.87814793793066,0.0,1.0,0.0,0.0,2.0
7985,0.002951681050830507,0.6375631069793896,0.0,0.1,712.4111870876397,201.98074563149126,0.0,1.0,0.0,0.0,2.0
7986,0.003771853183958679,0.8147202877350747,0.0,0.1,726.8679438075617,184.974989053626,0.0,1.0,0.0,0.0,2.0
7987,0.004405517641799628,0.9515918106287197,0.0,0.1,739.1696705307454,171.36816090159957,0.0,1.0,0.0,0.0,2.0
7988,0.0015638733059225576,0.33779663407927246,0.0,0.1,749.421253207371,159.5755104242404,0.0,1.0,0.0,0.0,2.0
7989,0.0039329949863608216,0.8495269170539375,0.0,0.1,753.1628060717441,154.43848266394104,0.0,1.0,0.0,0.0,2.0
7990,0.0030044542618999776,0.6489621205703952,0.0,0.1,764.3018499211624,140.77042055574205,0.0,1.0,0.0,0.0,2.0
7991,0.0038716386245159534,0.8362739428954459,0.0,0.1,776.0524286199441,125.93278168584749,0.0,1.0,0.0,0.0,2.0
7992,0.002249445957893469,0.48588032690498933,0.0,0.1,788.9124984054632,108.30752356406688,0.0,1.0,0.0,0.0,2.0
7993,0.004880506799123335,1.0541894686106406,0.0,0.1,793.9400772578949,101.20951336000778,0.0,1.0,0.0,0.0,2.0
7994,0.003623235885527937,0.7826189512740344,0.0,0.1,803.8797288658399,87.00206203663687,0.0,1.0,0.0,0.0,2.0
7995,0.0034214463597553525,0.7390324137071562,0.0,0.1,811.3661626213454,76.12153267617637,0.0,1.0,0.0,0.0,2.0
7996,0.0029087142717219763,0.6282822826919469,0.0,0.1,818.1080448852214,66.97877873903619,0.0,1.0,0.0,1.0,2.0
7997,0.0016182990550442017,0.34955259588954757,0.0,0.1,826.39028865637,57.19650343181471,0.0,1.0,0.0,1.0,2.0
7998,0.004830786655694068,1.0434499176299186,0.0,0.1,829.7562548599756,54.327571811498224,0.0,1.0,0.0,1.0,2.0
7999,0.0021367800072307585,0.4615444815618439,0.0,0.1,830.0930677748893,53.225948484070116,0.0,1.0,0.0,1.0,2.0
8000,0.0025408729916348233,0.5488285661931218,0.0,0.1,830.1660092419752,52.74103482066351,0.0,1.0,0.0,1.0,2.0
8001,0.0007495921411032868,0.16191190247830994,0.0,0.1,831.352434027265,51.37633145029993,0.0,1.0,0.0,1.0,2.0
8002,0.0010255104022141375,0.2215102468782537,0.0,0.1,832.0852405413807,50.02296197845589,0.0,1.0,0.0,1.0,2.0
8003,0.0008333478691717217,0.1800031397410919,0.0,0.1,830.538611322597,49.67365888676169,0.0,1.0,0.0,1.0,2.0
8004,0.0004101150293652732,0.08858484634289901,1.0,0.1,827.8381721175328,47.947972083929024,0.0,1.0,0.0,1.0,2.0
8005,0.0011930008648408786,0.25768818680562977,0.0,0.1,827.9722829460793,47.21548381348533,0.0,1.0,0.0,1.0,2.0
8006,0.00040558044014395053,0.08760537507109331,1.0,0.1,825.6570389072099,48.136217435711956,0.0,1.0,0.0,1.0,2.0
8007,0.0010621352598053498,0.22942121611795557,0.0,0.1,826.6745577153262,47.01167580987311,0.0,1.0,0.0,1.0,2.0
8008,0.0005788198503882245,0.1250250876838565,0.0,0.1,827.9373777224953,45.95856819371301,0.0,1.0,0.0,1.0,2.0
8009,0.0012301389999307898,0.2657100239850506,0.0,0.1,826.7724044509813,47.545194703699,0.0,1.0,0.0,1.0,2.0
8010,0.0011937532963628762,0.25785071201438126,0.0,0.1,,,0.0,1.0,,,2.0
8011,0.0005951780095579264,0.1285584500645121,0.0,0.1,,,0.0,1.0,,,2.0
8012,0.0004906451912170681,0.10597936130288671,0.0,0.1,,,0.0,1.0,,,2.0
8013,0.0019993773216150533,0.4318655014688515,0.0,0.1,833.9195116791956,57.44993257526537,0.0,1.0,0.0,1.0,2.0
8014,0.0007048753689760195,0.15225307969882024,0.0,0.1,835.6190510658095,58.458542342718225,0.0,1.0,0.0,1.0,2.0
8015,0.0003960336430458207,0.08554326689789726,1.0,0.1,834.3430496679704,63.99422937509573,0.0,1.0,0.0,1.0,2.0
8016,0.0012737337044784202,0.2751264801673388,0.0,0.1,833.8092680432171,65.65263930669171,0.0,1.0,0.0,1.0,2.0
8017,0.000548279091383931,0.1184282837389291,0.0,0.1,832.6119285364439,71.38647370741258,0.0,1.0,0.0,0.0,2.0
8018,0.0017429625010495463,0.376479900226702,0.0,0.1,835.4828155083059,79.19825273625509,0.0,1.0,0.0,0.0,2.0
8019,,,,0.1,838.5018763877493,81.308368633984,0.0,1.0,0.0,0.0,2.0
8020,,,,0.1,841.190530882217,83.34661817239426,,,0.0,0.0,2.0
8021,0.001674219628027428,0.36163143965392447,0.0,0.1,842.1667362038877,91.79414060734554,0.0,1.0,0.0,0.0,2.0
8022,0.0015087659236160684,0.3258934395010708,0.0,0.1,840.661836960527,94.45679935324158,0.0,1.0,0.0,0.0,2.0
8023,0.0022954378457638435,0.4958145746849902,0.0,0.1,836.9713669735986,97.58854998943471,0.0,1.0,0.0,0.0,2.0
8024,0.000846794934017388,0.1829077057477558,0.0,0.1,835.4956024031187,101.47626146550806,0.0,1.0,0.0,0.0,2.0
8025,0.0020026764739187195,0.43257811836644344,0.0,0.1,831.2376528672203,104.80250742733504,0.0,1.0,0.0,0.0,2.0
8026,0.0011584745195633848,0.2502304962256911,0.0,0.1,823.4377607764029,113.32281514416852,0.0,1.0,0.0,0.0,2.0
8027,0.002001030438845345,0.4322225747905945,0.0,0.1,821.9940489335287,114.8581777036732,0.0,1.0,0.0,0.0,2.0
8028,0.0007649973203929051,0.1652394212048675,0.0,0.1,816.7891020968921,121.27133066825589,0.0,1.0,0.0,0.0,2.0
8029,0.000866422143224664,0.18714718293652743,0.0,0.1,813.1733783758681,126.62592015670234,0.0,1.0,0.0,0.0,2.0
8030,0.00042047326265940327,0.0908222247344311,1.0,0.1,804.5288846687849,138.97314126635365,0.0,1.0,0.0,0.0,2.0
8031,0.0006415759436490361,0.1385804038281918,0.0,0.1,795.6348838714317,145.84532265115882,0.0,1.0,0.0,0.0,2.0
8032,0.0006653233675048197,0.14370984738104106,0.0,0.1,792.4962268133698,150.14273836323997,0.0,1.0,0.0,0.0,2.0
8033,0.0001959782393174963,0.0423312996925792,1.0,0.1,790.7174515841197,154.28727900451494,0.0,1.0,0.0,0.0,2.0
8034,0.001179221854630669,0.2547119206002245,0.0,0.1,787.374045977915,159.18115945732248,0.0,1.0,0.0,0.0,2.0
8035,0.001822245678624144,0.39360506658281513,0.0,0.1,785.6029360209191,169.6479366983729,0.0,1.0,0.0,0.0,2.0
8036,,,,0.1,786.688122343724,177.3854222425646,0.0,1.0,0.0,0.0,2.0
8037,,,,0.1,789.0302479617786,185.85872978653262,,,0.0,0.0,2.0
8038,,,,0.1,790.8745296040732,189.30580176560431,,,0.0,0.0,2.0
8039,0.0023911544513651804,0.516489361494879,0.0,0.1,794.2418686502161,193.1409614201553,0.0,1.0,0.0,0.0,2.0
8040,0.003503205305693418,0.7566923460297783,0.0,0.1,800.8095459158334,199.644216161273,0.0,1.0,0.0,0.0,2.0
8041,0.0013104937268859974,0.28306664500737544,0.0,0.1,807.5905328043044,208.80299825492963,0.0,1.0,0.0,0.0,2.0
8042,0.0024152012944971797,0.5216834796113908,0.0,0.1,813.2618200058689,212.9588781694074,0.0,1.0,0.0,0.0,2.0
8043,0.003979047367138543,0.8594742313019254,0.0,0.1,818.4454264289864,218.7559023016646,0.0,1.0,0.0,0.0,2.0
8044,,,,0.1,821.1285040013746,226.11999649531595,0.0,1.0,0.0,0.0,2.0
8045,,,,0.1,826.8259443148863,236.1942744949808,,,0.0,0.0,2.0
8046,0.0014771773455081584,0.3190703066297622,0.0,0.1,828.4231924361203,248.34771458827478,0.0,1.0,0.0,0.0,2.0
8047,0.003670616052005587,0.7928530672332068,0.0,0.1,831.5314769044894,254.48924116612392,0.0,1.0,0.0,0.0,2.0
8048,,,,0.1,831.552310696251,264.2647158864525,0.0,1.0,0.0,0.0,2.0
8049,,,,0.1,832.1710774309147,271.92194047607285,,,0.0,0.0,2.0
8050,0.0006135985484165489,0.13253728645797458,0.0,0.1,832.3040675750389,280.4949219307181,0.0,1.0,0.0,0.0,2.0
8051,0.0025072892404335526,0.5415744759336474,0.0,0.1,831.9370557245288,285.5525898338315,0.0,1.0,0.0,0.0,2.0
8052,0.002059713967633613,0.4448982170088604,0.0,0.1,833.2219247184513,294.14281790378175,0.0,1.0,0.0,0.0,2.0
8053,0.0017732895492425006,0.38303054263638014,0.0,0.1,838.1454971076521,299.0904417429189,0.0,1.0,0.0,0.0,2.0
8054,0.001561257300586324,0.337231576926646,0.0,0.1,839.7845781796606,300.4146228534368,0.0,1.0,0.0,0.0,2.0
8055,0.0004555372609960196,0.09839604837514024,1.0,0.1,841.0204943690856,299.39591879809007,0.0,1.0,0.0,0.0,2.0
8056,0.001556326506799138,0.3361665254686138,0.0,0.1,841.6322093317051,297.99117994709445,0.0,1.0,0.0,0.0,2.0
8057,0.0007131784019332862,0.15404653481758981,0.0,0.1,839.1111084266644,288.5053555600366,0.0,1.0,0.0,0.0,2.0
8058,,,,0.1,840.2045993903904,279.7517081125226,0.0,1.0,0.0,0.0,2.0
8059,,,,0.1,840.0757533334573,274.9100634877746,,,0.0,0.0,2.0
8060,0.0005056422651899995,0.10921872928103989,0.0,0.1,840.3288735678648,273.89219587590486,0.0,1.0,0.0,0.0,2.0
8061,0.0004095286275196547,0.08845818354424542,1.0,0.1,840.3919825433883,273.15259798090386,0.0,1.0,0.0,0.0,2.0
8062,0.00010589311339603771,0.02287291249354415,1.0,0.1,839.7712982218486,270.7543297486561,0.0,1.0,0.0,0.0,2.0
8063,0.0007600942259003359,0.16418035279447254,0.0,0.1,838.367811521068,268.69146273424445,0.0,1.0,0.0,0.0,2.0
8064,0.000249776183332636,0.05395165559984938,1.0,0.1,837.423458032111,268.4208840540301,0.0,1.0,0.0,0.0,2.0
8065,0.00025448804380443705,0.0549694174617584,1.0,0.1,837.973406098805,268.0235606477788,0.0,1.0,0.0,0.0,2.0
8066,0.0003480990213816551,0.0751893886184375,1.0,0.1,838.2102806605616,267.6900064076178,0.0,1.0,0.0,0.0,2.0
8067,0.0003522922560375682,0.07609512730411473,1.0,0.1,841.6609455049461,270.00203482242057,0.0,1.0,0.0,0.0,2.0
8068,0.0003111988468515174,0.06721895091992776,1.0,0.1,844.2834665153268,271.8128173908066,0.0,1.0,0.0,0.0,2.0
8069,0.00010934584499062703,0.02361870251797544,1.0,0.1,845.2232602274212,272.51726584692784,0.0,1.0,0.0,0.0,2.0
8070,0.0005253732487985234,0.11348062174048108,0.0,0.1,845.9458861634758,273.49551287753985,0.0,1.0,0.0,0.0,2.0
8071,0.0011194535233266059,0.24180196103854684,0.0,0.1,849.1685340830634,276.3581849656491,0.0,1.0,0.0,0.0,2.0
8072,0.00017785011119752142,0.03841562401866463,1.0,0.1,849.4747374363035,279.6743905427353,0.0,1.0,0.0,0.0,2.0
8073,0.00020930233648335834,0.045209304680405404,1.0,0.1,848.9194087963206,281.1534604454853,0.0,1.0,0.0,0.0,2.0
8074,0.00040941752206924404,0.0884341847669567,1.0,0.1,850.7210291619879,282.33397853665,0.0,1.0,0.0,0.0,2.0
8075,0.001466429232576412,0.31674871423650497,0.0,0.1,853.2548686411183,284.3826841831586,0.0,1.0,0.0,0.0,2.0
8076,5.234625916567011e-05,0.011306791979784743,1.0,0.1,855.2458047110556,285.9781584798972,0.0,1.0,0.0,0.0,2.0
8077,0.0003053861319620494,0.06596340450380267,1.0,0.1,855.0871721035153,288.2464028950388,0.0,1.0,0.0,0.0,2.0
8078,0.00045657747926959195,0.09862073552223187,1.0,0.1,852.9230386227998,287.798230681195,0.0,1.0,0.0,0.0,2.0
8079,0.0005346159964458782,0.1154770552323097,0.0,0.1,850.9198099945947,285.51306576548785,0.0,1.0,0.0,0.0,2.0
8080,0.0004890001247812063,0.10562402695274056,0.0,0.1,846.7881047396779,284.6939947469169,0.0,1.0,0.0,0.0,2.0
8081,0.0002252303021434321,0.04864974526298134,1.0,0.1,842.4929866650106,279.758123094613,0.0,1.0,0.0,0.0,2.0
8082,0.00029248860349971915,0.06317753835593934,1.0,0.1,835.9727196212123,279.99342317436106,0.0,1.0,0.0,0.0,2.0
8083,0.0004160352552499822,0.08986361513399616,1.0,0.1,833.5011813356547,280.5595234194961,0.0,1.0,0.0,0.0,2.0
8084,0.00018332981740735768,0.03959924055998926,1.0,0.1,832.5996700077545,280.82148667616815,0.0,1.0,0.0,0.0,2.0
8085,0.0004493115345967959,0.09705129147290792,1.0,0.1,829.706781828102,277.84109379659736,0.0,1.0,0.0,0.0,2.0
8086,0.0011437863155091869,0.24705784414998438,0.0,0.1,,,0.0,1.0,,,2.0
8087,0.00014736044935675875,0.03182985706105989,1.0,0.1,,,0.0,1.0,,,2.0
8088,0.0005141537246073938,0.11105720451519706,0.0,0.1,,,0.0,1.0,,,2.0
8089,0.00039888570983371657,0.08615931332408278,1.0,0.1,818.1448299759592,269.7267981025957,0.0,1.0,0.0,0.0,2.0
8090,0.0006024666325021526,0.13013279262046498,0.0,0.1,817.3058348358555,272.4210716488491,0.0,1.0,0.0,0.0,2.0
8091,0.0002053251542382593,0.04435023331546401,1.0,0.1,815.4366661945539,275.99259503062734,0.0,1.0,0.0,0.0,2.0
8092,1.4884867462249812e-05,0.0032151313718459594,1.0,0.1,814.661751475778,277.56440398075483,0.0,1.0,0.0,0.0,2.0
8093,0.00038902597738445493,0.08402961111504227,1.0,0.1,814.9672583320428,279.885119091287,0.0,1.0,0.0,0.0,2.0
8094,0.0003619940730329793,0.07819071977512354,1.0,0.1,816.4900150029905,283.89801546858155,0.0,1.0,0.0,0.0,2.0
8095,0.0003297249160192612,0.07122058186016042,1.0,0.1,814.9560567302965,288.2555464001813,0.0,1.0,0.0,0.0,2.0
8096,0.0003604079561208665,0.07784811852210716,1.0,0.1,815.9650531743662,289.925960413799,0.0,1.0,0.0,0.0,2.0
8097,0.0004935567400398176,0.10660825584860062,0.0,0.1,815.7902924601478,291.11932513684206,0.0,1.0,0.0,0.0,2.0
8098,0.0007958422148721976,0.17190191841239466,0.0,0.1,816.9228375586754,293.6982055375312,0.0,1.0,0.0,0.0,2.0
8099,0.0008698750478973781,0.18789301034583367,0.0,0.1,818.8734340482813,296.5281456920226,0.0,1.0,0.0,0.0,2.0
8100,0.0002903767380375252,0.06272137541610544,1.0,0.1,820.0414670689723,297.14221548810303,0.0,1.0,0.0,0.0,2.0
8101,0.00024771931580345276,0.0535073722135458,1.0,0.1,821.5295529146313,297.26722724973996,0.0,1.0,0.0,0.0,2.0
8102,0.0001324995220703351,0.02861989676719238,1.0,0.1,823.6144252604446,297.35581327618246,0.0,1.0,0.0,0.0,2.0
8103,0.00011165282458906967,0.02411701011123905,1.0,0.1,824.4239365873542,296.9073095839008,0.0,1.0,0.0,0.0,2.0
8104,0.00011410479027662655,0.024646634699751334,1.0,0.1,825.5938318312757,297.5051070031737,0.0,1.0,0.0,0.0,2.0
8105,0.0002985809841113902,0.06449349256806029,1.0,0.1,824.8343713287526,297.77469581824545,0.0,1.0,0.0,0.0,2.0
8106,0.00039704225063527145,0.08576112613721863,1.0,0.1,824.457787345161,302.8892706853854,0.0,1.0,0.0,0.0,2.0
8107,8.451855170924566e-05,0.018256007169197064,1.0,0.1,828.2169647869462,311.70657257504206,0.0,1.0,0.0,0.0,2.0
8108,0.0007520939590650622,0.16245229515805343,0.0,0.1,829.6496708444121,320.27291215401516,0.0,1.0,0.0,0.0,2.0
8109,0.0007814396794883897,0.16879097076949218,0.0,0.1,831.2550909039667,324.9879876644037,0.0,1.0,0.0,0.0,2.0
8110,0.0010008282792464145,0.21617890831722553,0.0,0.1,830.8030730433763,326.96174012951866,0.0,1.0,0.0,0.0,2.0
8111,0.0020221198903318987,0.4367778963116901,0.0,0.1,829.0730824106278,336.8542418743121,0.0,1.0,0.0,0.0,2.0
8112,0.0009734458610790395,0.21026430599307255,0.0,0.1,824.200596302754,346.3826773108263,0.0,1.0,0.0,0.0,2.0
8113,0.0007506208935524441,0.1621341130073279,0.0,0.1,821.7474312655212,354.01625881495795,0.0,1.0,0.0,0.0,2.0
8114,0.0017675684543491089,0.38179478613940754,0.0,0.1,821.1795523401219,357.727409209484,0.0,1.0,0.0,0.0,2.0
8115,0.0013384839059783818,0.2891125236913305,0.0,0.1,818.4937831700882,365.20807494432836,0.0,1.0,0.0,0.0,2.0
8116,0.0017980493622030823,0.38837866223586576,0.0,0.1,813.1988104318241,371.0780563293592,0.0,1.0,0.0,0.0,2.0
8117,0.0012248093576764905,0.26455882125812197,0.0,0.1,813.6260374497643,380.615483738571,0.0,1.0,0.0,0.0,2.0
8118,0.0002137777346151753,0.046175990676877866,1.0,0.1,811.5308152699399,387.5556994629759,0.0,1.0,0.0,0.0,2.0
8119,0.0005897036334618969,0.12737598482776974,0.0,0.1,812.8532575718133,389.4773618856804,0.0,1.0,0.0,0.0,2.0
8120,0.0008153201695400828,0.1761091566206579,0.0,0.1,813.1267246057344,392.0056359264881,0.0,1.0,0.0,0.0,2.0
8121,0.0001369335743581925,0.029577652061369576,1.0,0.1,813.2753788234678,391.7367536421012,0.0,1.0,0.0,0.0,2.0
8122,0.00025533554620416353,0.05515247798009932,1.0,0.1,814.3066234684944,391.55849440245277,0.0,1.0,0.0,0.0,2.0
8123,0.0015756077258535974,0.34033126878437703,0.0,0.1,814.3974620606735,394.4941723266654,0.0,1.0,0.0,0.0,2.0
8124,0.0005925730032369868,0.12799576869918916,0.0,0.1,814.4785934807599,399.4341488896685,0.0,1.0,0.0,0.0,2.0
8125,0.0005638515828907271,0.12179194190439704,0.0,0.1,815.559461223003,399.9139198307141,0.0,1.0,0.0,0.0,2.0
8126,0.0004476014920181366,0.0966819222759175,1.0,0.1,816.0095995896334,399.9229208337927,0.0,1.0,0.0,0.0,2.0
8127,0.0006778400842218112,0.14641345819191123,0.0,0.1,819.1588598596055,399.452228043384,0.0,1.0,0.0,0.0,2.0
8128,0.0014662805287925457,0.3167165942191899,0.0,0.1,820.3466909372364,398.9563226969649,0.0,1.0,0.0,0.0,2.0
8129,0.0020668659403133413,0.44644304310768174,0.0,0.1,824.4266978983627,394.56957947791614,0.0,1.0,0.0,0.0,2.0
8130,0.0022925135690035517,0.4951829309047672,0.0,0.1,827.7384835333547,388.0764932949527,0.0,1.0,0.0,0.0,2.0
8131,0.0015898374749119199,0.34340489458097473,0.0,0.1,828.0832325151647,381.2389296832569,0.0,1.0,0.0,0.0,2.0
8132,0.00034026753935394025,0.0734977885004511,1.0,0.1,827.9846289158355,375.00918448935533,0.0,1.0,0.0,0.0,2.0
8133,0.0001336697638921677,0.028872669000708222,1.0,0.1,827.8603859897383,372.55743482795435,0.0,1.0,0.0,0.0,2.0
8134,0.000605917016621381,0.1308780755902183,0.0,0.1,826.2124103904479,372.3954381788604,0.0,1.0,0.0,0.0,2.0
8135,0.0006360935210719471,0.1373962005515406,0.0,0.1,824.8228307201192,369.1130558259203,0.0,1.0,0.0,0.0,2.0
8136,0.0007745539470042148,0.1673036525529104,0.0,0.1,822.3909424844296,365.6432726158061,0.0,1.0,0.0,0.0,2.0
8137,0.0008278394907502813,0.17881333000206076,0.0,0.1,819.566098946395,364.9379561378817,0.0,1.0,0.0,0.0,2.0
8138,0.0014164593881265991,0.3059552278353454,0.0,0.1,814.3922324483935,362.91471434895925,0.0,1.0,0.0,0.0,2.0
8139,0.001175835265191488,0.25398041728136145,0.0,0.1,810.0395540480988,360.1983954385136,0.0,1.0,0.0,0.0,2.0
8140,0.001995442501413361,0.431015580305286,0.0,0.1,808.6975638496897,358.5877963899952,0.0,1.0,0.0,0.0,2.0
8141,0.00019807473383966478,0.042784142509367594,1.0,0.1,804.9766198952128,359.0473310615722,0.0,1.0,0.0,0.0,2.0
8142,0.0009879934168426354,0.21340657803800925,0.0,0.1,802.1626604482327,359.96257468126026,0.0,1.0,0.0,0.0,2.0
8143,0.0005894177094449652,0.1273142252401125,0.0,0.1,798.5887118037799,361.67377726020146,0.0,1.0,0.0,0.0,2.0
8144,0.0001416947208574726,0.030606059705214083,1.0,0.1,794.1143792704447,363.81405350390895,0.0,1.0,0.0,0.0,2.0
8145,0.00041539061691480745,0.08972437325359842,1.0,0.1,792.2148802044958,364.3250909033725,0.0,1.0,0.0,0.0,2.0
8146,0.0017816515233655178,0.3848367290469519,0.0,0.1,791.5414426673642,364.60890508505076,0.0,1.0,0.0,0.0,2.0
8147,0.001641534680348161,0.35457149095520285,0.0,0.1,787.1331183988552,366.9752808730332,0.0,1.0,0.0,0.0,2.0
8148,0.0005452570154872023,0.1177755153452357,0.0,0.1,782.3812826085092,368.97488050530364,0.0,1.0,0.0,0.0,2.0
8149,0.00048021035893938176,0.10372543753090646,0.0,0.1,781.1773223204513,370.6604425227802,0.0,1.0,0.0,0.0,2.0
8150,0.00038615016607970195,0.08340843587321561,1.0,0.1,776.8913595091469,371.639348504199,0.0,1.0,0.0,0.0,2.0
8151,0.000413147083005502,0.08923976992918843,1.0,0.1,777.6320104578504,371.59812759956526,0.0,1.0,0.0,0.0,2.0
8152,0.00045519577039513607,0.09832228640534939,1.0,0.1,773.9508156218284,373.0036322620617,0.0,1.0,0.0,0.0,2.0
8153,0.00064237455506184,0.13875290389335745,0.0,0.1,771.3992464593829,373.9669416555597,0.0,1.0,0.0,0.0,2.0
8154,0.0005779086748471748,0.12482827376698975,0.0,0.1,768.7686160940278,374.99291446580617,0.0,1.0,0.0,0.0,2.0
8155,0.000879243392095017,0.18991657269252368,0.0,0.1,768.2762438611978,375.24259459729655,0.0,1.0,0.0,0.0,2.0
8156,0.0006075155507653105,0.13122335896530707,0.0,0.1,769.3254681347927,372.1395435671358,0.0,1.0,0.0,0.0,2.0
8157,0.0008505929793671409,0.18372808354330245,0.0,0.1,769.7806102133156,368.48942415602204,0.0,1.0,0.0,0.0,2.0
8158,0.0004420888922399664,0.09549120072383276,1.0,0.1,764.3162090228758,366.154912531029,0.0,1.0,0.0,0.0,2.0
8159,0.0006115996956556947,0.13210553426163005,0.0,0.1,759.6145732296906,362.695227334732,0.0,1.0,0.0,0.0,2.0
8160,0.000709381899843249,0.15322649036614178,0.0,0.1,758.4465666011123,363.10741307664114,0.0,1.0,0.0,0.0,2.0
8161,0.0009502991467947313,0.20526461570766197,0.0,0.1,752.9880613713043,365.7160896650503,0.0,1.0,0.0,0.0,2.0
8162,0.0006720348451320817,0.14515952654852965,0.0,0.1,749.8009422176711,369.28579421958585,0.0,1.0,0.0,0.0,2.0
8163,0.0002509235626242671,0.0541994895268417,1.0,0.1,747.3213997107207,375.2262510559579,0.0,1.0,0.0,0.0,2.0
8164,0.00047315856781936477,0.10220225064898279,0.0,0.1,746.2461851785393,378.36288130477226,0.0,1.0,0.0,0.0,2.0
8165,0.00026175932686981976,0.05654001460388107,1.0,0.1,747.4439805201804,380.3936264745884,0.0,1.0,0.0,0.0,2.0
8166,0.0001831653655789503,0.039563718965053264,1.0,0.1,,,0.0,1.0,,,2.0
8167,0.00015481800656627208,0.033440689418314774,1.0,0.1,,,0.0,1.0,,,2.0
8168,0.00016314091585412291,0.03523843782449055,1.0,0.1,,,0.0,1.0,,,2.0
8169,0.0002875278772278412,0.062106021481213705,1.0,0.1,731.0302305747714,375.63483407781473,0.0,1.0,0.0,0.0,2.0
8170,0.00010909481331259756,0.023564479675521076,1.0,0.1,724.6971444288465,375.8059399860712,0.0,1.0,0.0,0.0,2.0
8171,0.0001978615844024415,0.04273810223092737,1.0,0.1,,,0.0,1.0,,,2.0
8172,0.00027881147287378436,0.06022327814073742,1.0,0.1,,,0.0,1.0,,,2.0
8173,0.00025406651122030356,0.05487836642358557,1.0,0.1,,,0.0,1.0,,,2.0
8174,0.0006555015939839839,0.14158834430054051,0.0,0.1,726.0008134364491,381.94692342411105,0.0,1.0,0.0,0.0,2.0
8175,0.0003168723841127173,0.06844443496834694,1.0,0.1,724.0965479452902,382.9110879030352,0.0,1.0,0.0,0.0,2.0
8176,0.0004206276322359048,0.09085556856295544,1.0,0.1,721.6899296968055,381.71461928190746,0.0,1.0,0.0,0.0,2.0
8177,6.6641157143583e-05,0.01439448994301393,1.0,0.1,718.8974628088056,379.4745869474279,0.0,1.0,0.0,0.0,2.0
8178,0.0005465579726365118,0.11805652208948655,0.0,0.1,,,0.0,1.0,,,2.0
8179,0.0003420385995753973,0.07388033750828582,1.0,0.1,713.8154968628013,378.9765195582159,0.0,1.0,0.0,0.0,2.0
8180,0.0003659387142085241,0.0790427622690412,1.0,0.1,708.8825398311051,379.50560139571996,0.0,1.0,0.0,0.0,2.0
8181,0.000451870597752693,0.09760404911458169,1.0,0.1,704.2762345776508,378.29815580731355,0.0,1.0,0.0,0.0,2.0
8182,3.57651696724419e-05,0.0077252766492474515,1.0,0.1,703.9485702395158,377.931968911557,0.0,1.0,0.0,0.0,2.0
8183,0.0012109388641466533,0.2615627946556771,0.0,0.1,,,0.0,1.0,,,2.0
8184,0.0007787531274191606,0.16821067552253868,0.0,0.1,,,0.0,1.0,,,2.0
8185,0.0005461947797435191,0.11797807242460011,0.0,0.1,,,0.0,1.0,,,2.0
8186,0.0001161663336243575,0.02509192806286122,1.0,0.1,,,0.0,1.0,,,2.0
8187,2.9142194366021734e-05,0.006294713983060695,1.0,0.1,,,0.0,1.0,,,2.0
8188,0.0004953068855969579,0.10698628728894291,0.0,0.1,,,0.0,1.0,,,2.0
8189,0.00041099335064768104,0.0887745637398991,1.0,0.1,,,0.0,1.0,,,2.0
8190,0.0001241625687820899,0.02681911485693142,1.0,0.1,,,0.0,1.0,,,2.0
8191,0.0002394502501408054,0.051721254030413964,1.0,0.1,716.4648664837775,370.22185284157206,0.0,1.0,0.0,0.0,2.0
8192,0.00022827826409501728,0.04930810504452374,1.0,0.1,716.9299550455077,370.14125363581843,0.0,1.0,0.0,0.0,2.0
8193,0.00023516904591376882,0.05079651391737407,1.0,0.1,716.6786034975833,370.22307980316964,0.0,1.0,0.0,0.0,2.0
8194,0.00018100007639107514,0.03909601650047223,1.0,0.1,719.486208986089,371.04819197410364,0.0,1.0,0.0,0.0,2.0
8195,0.0006231507955811538,0.13460057184552923,0.0,0.1,,,0.0,1.0,,,2.0
8196,0.0006190408550571899,0.13371282469235304,0.0,0.1,725.7084967973248,378.6889576030236,0.0,1.0,0.0,0.0,2.0
8197,0.0002657492275043902,0.05740183314094828,1.0,0.1,727.545358503427,382.0469786383659,0.0,1.0,0.0,0.0,2.0
8198,0.00058720583667981,0.12683646072283897,0.0,0.1,725.9215142795256,387.0345825408022,0.0,1.0,0.0,0.0,2.0
8199,0.00014997103608755093,0.032393743794911,1.0,0.1,725.0771321664336,387.81697997974084,0.0,1.0,0.0,0.0,2.0
8200,0.00020654142762438336,0.04461294836686681,1.0,0.1,723.6207965726444,386.3764947381754,0.0,1.0,0.0,0.0,2.0
8201,0.0003911169345662374,0.08448125786630728,1.0,0.1,722.0160034570085,385.0982054233142,0.0,1.0,0.0,0.0,2.0
8202,0.0004497277733714905,0.09714119904824195,1.0,0.1,720.9726892833236,387.2119414160638,0.0,1.0,0.0,0.0,2.0
8203,0.0003369201077912806,0.07277474328291662,1.0,0.1,719.4085542461255,389.18817791614885,0.0,1.0,0.0,0.0,2.0
8204,0.00040085529639154107,0.08658474402057287,1.0,0.1,717.8876224448389,391.02174190302156,0.0,1.0,0.0,0.0,2.0
8205,0.00019317295346885926,0.0417253579492736,1.0,0.1,715.473417970438,389.3267684946114,0.0,1.0,0.0,0.0,2.0
8206,0.00011904644767094683,0.025714032696924516,1.0,0.1,716.1524569558557,387.1890290743761,0.0,1.0,0.0,0.0,2.0
8207,0.0008327200016149569,0.1798675203488307,0.0,0.1,,,0.0,1.0,,,2.0
8208,0.0005458020218636838,0.1178932367225557,0.0,0.1,,,0.0,1.0,,,2.0
8209,0.00015240447527735984,0.03291936665990973,1.0,0.1,,,0.0,1.0,,,2.0
8210,0.00014044826718526308,0.030336825712016825,1.0,0.1,711.4629085129076,377.2227480667763,0.0,1.0,0.0,0.0,2.0
8211,8.335221862183061e-05,0.018004079222315412,1.0,0.1,,,0.0,1.0,,,2.0
8212,0.0005104374092304368,0.11025448039377436,0.0,0.1,,,0.0,1.0,,,2.0
8213,0.0005108782803132675,0.11034970854766578,0.0,0.1,,,0.0,1.0,,,2.0
8214,0.0005727275815300586,0.12370915761049266,0.0,0.1,,,0.0,1.0,,,2.0
8215,0.0003524070708890137,0.07611992731202696,1.0,0.1,,,0.0,1.0,,,2.0
8216,0.0002792622052555628,0.06032063633520156,1.0,0.1,,,0.0,1.0,,,2.0
8217,0.00030662885566380926,0.0662318328233828,1.0,0.1,,,0.0,1.0,,,2.0
8218,0.0007994290986863458,0.1726766853162507,0.0,0.1,,,0.0,1.0,,,2.0
8219,0.0014598193878028176,0.3153209877654086,0.0,0.1,,,0.0,1.0,,,2.0
8220,0.0004561427768161726,0.09852683979229329,1.0,0.1,,,0.0,1.0,,,2.0
8221,0.00018957155657437026,0.040947456220063974,1.0,0.1,,,0.0,1.0,,,2.0
8222,0.00017715305319978625,0.03826505949115383,1.0,0.1,,,0.0,1.0,,,2.0
8223,0.00023755009096792783,0.051310819649072414,1.0,0.1,,,0.0,1.0,,,2.0
8224,0.0009744344904035554,0.21047784992716795,0.0,0.1,,,0.0,1.0,,,2.0
8225,0.0010148422788946343,0.21920593224124102,0.0,0.1,,,0.0,1.0,,,2.0
8226,8.251865301747457e-05,0.017824029051774506,1.0,0.1,752.4691496178721,330.08120105418953,0.0,1.0,0.0,0.0,2.0
8227,0.0009565166884387682,0.20660760470277392,0.0,0.1,758.6885530029806,325.67344420052757,0.0,1.0,0.0,0.0,2.0
8228,0.00029743510030786073,0.06424598166649792,1.0,0.1,766.6651453428112,321.07518794379143,0.0,1.0,0.0,0.0,2.0
8229,0.00033108644937777557,0.07151467306559953,1.0,0.1,768.4901584838334,317.11012120815786,0.0,1.0,0.0,0.0,2.0
8230,0.0003500269951627026,0.07560583095514375,1.0,0.1,762.1903758958301,316.31208945681396,0.0,1.0,0.0,0.0,2.0
8231,0.0008678619278739072,0.18745817642076396,0.0,0.1,758.2917226168024,317.2506073998231,0.0,1.0,0.0,0.0,2.0
8232,0.0008235282668155912,0.17788210563216772,0.0,0.1,,,0.0,1.0,,,2.0
8233,3.595156648199192e-05,0.007765538360110254,1.0,0.1,,,0.0,1.0,,,2.0
8234,0.0004957876253230584,0.10709012706978063,0.0,0.1,,,0.0,1.0,,,2.0
8235,0.00035853612670302964,0.0774438033678544,1.0,0.1,755.7943610950315,317.50963041484346,0.0,1.0,0.0,0.0,2.0
8236,0.0005964583418465602,0.128835001838857,0.0,0.1,759.2422672554449,317.5472959727008,0.0,1.0,0.0,0.0,2.0
8237,5.542348968881875e-05,0.01197147377278485,1.0,0.1,766.7596983280902,316.9735199404745,0.0,1.0,0.0,0.0,2.0
8238,0.00031533072629541157,0.0681114368798089,1.0,0.1,768.0148970111151,316.1506541153667,0.0,1.0,0.0,0.0,2.0
8239,0.00012692811257103984,0.027416472315344605,1.0,0.1,764.5628393245458,315.4024909233335,0.0,1.0,0.0,0.0,2.0
8240,0.0001841039225538298,0.03976644727162724,1.0,0.1,763.0946605294934,315.1994267951754,0.0,1.0,0.0,0.0,2.0
8241,0.0004644868280860325,0.10032915486658302,0.0,0.1,761.4886465958648,315.97085583726164,0.0,1.0,0.0,0.0,2.0
8242,0.00022037316938800815,0.04760060458780976,1.0,0.1,759.1326899034902,314.09972038180143,0.0,1.0,0.0,0.0,2.0
8243,0.0001409857896489801,0.030452930564179703,1.0,0.1,,,0.0,1.0,,,2.0
8244,8.11268711154886e-05,0.017523404160945538,1.0,0.1,,,0.0,1.0,,,2.0
8245,0.00023139463057040966,0.04998124020320849,1.0,0.1,,,0.0,1.0,,,2.0
8246,9.029320571926625e-05,0.01950333243536151,1.0,0.1,,,0.0,1.0,,,2.0
8247,0.0005399340317388541,0.1166257508555925,0.0,0.1,,,0.0,1.0,,,2.0
8248,0.0001715058616365411,0.03704526611349288,1.0,0.1,,,0.0,1.0,,,2.0
8249,0.0001584714952956483,0.03422984298386004,1.0,0.1,,,0.0,1.0,,,2.0
8250,0.00024214930353219692,0.052304249562954534,1.0,0.1,753.0364326824878,320.4945903976601,0.0,1.0,0.0,0.0,2.0
8251,0.0003396867032612719,0.07337232790443472,1.0,0.1,748.4102407692241,322.65974195814454,0.0,1.0,0.0,0.0,2.0
8252,0.00015512179866528528,0.033506308511701624,1.0,0.1,743.1488786798385,320.72352834448463,0.0,1.0,0.0,0.0,2.0
8253,0.0002838374976243035,0.06130889948684957,1.0,0.1,,,0.0,1.0,,,2.0
8254,,,,0.1,,,0.0,1.0,,,2.0
8255,,,,0.1,,,,,,,2.0
8256,,,,0.1,,,,,,,2.0
8257,,,,0.1,,,,,,,2.0
8258,,,,0.1,,,,,,,2.0
8259,,,,0.1,,,,,,,2.0
8260,0.00023484958677391264,0.05072751074316513,1.0,0.1,,,0.0,1.0,,,2.0
8261,0.0001074958256645515,0.023219098343543125,1.0,0.1,,,0.0,1.0,,,2.0
8262,0.0001372468270275357,0.02964531463794771,1.0,0.1,,,0.0,1.0,,,2.0
8263,,,,0.1,,,0.0,1.0,,,2.0
8264,,,,0.1,,,,,,,2.0
8265,7.955749218761534e-05,0.017184418312524912,1.0,0.1,,,0.0,1.0,,,2.0
8266,,,,0.1,,,0.0,1.0,,,2.0
8267,,,,0.1,,,,,,,2.0
8268,,,,0.1,,,,,,,2.0
8269,,,,0.1,,,,,,,2.0
8270,,,,0.1,,,,,,,2.0
8271,,,,0.1,,,,,,,2.0
8272,,,,0.1,,,,,,,2.0
8273,0.0003909574861214699,0.0844468170022375,1.0,0.1,,,0.0,1.0,,,2.0
8274,6.0314533532286526e-05,0.01302793924297389,1.0,0.1,,,0.0,1.0,,,2.0
8275,0.00020900271612542794,0.04514458668309244,1.0,0.1,,,0.0,1.0,,,2.0
8276,6.5018971371415e-05,0.014044097816225643,1.0,0.1,,,0.0,1.0,,,2.0
8277,0.0002861372427288688,0.06180564442943566,1.0,0.1,,,0.0,1.0,,,2.0
8278,,,,0.1,,,0.0,1.0,,,2.0
8279,,,,0.1,,,,,,,2.0
8280,,,,0.1,,,,,,,2.0
8281,,,,0.1,,,,,,,2.0
8282,,,,0.1,,,,,,,2.0
8283,,,,0.1,,,,,,,2.0
8284,,,,0.1,,,,,,,2.0
8285,,,,0.1,,,,,,,2.0
8286,,,,0.1,,,,,,,2.0
8287,,,,0.1,,,,,,,2.0
8288,,,,0.1,,,,,,,2.0
8289,,,,0.1,,,,,,,2.0
8290,,,,0.1,,,,,,,2.0
8291,,,,0.1,,,,,,,2.0
8292,,,,0.1,,,,,,,2.0
8293,,,,0.1,,,,,,,2.0
8294,,,,0.1,,,,,,,2.0
8295,,,,0.1,,,,,,,2.0
8296,,,,0.1,,,,,,,2.0
8297,,,,0.1,,,,,,,2.0
8298,,,,0.1,,,,,,,2.0
8299,,,,0.1,,,,,,,2.0
8300,,,,0.1,,,,,,,2.0
8301,,,,0.1,,,,,,,2.0
8302,,,,0.1,,,,,,,2.0
8303,,,,0.1,,,,,,,2.0
8304,,,,0.1,,,,,,,2.0
8305,,,,0.1,,,,,,,2.0
8306,,,,0.1,,,,,,,2.0
8307,,,,0.1,,,,,,,2.0
8308,,,,0.1,,,,,,,2.0
8309,,,,0.1,,,,,,,2.0
8310,,,,0.1,,,,,,,2.0
8311,,,,0.1,,,,,,,2.0
8312,,,,0.1,742.639811206623,303.76717484879845,,,0.0,0.0,2.0
8313,,,,0.1,741.4440892934443,303.44264284470046,,,0.0,0.0,2.0
8314,,,,0.1,,,,,,,2.0
8315,,,,0.1,747.634783268833,291.4334771757961,,,0.0,0.0,2.0
8316,,,,0.1,751.1280737643771,290.6686794193536,,,0.0,0.0,2.0
8317,,,,0.1,752.2159089560971,290.87578738438594,,,0.0,0.0,2.0
8318,,,,0.1,754.1133936867674,291.53067996216436,,,0.0,0.0,2.0
8319,,,,0.1,751.3382229797949,288.97042848309025,,,0.0,0.0,2.0
8320,,,,0.1,751.9562731685379,289.50096486402106,,,0.0,0.0,2.0
8321,,,,0.1,,,,,,,2.0
8322,,,,0.1,753.9480062939716,288.3694568123183,,,0.0,0.0,2.0
8323,,,,0.1,755.5932789339475,287.44349328155175,,,0.0,0.0,2.0
8324,,,,0.1,755.2967691254331,286.5990259775005,,,0.0,0.0,2.0
8325,,,,0.1,751.552505790797,290.36069773487964,,,0.0,0.0,2.0
8326,,,,0.1,747.877988497538,290.5768209513993,,,0.0,0.0,2.0
8327,,,,0.1,738.66642240018,303.36285884072083,,,0.0,0.0,2.0
8328,,,,0.1,,,,,,,2.0
8329,,,,0.1,,,,,,,2.0
8330,,,,0.1,,,,,,,2.0
8331,,,,0.1,,,,,,,2.0
8332,,,,0.1,750.3111145162839,286.85391934638,,,0.0,0.0,2.0
8333,,,,0.1,,,,,,,2.0
8334,,,,0.1,,,,,,,2.0
8335,,,,0.1,,,,,,,2.0
8336,,,,0.1,749.22053952118,285.447775080714,,,0.0,0.0,2.0
8337,,,,0.1,749.413220110858,286.3305956572656,,,0.0,0.0,2.0
8338,,,,0.1,749.0648983592656,287.9369644094812,,,0.0,0.0,2.0
8339,,,,0.1,,,,,,,2.0
8340,,,,0.1,,,,,,,2.0
8341,,,,0.1,,,,,,,2.0
8342,,,,0.1,,,,,,,2.0
8343,,,,0.1,,,,,,,2.0
8344,,,,0.1,,,,,,,2.0
8345,,,,0.1,749.8957137518887,287.6552063410507,,,0.0,0.0,2.0
8346,,,,0.1,759.0388377052486,292.260914102704,,,0.0,0.0,2.0
8347,0.0005384941726683126,0.11631474129635554,0.0,0.1,773.2960525028776,293.6177730647337,0.0,1.0,0.0,0.0,2.0
8348,0.00033536870766086193,0.07243964085474618,1.0,0.1,787.0639547534095,296.3600657437438,0.0,1.0,0.0,0.0,2.0
8349,0.0016207934247927864,0.35009137975524185,0.0,0.1,791.438848956071,297.67903685993605,0.0,1.0,0.0,0.0,2.0
8350,0.0016152725084151824,0.34889886181767943,0.0,0.1,802.8937233720319,295.26206306245064,0.0,1.0,0.0,0.0,2.0
8351,0.0007295887169701684,0.15759116286555638,0.0,0.1,815.5767313439525,292.05468398057235,0.0,1.0,0.0,0.0,2.0
8352,0.0009214785399538452,0.19903936463003055,0.0,0.1,827.5243790024541,280.55270590272494,0.0,1.0,0.0,0.0,2.0
8353,0.0011283118604060482,0.2437153618477064,0.0,0.1,834.9076879076487,274.28158116848306,0.0,1.0,0.0,0.0,2.0
8354,0.0014223127378772632,0.3072195513814888,0.0,0.1,844.5839723720003,265.57232605487377,0.0,1.0,0.0,0.0,2.0
8355,0.0014232311919714924,0.3074179374658424,0.0,0.1,851.5985487247548,257.9588852847572,0.0,1.0,0.0,0.0,2.0
8356,0.0016499749961541579,0.3563945991692981,0.0,0.1,856.1652497371762,252.68152028670562,0.0,1.0,0.0,0.0,2.0
8357,0.00045401483811195433,0.09806720503218214,1.0,0.1,860.664291350903,253.38579812719092,0.0,1.0,0.0,0.0,2.0
8358,0.001573897351695805,0.3399618279662939,0.0,0.1,864.9690722316574,254.0363076100871,0.0,1.0,0.0,0.0,2.0
8359,0.0014081169088237383,0.3041532523059275,0.0,0.1,871.0261810417811,253.38915953442776,0.0,1.0,0.0,0.0,2.0
8360,0.0010114735431554747,0.21847828532158256,0.0,0.1,877.8149467181337,254.78557981445647,0.0,1.0,0.0,0.0,2.0
8361,0.0006965914323361714,0.15046374938461302,0.0,0.1,886.3232096020043,256.11379371166487,0.0,1.0,0.0,0.0,2.0
8362,0.003029141218473224,0.6542945031902163,0.0,0.1,890.0026746473886,255.73196562958202,0.0,1.0,0.0,0.0,2.0
8363,0.00041481824080039645,0.08960074001288564,1.0,0.1,896.6917406579847,254.40243968045584,0.0,1.0,0.0,0.0,2.0
8364,0.001848869747735354,0.39935586551083646,0.0,0.1,904.0977191697908,257.50970314343675,0.0,1.0,0.0,0.0,2.0
8365,0.00032749447813320827,0.07073880727677298,1.0,0.1,914.3552432008792,263.3489604556554,0.0,1.0,0.0,0.0,2.0
8366,0.0041428989514077485,0.8948661735040737,0.0,0.1,920.6180644217991,269.37223450976444,0.0,1.0,0.0,0.0,2.0
8367,,,,0.1,933.4964779937274,278.16150937655067,0.0,1.0,0.0,0.0,2.0
8368,,,,0.1,945.8864519882568,288.2260778226229,,,0.0,0.0,2.0
8369,0.004349860026962626,0.9395697658239274,0.0,0.1,961.3163614828338,299.1551009182941,0.0,1.0,0.0,0.0,2.0
8370,0.0005916796836029498,0.12780281165823715,0.0,0.1,975.9766285407285,312.0425982642547,0.0,1.0,0.0,0.0,2.0
8371,0.004291512894101303,0.9269667851258815,0.0,0.1,983.9155624126241,317.50541493382315,0.0,1.0,0.0,0.0,2.0
8372,0.004431488551769724,0.9572015271822603,0.0,0.1,996.1243864479993,327.34666944702417,0.0,1.0,0.0,0.0,2.0
8373,0.002768683082587595,0.5980355458389205,0.0,0.1,1005.9295603089878,336.82841184860644,0.0,1.0,0.0,0.0,2.0
8374,0.0016436740666836902,0.3550335984036771,0.0,0.1,1013.4750777485739,343.5262511622373,0.0,1.0,0.0,0.0,2.0
8375,0.0035248428789860097,0.7613660618609781,0.0,0.1,1017.9149603807633,347.2127345409462,0.0,1.0,0.0,0.0,2.0
8376,0.0030200939450749464,0.6523402921361885,0.0,0.1,1029.994246276427,354.6242798280286,0.0,1.0,0.0,0.0,2.0
8377,0.0008179105982774259,0.176668689227924,0.0,0.1,1040.827346899459,360.1874034795215,0.0,1.0,0.0,0.0,2.0
8378,0.003229891692391496,0.6976566055565632,0.0,0.1,1047.0078691547583,364.1528220101281,0.0,1.0,0.0,0.0,2.0
8379,0.0005961855229625257,0.12877607295990554,0.0,0.1,1054.7822919197206,369.038874700206,0.0,1.0,0.0,0.0,2.0
8380,0.0009913977179132687,0.21414190706926606,0.0,0.1,1057.0173839187082,370.7062579118101,0.0,1.0,0.0,0.0,2.0
8381,0.002497103406884658,0.5393743358870862,0.0,0.1,1065.7912604927722,370.94968774518696,0.0,1.0,0.0,0.0,2.0
8382,0.0030348789861263915,0.6555338610033006,0.0,0.1,1069.7024947170842,366.2928692562005,0.0,1.0,0.0,0.0,2.0
8383,0.0010091853159735424,0.21798402825028518,0.0,0.1,1076.8280562262253,363.6905409541335,0.0,1.0,0.0,0.0,2.0
8384,0.002731328966014032,0.5899670566590309,0.0,0.1,1081.897178660712,367.92173933080215,0.0,1.0,0.0,0.0,2.0
8385,0.0032702692834471825,0.7063781652245914,0.0,0.1,1084.2227076746292,369.2713242965343,0.0,1.0,0.0,0.0,2.0
8386,0.0019215327062506984,0.4150510645501509,0.0,0.1,1086.016202971761,368.85916849327634,0.0,1.0,0.0,0.0,2.0
8387,0.002471835089821706,0.5339163794014885,0.0,0.1,,,0.0,1.0,,,2.0
8388,0.0010419127309638343,0.22505314988818823,0.0,0.1,,,0.0,1.0,,,2.0
8389,0.0017874228945492286,0.3860833452226334,0.0,0.1,1115.7117992684052,390.21220752880583,0.0,1.0,0.0,0.0,2.0
8390,0.0009452911051626632,0.20418287871513527,0.0,0.1,1117.5501900188706,391.94835323347803,0.0,1.0,0.0,0.0,2.0
8391,0.0008585897397089224,0.18545538377712723,0.0,0.1,1116.7868551430108,390.6279941165664,0.0,1.0,0.0,0.0,2.0
8392,0.000352558556482463,0.07615264820021202,1.0,0.1,1118.838513922333,393.88583714867957,0.0,1.0,0.0,0.0,2.0
8393,0.0018678729430728147,0.403460555703728,0.0,0.1,1120.217084532733,395.14957248748686,0.0,1.0,0.0,0.0,2.0
8394,0.0008063643984751403,0.17417471007063032,0.0,0.1,1120.8973076037564,397.2414686872429,0.0,1.0,0.0,0.0,2.0
8395,0.0016281683080452117,0.35168435453776575,0.0,0.1,1124.6920200673226,402.7745862078535,0.0,1.0,0.0,0.0,2.0
8396,0.0008754668358641189,0.1891008365466497,0.0,0.1,1129.8193055467862,407.3052166362518,0.0,1.0,0.0,0.0,2.0
8397,0.0001924856144979764,0.041576892731562905,1.0,0.1,1129.9231025842062,408.41074523580204,0.0,1.0,0.0,0.0,2.0
8398,0.0007866709924735704,0.1699209343742912,0.0,0.1,1130.092099539387,408.0480357555844,0.0,1.0,0.0,0.0,2.0
8399,0.001560673586405562,0.3371054946636014,0.0,0.1,,,0.0,1.0,,,2.0
8400,0.0012458725411581624,0.2691084688901631,0.0,0.1,,,0.0,1.0,,,2.0
8401,0.0010668503948971849,0.23043968529779194,0.0,0.1,,,0.0,1.0,,,2.0
8402,0.001666028720100471,0.35986220354170173,0.0,0.1,,,0.0,1.0,,,2.0
8403,0.0012143374450691773,0.2622968881349423,0.0,0.1,,,0.0,1.0,,,2.0
8404,0.0017083919784558108,0.36901266734645516,0.0,0.1,,,0.0,1.0,,,2.0
8405,0.0012858255516892047,0.27773831916486824,0.0,0.1,,,0.0,1.0,,,2.0
8406,0.0009752557634292202,0.21065524490071155,0.0,0.1,,,0.0,1.0,,,2.0
8407,0.0021370806748398797,0.461609425765414,0.0,0.1,1158.4413613602621,439.9214672914107,0.0,1.0,0.0,0.0,2.0
8408,0.0012538185727260823,0.2708248117088338,0.0,0.1,,,0.0,1.0,,,2.0
8409,0.0012963064252277153,0.2800021878491865,0.0,0.1,,,0.0,1.0,,,2.0
8410,0.001459430665440026,0.31523702373504564,0.0,0.1,,,0.0,1.0,,,2.0
8411,0.00096378437434091,0.20817742485763657,0.0,0.1,,,0.0,1.0,,,2.0
8412,0.002045665721068202,0.44186379575073165,0.0,0.1,,,0.0,1.0,,,2.0
8413,0.0005786760281901026,0.12499402208906214,0.0,0.1,,,0.0,1.0,,,2.0
8414,0.0012248317849322538,0.2645636655453668,0.0,0.1,,,0.0,1.0,,,2.0
8415,0.00038521068319978855,0.08320550757115433,1.0,0.1,,,0.0,1.0,,,2.0
8416,0.0016284337646273338,0.3517416931595041,0.0,0.1,,,0.0,1.0,,,2.0
8417,0.001315528978344444,0.2841542593223999,0.0,0.1,,,0.0,1.0,,,2.0
8418,0.0011808007877316896,0.25505297015004497,0.0,0.1,,,0.0,1.0,,,2.0
8419,0.0011616693673441154,0.25092058334632894,0.0,0.1,,,0.0,1.0,,,2.0
8420,0.0012347916458030038,0.26671499549344885,0.0,0.1,,,0.0,1.0,,,2.0
8421,0.0017185134579055775,0.37119890690760476,0.0,0.1,,,0.0,1.0,,,2.0
8422,0.0030582968047281134,0.6605921098212725,0.0,0.1,,,0.0,1.0,,,2.0
8423,0.0010129983525696735,0.21880764415504947,0.0,0.1,,,0.0,1.0,,,2.0
8424,0.0007913590344899101,0.1709335514498206,0.0,0.1,,,0.0,1.0,,,2.0
8425,0.0007350807390116969,0.15877743962652655,0.0,0.1,1131.7858268805244,416.2808124674028,0.0,1.0,0.0,0.0,2.0
8426,0.0007727748755472206,0.16691937311819965,0.0,0.1,1127.212883483338,413.20390929729905,0.0,1.0,0.0,0.0,2.0
8427,0.0004063182837964902,0.08776474930004188,1.0,0.1,1123.2669781480326,416.44458886847974,0.0,1.0,0.0,0.0,2.0
8428,0.0012305792479772608,0.26580511756308833,0.0,0.1,1120.357873932738,425.28622945841227,0.0,1.0,0.0,0.0,2.0
8429,0.0028868188890700743,0.6235528800391361,0.0,0.1,1119.277704953792,426.601836823853,0.0,1.0,0.0,0.0,2.0
8430,0.00207236483375135,0.44763080409029155,0.0,0.1,1115.2490668485864,425.7828938223797,0.0,1.0,0.0,0.0,2.0
8431,0.0010085463379166792,0.2178460089900027,0.0,0.1,1112.5918967983307,426.96702427282537,0.0,1.0,0.0,0.0,2.0
8432,0.0008692451699056432,0.18775695669961895,0.0,0.1,1112.034630153215,429.31597628156925,0.0,1.0,0.0,0.0,2.0
8433,9.373783109251303e-05,0.020247371515982816,1.0,0.1,1109.089950483438,426.49876447108534,0.0,1.0,0.0,0.0,2.0
8434,0.0006724774776597268,0.14525513517450098,0.0,0.1,1106.8454107640484,423.26098173260027,0.0,1.0,0.0,0.0,2.0
8435,0.0011469442664646624,0.24773996155636707,0.0,0.1,1102.6390338552778,420.41739391552125,0.0,1.0,0.0,0.0,2.0
8436,0.0012566175411404396,0.27142938888633494,0.0,0.1,1095.9697031941705,414.3830459707783,0.0,1.0,0.0,0.0,2.0
8437,0.0009835661474152096,0.21245028784168526,0.0,0.1,1093.5414969293442,413.2846178113191,0.0,1.0,0.0,0.0,2.0
8438,0.000964371621100612,0.2083042701577322,0.0,0.1,1093.7467217158933,415.0494696914262,0.0,1.0,0.0,0.0,2.0
8439,0.0001374953800830191,0.02969900209793213,1.0,0.1,1093.5519409218846,414.6319056406976,0.0,1.0,0.0,0.0,2.0
8440,0.0007828979704409368,0.16910596161524233,0.0,0.1,1096.5668462648223,416.4413427947547,0.0,1.0,0.0,0.0,2.0
8441,0.0008209826169857902,0.17733224526893068,0.0,0.1,1100.2569753789487,416.66199594362536,0.0,1.0,0.0,0.0,2.0
8442,0.0002860261113063928,0.06178164004218085,1.0,0.1,1101.8404843921994,416.2848966012963,0.0,1.0,0.0,0.0,2.0
8443,0.0003109515131069031,0.06716552683109107,1.0,0.1,1102.4471058522201,417.21647539343155,0.0,1.0,0.0,0.0,2.0
8444,0.00024042996449489298,0.051932872330896884,1.0,0.1,1102.6847824510128,416.27450003518425,0.0,1.0,0.0,0.0,2.0
8445,0.0004158340565677734,0.08982015621863905,1.0,0.1,1105.7138232432176,415.3650843950441,0.0,1.0,0.0,0.0,2.0
8446,0.00036671973870717675,0.07921146356075018,1.0,0.1,1111.4530236179203,416.6292150082828,0.0,1.0,0.0,0.0,2.0
8447,0.000916640934305357,0.19799444180995712,0.0,0.1,1118.3777198171713,419.32172345048843,0.0,1.0,0.0,0.0,2.0
8448,0.00013164673413790625,0.02843569457378775,1.0,0.1,1124.0944648879515,421.3781924440877,0.0,1.0,0.0,0.0,2.0
8449,0.0004983111912467299,0.10763521730929367,0.0,0.1,1126.3054959768585,424.94312869683387,0.0,1.0,0.0,0.0,2.0
8450,0.0003543873225087821,0.07654766166189694,1.0,0.1,1126.9138969344638,424.6647069282673,0.0,1.0,0.0,0.0,2.0
8451,0.000326699026776898,0.07056698978380996,1.0,0.1,1127.9543466656116,423.949580172531,0.0,1.0,0.0,0.0,2.0
8452,0.0001159027666693379,0.025034997600576987,1.0,0.1,1129.3506900095554,424.3542158278598,0.0,1.0,0.0,0.0,2.0
8453,0.0002409158091674035,0.05203781478015916,1.0,0.1,1134.0995962826942,425.5080346499386,0.0,1.0,0.0,0.0,2.0
8454,0.0001225826694971122,0.026477856611376235,1.0,0.1,1134.500424450625,427.35307951407384,0.0,1.0,0.0,0.0,2.0
8455,0.0003118281599747548,0.06735488255454704,1.0,0.1,1135.2279749894926,428.2152268193214,0.0,1.0,0.0,0.0,2.0
8456,0.0003593191267400864,0.07761293137585866,1.0,0.1,1134.8070403564357,427.75988914299955,0.0,1.0,0.0,0.0,2.0
8457,0.0002996787154175554,0.06473060253019197,1.0,0.1,1134.0789363297088,425.25561323498266,0.0,1.0,0.0,0.0,2.0
8458,0.00020278160228768326,0.043800826094139586,1.0,0.1,1134.1964377587306,420.0287510497811,0.0,1.0,0.0,0.0,2.0
8459,0.0012746184248506836,0.2753175797677477,0.0,0.1,1133.654237284501,407.4124562644382,0.0,1.0,0.0,0.0,2.0
8460,0.00010966521298919661,0.023687686005666467,1.0,0.1,1139.7547753319159,407.21790957700796,0.0,1.0,0.0,0.0,2.0
8461,0.0005584320656376381,0.12062132617772982,0.0,0.1,,,0.0,1.0,,,2.0
8462,0.0009206546976000182,0.19886141468160395,0.0,0.1,,,0.0,1.0,,,2.0
8463,0.001041364378487464,0.22493470575329222,0.0,0.1,1141.1294965864245,397.9253670185239,0.0,1.0,0.0,0.0,2.0
8464,0.0009959118000205456,0.21511694880443788,0.0,0.1,,,0.0,1.0,,,2.0
8465,0.0007799908464439938,0.16847802283190266,0.0,0.1,1145.1303671820028,398.803002904417,0.0,1.0,0.0,0.0,2.0
8466,0.0001757554892080824,0.0379631856689458,1.0,0.1,,,0.0,1.0,,,2.0
8467,0.001281883668494206,0.27688687239474846,0.0,0.1,,,0.0,1.0,,,2.0
8468,0.0012544327381552763,0.2709574714415397,0.0,0.1,,,0.0,1.0,,,2.0
8469,0.0007136788240760575,0.15415462600042842,0.0,0.1,,,0.0,1.0,,,2.0
8470,0.0012901209758254678,0.27866613077830105,0.0,0.1,,,0.0,1.0,,,2.0
8471,0.001308095833435282,0.2825487000220209,0.0,0.1,,,0.0,1.0,,,2.0
8472,0.0013902726064079624,0.3002988829841199,0.0,0.1,,,0.0,1.0,,,2.0
8473,0.0021662127995585225,0.46790196470464085,0.0,0.1,,,0.0,1.0,,,2.0
8474,0.0008389143183163058,0.18120549275632206,0.0,0.1,,,0.0,1.0,,,2.0
8475,0.0022889219295470073,0.4944071367821536,0.0,0.1,,,0.0,1.0,,,2.0
8476,0.0015933641632479643,0.3441666592615603,0.0,0.1,,,0.0,1.0,,,2.0
8477,0.0024569400559681137,0.5306990520891125,0.0,0.1,,,0.0,1.0,,,2.0
8478,0.0013646295777457612,0.29475998879308446,0.0,0.1,,,0.0,1.0,,,2.0
8479,0.0012411244078257412,0.2680828720903601,0.0,0.1,,,0.0,1.0,,,2.0
8480,0.002416820214905396,0.5220331664195655,0.0,0.1,,,0.0,1.0,,,2.0
8481,0.0019943902154636777,0.4307882865401544,0.0,0.1,,,0.0,1.0,,,2.0
8482,0.0016317192065115839,0.3524513486065021,0.0,0.1,,,0.0,1.0,,,2.0
8483,0.0004482316481547243,0.09681803600142044,1.0,0.1,1240.6518973684963,507.49691437375736,0.0,1.0,0.0,0.0,2.0
8484,0.0026333321189432007,0.5687997376917314,0.0,0.1,1249.0942738542542,516.9287563107036,0.0,1.0,0.0,0.0,2.0
8485,0.003270443936099221,0.7064158901974318,0.0,0.1,1255.5104122115663,523.213645181771,0.0,1.0,0.0,0.0,2.0
8486,0.0019669257250012374,0.4248559566002673,0.0,0.1,1264.729091778921,531.8767194547306,0.0,1.0,0.0,0.0,2.0
8487,0.0005762897367950266,0.12447858314772574,0.0,0.1,1272.6631680402145,541.2830804652191,0.0,1.0,0.0,0.0,2.0
8488,0.0009130320152863052,0.19721491530184196,0.0,0.1,,,0.0,1.0,,,2.0
8489,0.001815439469888727,0.392134925495965,0.0,0.1,,,0.0,1.0,,,2.0
8490,0.0018407916203106688,0.3976109899871045,0.0,0.1,,,0.0,1.0,,,2.0
8491,0.0004860736891747321,0.10499191686174214,0.0,0.1,,,0.0,1.0,,,2.0
8492,0.0010157470334556317,0.21940135922641646,0.0,0.1,,,0.0,1.0,,,2.0
8493,0.0006496579769676306,0.14032612302500821,0.0,0.1,,,0.0,1.0,,,2.0
8494,0.0005920823008476166,0.1278897769830852,0.0,0.1,,,0.0,1.0,,,2.0
8495,0.0020847016700247917,0.450295560725355,0.0,0.1,,,0.0,1.0,,,2.0
8496,0.0002918664166980035,0.06304314600676876,1.0,0.1,,,0.0,1.0,,,2.0
8497,0.0013006177390330134,0.28093343163113094,0.0,0.1,,,0.0,1.0,,,2.0
8498,0.0007858278807526041,0.16973882224256248,0.0,0.1,,,0.0,1.0,,,2.0
8499,8.129396813073271e-05,0.017559497116238266,1.0,0.1,,,0.0,1.0,,,2.0
8500,0.0005086422134316196,0.10986671810122983,0.0,0.1,,,0.0,1.0,,,2.0
8501,0.0006821031906938959,0.1473342891898815,0.0,0.1,,,0.0,1.0,,,2.0
8502,0.0005848095761349206,0.12631886844514284,0.0,0.1,,,0.0,1.0,,,2.0
8503,0.0015233964389944606,0.3290536308228035,0.0,0.1,,,0.0,1.0,,,2.0
8504,0.001213069561472454,0.2620230252780501,0.0,0.1,,,0.0,1.0,,,2.0
8505,0.0003247394526120152,0.07014372176419528,1.0,0.1,,,0.0,1.0,,,2.0
8506,0.00043398262607348284,0.0937402472318723,1.0,0.1,,,0.0,1.0,,,2.0
8507,0.0003013075931337735,0.06508244011689507,1.0,0.1,,,0.0,1.0,,,2.0
8508,0.00012499728721347255,0.02699941403811007,1.0,0.1,,,0.0,1.0,,,2.0
8509,0.00014561195412087164,0.03145218209010828,1.0,0.1,,,0.0,1.0,,,2.0
8510,0.00022623771784996042,0.048867347055591454,1.0,0.1,,,0.0,1.0,,,2.0
8511,0.0009973779893862722,0.2154336457074348,0.0,0.1,,,0.0,1.0,,,2.0
8512,0.0007249540852503427,0.15659008241407402,0.0,0.1,,,0.0,1.0,,,2.0
8513,0.00013753590627389433,0.029707755755161176,1.0,0.1,,,0.0,1.0,,,2.0
8514,0.00020340086703559725,0.043934587279689005,1.0,0.1,,,0.0,1.0,,,2.0
8515,0.00018455536379886051,0.03986395858055387,1.0,0.1,,,0.0,1.0,,,2.0
8516,0.00014472727728463325,0.03126109189348079,1.0,0.1,,,0.0,1.0,,,2.0
8517,0.00035069422621751816,0.07574995286298393,1.0,0.1,,,0.0,1.0,,,2.0
8518,0.00024831130458885704,0.053635241791193125,1.0,0.1,,,0.0,1.0,,,2.0
8519,0.0004190948920406746,0.09052449668078572,1.0,0.1,1286.959122990864,560.5329562036741,0.0,1.0,0.0,0.0,2.0
8520,0.001778478652708752,0.38415138898509044,0.0,0.1,,,0.0,1.0,,,2.0
8521,0.0020445347804314306,0.441619512573189,0.0,0.1,,,0.0,1.0,,,2.0
8522,0.002673394580726337,0.5774532294368888,0.0,0.1,,,0.0,1.0,,,2.0
8523,0.0014874866785040504,0.32129712255687487,0.0,0.1,,,0.0,1.0,,,2.0
8524,0.002693464202393916,0.5817882677170859,0.0,0.1,,,0.0,1.0,,,2.0
8525,0.0011027611617524917,0.23819641093853822,0.0,0.1,,,0.0,1.0,,,2.0
8526,0.00034549761039391017,0.0746274838450846,1.0,0.1,,,0.0,1.0,,,2.0
8527,0.0012165002499472154,0.26276405398859853,0.0,0.1,,,0.0,1.0,,,2.0
8528,0.00034223806399318193,0.0739234218225273,1.0,0.1,,,0.0,1.0,,,2.0
8529,0.001564723110601061,0.3379801918898292,0.0,0.1,,,0.0,1.0,,,2.0
8530,0.0012202813718565635,0.26358077632101773,0.0,0.1,,,0.0,1.0,,,2.0
8531,0.0005023844278052337,0.10851503640593047,0.0,0.1,,,0.0,1.0,,,2.0
8532,0.0008070610652882267,0.17432519010225697,0.0,0.1,,,0.0,1.0,,,2.0
8533,0.001369945676940052,0.2959082662190512,0.0,0.1,,,0.0,1.0,,,2.0
8534,0.0016344907798732438,0.3530500084526207,0.0,0.1,,,0.0,1.0,,,2.0
8535,0.00153183287361078,0.33087590069992845,0.0,0.1,,,0.0,1.0,,,2.0
8536,0.0018201204279172378,0.39314601243012337,0.0,0.1,,,0.0,1.0,,,2.0
8537,0.0026964470846074554,0.5824325702752103,0.0,0.1,1153.8924186569072,362.23425126198583,0.0,1.0,0.0,0.0,2.0
8538,0.002538786421196381,0.5483778669784183,0.0,0.1,1146.5837763256666,358.6214525286333,0.0,1.0,0.0,0.0,2.0
8539,0.0013890796043967276,0.3000411945496932,0.0,0.1,1139.511839711206,354.73769521846526,0.0,1.0,0.0,0.0,2.0
8540,0.0015667630119017809,0.33842081057078466,0.0,0.1,1133.12193616114,355.10988321063707,0.0,1.0,0.0,0.0,2.0
8541,0.0004206195160074205,0.09085381545760284,1.0,0.1,1125.8528907147156,353.850197650959,0.0,1.0,0.0,0.0,2.0
8542,0.00204829656769517,0.4424320586221568,0.0,0.1,1122.6806642356128,353.06521026465003,0.0,1.0,0.0,0.0,2.0
8543,0.001231487600689268,0.26600132174888186,0.0,0.1,1110.0822827143654,343.39682010330057,0.0,1.0,0.0,0.0,2.0
8544,0.0022095619732120987,0.4772653862138133,0.0,0.1,1097.120382982094,332.22399115646624,0.0,1.0,0.0,0.0,2.0
8545,0.0024464294426709177,0.5284287596169182,0.0,0.1,1091.004402128109,325.98651473396353,0.0,1.0,0.0,0.0,2.0
8546,0.0006996353397410514,0.1511212333840671,0.0,0.1,1085.064480068448,319.0908631338104,0.0,1.0,0.0,0.0,2.0
8547,0.0027673476520008477,0.5977470928321832,0.0,0.1,1082.3573141536717,315.34034420114864,0.0,1.0,0.0,0.0,2.0
8548,0.0023461079900448244,0.5067593258496821,0.0,0.1,1065.531393088304,294.1929189582828,0.0,1.0,0.0,0.0,2.0
8549,0.0003800076434208279,0.08208165097889883,1.0,0.1,1044.9345629890636,271.37888145812497,0.0,1.0,0.0,0.0,2.0
8550,0.0006384643648466581,0.13790830280687816,0.0,0.1,1035.9485488005091,257.7794323840259,0.0,1.0,0.0,0.0,2.0
8551,0.0008013364137048175,0.1730886653602406,0.0,0.1,1031.7965978152051,253.91300132569978,0.0,1.0,0.0,0.0,2.0
8552,0.0014101092492027033,0.30458359782778394,0.0,0.1,1022.046732852093,242.43905757456938,0.0,1.0,0.0,0.0,2.0
8553,0.0012520245756973748,0.27043730835063295,0.0,0.1,1013.7834991948962,233.12505637097414,0.0,1.0,0.0,0.0,2.0
8554,0.0003918263978009116,0.0846345019249969,1.0,0.1,1006.3378861895653,227.52033401863073,0.0,1.0,0.0,0.0,2.0
8555,0.0011830048887473568,0.25552905596942904,0.0,0.1,1000.9602764132487,223.98730448905053,0.0,1.0,0.0,0.0,2.0
8556,0.0002527515766897915,0.054594340564994966,1.0,0.1,993.7874405301011,216.70504026940472,0.0,1.0,0.0,0.0,2.0
8557,0.0007104617726229492,0.15345974288655703,0.0,0.1,990.6068973039822,210.42154852916937,0.0,1.0,0.0,0.0,2.0
8558,0.0011970986973128012,0.25857331861956506,0.0,0.1,987.0876411167574,204.20361678744868,0.0,1.0,0.0,0.0,2.0
8559,0.00026257008937982944,0.05671513930604316,1.0,0.1,982.1000118564656,194.80475164783005,0.0,1.0,0.0,0.0,2.0
8560,0.00017942222252053533,0.038755200064435634,1.0,0.1,982.3069272666846,192.6380213557691,0.0,1.0,0.0,0.0,2.0
8561,0.001339076761666533,0.28924058051997115,0.0,0.1,984.422298758084,189.84397129725875,0.0,1.0,0.0,0.0,2.0
8562,0.003591751005837752,0.7758182172609545,0.0,0.1,984.1776315506535,184.53044426563056,0.0,1.0,0.0,0.0,2.0
8563,0.0011523501593745937,0.24890763442491226,0.0,0.1,983.9262969610197,181.47926180172632,0.0,1.0,0.0,0.0,2.0
8564,0.0006795409082943218,0.1467808361915735,0.0,0.1,984.0520383170795,180.49515396642482,0.0,1.0,0.0,0.0,2.0
8565,0.002030049646769188,0.4384907237021446,0.0,0.1,988.4312667314503,182.0602799428313,0.0,1.0,0.0,0.0,2.0
8566,0.0009105382730017059,0.19667626696836848,0.0,0.1,994.590403401222,184.82951734998602,0.0,1.0,0.0,0.0,2.0
8567,0.002151087408705265,0.46463488028033717,0.0,0.1,1004.44780615933,191.0438259515975,0.0,1.0,0.0,0.0,2.0
8568,0.001064052598110839,0.22983536119194126,0.0,0.1,1010.345167383818,191.80964075884384,0.0,1.0,0.0,0.0,2.0
8569,0.0004921773166446085,0.10631030039523544,0.0,0.1,1013.8183743821894,192.39816978934314,0.0,1.0,0.0,0.0,2.0
8570,0.0017917878899567224,0.38702618423065205,0.0,0.1,1017.1671906648265,191.92440181412155,0.0,1.0,0.0,0.0,2.0
8571,0.001278299591970663,0.27611271186566316,0.0,0.1,1020.2595827570841,191.61024772137642,0.0,1.0,0.0,0.0,2.0
8572,0.001199007812379186,0.25898568747390416,0.0,0.1,1027.0559338464693,191.87134523969746,0.0,1.0,0.0,0.0,2.0
8573,0.002003172595029383,0.43268528052634675,0.0,0.1,1035.8637228905313,195.75362518320551,0.0,1.0,0.0,0.0,2.0
8574,0.0018522795496915497,0.4000923827333747,0.0,0.1,1038.9624491064394,196.91462897654552,0.0,1.0,0.0,0.0,2.0
8575,0.0019686292172183956,0.42522391091917344,0.0,0.1,1039.9341390723896,195.60765988128733,0.0,1.0,0.0,0.0,2.0
8576,0.0011741479443767796,0.25361595598538444,0.0,0.1,1036.6477858734722,190.99019939913973,0.0,1.0,0.0,0.0,2.0
8577,0.0009310568037414889,0.2011082696081616,0.0,0.1,1029.2543326221717,184.12501369947762,0.0,1.0,0.0,0.0,2.0
8578,0.0011913390742967318,0.2573292400480941,0.0,0.1,1027.6831675263406,183.0754670252717,0.0,1.0,0.0,0.0,2.0
8579,0.00074495934851956,0.16091121928022495,0.0,0.1,1024.741816702611,178.90570406485847,0.0,1.0,0.0,0.0,2.0
8580,0.0009571436590918795,0.206743030363846,0.0,0.1,1024.6009793420149,178.28246248997442,0.0,1.0,0.0,0.0,2.0
8581,0.0005303332812957475,0.11455198875988144,0.0,0.1,1024.2699217706565,178.08763524731646,0.0,1.0,0.0,0.0,2.0
8582,0.00047607494984178237,0.102832189165825,0.0,0.1,1024.7095586014455,178.06067298073904,0.0,1.0,0.0,0.0,2.0
8583,0.00036679390427312044,0.07922748332299401,1.0,0.1,1026.357986519823,179.17142455016196,0.0,1.0,0.0,0.0,2.0
8584,4.290422016813247e-05,0.009267311556316615,1.0,0.1,1027.0299827431063,178.62513342906644,0.0,1.0,0.0,0.0,2.0
8585,7.180956686487759e-05,0.015510866442813558,1.0,0.1,1025.0310344508941,174.95772857095238,0.0,1.0,0.0,0.0,2.0
8586,0.00027921514449159076,0.060310471210183604,1.0,0.1,1019.18836567497,166.86135551738448,0.0,1.0,0.0,0.0,2.0
8587,0.0019294960875277996,0.4167711549060047,0.0,0.1,1017.5816969623219,164.1482441855497,0.0,1.0,0.0,0.0,2.0
8588,0.0018502120725482042,0.39964580767041213,0.0,0.1,1015.0345076042128,158.28000649127785,0.0,1.0,0.0,0.0,2.0
8589,0.0015928012405883806,0.3440450679670902,0.0,0.1,1007.5127369241756,148.96530974543933,0.0,1.0,0.0,0.0,2.0
8590,0.0011870737825175595,0.2564079370237929,0.0,0.1,999.4549049721968,137.6860591759172,0.0,1.0,0.0,0.0,2.0
8591,0.0027626003856125003,0.5967216832923001,0.0,0.1,996.1300366171128,132.09663779478956,0.0,1.0,0.0,0.0,2.0
8592,0.002250122318109237,0.4860264207115952,0.0,0.1,990.9094581944202,123.78574387222395,0.0,1.0,0.0,0.0,2.0
8593,0.0021407696673367274,0.46240624814473313,0.0,0.1,978.269187723625,110.10335361486116,0.0,1.0,0.0,0.0,2.0
8594,0.0026039642137527107,0.5624562701705855,0.0,0.1,971.468916268035,103.18780151609931,0.0,1.0,0.0,0.0,2.0
8595,0.0010524612082750148,0.2273316209874032,0.0,0.1,968.3335699690113,98.11934850880951,0.0,1.0,0.0,0.0,2.0
8596,0.0017489240580113017,0.3777675965304412,0.0,0.1,967.8004175140353,97.0201769240298,0.0,1.0,0.0,0.0,2.0
8597,0.001798234207752425,0.3884185888745238,0.0,0.1,963.609388122507,91.87422171462963,0.0,1.0,0.0,0.0,2.0
8598,0.0011219514107195232,0.24234150471541702,0.0,0.1,959.9942034553923,88.16476585826362,0.0,1.0,0.0,0.0,2.0
8599,0.0013580710012934885,0.2933433362793935,0.0,0.1,954.8062917088489,82.39934088551374,0.0,1.0,0.0,0.0,2.0
8600,0.0006067893417905909,0.13106649782676763,0.0,0.1,955.2353221464621,82.07953457644987,0.0,1.0,0.0,0.0,2.0
8601,0.0021399232909424374,0.4622234308435665,0.0,0.1,957.923009720384,84.40258124083235,0.0,1.0,0.0,0.0,2.0
8602,0.0012146058619297467,0.2623548661768253,0.0,0.1,962.4144875954348,88.91731730137307,0.0,1.0,0.0,0.0,2.0
8603,0.0017725118694861446,0.38286256380900724,0.0,0.1,963.2396119800369,90.679280865736,0.0,1.0,0.0,0.0,2.0
8604,0.0007548343825232014,0.1630442266250115,0.0,0.1,962.4555170948688,90.8078342636044,0.0,1.0,0.0,0.0,2.0
8605,0.0022417945845870763,0.48422763027080845,0.0,0.1,961.9774775461253,90.82848147580384,0.0,1.0,0.0,0.0,2.0
8606,,,,0.1,963.555888429542,91.96721006086698,0.0,1.0,0.0,0.0,2.0
8607,,,,0.1,966.1678708662954,94.40316188554577,,,0.0,0.0,2.0
8608,0.0004707962354470946,0.10169198685657244,0.0,0.1,967.5931921689818,96.73189207314319,0.0,1.0,0.0,0.0,2.0
8609,0.0006956918918568134,0.15026944864107167,0.0,0.1,967.5143117768015,96.34143983131472,0.0,1.0,0.0,0.0,2.0
8610,0.001334000732675732,0.28814415825795814,0.0,0.1,970.3799219215641,99.79943246761286,0.0,1.0,0.0,0.0,2.0
8611,0.0005349683096606154,0.11555315488669295,0.0,0.1,971.8431885655997,101.48568150655395,0.0,1.0,0.0,0.0,2.0
8612,0.0005972237686572644,0.12900033402996913,0.0,0.1,974.1713631441071,104.89563670284578,0.0,1.0,0.0,0.0,2.0
8613,0.0007322053696800564,0.1581563598508922,0.0,0.1,977.5299610347323,108.68667148784115,0.0,1.0,0.0,0.0,2.0
8614,0.0016298570616823153,0.3520491253233801,0.0,0.1,982.1424297556861,113.63997385252371,0.0,1.0,0.0,0.0,2.0
8615,0.0010457744034098639,0.2258872711365306,0.0,0.1,986.8955138249473,119.80599805216467,0.0,1.0,0.0,0.0,2.0
8616,0.0013177376228455551,0.2846313265346399,0.0,0.1,993.2035364135915,127.51313262928093,0.0,1.0,0.0,0.0,2.0
8617,0.00044614266005987043,0.09636681457293202,1.0,0.1,995.7072053296462,130.7185928817912,0.0,1.0,0.0,0.0,2.0
8618,0.0011822815494589285,0.25537281468312856,0.0,0.1,995.9522916841252,130.77153520865852,0.0,1.0,0.0,0.0,2.0
8619,0.0013670532905930494,0.29528351076809867,0.0,0.1,998.209668528658,131.99932175305355,0.0,1.0,0.0,0.0,2.0
8620,0.001177639448953948,0.2543701209740528,0.0,0.1,1002.3116212185847,134.45309318406893,0.0,1.0,0.0,0.0,2.0
8621,0.0003442981171582046,0.0743683933061722,1.0,0.1,1009.6344206186914,141.46903894364175,0.0,1.0,0.0,0.0,2.0
8622,0.00025753478524227167,0.05562751361233068,1.0,0.1,1014.6358041712316,146.68259332555752,0.0,1.0,0.0,0.0,2.0
8623,0.0006473561709460448,0.13982893292434567,0.0,0.1,1016.1658506464657,148.65673276075273,0.0,1.0,0.0,0.0,2.0
8624,,,,0.1,1018.7677898323208,153.18054862696476,0.0,1.0,0.0,0.0,2.0
8625,,,,0.1,1017.6426016952406,154.44412573404455,,,0.0,0.0,2.0
8626,0.0043608572960601045,0.9419451759489826,0.0,0.1,1017.5001233062886,158.05050425716044,0.0,1.0,0.0,0.0,2.0
8627,0.0018284424578723893,0.3949435709004361,0.0,0.1,1016.9681169515673,161.67561634314254,0.0,1.0,0.0,0.0,2.0
8628,0.004079016085324354,0.8810674744300604,0.0,0.1,1016.0322151410786,163.54568972693198,0.0,1.0,0.0,0.0,2.0
8629,0.0037670947691455345,0.8136924701354354,0.0,0.1,1018.2471407528933,171.97847143937588,0.0,1.0,0.0,0.0,2.0
8630,0.003221725098098263,0.6958926211892249,0.0,0.1,1018.9463234407242,178.74879907762576,0.0,1.0,0.0,0.0,2.0
8631,0.0016060967220184854,0.34691689195599285,0.0,0.1,1022.8407019316411,188.86003392085829,0.0,1.0,0.0,0.0,2.0
8632,0.0033097115484434494,0.714897694463785,0.0,0.1,1021.3447734777824,192.10273338781028,0.0,1.0,0.0,0.0,2.0
8633,0.004238237336767611,0.9154592647418041,0.0,0.1,1024.3697388024245,203.9785389029019,0.0,1.0,0.0,0.0,2.0
8634,0.003949535053065013,0.8530995714620428,0.0,0.1,1024.8328527457763,213.38357148092055,0.0,1.0,0.0,0.0,2.0
8635,0.0038193212085798323,0.8249733810532438,0.0,0.1,1026.4413394917872,222.05033757001837,0.0,1.0,0.0,0.0,2.0
8636,0.0018831027819842005,0.4067502009085873,0.0,0.1,1029.5083406268614,233.86677406992138,0.0,1.0,0.0,0.0,2.0
8637,0.003594169765009823,0.7763406692421219,0.0,0.1,1030.2506505785857,240.00414775708433,0.0,1.0,0.0,0.0,2.0
8638,0.004386521264727508,0.9474885931811418,0.0,0.1,1033.563019488141,252.07800155078863,0.0,1.0,0.0,0.0,2.0
8639,0.00456329284198961,0.9856712538697557,0.0,0.1,1038.462982233156,265.6768201797916,0.0,1.0,0.0,0.0,2.0
8640,0.0022168888862004825,0.4788479994193043,0.0,0.1,1041.7565342041175,276.79141769283615,0.0,1.0,0.0,0.0,2.0
8641,0.004560560438814099,0.9850810547838453,0.0,0.1,1042.374635948354,283.0642327009308,0.0,1.0,0.0,0.0,2.0
8642,0.0044073056121152684,0.9519780122168979,0.0,0.1,1043.3966219734825,293.60835420971983,0.0,1.0,0.0,0.0,2.0
8643,0.0038622164954908032,0.8342387630260135,0.0,0.1,1047.1793614141495,307.55663780942325,0.0,1.0,0.0,0.0,2.0
8644,0.0018211445240817557,0.39336721720165924,0.0,0.1,1051.3429945517946,320.39130465771126,0.0,1.0,0.0,0.0,2.0
8645,0.0028478066441531566,0.6151262351370819,0.0,0.1,1049.9564657451372,325.84576577283434,0.0,1.0,0.0,0.0,2.0
8646,0.0032080219166095393,0.6929327339876605,0.0,0.1,1053.5503654247502,337.87966907082296,0.0,1.0,0.0,0.0,2.0
8647,0.0037439805957551206,0.8086998086831061,0.0,0.1,1054.1236389974206,345.2533461813895,0.0,1.0,0.0,0.0,2.0
8648,0.0017117799217257162,0.3697444630927547,0.0,0.1,1056.962129815506,350.5804596780625,0.0,1.0,0.0,0.0,2.0
8649,0.002057378522228362,0.4443937608013262,0.0,0.1,1058.2725096695492,350.8343526353593,0.0,1.0,0.0,0.0,2.0
8650,0.001780788681297615,0.3846503551602849,0.0,0.1,1059.1028248381308,350.5999327725723,0.0,1.0,0.0,0.0,2.0
8651,0.0018371263477594232,0.3968192911160354,0.0,0.1,1065.2307218530627,356.55599354417285,0.0,1.0,0.0,0.0,2.0
8652,0.0005270713643454214,0.11384741469861104,0.0,0.1,,,0.0,1.0,,,2.0
8653,0.0006044153842452115,0.1305537229969657,0.0,0.1,1069.1442758714195,358.3453924733056,0.0,1.0,0.0,0.0,2.0
8654,0.0002723978361230365,0.05883793260257588,1.0,0.1,1069.0182664191275,355.8255089661916,0.0,1.0,0.0,0.0,2.0
8655,0.0007824373317395208,0.1690064636557365,0.0,0.1,,,0.0,1.0,,,2.0
8656,0.00037396998200478563,0.0807775161130337,1.0,0.1,,,0.0,1.0,,,2.0
8657,0.0007457545645307365,0.1610829859386391,0.0,0.1,,,0.0,1.0,,,2.0
8658,0.00034833452528106046,0.07524025746070906,1.0,0.1,,,0.0,1.0,,,2.0
8659,0.0005530659364264872,0.11946224226812124,0.0,0.1,,,0.0,1.0,,,2.0
8660,0.0006565154559440218,0.1418073384839087,0.0,0.1,,,0.0,1.0,,,2.0
8661,0.0008430644932088821,0.18210193053311852,0.0,0.1,,,0.0,1.0,,,2.0
8662,0.0006591141217164269,0.14236865029074822,0.0,0.1,,,0.0,1.0,,,2.0
8663,0.00016632890428279855,0.035927043325084486,1.0,0.1,,,0.0,1.0,,,2.0
8664,0.0012236549012880984,0.2643094586782293,0.0,0.1,,,0.0,1.0,,,2.0
8665,0.0010772778364162273,0.2326920126659051,0.0,0.1,,,0.0,1.0,,,2.0
8666,0.0012149828609711835,0.26243629796977563,0.0,0.1,,,0.0,1.0,,,2.0
8667,,,,0.1,,,0.0,1.0,,,2.0
8668,,,,0.1,,,,,,,2.0
8669,6.926140299912965e-05,0.014960463047812003,1.0,0.1,,,0.0,1.0,,,2.0
8670,0.0004016069955884917,0.0867471110471142,1.0,0.1,,,0.0,1.0,,,2.0
8671,0.0001359899083045543,0.02937382019378373,1.0,0.1,,,0.0,1.0,,,2.0
8672,0.00015634530500488664,0.03377058588105551,1.0,0.1,,,0.0,1.0,,,2.0
8673,0.00011033370563847334,0.02383208041791024,1.0,0.1,,,0.0,1.0,,,2.0
8674,0.00031309830531208436,0.06762923394741023,1.0,0.1,,,0.0,1.0,,,2.0
8675,0.001048924226540024,0.22656763293264523,0.0,0.1,,,0.0,1.0,,,2.0
8676,0.0009085826769982584,0.1962538582316238,0.0,0.1,,,0.0,1.0,,,2.0
8677,0.00153636986634781,0.331855891131127,0.0,0.1,,,0.0,1.0,,,2.0
8678,0.0018310996251235093,0.39551751902667803,0.0,0.1,,,0.0,1.0,,,2.0
8679,0.0012931231194470798,0.2793145938005692,0.0,0.1,,,0.0,1.0,,,2.0
8680,,,,0.1,,,0.0,1.0,,,2.0
8681,,,,0.1,,,,,,,2.0
8682,,,,0.1,,,,,,,2.0
8683,0.0012462543631850415,0.269190942447969,0.0,0.1,,,0.0,1.0,,,2.0
8684,0.001585293273392761,0.34242334705283634,0.0,0.1,,,0.0,1.0,,,2.0
8685,0.0011238188205189138,0.24274486523208538,0.0,0.1,,,0.0,1.0,,,2.0
8686,0.0005464460019519631,0.11803233642162403,0.0,0.1,,,0.0,1.0,,,2.0
8687,0.0013606116301274733,0.29389211210753424,0.0,0.1,,,0.0,1.0,,,2.0
8688,0.0017421037120777876,0.37629440180880214,0.0,0.1,,,0.0,1.0,,,2.0
8689,0.00027204658526278053,0.058762062416760595,1.0,0.1,,,0.0,1.0,,,2.0
8690,0.0001621414222833988,0.035022547213214135,1.0,0.1,,,0.0,1.0,,,2.0
8691,0.0012639799268045347,0.2730196641897795,0.0,0.1,,,0.0,1.0,,,2.0
8692,0.001319935275104575,0.2851060194225882,0.0,0.1,,,0.0,1.0,,,2.0
8693,0.001481986789060872,0.32010914643714833,0.0,0.1,,,0.0,1.0,,,2.0
8694,0.0010669652032047102,0.23046448389221744,0.0,0.1,,,0.0,1.0,,,2.0
8695,0.0012530699257899524,0.2706631039706297,0.0,0.1,,,0.0,1.0,,,2.0
8696,0.0002695405898435046,0.05822076740619699,1.0,0.1,,,0.0,1.0,,,2.0
8697,0.0014437329561159187,0.31184631852103845,0.0,0.1,,,0.0,1.0,,,2.0
8698,0.002328530030802146,0.5029624866532636,0.0,0.1,,,0.0,1.0,,,2.0
8699,0.0014352016965604962,0.31000356645706717,0.0,0.1,,,0.0,1.0,,,2.0
8700,0.0014238112202963722,0.3075432235840164,0.0,0.1,,,0.0,1.0,,,2.0
8701,0.001227201969420939,0.2650756253949228,0.0,0.1,,,0.0,1.0,,,2.0
8702,0.0011564374927839163,0.2497904984413259,0.0,0.1,,,0.0,1.0,,,2.0
8703,0.00093112434076084,0.20112285760434145,0.0,0.1,,,0.0,1.0,,,2.0
8704,0.002242374979046726,0.4843529954740929,0.0,0.1,,,0.0,1.0,,,2.0
8705,0.0009217890556108566,0.19910643601194503,0.0,0.1,,,0.0,1.0,,,2.0
8706,0.001061031187027008,0.22918273639783374,0.0,0.1,,,0.0,1.0,,,2.0
8707,0.00028539667306744487,0.06164568138256809,1.0,0.1,,,0.0,1.0,,,2.0
8708,0.0020758502498982256,0.44838365397801677,0.0,0.1,,,0.0,1.0,,,2.0
8709,0.002824684400070709,0.6101318304152732,0.0,0.1,,,0.0,1.0,,,2.0
8710,0.0013837313959190283,0.2988859815185101,0.0,0.1,,,0.0,1.0,,,2.0
8711,0.0023780628335635964,0.5136615720497368,0.0,0.1,,,0.0,1.0,,,2.0
8712,0.0007192070486268624,0.1553487225034023,0.0,0.1,,,0.0,1.0,,,2.0
8713,0.0005958484423492815,0.1287032635474448,0.0,0.1,,,0.0,1.0,,,2.0
8714,0.0002617231536287789,0.056532201183816244,1.0,0.1,,,0.0,1.0,,,2.0
8715,,,,0.1,,,0.0,1.0,,,2.0
8716,,,,0.1,,,,,,,2.0
8717,,,,0.1,,,,,,,2.0
8718,,,,0.1,,,,,,,2.0
8719,0.0004387850021484051,0.0947775604640555,1.0,0.1,,,0.0,1.0,,,2.0
8720,0.0010831167763361595,0.23395322368861043,0.0,0.1,,,0.0,1.0,,,2.0
8721,0.00045004032308450047,0.0972087097862521,1.0,0.1,,,0.0,1.0,,,2.0
8722,0.000697404253960851,0.15063931885554382,0.0,0.1,,,0.0,1.0,,,2.0
8723,0.0010088509081260869,0.21791179615523476,0.0,0.1,,,0.0,1.0,,,2.0
8724,0.0012066193819380367,0.26062978649861596,0.0,0.1,,,0.0,1.0,,,2.0
8725,0.0004493581425886137,0.09706135879914055,1.0,0.1,,,0.0,1.0,,,2.0
8726,0.0008385639591977214,0.18112981518670782,0.0,0.1,,,0.0,1.0,,,2.0
8727,0.002197215588428167,0.47459856710048404,0.0,0.1,,,0.0,1.0,,,2.0
8728,0.0017375935833621912,0.37532021400623333,0.0,0.1,,,0.0,1.0,,,2.0
8729,0.0015450686334586845,0.33373482482707584,0.0,0.1,,,0.0,1.0,,,2.0
8730,0.0005091939082036915,0.10998588417199737,0.0,0.1,,,0.0,1.0,,,2.0
8731,0.0018252077281422313,0.39424486927872193,0.0,0.1,,,0.0,1.0,,,2.0
8732,0.0018031605220645596,0.3894826727659449,0.0,0.1,1144.523888907423,451.08278220027614,0.0,1.0,0.0,0.0,2.0
8733,0.0015544521346420937,0.33576166108269223,0.0,0.1,1132.9037451082777,440.6815712604296,0.0,1.0,0.0,0.0,2.0
8734,,,,0.1,1119.641517057876,432.03174301098744,0.0,1.0,0.0,0.0,2.0
8735,,,,0.1,,,,,,,2.0
8736,0.0022068469154146613,0.4766789337295669,0.0,0.1,,,0.0,1.0,,,2.0
8737,0.0016568736734755584,0.3578847134707206,0.0,0.1,,,0.0,1.0,,,2.0
8738,0.0027047873951257808,0.5842340773471687,0.0,0.1,,,0.0,1.0,,,2.0
8739,0.0007454068732950408,0.1610078846317288,0.0,0.1,1057.3538156010636,378.7043122308164,0.0,1.0,0.0,0.0,2.0
8740,0.0021519842477226696,0.46482859750809663,0.0,0.1,1053.7724818816841,377.159060046397,0.0,1.0,0.0,0.0,2.0
8741,0.002334709791992195,0.5042973150703141,0.0,0.1,1040.150900212285,367.86933098591703,0.0,1.0,0.0,0.0,2.0
8742,,,,0.1,1023.4967982605123,360.9686063472368,0.0,1.0,0.0,0.0,2.0
8743,,,,0.1,1010.460414196572,355.14747599535474,,,0.0,0.0,2.0
8744,0.0011482218112320735,0.2480159112261279,0.0,0.1,1007.1460801801811,353.42619126214066,0.0,1.0,0.0,0.0,2.0
8745,0.0003423470779376998,0.07394696883454317,1.0,0.1,1002.5938137160109,350.9090025707678,0.0,1.0,0.0,0.0,2.0
8746,0.00015379969016250338,0.03322073307510073,1.0,0.1,1002.28345042373,350.9894083866035,0.0,1.0,0.0,0.0,2.0
8747,0.001642701494070118,0.3548235227191455,0.0,0.1,1002.8351760291149,351.7111993972068,0.0,1.0,0.0,0.0,2.0
8748,0.00010884320160512711,0.023510131546707457,1.0,0.1,1002.6943061666176,353.34112589324775,0.0,1.0,0.0,0.0,2.0
8749,6.640709036994066e-05,0.014343931519907184,1.0,0.1,1002.7831626964226,353.7904739410694,0.0,1.0,0.0,0.0,2.0
8750,1.9043569652821557e-05,0.004113411045009456,1.0,0.1,1004.284680806069,355.8185270643656,0.0,1.0,0.0,0.0,2.0
8751,1.1920665488370763e-05,0.0025748637454880846,1.0,0.1,1004.1541303869975,355.7873878439592,0.0,1.0,0.0,0.0,2.0
8752,0.00017151580479655214,0.03704741383605527,1.0,0.1,1004.7780120727988,355.16148338307386,0.0,1.0,0.0,0.0,2.0
8753,0.00015007978175892066,0.03241723285992686,1.0,0.1,1004.596548256393,354.7067280371982,0.0,1.0,0.0,0.0,2.0
8754,0.00016942952037206414,0.036596776400365856,1.0,0.1,1004.8318776505569,354.67002266667765,0.0,1.0,0.0,0.0,2.0
8755,6.434945344440903e-05,0.013899481943992351,1.0,0.1,1004.8421785291911,354.7070190010546,0.0,1.0,0.0,0.0,2.0
8756,0.0007598528193578385,0.16412820898129313,0.0,0.1,1005.1159636644843,354.9160303700602,0.0,1.0,0.0,0.0,2.0
8757,0.00037443922388582737,0.08087887235933872,1.0,0.1,1005.4504250725345,355.0860072300027,0.0,1.0,0.0,0.0,2.0
8758,8.789655223734781e-05,0.01898565528326713,1.0,0.1,1005.3720468125082,354.82868445081033,0.0,1.0,0.0,0.0,2.0
8759,0.0003397066174761062,0.07337662937483895,1.0,0.1,1005.7295891085456,354.3136184388334,0.0,1.0,0.0,0.0,2.0
8760,0.0001400707505988454,0.03025528212935061,1.0,0.1,1004.6613091601628,354.0972188932723,0.0,1.0,0.0,0.0,2.0
8761,0.00012199123459928858,0.02635010667344633,1.0,0.1,,,0.0,1.0,,,2.0
8762,0.0001826664873107539,0.03945596125912284,1.0,0.1,1006.0598721064249,354.3156898677825,0.0,1.0,0.0,0.0,2.0
8763,0.00010108853810020268,0.02183512422964378,1.0,0.1,1007.0008351531222,354.73838730687146,0.0,1.0,0.0,0.0,2.0
8764,0.0004716751818805833,0.101881839286206,0.0,0.1,1007.1125098686197,355.2542377863222,0.0,1.0,0.0,0.0,2.0
8765,4.55526640598658e-05,0.009839375436931013,1.0,0.1,1007.6844193711753,355.2865365170057,0.0,1.0,0.0,0.0,2.0
8766,8.21387402277584e-05,0.01774196788919581,1.0,0.1,1007.5347257901298,354.7680586090267,0.0,1.0,0.0,0.0,2.0
8767,0.00017628887942732993,0.038078397956303266,1.0,0.1,1007.9967451409208,355.37111045859507,0.0,1.0,0.0,0.0,2.0
8768,0.0002566027390124476,0.055426191626688694,1.0,0.1,1008.268985996418,355.32349328738667,0.0,1.0,0.0,0.0,2.0
8769,0.0010013760504787228,0.2162972269034041,0.0,0.1,1012.0803475448706,355.6208119457758,0.0,1.0,0.0,0.0,2.0
8770,0.0017116163671554946,0.3697091353055868,0.0,0.1,1027.3321285721872,355.3886959481153,0.0,1.0,0.0,0.0,2.0
8771,0.00044673079001412145,0.09649385064305024,1.0,0.1,1046.4395002494903,359.49447414025775,0.0,1.0,0.0,0.0,2.0
8772,0.00120411251095506,0.260088302366293,0.0,0.1,1049.3213581549996,359.8762904693846,0.0,1.0,0.0,0.0,2.0
8773,0.0007245030039464086,0.15649264885242425,0.0,0.1,1057.7340434269495,362.1939959479931,0.0,1.0,0.0,0.0,2.0
8774,0.0008644673392127562,0.18672494526995537,0.0,0.1,1066.6404992368975,363.71040774386734,0.0,1.0,0.0,0.0,2.0
8775,0.0003028700662028161,0.06541993429980827,1.0,0.1,1070.8190531304558,365.80192657540704,0.0,1.0,0.0,0.0,2.0
8776,0.0011627809175642268,0.251160678193873,0.0,0.1,1075.0147395300962,368.32447354253947,0.0,1.0,0.0,0.0,2.0
8777,0.0010629984709835132,0.22960766973243887,0.0,0.1,1083.2144158251215,371.9760656273487,0.0,1.0,0.0,0.0,2.0
8778,0.00026796220587404476,0.057879836468793674,1.0,0.1,1085.1460076518533,373.05997629385814,0.0,1.0,0.0,0.0,2.0
8779,0.00015479757009936846,0.033436275141463585,1.0,0.1,,,0.0,1.0,,,2.0
8780,0.00011653875119653811,0.02517237025845223,1.0,0.1,,,0.0,1.0,,,2.0
8781,0.0009826213748034347,0.21224621695754192,0.0,0.1,,,0.0,1.0,,,2.0
8782,0.00019697824258023416,0.04254730039733058,1.0,0.1,,,0.0,1.0,,,2.0
8783,0.0004455970983782661,0.09624897324970548,1.0,0.1,,,0.0,1.0,,,2.0
8784,0.00013098325382738605,0.028292382826715385,1.0,0.1,,,0.0,1.0,,,2.0
8785,6.212871453772779e-05,0.013419802340149202,1.0,0.1,,,0.0,1.0,,,2.0
8786,5.737652986581238e-05,0.012393330451015474,1.0,0.1,,,0.0,1.0,,,2.0
8787,0.00010883041310075925,0.023507369229764,1.0,0.1,,,0.0,1.0,,,2.0
8788,0.00015351976022533369,0.03316026820867208,1.0,0.1,,,0.0,1.0,,,2.0
8789,4.287525268872306e-05,0.009261054580764181,1.0,0.1,,,0.0,1.0,,,2.0
8790,7.82853589525351e-05,0.016909637533747583,1.0,0.1,,,0.0,1.0,,,2.0
8791,0.0001078623184699294,0.02329826078950475,1.0,0.1,,,0.0,1.0,,,2.0
8792,0.00013601783767354462,0.02937985293748564,1.0,0.1,,,0.0,1.0,,,2.0
8793,5.586727799811849e-05,0.012067332047593594,1.0,0.1,,,0.0,1.0,,,2.0
8794,9.81694069463094e-05,0.02120459190040283,1.0,0.1,,,0.0,1.0,,,2.0
8795,0.00039901051533268824,0.08618627131186067,1.0,0.1,,,0.0,1.0,,,2.0
8796,0.00030389169162439375,0.06564060539086905,1.0,0.1,,,0.0,1.0,,,2.0
8797,4.1253531029369525e-05,0.008910762702343818,1.0,0.1,,,0.0,1.0,,,2.0
8798,0.0001348044377073183,0.029117758544780756,1.0,0.1,,,0.0,1.0,,,2.0
8799,6.524807741791174e-05,0.014093584722268938,1.0,0.1,,,0.0,1.0,,,2.0
8800,0.00037096363630563625,0.08012814544201743,1.0,0.1,,,0.0,1.0,,,2.0
8801,0.0004061583760222218,0.08773020922079991,1.0,0.1,,,0.0,1.0,,,2.0
8802,4.162894289158379e-05,0.0089918516645821,1.0,0.1,,,0.0,1.0,,,2.0
8803,8.807635972580214e-05,0.019024493700773262,1.0,0.1,,,0.0,1.0,,,2.0
8804,1.882279687583043e-05,0.004065724125179373,1.0,0.1,,,0.0,1.0,,,2.0
8805,3.094202603620669e-05,0.0066834776238206455,1.0,0.1,,,0.0,1.0,,,2.0
8806,0.00010854262641331073,0.02344520730527512,1.0,0.1,,,0.0,1.0,,,2.0
8807,0.00018991088776849457,0.04102075175799483,1.0,0.1,,,0.0,1.0,,,2.0
8808,0.00010811323560327283,0.023352458890306932,1.0,0.1,,,0.0,1.0,,,2.0
8809,7.328821477617735e-05,0.015830254391654305,1.0,0.1,,,0.0,1.0,,,2.0
8810,0.000111790480966068,0.024146743888670687,1.0,0.1,,,0.0,1.0,,,2.0
8811,0.0008241034103771558,0.17800633664146567,0.0,0.1,,,0.0,1.0,,,2.0
8812,0.0014977512000443492,0.32351425920957944,0.0,0.1,,,0.0,1.0,,,2.0
8813,0.0006452710339964946,0.13937854334324284,0.0,0.1,,,0.0,1.0,,,2.0
8814,0.0005943861143751853,0.12838740070504004,0.0,0.1,,,0.0,1.0,,,2.0
8815,0.00023718090879762076,0.05123107630028608,1.0,0.1,1059.2269486908226,373.36191545273897,0.0,1.0,0.0,0.0,2.0
8816,0.000169581955306255,0.03662970234615108,1.0,0.1,1051.1532971078527,371.3571824289027,0.0,1.0,0.0,0.0,2.0
8817,0.0007286237137521756,0.15738272217046995,0.0,0.1,1046.6810818133404,367.7848780028416,0.0,1.0,0.0,0.0,2.0
8818,0.0002892040396378255,0.06246807256177031,1.0,0.1,1042.6516191083697,367.036593568043,0.0,1.0,0.0,0.0,2.0
8819,0.0005115395459255623,0.11049254191992146,0.0,0.1,1040.884372901531,366.4606416753895,0.0,1.0,0.0,0.0,2.0
8820,,,,0.1,1037.7829343900485,366.46873677911447,0.0,1.0,0.0,0.0,2.0
8821,,,,0.1,1037.3626909913758,366.2820269918698,,,0.0,0.0,2.0
8822,,,,0.1,1033.9955947148721,363.30638470031425,,,0.0,0.0,2.0
8823,,,,0.1,1031.3198651850673,362.53835734128836,,,0.0,0.0,2.0
8824,,,,0.1,1030.3919786466492,363.5839767240967,,,0.0,0.0,2.0
8825,,,,0.1,1030.6000462316674,363.55924939662583,,,0.0,0.0,2.0
8826,,,,0.1,1029.7299411046442,362.68348891778345,0.0,1.0,0.0,0.0,2.0
8827,,,,0.1,1028.5015928878272,359.89383839842657,,,0.0,0.0,2.0
8828,0.0004116900368738048,0.08892504796474184,1.0,0.1,1027.3133761165782,358.1750402124741,0.0,1.0,0.0,0.0,2.0
8829,0.00035640534056754114,0.07698355356258889,1.0,0.1,1027.0825030473286,355.8275625683214,0.0,1.0,0.0,0.0,2.0
8830,0.00046996745897999323,0.10151297113967854,0.0,0.1,1028.3202882377093,355.7077611718197,0.0,1.0,0.0,0.0,2.0
8831,0.00035988586023468654,0.0777353458106923,1.0,0.1,1028.5852422998842,354.71435832394945,0.0,1.0,0.0,0.0,2.0
8832,0.0004427672120624186,0.09563771780548241,1.0,0.1,1029.5675064399402,353.64059119230205,0.0,1.0,0.0,0.0,2.0
8833,0.00035107810240208784,0.07583287011885097,1.0,0.1,1030.2530206188749,352.89219655109804,0.0,1.0,0.0,0.0,2.0
8834,9.954061447392351e-05,0.021500772726367478,1.0,0.1,1029.200529545146,350.3159610287763,0.0,1.0,0.0,0.0,2.0
8835,0.000256502235546411,0.05540448287802478,1.0,0.1,1029.2077947374069,349.8953904610128,0.0,1.0,0.0,0.0,2.0
8836,0.00015737157516039404,0.03399226023464511,1.0,0.1,1028.7083037068735,349.13239571661006,0.0,1.0,0.0,0.0,2.0
8837,7.923126415129273e-05,0.01711395305667923,1.0,0.1,1028.3638951052912,348.12190802218066,0.0,1.0,0.0,0.0,2.0
8838,0.0001762982931150236,0.038080431312845095,1.0,0.1,1028.8607059094593,348.4388102128163,0.0,1.0,0.0,0.0,2.0
8839,0.0002736048320257314,0.059098643717557985,1.0,0.1,1028.739094070887,348.2100002699938,0.0,1.0,0.0,0.0,2.0
8840,0.0001790785342774566,0.03868096340393063,1.0,0.1,1029.8091249299368,349.08021542604126,0.0,1.0,0.0,0.0,2.0
8841,5.8864957857345596e-05,0.01271483089718665,1.0,0.1,1029.5477920539747,349.75529321682626,0.0,1.0,0.0,0.0,2.0
8842,4.858836019867991e-05,0.010495085802914859,1.0,0.1,1030.6322580645908,351.54587204396364,0.0,1.0,0.0,0.0,2.0
8843,0.0003726277956628202,0.08048760386316917,1.0,0.1,1029.9665256567584,351.67185291689157,0.0,1.0,0.0,0.0,2.0
8844,9.325765419630766e-05,0.020143653306402456,1.0,0.1,1029.1307198041377,350.75366397293004,0.0,1.0,0.0,0.0,2.0
8845,0.00013921669225237665,0.030070805526513356,1.0,0.1,1028.9924313057102,350.84685399332636,0.0,1.0,0.0,0.0,2.0
8846,5.3542032190615045e-05,0.011565078953172851,1.0,0.1,1029.8862814797671,351.1257385123379,0.0,1.0,0.0,0.0,2.0
8847,0.0003303986309333558,0.07136610428160485,1.0,0.1,1030.3648664891834,352.3703489857425,0.0,1.0,0.0,0.0,2.0
8848,0.0001291395329660876,0.02789413912067492,1.0,0.1,1029.9906581146288,351.8152819934083,0.0,1.0,0.0,0.0,2.0
8849,2.8849827647354617e-05,0.006231562771828597,1.0,0.1,1029.503438254786,352.34134806205486,0.0,1.0,0.0,0.0,2.0
8850,0.00016790126487952153,0.036266673213976655,1.0,0.1,1029.9495849374996,351.95462703060434,0.0,1.0,0.0,0.0,2.0
8851,6.930816165772503e-05,0.014970562918068605,1.0,0.1,1029.2923034765258,352.0415366738708,0.0,1.0,0.0,0.0,2.0
8852,0.0002889559361176937,0.062414482201421845,1.0,0.1,1029.629546093801,352.56668608765295,0.0,1.0,0.0,0.0,2.0
8853,0.00023044175352880357,0.04977541876222157,1.0,0.1,1029.6410616528497,352.5886652784167,0.0,1.0,0.0,0.0,2.0
8854,8.495315553921876e-05,0.018349881596471256,1.0,0.1,1029.9961342517083,353.3175083558396,0.0,1.0,0.0,0.0,2.0
8855,0.00043165753488652955,0.09323802753549039,1.0,0.1,1030.5348790100732,353.4471064868411,0.0,1.0,0.0,0.0,2.0
8856,0.00020114482008872474,0.043447281139164545,1.0,0.1,1031.8846578709542,355.1183920696576,0.0,1.0,0.0,0.0,2.0
8857,0.00010291287749073145,0.022229181537997994,1.0,0.1,1031.0848619277435,354.02964350324794,0.0,1.0,0.0,0.0,2.0
8858,6.402809097214103e-05,0.013830067649982462,1.0,0.1,1031.3485789078904,354.8010906764066,0.0,1.0,0.0,0.0,2.0
8859,0.000122371999957339,0.02643235199078522,1.0,0.1,1031.269924709022,354.63683221824516,0.0,1.0,0.0,0.0,2.0
8860,6.317901335825328e-05,0.013646666885382708,1.0,0.1,1031.1000058084817,354.7834961599912,0.0,1.0,0.0,0.0,2.0
8861,3.1541837799550745e-05,0.0068130369647029605,1.0,0.1,1032.0753979028946,355.7005530355282,0.0,1.0,0.0,0.0,2.0
8862,8.712145187535206e-05,0.018818233605076045,1.0,0.1,1032.3796249357765,355.82570552835807,0.0,1.0,0.0,0.0,2.0
8863,9.408884972088764e-05,0.02032319153971173,1.0,0.1,1032.634453216998,356.26107598658723,0.0,1.0,0.0,0.0,2.0
8864,0.0001609711512678589,0.034769768673857525,1.0,0.1,1031.879213586883,355.6510636787668,0.0,1.0,0.0,0.0,2.0
8865,0.00012863611849785777,0.02778540159553728,1.0,0.1,1032.8795652963238,356.3888251794566,0.0,1.0,0.0,0.0,2.0
8866,0.0001367971159144009,0.029548177037510594,1.0,0.1,1031.714543705787,355.21477905936075,0.0,1.0,0.0,0.0,2.0
8867,0.00021171059032514797,0.04572948751023196,1.0,0.1,1031.4966053582393,354.83076175139286,0.0,1.0,0.0,0.0,2.0
8868,0.00034533312272413724,0.07459195450841365,1.0,0.1,1031.3425475080944,354.17859285556244,0.0,1.0,0.0,0.0,2.0
8869,0.00011515845390822912,0.02487422604417749,1.0,0.1,1031.006858300831,353.4621798368099,0.0,1.0,0.0,0.0,2.0
8870,8.868804005716204e-05,0.019156616652347004,1.0,0.1,1030.75977670682,353.35571208100686,0.0,1.0,0.0,0.0,2.0
8871,8.795496326605083e-05,0.01899827206546698,1.0,0.1,1030.6789415757303,353.29554938517305,0.0,1.0,0.0,0.0,2.0
8872,9.128811441023465e-05,0.019718232712610684,1.0,0.1,1030.837272833437,353.3701783820078,0.0,1.0,0.0,0.0,2.0
8873,0.00017555714178656042,0.03792034262589705,1.0,0.1,1031.1402735712002,353.26253902611927,0.0,1.0,0.0,0.0,2.0
8874,7.966744354941236e-05,0.017208167806673072,1.0,0.1,1030.5827423957953,353.03598063665913,0.0,1.0,0.0,0.0,2.0
8875,0.00010980824912027714,0.023718581809979863,1.0,0.1,1030.5711009291147,353.36259901289446,0.0,1.0,0.0,0.0,2.0
8876,3.905082085786169e-05,0.008434977305298125,1.0,0.1,1031.073798263327,353.6004521451609,0.0,1.0,0.0,0.0,2.0
8877,0.00013410064466814803,0.028965739248319973,1.0,0.1,1031.2954376476778,353.93719019199284,0.0,1.0,0.0,0.0,2.0
8878,5.155302624597801e-05,0.01113545366913125,1.0,0.1,1031.784736809375,354.17243780569953,0.0,1.0,0.0,0.0,2.0
8879,0.00020685921926642294,0.044681591361547354,1.0,0.1,1031.7272384518017,354.10190520023406,0.0,1.0,0.0,0.0,2.0
8880,0.00020708788604775384,0.04473098338631483,1.0,0.1,1031.76812670131,354.0711500279539,0.0,1.0,0.0,0.0,2.0
8881,0.00013456161849703663,0.02906530959535991,1.0,0.1,1032.3317439538284,354.99997834987664,0.0,1.0,0.0,0.0,2.0
8882,4.1766801988412806e-05,0.009021629229497166,1.0,0.1,1031.3100194774863,354.6277221377183,0.0,1.0,0.0,0.0,2.0
8883,0.0005924637392868624,0.12797216768596228,0.0,0.1,1030.5978310731598,351.93224026363464,0.0,1.0,0.0,0.0,2.0
8884,0.0006331966480416153,0.1367704759769889,0.0,0.1,1025.8244473485713,346.94960791163135,0.0,1.0,0.0,0.0,2.0
8885,,,,0.1,1011.8139693833211,336.4564543995123,0.0,1.0,0.0,0.0,2.0
8886,,,,0.1,1003.6528999350201,330.75524012739527,,,0.0,0.0,2.0
8887,,,,0.1,997.787469265757,325.18778800702006,0.0,1.0,0.0,0.0,2.0
8888,,,,0.1,987.059167839806,315.5590996159789,,,0.0,0.0,2.0
8889,,,,0.1,981.0088278381826,310.2683057773695,,,0.0,0.0,2.0
8890,0.0002151935350369325,0.046481803567977424,1.0,0.1,977.26077909902,304.4775551534309,0.0,1.0,0.0,0.0,2.0
8891,0.0009335967169710969,0.20165689086575694,0.0,0.1,976.6191039301333,303.11479942337184,0.0,1.0,0.0,0.0,2.0
8892,0.00019945644121903143,0.04308259130331079,1.0,0.1,974.491636369649,298.09364907957945,0.0,1.0,0.0,0.0,2.0
8893,0.00020845536366683414,0.045026358552036176,1.0,0.1,973.6535282707042,296.43756557731854,0.0,1.0,0.0,0.0,2.0
8894,0.0006118373218420342,0.1321568615178794,0.0,0.1,975.5990524412483,296.5201353126458,0.0,1.0,0.0,0.0,2.0
8895,0.0012759480797377312,0.2756047852233499,0.0,0.1,980.0759697780045,298.39463697648154,0.0,1.0,0.0,0.0,2.0
8896,0.00018253080393488836,0.03942665364993589,1.0,0.1,981.6358529865588,295.4389312372663,0.0,1.0,0.0,0.0,2.0
8897,0.00027925903766137203,0.060319952134856365,1.0,0.1,981.5678644006765,293.49011901282216,0.0,1.0,0.0,0.0,2.0
8898,0.0008422048284379074,0.18191624294258799,0.0,0.1,982.444449805471,294.6066774155575,0.0,1.0,0.0,0.0,2.0
8899,0.0008758879242504753,0.18919179163810268,0.0,0.1,984.2722441847691,298.21040948411115,0.0,1.0,0.0,0.0,2.0
8900,0.00012408040454487277,0.026801367381692517,1.0,0.1,989.2466025208432,304.1104236205195,0.0,1.0,0.0,0.0,2.0
8901,0.0002895599087973865,0.0625449403002355,1.0,0.1,992.7153262305612,306.5098923687359,0.0,1.0,0.0,0.0,2.0
8902,0.00019726118535063093,0.042608416035736285,1.0,0.1,993.2382081786265,307.48460189996666,0.0,1.0,0.0,0.0,2.0
8903,0.00013662727680775364,0.029511491790474787,1.0,0.1,996.1326171252906,310.13656215004926,0.0,1.0,0.0,0.0,2.0
8904,0.00026270442213280684,0.056744155180686276,1.0,0.1,998.3164452391002,312.05589526419675,0.0,1.0,0.0,0.0,2.0
8905,0.0003125165540899506,0.06750357568342934,1.0,0.1,1000.5479734919917,312.57575300194316,0.0,1.0,0.0,0.0,2.0
8906,0.0008452321630753238,0.18257014722426995,0.0,0.1,1004.1484782228835,315.54300738446824,0.0,1.0,0.0,0.0,2.0
8907,0.0005921145739384883,0.1278967479707135,0.0,0.1,1014.8522277020127,321.6176186912334,0.0,1.0,0.0,0.0,2.0
8908,0.0004409117798775753,0.09523694445355627,1.0,0.1,1030.5023375422957,329.6364048168376,0.0,1.0,0.0,0.0,2.0
8909,0.0009321936091364384,0.2013538195734707,0.0,0.1,,,0.0,1.0,,,2.0
8910,0.0008688892925064912,0.1876800871814021,0.0,0.1,,,0.0,1.0,,,2.0
8911,0.0007301343613156298,0.15770902204417603,0.0,0.1,,,0.0,1.0,,,2.0
8912,0.00048844333763088,0.1055037609282701,0.0,0.1,,,0.0,1.0,,,2.0
8913,0.0013610553322899845,0.29398795177463666,0.0,0.1,,,0.0,1.0,,,2.0
8914,0.0003318237294948689,0.07167392557089168,1.0,0.1,,,0.0,1.0,,,2.0
8915,0.00034001523305816347,0.07344329034056331,1.0,0.1,,,0.0,1.0,,,2.0
8916,0.0003832062405577522,0.08277254796047448,1.0,0.1,,,0.0,1.0,,,2.0
8917,0.0003310277625230295,0.07150199670497437,1.0,0.1,,,0.0,1.0,,,2.0
8918,0.000715626041900159,0.15457522505043436,0.0,0.1,,,0.0,1.0,,,2.0
8919,0.00047407914867477147,0.10240109611375063,0.0,0.1,,,0.0,1.0,,,2.0
8920,0.00018789370326156488,0.040585039904498015,1.0,0.1,,,0.0,1.0,,,2.0
8921,0.0007421818857281231,0.1603112873172746,0.0,0.1,,,0.0,1.0,,,2.0
8922,0.0009970657978873845,0.21536621234367506,0.0,0.1,1038.8221364437375,349.8289959927699,0.0,1.0,0.0,0.0,2.0
8923,0.0009474823081241546,0.2046561785548174,0.0,0.1,1018.3847563878758,336.9422990546384,0.0,1.0,0.0,0.0,2.0
8924,0.0005928530619300927,0.12805626137690004,0.0,0.1,1011.7936332779465,332.24041178821375,0.0,1.0,0.0,0.0,2.0
8925,0.0005459933088460719,0.11793455471075154,0.0,0.1,1003.0942407316535,324.3896207625836,0.0,1.0,0.0,0.0,2.0
8926,0.0009383258287903026,0.20267837901870536,0.0,0.1,1000.6947082050984,318.9498265652569,0.0,1.0,0.0,0.0,2.0
8927,0.00037175953859343357,0.08030006033618164,1.0,0.1,1000.6326647659193,315.87293904332233,0.0,1.0,0.0,0.0,2.0
8928,0.0001737530600048968,0.037530660961057706,1.0,0.1,1000.2892729134377,313.68969588153385,0.0,1.0,0.0,0.0,2.0
8929,0.00011312520975753788,0.024435045307628182,1.0,0.1,1000.6489367053404,314.2328205031441,0.0,1.0,0.0,0.0,2.0
8930,0.0005143671182481764,0.1111032975416061,0.0,0.1,999.1790901639508,312.98527725187523,0.0,1.0,0.0,0.0,2.0
8931,0.0003055828122199495,0.0660058874395091,1.0,0.1,994.9528216407962,312.41255449630336,0.0,1.0,0.0,0.0,2.0
8932,0.00015451925181500918,0.033376158392041985,1.0,0.1,985.290150416938,308.3460754804855,0.0,1.0,0.0,0.0,2.0
8933,0.0005627985299292707,0.12156448246472248,0.0,0.1,982.7767223543827,307.23696789363134,0.0,1.0,0.0,0.0,2.0
8934,0.00037951909749408885,0.08197612505872319,1.0,0.1,973.7770911257354,303.45126192454853,0.0,1.0,0.0,0.0,2.0
8935,0.0004906581117141133,0.10598215213024846,0.0,0.1,967.3838102180362,297.05370254625194,0.0,1.0,0.0,0.0,2.0
8936,0.0008381758291309887,0.18104597909229356,0.0,0.1,958.6706658050674,288.13097851398845,0.0,1.0,0.0,0.0,2.0
8937,0.00029418002429695134,0.06354288524814149,1.0,0.1,950.2601530175886,276.28790024014444,0.0,1.0,0.0,0.0,2.0
8938,0.000553918245938243,0.1196463411226605,0.0,0.1,946.7248809862042,271.4737112103159,0.0,1.0,0.0,0.0,2.0
8939,0.0005919544670459106,0.1278621648819167,0.0,0.1,940.0887333166789,266.69286176645335,0.0,1.0,0.0,0.0,2.0
8940,0.001264074611696758,0.2730401161264997,0.0,0.1,935.8497945924641,265.14767431500957,0.0,1.0,0.0,0.0,2.0
8941,0.00015405594167279622,0.033276083401323986,1.0,0.1,930.0677438010671,263.37901143845977,0.0,1.0,0.0,0.0,2.0
8942,0.0002349197064489868,0.050742656592981154,1.0,0.1,928.5005737489737,262.73191888340637,0.0,1.0,0.0,0.0,2.0
8943,0.00022072990382574083,0.04767765922636002,1.0,0.1,926.3757763892369,262.2742401418126,0.0,1.0,0.0,0.0,2.0
8944,2.945363005467066e-05,0.006361984091808863,1.0,0.1,924.7125386784039,259.7130425210427,0.0,1.0,0.0,0.0,2.0
8945,4.7606405087020254e-05,0.010282983498796375,1.0,0.1,922.9224428092277,257.56216324687955,0.0,1.0,0.0,0.0,2.0
8946,0.0002045756395273023,0.04418833813789729,1.0,0.1,924.2256528526217,258.1774823770083,0.0,1.0,0.0,0.0,2.0
8947,0.00014946107245252815,0.032283591649746084,1.0,0.1,924.769635242104,258.54137575690714,0.0,1.0,0.0,0.0,2.0
8948,0.00014581864296041804,0.031496826879450296,1.0,0.1,925.553320217932,259.1328754119213,0.0,1.0,0.0,0.0,2.0
8949,0.0012379186095296654,0.26739041965840776,0.0,0.1,926.4888938814535,260.1997572349072,0.0,1.0,0.0,0.0,2.0
8950,0.0006903215556971885,0.14910945603059272,0.0,0.1,927.699224409115,261.1008246768065,0.0,1.0,0.0,0.0,2.0
8951,0.0018410473981520239,0.39766623800083717,0.0,0.1,927.4028798734631,260.6454544144955,0.0,1.0,0.0,0.0,2.0
8952,0.00023891068636642108,0.05160470825514696,1.0,0.1,927.6701320984705,260.6147467490284,0.0,1.0,0.0,0.0,2.0
8953,0.00010128456907946376,0.02187746692116417,1.0,0.1,928.3801565237634,261.12429479869286,0.0,1.0,0.0,0.0,2.0
8954,7.450930579556406e-05,0.016094010051841835,1.0,0.1,928.2567756554654,261.52812288661306,0.0,1.0,0.0,0.0,2.0
8955,0.00011862197796426861,0.02562234724028202,1.0,0.1,928.1613733821239,262.5706303113976,0.0,1.0,0.0,0.0,2.0
8956,3.957286852076295e-06,0.0008547739600484798,1.0,0.1,928.2542031328295,262.867688404977,0.0,1.0,0.0,0.0,2.0
8957,0.0002521675309226186,0.05446818667928562,1.0,0.1,928.6621707055225,263.0414568349302,0.0,1.0,0.0,0.0,2.0
8958,0.0019232132996275233,0.41541407271954506,0.0,0.1,928.4232896691155,263.1942011032935,0.0,1.0,0.0,0.0,2.0
8959,2.7925632095636898e-05,0.00603193653265757,1.0,0.1,928.7759756449042,263.4652618836313,0.0,1.0,0.0,0.0,2.0
8960,4.7859631857383456e-05,0.010337680481194825,1.0,0.1,928.9898094552958,263.4805367921833,0.0,1.0,0.0,0.0,2.0
8961,3.953953520566866e-05,0.00854053960442443,1.0,0.1,928.5616172345398,262.8996992529428,0.0,1.0,0.0,0.0,2.0
8962,0.0008253053014767788,0.17826594511898422,0.0,0.1,929.2445103418328,263.26322689105706,0.0,1.0,0.0,0.0,2.0
8963,0.0015231404858810716,0.3289983449503115,0.0,0.1,929.6394906302845,263.27038274362116,0.0,1.0,0.0,0.0,2.0
8964,0.0003285077116158882,0.07095766570903185,1.0,0.1,925.127941580713,249.58243881950585,0.0,1.0,0.0,0.0,2.0
8965,0.0010806924371190801,0.2334295664177213,0.0,0.1,923.2318038193173,244.75552038084152,0.0,1.0,0.0,0.0,2.0
8966,,,,0.1,920.6338481844485,238.92279399874454,0.0,1.0,0.0,0.0,2.0
8967,,,,0.1,912.646013359892,229.24753700569337,,,0.0,0.0,2.0
8968,,,,0.1,902.8515516760672,219.94795767060882,,,0.0,0.0,2.0
8969,,,,0.1,899.7559639420109,215.76091445987214,,,0.0,0.0,2.0
8970,,,,0.1,890.3423871454639,212.6926516876514,,,0.0,0.0,2.0
8971,,,,0.1,878.2282810632383,201.7945682477072,,,0.0,0.0,2.0
8972,,,,0.1,864.8733060301778,196.01539173379362,,,0.0,0.0,2.0
8973,,,,0.1,850.9175370600645,195.85538823319663,,,0.0,0.0,2.0
8974,0.0032644647813683605,0.7051243927755659,0.0,0.1,846.3036496908443,197.41664253999843,0.0,1.0,0.0,0.0,2.0
8975,0.0023627795696705856,0.5103603870488466,0.0,0.1,837.3781347652134,200.02870386363114,0.0,1.0,0.0,0.0,2.0
8976,0.0018283122275644785,0.39491544115392735,0.0,0.1,830.7391614004529,202.21977799644108,0.0,1.0,0.0,0.0,2.0
8977,0.0012512119952914123,0.27026179098294506,0.0,0.1,818.4535845473149,206.42628365555774,0.0,1.0,0.0,0.0,2.0
8978,0.0020041560004306325,0.43289769609301665,0.0,0.1,813.3826331162354,207.99323397603962,0.0,1.0,0.0,0.0,2.0
8979,0.0025246093824445363,0.5453156266080198,0.0,0.1,804.5695181425682,210.64666514204941,0.0,1.0,0.0,0.0,2.0
8980,0.0022172946235209665,0.4789356386805288,0.0,0.1,797.7737439713948,214.37900889675885,0.0,1.0,0.0,0.0,2.0
8981,0.0021968644352663544,0.47452271801753254,0.0,0.1,791.0774149971301,217.8766078754227,0.0,1.0,0.0,0.0,2.0
8982,0.0012372569375099917,0.2672474985021582,0.0,0.1,779.2699591305577,224.56816356949227,0.0,1.0,0.0,0.0,2.0
8983,0.002173963742855407,0.4695761684567679,0.0,0.1,773.6841838570947,228.49309631923836,0.0,1.0,0.0,0.0,2.0
8984,0.0028745769092041154,0.6209086123880889,0.0,0.1,762.5254737229069,234.03676500143644,0.0,1.0,0.0,0.0,2.0
8985,0.0031735168175355496,0.6854796325876787,0.0,0.1,752.3047339498775,238.41765583903268,0.0,1.0,0.0,0.0,2.0
8986,0.002159283603330412,0.46640525831936896,0.0,0.1,747.004935525889,240.04683282990604,0.0,1.0,0.0,0.0,2.0
8987,0.003210096856442527,0.6933809209915859,0.0,0.1,743.6289876476607,240.4267033725678,0.0,1.0,0.0,0.0,2.0
8988,0.0021269813011746126,0.4594279610537163,0.0,0.1,732.5343928635635,241.52869595948908,0.0,1.0,0.0,0.0,2.0
8989,0.0025604835101929544,0.5530644382016782,0.0,0.1,721.9151866992181,246.70873188606592,0.0,1.0,0.0,0.0,2.0
8990,0.0026947810982044197,0.5820727172121547,0.0,0.1,712.125737887462,250.97352853249623,0.0,1.0,0.0,0.0,2.0
8991,0.0021072752510199032,0.4551714542202991,0.0,0.1,703.441957635474,254.29609103232863,0.0,1.0,0.0,0.0,2.0
8992,0.0026731063328305138,0.577390967891391,0.0,0.1,701.1412780070063,254.45650905268727,0.0,1.0,0.0,0.0,2.0
8993,0.0014058319233729022,0.3036596954485469,0.0,0.1,697.3855081672499,257.2480309431551,0.0,1.0,0.0,0.0,2.0
8994,0.002659855057862591,0.5745286924983196,0.0,0.1,685.0026024527527,262.6009204654973,0.0,1.0,0.0,0.0,2.0
8995,0.0010509647543868732,0.22700838694756462,0.0,0.1,673.1315972827952,269.6261293021632,0.0,1.0,0.0,0.0,2.0
8996,0.0017962156387726232,0.38798257797488667,0.0,0.1,667.9145766753579,272.9456502311441,0.0,1.0,0.0,0.0,2.0
8997,0.002666232681078346,0.5759062591129228,0.0,0.1,665.3251144670031,272.44101313724605,0.0,1.0,0.0,0.0,2.0
8998,0.0013621866141558829,0.2942323086576707,0.0,0.1,664.8814690559642,271.2478087446061,0.0,1.0,0.0,0.0,2.0
8999,0.0010271159999937123,0.22185705599864186,0.0,0.1,667.9171367823402,267.08664235719914,0.0,1.0,0.0,0.0,2.0
9000,0.00013701643105717564,0.029595549108349942,1.0,0.1,673.314351257476,259.7688025800221,0.0,1.0,0.0,0.0,2.0
9001,0.0005589403795117392,0.12073112197453567,0.0,0.1,674.9145107916033,255.9938304167924,0.0,1.0,0.0,0.0,2.0
9002,0.0007353245907060706,0.15883011159251126,0.0,0.1,678.7487245924245,242.26887131389344,0.0,1.0,0.0,0.0,2.0
9003,0.0005882758530380742,0.12706758425622403,0.0,0.1,684.5094532096654,231.15340467930935,0.0,1.0,0.0,0.0,2.0
9004,0.0003313500951925109,0.07157162056158235,1.0,0.1,679.977171314528,234.7196442357615,0.0,1.0,0.0,0.0,2.0
9005,0.0002097243139929466,0.04530045182247647,1.0,0.1,677.9219060238026,236.23012620378302,0.0,1.0,0.0,0.0,2.0
9006,0.00040168652251192257,0.08676428886257527,1.0,0.1,676.4506215992518,235.90204758368188,0.0,1.0,0.0,0.0,2.0
9007,0.0006099613317491436,0.13175164765781502,0.0,0.1,676.0178290634344,235.55400145610875,0.0,1.0,0.0,0.0,2.0
9008,0.0006927425801689067,0.14963239731648384,0.0,0.1,670.2047796003515,238.35004791170658,0.0,1.0,0.0,0.0,2.0
9009,0.00043710983287014024,0.09441572389995029,1.0,0.1,664.6796844455056,241.01619310044867,0.0,1.0,0.0,0.0,2.0
9010,0.0018362134393939676,0.396622102909097,0.0,0.1,661.6620082143124,242.41551751810383,0.0,1.0,0.0,0.0,2.0
9011,0.0029770889558936088,0.6430512144730195,0.0,0.1,655.3917511208116,246.5426927192387,0.0,1.0,0.0,0.0,2.0
9012,0.002443250200520696,0.5277420433124703,0.0,0.1,651.7904388443318,247.67248355962212,0.0,1.0,0.0,0.0,2.0
9013,0.00247189617450352,0.5339295736927604,0.0,0.1,647.6442764305217,248.36706639239176,0.0,1.0,0.0,0.0,2.0
9014,0.0018893160659326075,0.40809227024144323,0.0,0.1,640.3714419629139,251.31579697902248,0.0,1.0,0.0,0.0,2.0
9015,0.0017541995316070922,0.3789070988271319,0.0,0.1,635.6209769377325,253.98863150187938,0.0,1.0,0.0,0.0,2.0
9016,0.0031197430892132946,0.6738645072700716,0.0,0.1,626.8251571037891,258.5053505071995,0.0,1.0,0.0,0.0,2.0
9017,0.0019550004153448233,0.42228008971448183,0.0,0.1,620.3844013094807,262.1481594401968,0.0,1.0,0.0,0.0,2.0
9018,0.0014450863530851704,0.3121386522663968,0.0,0.1,614.4698948106864,264.95327408636314,0.0,1.0,0.0,0.0,2.0
9019,0.003261530368404466,0.7044905595753647,0.0,0.1,611.3568675224064,266.52214225061965,0.0,1.0,0.0,0.0,2.0
9020,0.003699359595004123,0.7990616725208906,0.0,0.1,600.6697996342099,275.32507230349444,0.0,1.0,0.0,0.0,2.0
9021,0.002631187313117336,0.5683364596333446,0.0,0.1,594.5731300463432,279.73018233800815,0.0,1.0,0.0,0.0,2.0
9022,0.0034659174496181775,0.7486381691175265,0.0,0.1,587.0411620348434,286.84797317200935,0.0,1.0,0.0,0.0,2.0
9023,0.0026287674818826477,0.5678137760866518,0.0,0.1,579.8487304332394,293.80709191526614,0.0,1.0,0.0,0.0,2.0
9024,0.002915942618558179,0.6298436056085667,0.0,0.1,578.691654192037,294.9570367861394,0.0,1.0,0.0,0.0,2.0
9025,0.002084122022007082,0.4501703567535296,0.0,0.1,574.132172992129,299.5272484461385,0.0,1.0,0.0,0.0,2.0
9026,0.001678240098960378,0.36249986137544166,0.0,0.1,569.648772003794,304.1246755669437,0.0,1.0,0.0,0.0,2.0
9027,0.0010001321335265582,0.2160285408417366,0.0,0.1,564.8925077745788,309.1732571539597,0.0,1.0,0.0,0.0,2.0
9028,0.0013602892988870397,0.2938224885596006,0.0,0.1,563.4915784939386,310.6762602931672,0.0,1.0,0.0,0.0,2.0
9029,0.002263079164732392,0.48882509958219666,0.0,0.1,559.4095046150692,314.8385146253897,0.0,1.0,0.0,0.0,2.0
9030,0.0020258507116687344,0.43758375372044667,0.0,0.1,555.2930877516092,319.1222419352497,0.0,1.0,0.0,0.0,2.0
9031,0.001392860928712246,0.30085796060184516,0.0,0.1,551.0830989743939,323.145761017752,0.0,1.0,0.0,0.0,2.0
9032,0.0017029797322700212,0.36784362217032457,0.0,0.1,548.8546104790587,325.4107584321875,0.0,1.0,0.0,0.0,2.0
9033,0.00198583802817765,0.4289410140863724,0.0,0.1,542.2928758418918,332.0412280353504,0.0,1.0,0.0,0.0,2.0
9034,0.0020446801455065557,0.44165091142941604,0.0,0.1,532.5879199092865,342.02563116096877,0.0,1.0,0.0,0.0,2.0
9035,0.0018210860756351927,0.39335459233720166,0.0,0.1,527.5724313790299,347.65223081475557,0.0,1.0,0.0,0.0,2.0
9036,0.000598740066746696,0.12932785441728636,0.0,0.1,519.0512738546431,356.7238157857752,0.0,1.0,0.0,0.0,2.0
9037,0.0022183400917356643,0.47916145981490343,0.0,0.1,515.6248309757071,360.5328143627641,0.0,1.0,0.0,0.0,2.0
9038,0.002432113715477622,0.5253365625431664,0.0,0.1,503.7482927089055,373.641922775846,0.0,1.0,0.0,0.0,2.0
9039,0.0021070092241031917,0.45511399240628936,0.0,0.1,493.6844170701002,385.06588260712897,0.0,1.0,0.0,0.0,2.0
9040,0.004167274349534764,0.9001312594995091,0.0,0.1,487.3636083070337,392.9232341146724,0.0,1.0,0.0,0.0,2.0
9041,0.001268328387545126,0.2739589317097472,0.0,0.1,482.0748196118616,399.981546875783,0.0,1.0,0.0,0.0,2.0
9042,0.002874814914588691,0.6209600215511573,0.0,0.1,477.15379242328873,405.6932594548453,0.0,1.0,0.0,0.0,2.0
9043,0.003498959212280058,0.7557751898524926,0.0,0.1,466.09922173263834,419.74198756827,0.0,1.0,0.0,0.0,2.0
9044,0.00391846676583247,0.8463888214198135,0.0,0.1,454.39114471428337,433.4472000695493,0.0,1.0,0.0,0.0,2.0
9045,0.002091954713274101,0.45186221806720583,0.0,0.1,447.4980158761237,442.40575427522595,0.0,1.0,0.0,0.0,2.0
9046,0.0031495241759301384,0.6802972220009099,0.0,0.1,443.46072726741346,447.2463253241245,0.0,1.0,0.0,0.0,2.0
9047,0.0018090553081699027,0.390755946564699,0.0,0.1,442.22268429927766,450.4598440829307,0.0,1.0,0.0,0.0,2.0
9048,0.002728842733591031,0.5894300304556627,0.0,0.1,437.3784050165564,457.11888519953857,0.0,1.0,0.0,0.0,2.0
9049,0.001393891156573182,0.3010804898198073,0.0,0.1,432.5241065115027,465.4740143505178,0.0,1.0,0.0,0.0,2.0
9050,0.003044966343122728,0.6577127301145093,0.0,0.1,429.74402812164345,469.3021260428643,0.0,1.0,0.0,0.0,2.0
9051,0.0021192693222904908,0.45776217361474597,0.0,0.1,424.5699949651161,476.88497729171087,0.0,1.0,0.0,0.0,2.0
9052,0.0025479287256308606,0.5503526047362659,0.0,0.1,419.3121080251914,486.4869130248177,0.0,1.0,0.0,0.0,2.0
9053,0.002316796588192439,0.5004280630495668,0.0,0.1,415.89149110811155,492.73829555714826,0.0,1.0,0.0,0.0,2.0
9054,0.0012386070596227894,0.26753912487852255,0.0,0.1,408.48029373026503,504.58556280112305,0.0,1.0,0.0,0.0,2.0
9055,0.0032158434984371734,0.6946221956624294,0.0,0.1,406.78526789506094,509.55450719983173,0.0,1.0,0.0,0.0,2.0
9056,0.00270354253035396,0.5839651865564555,0.0,0.1,399.7792834185507,522.543039125957,0.0,1.0,0.0,0.0,2.0
9057,0.004626764639939767,0.9993811622269897,0.0,0.1,396.8045296015178,530.8893792026525,0.0,1.0,0.0,0.0,2.0
9058,0.0007835993333282222,0.169257455998896,0.0,0.1,391.60460983788755,541.0079231845531,0.0,1.0,0.0,0.0,2.0
9059,0.0036169476710979074,0.781260696957148,0.0,0.1,388.2983266410889,546.3732831127722,0.0,1.0,0.0,0.0,2.0
9060,0.0022029763953996476,0.4758429014063239,0.0,0.1,384.15832098822574,555.0033176920346,0.0,1.0,0.0,0.0,2.0
9061,0.003934023264338087,0.8497490250970268,0.0,0.1,375.58844260144554,567.0329118580049,0.0,1.0,0.0,0.0,2.0
9062,0.002007037639444217,0.4335201301199509,0.0,0.1,371.08113550988804,576.4838506651571,0.0,1.0,0.0,0.0,2.0
9063,0.0013984057745196103,0.30205564729623585,0.0,0.1,367.39743221511446,585.4596095600981,0.0,1.0,0.0,0.0,2.0
9064,0.0016781508581857618,0.36248058536812455,0.0,0.1,366.4839162250618,587.5258507911684,0.0,1.0,0.0,0.0,2.0
9065,0.0024872989073025944,0.5372565639773604,0.0,0.1,364.0525852452489,592.5423746940153,0.0,1.0,0.0,0.0,2.0
9066,0.002328270286672924,0.5029063819213516,0.0,0.1,362.0759799579254,597.6344201715051,0.0,1.0,0.0,0.0,2.0
9067,0.0018135973883427615,0.3917370358820365,0.0,0.1,359.60224872402966,605.6114971394783,0.0,1.0,0.0,0.0,2.0
9068,0.002428797076486908,0.5246201685211721,0.0,0.1,359.84910882858065,608.6510865449874,1.0,0.0,0.0,0.0,2.0
9069,0.002289331155227713,0.494495529529186,0.0,0.1,358.5472008675283,614.225744113076,1.0,0.0,0.0,0.0,2.0
9070,0.001983943279222721,0.4285317483121078,0.0,0.1,358.67675720336985,616.1727328698489,1.0,0.0,0.0,0.0,2.0
9071,0.0020183837388044294,0.4359708875817568,0.0,0.1,357.8027770281522,618.3903107301301,1.0,0.0,0.0,0.0,2.0
9072,0.0004612127573457184,0.09962195558667518,1.0,0.1,355.87503271051776,624.1603798193223,1.0,0.0,0.0,0.0,2.0
9073,0.0006907055500339753,0.14919239880733867,0.0,0.1,354.91226385928417,626.3241557491464,1.0,0.0,0.0,0.0,2.0
9074,0.0005589348824126526,0.12072993460113296,0.0,0.1,354.9249649294618,628.3169669811394,1.0,0.0,0.0,0.0,2.0
9075,0.0019305429246998717,0.4169972717351723,0.0,0.1,354.04722533105985,628.284361549952,1.0,0.0,0.0,0.0,2.0
9076,0.0006522515854624504,0.1408863424598893,0.0,0.1,354.5610955214581,628.0562572457318,1.0,0.0,0.0,0.0,2.0
9077,0.000901892285499181,0.1948087336678231,0.0,0.1,356.6955374823729,628.4279892302809,1.0,0.0,0.0,0.0,2.0
9078,0.0007719217064005741,0.166735088582524,0.0,0.1,358.4030702274946,626.79563258506,1.0,0.0,0.0,0.0,2.0
9079,0.0006571781689681115,0.1419504844971121,0.0,0.1,365.5840855493613,624.7561289574749,1.0,0.0,0.0,0.0,2.0
9080,0.0011827852980891011,0.25548162438724586,0.0,0.1,372.69121926470046,623.966088427164,1.0,0.0,0.0,0.0,2.0
9081,0.0006890828897806265,0.14884190419261534,0.0,0.1,378.9160523694618,620.8608083372568,1.0,0.0,0.0,0.0,2.0
9082,0.001309195942486696,0.28278632357712635,0.0,0.1,380.10466157583625,619.5687531051514,1.0,0.0,0.0,0.0,2.0
9083,0.0015598643796955343,0.33693070601423547,0.0,0.1,381.73319123912114,615.6898736701562,1.0,0.0,0.0,0.0,2.0
9084,0.00035828718609449566,0.07739003219641107,1.0,0.1,379.82294437559807,617.9533815172896,1.0,0.0,0.0,0.0,2.0
9085,0.0007429431383858657,0.160475717891347,0.0,0.1,381.25698282269246,621.0595379167061,1.0,0.0,0.0,0.0,2.0
9086,0.00048419661075886617,0.10458646792391509,0.0,0.1,383.733266309004,623.896141059714,1.0,0.0,0.0,0.0,2.0
9087,0.0018157686985343301,0.3922060388834153,0.0,0.1,385.4596982448118,625.1179859684305,1.0,0.0,0.0,0.0,2.0
9088,0.0015179017749629854,0.32786678339200487,0.0,0.1,387.8700633728383,627.5637818163411,1.0,0.0,0.0,0.0,2.0
9089,0.00033879835937991116,0.07318044562606081,1.0,0.1,392.2874427923637,628.0950890007998,1.0,0.0,0.0,0.0,2.0
9090,0.00042356679795706376,0.09149042835872578,1.0,0.1,394.3331324581246,627.9426396219333,1.0,0.0,0.0,0.0,2.0
9091,0.0005411276904265253,0.11688358113212946,0.0,0.1,395.48655618716384,627.4376328814404,1.0,0.0,0.0,0.0,2.0
9092,0.00010569436595092441,0.022829983045399672,1.0,0.1,396.4135514178402,627.7740177489275,1.0,0.0,0.0,0.0,2.0
9093,0.0005220371683683566,0.11276002836756503,0.0,0.1,397.43991351405236,626.4140649639293,1.0,0.0,0.0,0.0,2.0
9094,0.00023630736672827996,0.051042391213308475,1.0,0.1,401.2457042759615,623.5368692355394,1.0,0.0,0.0,0.0,2.0
9095,0.0007960061987764784,0.17193733893571933,0.0,0.1,401.4348193123419,622.9727913311493,1.0,0.0,0.0,0.0,2.0
9096,0.0003584960901514935,0.0774351554727226,1.0,0.1,401.22041453659506,624.4223528721718,1.0,0.0,0.0,0.0,2.0
9097,0.00010140740334392635,0.02190399912228809,1.0,0.1,399.7452209360338,624.3953628969141,1.0,0.0,0.0,0.0,2.0
9098,0.00045330349376623933,0.09791355465350769,1.0,0.1,397.0176826050879,626.0443014943686,1.0,0.0,0.0,0.0,2.0
9099,0.00021583874099481687,0.046621168054880445,1.0,0.1,395.09224405894986,630.0333724602577,1.0,0.0,0.0,0.0,2.0
9100,0.0006934221556951506,0.14977918563015255,0.0,0.1,394.22572030237745,631.1148005213342,1.0,0.0,0.0,0.0,2.0
9101,0.0006249319410980544,0.13498529927717975,0.0,0.1,391.8353511636116,629.3974675445722,1.0,0.0,0.0,0.0,2.0
9102,0.0008697426230875316,0.18786440658690684,0.0,0.1,390.8797860895966,627.4109848698527,1.0,0.0,0.0,0.0,2.0
9103,0.0020888548824592843,0.4511926546112054,0.0,0.1,387.0435513954572,623.657261844908,1.0,0.0,0.0,0.0,2.0
9104,0.0007951706433224617,0.17175685895765172,0.0,0.1,386.78618007542207,621.2755079718863,1.0,0.0,0.0,0.0,2.0
9105,0.0009225459081178453,0.1992699161534546,0.0,0.1,385.6704371813531,617.5231997780866,1.0,0.0,0.0,0.0,2.0
9106,0.001405356889843965,0.30355708820629645,0.0,0.1,387.3202182053467,613.0543906520136,1.0,0.0,0.0,0.0,2.0
9107,0.0011331520491912944,0.24476084262531958,0.0,0.1,390.5338489273318,604.5799288138585,1.0,0.0,0.0,0.0,2.0
9108,0.0007209142600746021,0.15571748017611406,0.0,0.1,393.0901301730467,601.4175362227583,1.0,0.0,0.0,0.0,2.0
9109,0.000591761334926294,0.1278204483440795,0.0,0.1,393.3949754704721,600.141288535308,1.0,0.0,0.0,0.0,2.0
9110,0.0006583896967104483,0.14221217448945683,0.0,0.1,394.47707280650826,599.8833752797141,1.0,0.0,0.0,0.0,2.0
9111,0.0005122238184064232,0.11064034477578741,0.0,0.1,395.79605079217527,601.1269469020239,1.0,0.0,0.0,0.0,2.0
9112,0.0007396092320483156,0.15975559412243617,0.0,0.1,390.97385082345465,599.1301216543417,1.0,0.0,0.0,0.0,2.0
9113,5.823379647230207e-05,0.012578500038017247,1.0,0.1,388.41804428061965,602.6405274047972,1.0,0.0,0.0,0.0,2.0
9114,0.001665756092402776,0.3598033159589996,0.0,0.1,387.64286342895446,604.7700526552799,1.0,0.0,0.0,0.0,2.0
9115,0.0014027386984803779,0.3029915588717616,0.0,0.1,383.85939906994497,613.7979711121003,1.0,0.0,0.0,0.0,2.0
9116,0.0019087321975639838,0.4122861546738205,0.0,0.1,382.94662095632526,618.9230644118925,1.0,0.0,0.0,0.0,2.0
9117,0.0015271299938473112,0.32986007867101924,0.0,0.1,382.2369112445776,631.7986239174791,1.0,0.0,0.0,0.0,2.0
9118,0.0018063339996660383,0.3901681439278643,0.0,0.1,383.2837790326254,638.7915170823477,1.0,0.0,0.0,0.0,2.0
9119,0.002409958236495941,0.5205509790831233,0.0,0.1,379.2899037645211,653.3188133438142,1.0,0.0,0.0,0.0,2.0
9120,0.0033723746889650474,0.7284329328164503,0.0,0.1,379.37056292437416,661.6276058349226,1.0,0.0,0.0,0.0,2.0
9121,0.0016407165264826836,0.35439476972025963,0.0,0.1,378.47039602154274,669.8342037528893,1.0,0.0,0.0,0.0,2.0
9122,0.003316791621653519,0.7164269902771601,0.0,0.1,378.41728195811305,677.2885259310101,1.0,0.0,0.0,0.0,2.0
9123,0.0034664271996176737,0.7487482751174176,0.0,0.1,378.69447731279087,692.2617306978598,1.0,0.0,0.0,0.0,2.0
9124,0.002417215256386432,0.5221184953794693,0.0,0.1,380.12780802403375,707.6891291964923,1.0,0.0,0.0,0.0,2.0
9125,0.003257643879464275,0.7036510779642834,0.0,0.1,381.26711210030345,716.8200536246558,1.0,0.0,0.0,0.0,2.0
9126,0.001282828253480139,0.27709090275171,0.0,0.1,383.3522409593891,724.6026289550075,1.0,0.0,0.0,0.0,2.0
9127,0.002714088003711363,0.5862430088016545,0.0,0.1,384.7050878781256,729.8220344733755,1.0,0.0,0.0,0.0,2.0
9128,0.0025014618946030878,0.5403157692342669,0.0,0.1,383.53568040595167,741.9692496951817,1.0,0.0,0.0,0.0,2.0
9129,0.0013125932092569296,0.2835201331994968,0.0,0.1,384.0646158568701,750.2485355440012,1.0,0.0,0.0,0.0,2.0
9130,0.0010648077082673906,0.22999846498575638,0.0,0.1,384.4107868561122,758.1921878304162,1.0,0.0,0.0,0.0,2.0
9131,0.0018122059191442586,0.3914364785351599,0.0,0.1,385.58825683913057,761.5850999144485,1.0,0.0,0.0,0.0,2.0
9132,0.0027242689460931324,0.5884420923561167,0.0,0.1,384.49358694882204,764.2380797843791,1.0,0.0,0.0,0.0,2.0
9133,0.0012444473724965708,0.2688006324592593,0.0,0.1,375.5343439742857,769.9466471039316,1.0,0.0,0.0,0.0,2.0
9134,0.0014755519413515673,0.31871921933193853,0.0,0.1,361.8384656949638,773.5529467725481,1.0,0.0,0.0,0.0,2.0
9135,0.0005824487190895731,0.12580892332334778,0.0,0.1,348.55295796883337,777.5627309552561,1.0,0.0,0.0,0.0,2.0
9136,0.001124623502441365,0.24291867652733484,0.0,0.1,340.51831703179164,781.2476190665204,1.0,0.0,0.0,0.0,2.0
9137,0.00016621611407058057,0.035902680639245406,1.0,0.1,326.70385002214687,781.1576979280325,1.0,0.0,0.0,0.0,2.0
9138,0.0010827148887745323,0.233866415975299,0.0,0.1,316.85013425591166,783.0424028987964,1.0,0.0,0.0,0.0,2.0
9139,0.0009386939095749091,0.20275788446818035,0.0,0.1,308.98053380438887,782.2537072033862,1.0,0.0,0.0,0.0,2.0
9140,0.0002898221845682328,0.06260159186673829,1.0,0.1,299.46660538314194,780.0210391046782,1.0,0.0,0.0,0.0,2.0
9141,0.0003195391747654405,0.06902046174933514,1.0,0.1,290.8262941719672,778.2471156363365,1.0,0.0,0.0,0.0,2.0
9142,0.0002824596008400197,0.061011273781444254,1.0,0.1,279.41582251557355,774.2504181715947,1.0,0.0,0.0,0.0,2.0
9143,0.00125265104897135,0.2705726265778116,0.0,0.1,270.2593172106627,767.8555919618726,1.0,0.0,0.0,0.0,2.0
9144,0.0002794978300053736,0.0603715312811607,1.0,0.1,260.877586576126,768.5311111461554,1.0,0.0,0.0,0.0,2.0
9145,0.0009145646203749309,0.19754595800098507,0.0,0.1,259.17041083226184,768.7186183447265,1.0,0.0,0.0,0.0,2.0
9146,0.0014999168967025833,0.323982049687758,0.0,0.1,253.90826292050684,771.3280758286091,1.0,0.0,0.0,0.0,2.0
9147,0.0016536653696005345,0.35719171983371545,0.0,0.1,243.73910899040618,778.3714481733905,1.0,0.0,0.0,0.0,2.0
9148,0.0016995625814195143,0.3671055175866151,0.0,0.1,232.56068136282266,785.9835546735754,1.0,0.0,0.0,0.0,2.0
9149,0.0011361155558407593,0.24540096006160403,0.0,0.1,228.81254788341323,789.7615482305949,1.0,0.0,0.0,0.0,2.0
9150,0.0020407160303029387,0.44079466254543476,0.0,0.1,222.99191401305683,796.8411297720037,1.0,0.0,0.0,0.0,2.0
9151,0.002273159736277866,0.491002503036019,0.0,0.1,216.15396632393558,806.6977216371865,1.0,0.0,0.0,0.0,2.0
9152,0.0022862754958393027,0.4938355071012894,0.0,0.1,210.8134361888064,820.1032880810084,1.0,0.0,0.0,0.0,2.0
9153,0.0017992721852054068,0.38864279200436785,0.0,0.1,206.5051794539817,835.19383060202,1.0,0.0,0.0,0.0,2.0
9154,0.0033109326604106276,0.7151614546486956,0.0,0.1,202.3798177900297,842.0463885793548,1.0,0.0,0.0,0.0,2.0
9155,0.003625910769589813,0.7831967262313996,0.0,0.1,198.91047728449436,848.8603760675343,1.0,0.0,0.0,0.0,2.0
9156,0.003313475779077979,0.7157107682808435,0.0,0.1,194.43658231592931,855.8412713549931,1.0,0.0,0.0,0.0,2.0
9157,0.0019972662802393974,0.43140951653170984,0.0,0.1,189.91613165403857,863.5748866184257,1.0,0.0,0.0,0.0,2.0
9158,0.0031267951039046916,0.6753877424434134,0.0,0.1,186.55252541806573,869.2196399537527,1.0,0.0,0.0,0.0,2.0
9159,0.003833349049232504,0.8280033946342209,0.0,0.1,179.50701398606927,879.9028327050876,1.0,0.0,0.0,0.0,2.0
9160,0.0027749116602665937,0.5993809186175842,0.0,0.1,175.43235486449473,888.968725794402,1.0,0.0,0.0,0.0,2.0
9161,0.003074426787838654,0.6640761861731493,0.0,0.1,171.89798828463412,893.6780094344575,1.0,0.0,0.0,0.0,2.0
9162,0.001258669860127354,0.27187268978750845,0.0,0.1,170.8978584243228,897.9463765146702,1.0,0.0,0.0,0.0,2.0
9163,0.0014781107266578588,0.3192719169580975,0.0,0.1,169.21041587078327,899.1513183609266,1.0,0.0,0.0,0.0,2.0
9164,0.001753945855922133,0.37885230487918076,0.0,0.1,166.3426791634904,899.4796744818663,1.0,0.0,0.0,0.0,2.0
9165,0.001249170279544206,0.2698207803815485,0.0,0.1,161.18648255064483,898.0751372391497,1.0,0.0,0.0,0.0,2.0
9166,0.001568373358544405,0.3387686454455915,0.0,0.1,163.29797960285237,899.7900011634507,1.0,0.0,0.0,0.0,2.0
9167,0.0003198672115298481,0.0690913176904472,1.0,0.1,167.49571886827798,905.3433481685743,1.0,0.0,0.0,0.0,2.0
9168,0.001118428755159148,0.24158061111437595,0.0,0.1,168.72056291862182,906.8591938958712,1.0,0.0,0.0,0.0,2.0
9169,0.0007953906051175352,0.1718043707053876,0.0,0.1,173.4240295091006,913.6346823854205,1.0,0.0,0.0,0.0,2.0
9170,0.0007379646309229732,0.15940036027936222,0.0,0.1,181.01531419348674,917.8602619677357,1.0,0.0,0.0,0.0,2.0
9171,0.0005674743318619985,0.12257445568219168,0.0,0.1,184.59317302165667,920.9996427089237,1.0,0.0,0.0,0.0,2.0
9172,0.0006298311194134991,0.13604352179331583,0.0,0.1,185.27748130087613,923.3794745692869,1.0,0.0,0.0,0.0,2.0
9173,0.0005983543179329541,0.12924453267351807,0.0,0.1,186.44038057046137,927.827141078444,1.0,0.0,0.0,0.0,2.0
9174,0.001297088316016984,0.28017107625966853,0.0,0.1,187.57688323179494,932.6409084674248,1.0,0.0,0.0,0.0,2.0
9175,0.00026881377714959697,0.058063775864312946,1.0,0.1,186.30768896241722,935.6704683602575,1.0,0.0,0.0,0.0,2.0
9176,0.0014863506467902173,0.321051739706687,0.0,0.1,185.60579345231756,937.193749814631,1.0,0.0,0.0,0.0,2.0
9177,0.0018141609669776499,0.39185876886717236,0.0,0.1,187.2082481930758,941.8015422292325,1.0,0.0,0.0,0.0,2.0
9178,0.0013139121362642006,0.28380502143306735,0.0,0.1,186.18550737533968,947.3431514055147,1.0,0.0,0.0,0.0,2.0
9179,0.0013989413951814916,0.3021713413592022,0.0,0.1,187.39341452572592,952.4091941342292,1.0,0.0,0.0,0.0,2.0
9180,0.0011740269806998981,0.253589827831178,0.0,0.1,187.519121484127,955.8572207449137,1.0,0.0,0.0,0.0,2.0
9181,0.0010681900884628407,0.2307290591079736,0.0,0.1,188.28436864459377,958.2019433522879,1.0,0.0,0.0,0.0,2.0
9182,0.001449103290754638,0.3130063108030018,0.0,0.1,187.7077341007709,964.5615804409715,1.0,0.0,0.0,0.0,2.0
9183,0.0010019480654818382,0.21642078214407706,0.0,0.1,189.88100988910261,973.1991490947702,1.0,0.0,0.0,0.0,2.0
9184,0.00029378107444475945,0.06345671208006805,1.0,0.1,189.32014497059978,978.2568974268986,1.0,0.0,0.0,0.0,2.0
9185,0.0034853425454694866,0.7528339898214091,0.0,0.1,189.20870862324955,980.084932044412,1.0,0.0,0.0,0.0,2.0
9186,0.0010812903227081596,0.23355870970496245,0.0,0.1,187.0765211210156,983.1064619322482,1.0,0.0,0.0,0.0,2.0
9187,0.002821102927619668,0.6093582323658483,0.0,0.1,181.97628757858465,985.9863771779686,1.0,0.0,0.0,0.0,2.0
9188,0.0019305843031693457,0.41700620948457867,0.0,0.1,178.57023470141488,989.9748733523681,1.0,0.0,0.0,0.0,2.0
9189,0.0007825282129945506,0.16902609400682295,0.0,0.1,177.70333975639588,994.1802941543878,1.0,0.0,0.0,0.0,2.0
9190,0.002435847891341254,0.5261431445297109,0.0,0.1,178.55675167959427,997.5171144783754,1.0,0.0,0.0,0.0,2.0
9191,0.0005853613693702859,0.12643805578398176,0.0,0.1,176.13170724752746,1001.6129497584407,1.0,0.0,0.0,0.0,2.0
9192,0.002334706525234433,0.5042966094506376,0.0,0.1,170.75527290889207,1003.2524370287057,1.0,0.0,0.0,0.0,2.0
9193,0.0032298580698810106,0.6976493430942983,0.0,0.1,167.61634698195945,1005.5497392547019,1.0,0.0,0.0,0.0,2.0
9194,0.001042077806939926,0.22508880629902403,0.0,0.1,163.83250879329051,1006.3636368375395,1.0,0.0,0.0,0.0,2.0
9195,0.0014642350432541341,0.316274769342893,0.0,0.1,161.81333300310132,1004.8685894571646,1.0,0.0,0.0,0.0,2.0
9196,0.0016424984630176822,0.35477966801181937,0.0,0.1,151.98827264113373,996.6170844550556,1.0,0.0,0.0,0.0,2.0
9197,0.001030240450691395,0.22253193734934132,0.0,0.1,144.15485241107504,988.5990678117269,1.0,0.0,0.0,0.0,2.0
9198,6.642762222581047e-05,0.014348366400775062,1.0,0.1,133.8175734128784,980.1896884830448,1.0,0.0,0.0,0.0,2.0
9199,0.00020144030783862107,0.04351110649314215,1.0,0.1,129.11788986309543,976.4454653633176,1.0,0.0,0.0,0.0,2.0
9200,0.0008514031922788703,0.18390308953223597,0.0,0.1,121.08740958334796,968.6445007461166,1.0,0.0,0.0,0.0,2.0
9201,0.0009808874345813882,0.21187168586957986,0.0,0.1,112.04406946438085,958.4184302394128,1.0,0.0,0.0,0.0,2.0
9202,0.0006560832621596957,0.1417139846264943,0.0,0.1,105.49310023088032,952.3590356701991,1.0,0.0,0.0,0.0,2.0
9203,0.0006595599306085612,0.14246494501144924,0.0,0.1,98.00023376092717,946.3106682521557,1.0,0.0,0.0,0.0,2.0
9204,0.000273417936955115,0.05905827438230484,1.0,0.1,95.77986735239364,943.9146515414353,1.0,0.0,0.0,0.0,2.0
9205,0.0005481942921264579,0.1184099670993149,0.0,0.1,93.14843592319393,943.4288758160791,1.0,0.0,0.0,0.0,2.0
9206,0.00035331658622819793,0.07631638262529075,1.0,0.1,88.61927521355979,940.0199995266966,1.0,0.0,0.0,0.0,2.0
9207,0.0008987826036354603,0.19413704238525942,0.0,0.1,83.84142284990587,936.6543660491528,1.0,0.0,0.0,0.0,2.0
9208,0.001260882365844677,0.27235059102245024,0.0,0.1,82.99789841882472,935.2516843188833,1.0,0.0,0.0,0.0,2.0
9209,0.000242182173215364,0.05231134941451863,1.0,0.1,80.29339511473263,933.4776734527121,1.0,0.0,0.0,0.0,2.0
9210,0.0009577074295759403,0.2068648047884031,0.0,0.1,76.53934806530215,930.9384281378954,1.0,0.0,0.0,0.0,2.0
9211,0.0016591088081090162,0.3583675025515475,0.0,0.1,73.8780688844624,929.0601853833628,1.0,0.0,0.0,0.0,2.0
9212,0.0001835901362032199,0.0396554694198955,1.0,0.1,72.92849580218166,928.4320102104069,1.0,0.0,0.0,0.0,2.0
9213,0.0001146992537680534,0.024775038813899534,1.0,0.1,74.29228133444627,930.9249550461884,1.0,0.0,0.0,0.0,2.0
9214,0.0008167053088907694,0.1764083467204062,0.0,0.1,73.70308280020268,933.2149689394266,1.0,0.0,0.0,0.0,2.0
9215,0.0007978358804394424,0.17233255017491955,0.0,0.1,70.83421731496601,932.9287023267578,1.0,0.0,0.0,0.0,2.0
9216,0.0002177912167487686,0.04704290281773402,1.0,0.1,73.61213053767715,938.1562658416044,1.0,0.0,0.0,0.0,2.0
9217,0.0010580074526582305,0.2285296097741778,0.0,0.1,78.93671783691104,944.9598814935746,1.0,0.0,0.0,0.0,2.0
9218,0.0007389624182039826,0.15961588233206025,0.0,0.1,86.63666349296419,954.3900365679972,1.0,0.0,0.0,0.0,2.0
9219,0.0006398699618123412,0.13821191175146572,0.0,0.1,94.89109368205001,963.86731019938,1.0,0.0,0.0,0.0,2.0
9220,0.0008178149057917482,0.1766480196510176,0.0,0.1,98.80486236649769,968.028403686574,1.0,0.0,0.0,0.0,2.0
9221,0.0006647213933914522,0.14357982097255367,0.0,0.1,100.78188151424143,969.7541178043292,1.0,0.0,0.0,0.0,2.0
9222,0.0009795389207090098,0.2115804068731461,0.0,0.1,107.53504794472256,975.4554757572477,1.0,0.0,0.0,0.0,2.0
9223,0.0018609576599272438,0.40196685454428466,0.0,0.1,119.12450043538135,983.8910605547309,1.0,0.0,0.0,0.0,2.0
9224,0.0008002220319986401,0.1728479589117063,0.0,0.1,131.49146123006958,991.8668045125902,1.0,0.0,0.0,0.0,2.0
9225,0.00020078734019865564,0.043370065482909614,1.0,0.1,144.40690847683263,998.6076838000246,1.0,0.0,0.0,0.0,2.0
9226,0.0015775889702418196,0.34075921757223304,0.0,0.1,152.22675960639114,1002.3745607718753,1.0,0.0,0.0,0.0,2.0
9227,0.001230086771090267,0.2656987425554977,0.0,0.1,160.06766483714352,1004.4653831272437,1.0,0.0,0.0,0.0,2.0
9228,0.0011022145421364332,0.23807834110146958,0.0,0.1,170.9567419498703,1009.3849134432132,1.0,0.0,0.0,0.0,2.0
9229,0.0010060650141477145,0.21731004305590632,0.0,0.1,181.47106917448252,1012.6208034692779,1.0,0.0,0.0,0.0,2.0
9230,0.0002630943758208842,0.05682838517731099,1.0,0.1,,,1.0,0.0,,,2.0
9231,0.0003923844080120815,0.0847550321306096,1.0,0.1,,,1.0,0.0,,,2.0
9232,0.0013040380870362794,0.2816722267998364,0.0,0.1,203.99043525056305,1027.845782584827,1.0,0.0,0.0,0.0,2.0
9233,0.0010443696563551862,0.22558384577272023,0.0,0.1,211.09793237344246,1034.1203940333412,1.0,0.0,0.0,0.0,2.0
9234,0.0010357987247632881,0.22373252454887024,0.0,0.1,218.0767984602903,1039.8138672824507,1.0,0.0,0.0,0.0,2.0
9235,0.0009370499250515939,0.2024027838111443,0.0,0.1,224.34888759511486,1044.9025142970643,1.0,0.0,0.0,0.0,2.0
9236,0.0016421492339616988,0.35470423453572697,0.0,0.1,231.350972186175,1052.4701731474872,1.0,0.0,0.0,0.0,2.0
9237,0.0016516552048340843,0.3567575242441622,0.0,0.1,235.71979674742462,1056.2534400685433,1.0,0.0,0.0,0.0,2.0
9238,0.0007248863051647486,0.1565754419155857,0.0,0.1,243.4884073662718,1062.813289806363,1.0,0.0,0.0,0.0,2.0
9239,0.0008034827317921189,0.17355227006709767,0.0,0.1,252.90198011260077,1069.171213367998,1.0,0.0,0.0,0.0,2.0
9240,0.0016318981478842941,0.3524899999430075,0.0,0.1,256.1928179222813,1071.5269214179239,1.0,0.0,0.0,0.0,2.0
9241,0.0022410085326705774,0.48405784305684474,0.0,0.1,265.10605272215207,1079.0671076778485,1.0,0.0,0.0,0.0,2.0
9242,0.0003489406863639948,0.07537118825462287,1.0,0.1,271.2192567928587,1084.310666066846,1.0,0.0,0.0,0.0,2.0
9243,0.0014767708642916628,0.3189825066869992,0.0,0.1,,,1.0,0.0,,,2.0
9244,0.0015480562041329518,0.3343801400927176,0.0,0.1,274.69989237525704,1090.0556459492263,1.0,0.0,0.0,0.0,2.0
9245,0.0007693592974520157,0.1661816082496354,0.0,0.1,275.85927764718986,1093.8932882663903,1.0,0.0,0.0,0.0,2.0
9246,0.0006455378281190247,0.13943617087370935,0.0,0.1,277.46517438188044,1097.0717671038367,1.0,0.0,0.0,0.0,2.0
9247,0.00021796867090506062,0.0470812329154931,1.0,0.1,276.0182273787836,1097.7078320452667,1.0,0.0,0.0,0.0,2.0
9248,0.0008123199271069862,0.17546110425510902,0.0,0.1,275.56801369228845,1097.3565195922704,1.0,0.0,0.0,0.0,2.0
9249,0.0005531963922533316,0.11949042072671964,0.0,0.1,276.2821080785139,1098.019652162304,1.0,0.0,0.0,0.0,2.0
9250,0.0006834951345481869,0.14763494906240837,0.0,0.1,275.1222729654824,1096.436312492508,1.0,0.0,0.0,0.0,2.0
9251,0.0011842881084048642,0.25580623141545067,0.0,0.1,277.3957410914425,1093.9099320838984,1.0,0.0,0.0,0.0,2.0
9252,2.9802092394424424e-05,0.006437251957195676,1.0,0.1,,,1.0,0.0,,,2.0
9253,0.0006578682287814331,0.14209953741678955,0.0,0.1,,,1.0,0.0,,,2.0
9254,0.0008022483608698267,0.17328564594788257,0.0,0.1,,,1.0,0.0,,,2.0
9255,0.0002258584854078386,0.04878543284809314,1.0,0.1,,,1.0,0.0,,,2.0
9256,0.0005679402590015889,0.12267509594434321,0.0,0.1,269.5825751266006,1080.990771117354,1.0,0.0,0.0,0.0,2.0
9257,0.0007460956090753977,0.16115665156028589,0.0,0.1,,,1.0,0.0,,,2.0
9258,0.00025785515793046317,0.05569671411298004,1.0,0.1,262.92430283436227,1071.745450288037,1.0,0.0,0.0,0.0,2.0
9259,0.0006127473991181069,0.1323534382095111,0.0,0.1,,,1.0,0.0,,,2.0
9260,0.0013776826766403022,0.2975794581543053,0.0,0.1,250.44288392923312,1062.6853387304157,1.0,0.0,0.0,0.0,2.0
9261,0.0002086937171988514,0.0450778429149519,1.0,0.1,252.33231595369088,1062.5062889642124,1.0,0.0,0.0,0.0,2.0
9262,0.00038714130569075263,0.08362252202920256,1.0,0.1,253.30347585728776,1061.6243464317124,1.0,0.0,0.0,0.0,2.0
9263,0.0004035007972235522,0.08715617220028728,1.0,0.1,254.3775593183969,1059.0692381445028,1.0,0.0,0.0,0.0,2.0
9264,0.0005954550653091118,0.12861829410676814,0.0,0.1,250.63099532057066,1054.0141218212261,1.0,0.0,0.0,0.0,2.0
9265,0.0002687284837315013,0.05804535248600428,1.0,0.1,248.61607900947425,1050.908290572723,1.0,0.0,0.0,0.0,2.0
9266,0.0005498829179581362,0.11877471027895742,0.0,0.1,247.733362769584,1050.0092513631607,1.0,0.0,0.0,0.0,2.0
9267,0.00041967415541885973,0.0906496175704737,1.0,0.1,252.13206673122573,1051.9071423947391,1.0,0.0,0.0,0.0,2.0
9268,0.0003785879126974604,0.08177498914265145,1.0,0.1,256.3401976445641,1052.6797680033378,1.0,0.0,0.0,0.0,2.0
9269,0.0003144276553190728,0.06791637354891973,1.0,0.1,256.66042280483026,1053.657731169902,1.0,0.0,0.0,0.0,2.0
9270,0.0001521119257646844,0.032856175965171826,1.0,0.1,259.28637426501547,1053.8584190853524,1.0,0.0,0.0,0.0,2.0
9271,0.0010406727640458874,0.2247853170339117,0.0,0.1,260.03809811175785,1053.7606172566675,1.0,0.0,0.0,0.0,2.0
9272,0.00025222396214575547,0.05448037582348318,1.0,0.1,263.66505738510665,1049.3529423107111,1.0,0.0,0.0,0.0,2.0
9273,0.0006776145747102462,0.14636474813741318,0.0,0.1,269.1028306028935,1043.3556531036904,1.0,0.0,0.0,0.0,2.0
9274,0.0005074240846201191,0.10960360227794573,0.0,0.1,272.6852729018785,1037.8441334656243,1.0,0.0,0.0,0.0,2.0
9275,0.0004009055244663371,0.08659559328472882,1.0,0.1,273.1141127344036,1033.1207457122168,1.0,0.0,0.0,0.0,2.0
9276,0.00042734911536910445,0.09230740891972657,1.0,0.1,276.3787783434051,1027.6318567497467,1.0,0.0,0.0,0.0,2.0
9277,0.0010396080981274936,0.22455534919553863,0.0,0.1,280.6481500373116,1023.6997085128603,1.0,0.0,0.0,0.0,2.0
9278,0.0008196971992068926,0.1770545950286888,0.0,0.1,281.5742260925764,1013.9770980603859,1.0,0.0,0.0,0.0,2.0
9279,0.0006109494091920363,0.13196507238547986,0.0,0.1,279.83687224875393,1012.2710304659303,1.0,0.0,0.0,0.0,2.0
9280,0.0006909031559434317,0.14923508168378125,0.0,0.1,279.2102354875559,1010.9617217994346,1.0,0.0,0.0,0.0,2.0
9281,0.00010114496215222036,0.021847311824879596,1.0,0.1,280.26880192529836,1008.4427025453801,1.0,0.0,0.0,0.0,2.0
9282,0.0006836061667155924,0.14765893201056796,0.0,0.1,283.0481608323039,1012.3360736047655,1.0,0.0,0.0,0.0,2.0
9283,0.00023075361067963535,0.049842779906801235,1.0,0.1,283.01016885686056,1017.012663050218,1.0,0.0,0.0,0.0,2.0
9284,0.00046904444688499136,0.10131360052715813,0.0,0.1,283.63544987140705,1019.2860000077475,1.0,0.0,0.0,0.0,2.0
9285,0.00026010167457488884,0.056181961708175986,1.0,0.1,281.85469860184213,1018.3688774152993,1.0,0.0,0.0,0.0,2.0
9286,0.0002938788583269883,0.06347783339862947,1.0,0.1,278.7854806881126,1015.6362236636859,1.0,0.0,0.0,0.0,2.0
9287,0.0009452798361410869,0.20418044460647475,0.0,0.1,276.9536170139973,1014.7187896886636,1.0,0.0,0.0,0.0,2.0
9288,0.0001264237924357173,0.027307539166114937,1.0,0.1,274.51858965849175,1012.4248450793145,1.0,0.0,0.0,0.0,2.0
9289,0.00016854746610476666,0.036406252678629604,1.0,0.1,270.54159186578687,1011.4330770684052,1.0,0.0,0.0,0.0,2.0
9290,0.0002751784598414868,0.05943854732576114,1.0,0.1,264.571179265301,1009.57404161066,1.0,0.0,0.0,0.0,2.0
9291,0.0005675156963826081,0.12258339041864336,0.0,0.1,261.8123793604629,1007.0055427999007,1.0,0.0,0.0,0.0,2.0
9292,2.9002599431319388e-05,0.006264561477164988,1.0,0.1,260.97440729509617,1006.6913602438308,1.0,0.0,0.0,0.0,2.0
9293,0.001156950623330686,0.24990133463942818,0.0,0.1,260.0811328853302,1004.9919082884561,1.0,0.0,0.0,0.0,2.0
9294,0.0004509723702556661,0.09741003197522387,1.0,0.1,,,1.0,0.0,,,2.0
9295,0.0005719517781606337,0.12354158408269687,0.0,0.1,247.81324103296927,990.7695758398089,1.0,0.0,0.0,0.0,2.0
9296,0.0003305328616198811,0.07139509810989432,1.0,0.1,242.68309091396964,986.7575965846473,1.0,0.0,0.0,0.0,2.0
9297,0.0001109243777082389,0.0239596655849796,1.0,0.1,241.79233714476035,987.2346223713878,1.0,0.0,0.0,0.0,2.0
9298,0.0005324135401104078,0.11500132466384808,0.0,0.1,242.6367909008672,989.8267868230974,1.0,0.0,0.0,0.0,2.0
9299,0.00031222705402137363,0.06744104366861671,1.0,0.1,243.06343402868384,994.3301854630722,1.0,0.0,0.0,0.0,2.0
9300,0.0005939185825633113,0.12828641383367526,0.0,0.1,243.95729081865383,999.402281639766,1.0,0.0,0.0,0.0,2.0
9301,0.00044028567171301074,0.09510170509001031,1.0,0.1,240.66814668499632,998.5997900187008,1.0,0.0,0.0,0.0,2.0
9302,0.0004687478044214692,0.10124952575503736,0.0,0.1,238.66198689921083,997.0501804091257,1.0,0.0,0.0,0.0,2.0
9303,0.0006067768450127951,0.13106379852276376,0.0,0.1,237.92640845176908,995.3411732685512,1.0,0.0,0.0,0.0,2.0
9304,0.0009700106960459184,0.20952231034591837,0.0,0.1,236.42193355999038,996.6106175019884,1.0,0.0,0.0,0.0,2.0
9305,0.0004734885696003901,0.10227353103368426,0.0,0.1,239.5513557106996,1001.4448735462777,1.0,0.0,0.0,0.0,2.0
9306,0.00021249948391007298,0.045899888524575765,1.0,0.1,238.10233106181522,1004.9293555446961,1.0,0.0,0.0,0.0,2.0
9307,0.0009952938006498977,0.2149834609403779,0.0,0.1,238.92450806213725,1006.9214108034165,1.0,0.0,0.0,0.0,2.0
9308,0.002060057500673122,0.44497242014539434,0.0,0.1,238.97394689294532,1005.8778643229567,1.0,0.0,0.0,0.0,2.0
9309,0.00115011987270459,0.24842589250419145,0.0,0.1,237.49310791867427,1006.6151755324249,1.0,0.0,0.0,0.0,2.0
9310,0.0008943878733947654,0.19318778065326933,0.0,0.1,241.31435602711386,1006.7969251418699,1.0,0.0,0.0,0.0,2.0
9311,0.0009623419863455727,0.20786586905064372,0.0,0.1,248.2389599712075,1003.0587284443873,1.0,0.0,0.0,0.0,2.0
9312,0.0008897944690519885,0.1921956053152295,0.0,0.1,250.6511916172256,1000.8562462767253,1.0,0.0,0.0,0.0,2.0
9313,0.00042986656711737,0.09285117849735193,1.0,0.1,253.28138232437274,996.854045755475,1.0,0.0,0.0,0.0,2.0
9314,0.00038737003064942305,0.08367192662027538,1.0,0.1,253.61415391675646,991.8318973228395,1.0,0.0,0.0,0.0,2.0
9315,0.00035869732069022963,0.07747862126908961,1.0,0.1,252.53290204255075,986.4073953337605,1.0,0.0,0.0,0.0,2.0
9316,0.00040070549928094147,0.08655238784468336,1.0,0.1,251.5495228106818,981.5171603449483,1.0,0.0,0.0,0.0,2.0
9317,0.0004179172029523578,0.09027011583770929,1.0,0.1,253.5939443836434,979.1687819303636,1.0,0.0,0.0,0.0,2.0
9318,0.0010656143989060591,0.23017271016370874,0.0,0.1,252.55898245847263,972.764397066162,1.0,0.0,0.0,0.0,2.0
9319,0.00044516244678664217,0.09615508850591471,1.0,0.1,254.42600524288446,968.8740139135759,1.0,0.0,0.0,0.0,2.0
9320,0.0006296774995977945,0.1360103399131236,0.0,0.1,256.5258117149558,969.5445605224131,1.0,0.0,0.0,0.0,2.0
9321,0.0007889726384078135,0.17041808989608773,0.0,0.1,258.72832547795565,972.8164172666633,1.0,0.0,0.0,0.0,2.0
9322,,,,0.1,263.337575566117,975.9375925036655,1.0,0.0,0.0,0.0,2.0
9323,,,,0.1,264.4065253276099,975.5903857523381,,,0.0,0.0,2.0
9324,,,,0.1,265.32433974771544,973.4659479182748,,,0.0,0.0,2.0
9325,,,,0.1,264.7752268905747,973.061893120549,,,0.0,0.0,2.0
9326,0.0015419881790715926,0.33306944667946403,0.0,0.1,264.23226437606303,977.5145737797053,1.0,0.0,0.0,0.0,2.0
9327,0.0004015931227585441,0.08674411451584553,1.0,0.1,263.56839192144935,980.1851204244799,1.0,0.0,0.0,0.0,2.0
9328,0.0015848807414822275,0.3423342401601612,0.0,0.1,260.5908705489038,979.1587679649989,1.0,0.0,0.0,0.0,2.0
9329,0.002779167597283069,0.6003002010131429,0.0,0.1,257.1915321463348,975.6901973958685,1.0,0.0,0.0,0.0,2.0
9330,0.0026424908024251844,0.5707780133238398,0.0,0.1,247.950475169909,969.5886944226295,1.0,0.0,0.0,0.0,2.0
9331,0.00341134798347273,0.7368511644301097,0.0,0.1,244.3970390530313,961.040881868639,1.0,0.0,0.0,0.0,2.0
9332,0.0011119064011590359,0.24017178265035175,0.0,0.1,247.95377779995252,959.9043703807854,1.0,0.0,0.0,0.0,2.0
9333,0.0014471405959769613,0.31258236873102363,0.0,0.1,258.28991302512486,964.2925235498246,1.0,0.0,0.0,0.0,2.0
9334,0.0012762413390744732,0.2756681292400862,0.0,0.1,260.2776246163095,963.0222816572782,1.0,0.0,0.0,0.0,2.0
9335,0.0008924715508960547,0.19277385499354782,0.0,0.1,260.1747408862047,953.273240419531,1.0,0.0,0.0,0.0,2.0
9336,0.001345378321062901,0.2906017173495867,0.0,0.1,258.1577731342732,944.4358017232631,1.0,0.0,0.0,0.0,2.0
9337,0.0005924785772813671,0.1279753726927753,0.0,0.1,259.2352811228337,932.4918137182234,1.0,0.0,0.0,0.0,2.0
9338,0.0014053119700155503,0.30354738552335886,0.0,0.1,262.3618132285082,930.3756921408199,1.0,0.0,0.0,0.0,2.0
9339,0.0006478939336503191,0.13994508966846894,0.0,0.1,264.55815810056964,928.3009923967021,1.0,0.0,0.0,0.0,2.0
9340,0.0007196341992903258,0.1554409870467104,0.0,0.1,267.60573627351164,929.8802194772253,1.0,0.0,0.0,0.0,2.0
9341,0.00040265545168456505,0.08697357756386606,1.0,0.1,270.8460018613325,931.1992597522,1.0,0.0,0.0,0.0,2.0
9342,0.0002106231931651633,0.04549460972367527,1.0,0.1,273.17334241183966,933.459567937299,1.0,0.0,0.0,0.0,2.0
9343,0.001754089293095758,0.37888328730868376,0.0,0.1,274.91694650024453,932.3697840865831,1.0,0.0,0.0,0.0,2.0
9344,0.0016357265703207339,0.35331693918927853,0.0,0.1,280.0843417197099,938.5566419140135,1.0,0.0,0.0,0.0,2.0
9345,0.0017152929741081735,0.37050328240736546,0.0,0.1,285.9255292074422,948.5648747714837,1.0,0.0,0.0,0.0,2.0
9346,0.0036581727724498184,0.7901653188491607,0.0,0.1,294.7360821306917,960.3935832486937,1.0,0.0,0.0,0.0,2.0
9347,0.002341142938578356,0.505686874732925,0.0,0.1,303.6628937411326,974.0384555643403,1.0,0.0,0.0,0.0,2.0
9348,0.002876256685221604,0.6212714440078665,0.0,0.1,306.55021052923104,980.3527842106967,1.0,0.0,0.0,0.0,2.0
9349,0.002014288376134822,0.4350862892451216,0.0,0.1,312.8396949499783,995.7762207862637,1.0,0.0,0.0,0.0,2.0
9350,0.0024723234969857705,0.5340218753489264,0.0,0.1,319.7106708198787,1011.2529068539345,1.0,0.0,0.0,0.0,2.0
9351,0.0014516545691734644,0.3135573869414683,0.0,0.1,326.1072649904852,1023.0128499084493,1.0,0.0,0.0,0.0,2.0
9352,0.0027700201466160936,0.5983243516690763,0.0,0.1,328.9752306220171,1028.27149922824,1.0,0.0,0.0,0.0,2.0
9353,0.0018460711170771584,0.39875136128866623,0.0,0.1,331.7499748173342,1036.9687729530438,1.0,0.0,0.0,0.0,2.0
9354,0.0033521023547717016,0.7240541086306875,0.0,0.1,335.1051522886708,1047.2632490042417,1.0,0.0,0.0,0.0,2.0
9355,0.001968684549900755,0.4252358627785631,0.0,0.1,344.96855816666573,1061.5426395158324,1.0,0.0,0.0,0.0,2.0
9356,0.0022695616020129597,0.49022530603479936,0.0,0.1,353.1092011367466,1074.8633744703673,1.0,0.0,0.0,0.0,2.0
9357,0.0013074108389928808,0.2824007412224623,0.0,0.1,357.55105204669144,1080.2458047285443,1.0,0.0,0.0,0.0,2.0
9358,0.0027255955591537324,0.5887286407772062,0.0,0.1,363.7807598248548,1089.644455822933,1.0,0.0,0.0,0.0,2.0
9359,0.002047982210637043,0.4423641574976013,0.0,0.1,363.25475672506064,1093.2392638865672,1.0,0.0,0.0,0.0,2.0
9360,0.0011189328099695216,0.24168948695341666,0.0,0.1,367.24957846622203,1101.074791796021,1.0,0.0,0.0,0.0,2.0
9361,0.001206200975309372,0.26053941066682434,0.0,0.1,368.4072013889203,1102.33636318015,1.0,0.0,0.0,0.0,2.0
9362,0.0019803873938208354,0.42776367706530044,0.0,0.1,378.76499623289084,1112.2574905622369,1.0,0.0,0.0,0.0,2.0
9363,0.0025356090804982837,0.5476915613876293,0.0,0.1,386.7549111507508,1118.3357129061287,1.0,0.0,0.0,0.0,2.0
9364,0.001391946527049708,0.30066044984273693,0.0,0.1,387.30476400949317,1120.2720047181858,1.0,0.0,0.0,0.0,2.0
9365,0.0028997157790733863,0.6263386082798514,0.0,0.1,388.05975555049986,1120.2749280787073,1.0,0.0,0.0,0.0,2.0
9366,0.0012871322542200223,0.2780205669115248,0.0,0.1,384.97280033160416,1116.5454507043048,1.0,0.0,0.0,0.0,2.0
9367,0.001222785127067037,0.26412158744647996,0.0,0.1,384.0625861800195,1115.8869834942768,1.0,0.0,0.0,0.0,2.0
9368,0.0010905887219150399,0.23556716393364865,0.0,0.1,386.45246206776636,1117.2200891184439,1.0,0.0,0.0,0.0,2.0
9369,8.830853711157223e-05,0.019074644016099603,1.0,0.1,388.4609215198653,1118.5738963712422,1.0,0.0,0.0,0.0,2.0
9370,0.000304028464770604,0.06567014839045046,1.0,0.1,389.8276688010349,1118.994392166804,1.0,0.0,0.0,0.0,2.0
9371,0.00026719771425379445,0.057714706278819604,1.0,0.1,391.784146469947,1120.0263367004818,1.0,0.0,0.0,0.0,2.0
9372,0.0006785935479667838,0.1465762063608253,0.0,0.1,391.1308820225297,1118.1305720455684,1.0,0.0,0.0,0.0,2.0
9373,0.000521526620077799,0.11264974993680459,0.0,0.1,393.2475031457133,1120.883591525347,1.0,0.0,0.0,0.0,2.0
9374,9.02433221381128e-05,0.019492557581832364,1.0,0.1,393.2195870601188,1121.0834208034423,1.0,0.0,0.0,0.0,2.0
9375,0.0005384995806572228,0.11631590942196013,0.0,0.1,393.9271718338083,1121.5360017862013,1.0,0.0,0.0,0.0,2.0
9376,0.0003985234161589938,0.08608105789034266,1.0,0.1,394.9590404752099,1122.110954442309,1.0,0.0,0.0,0.0,2.0
9377,0.0004498026840600154,0.09715737975696333,1.0,0.1,395.4486273033509,1122.9487484558515,1.0,0.0,0.0,0.0,2.0
9378,0.0001680921986063729,0.03630791489897654,1.0,0.1,389.59582820967574,1117.374392219884,1.0,0.0,0.0,0.0,2.0
9379,0.00021183050464247327,0.045755389002774226,1.0,0.1,388.32759298985513,1115.2491577857027,1.0,0.0,0.0,0.0,2.0
9380,0.00018612335693956315,0.04020264509894564,1.0,0.1,391.8526011145915,1115.593619439834,1.0,0.0,0.0,0.0,2.0
9381,0.00023324273909975824,0.050380431645547785,1.0,0.1,392.77224568475464,1115.6421299975461,1.0,0.0,0.0,0.0,2.0
9382,0.00018442881092116539,0.039836623158971726,1.0,0.1,395.4233644446185,1119.3940892573153,1.0,0.0,0.0,0.0,2.0
9383,0.0010818620915603752,0.23368221177704104,0.0,0.1,396.6481750781042,1120.646524902841,1.0,0.0,0.0,0.0,2.0
9384,0.0006133701866966722,0.13248796032648122,0.0,0.1,398.67717069100405,1121.3318325154623,1.0,0.0,0.0,0.0,2.0
9385,0.0006069063724835396,0.13109177645644457,0.0,0.1,399.3056704513533,1121.6095137107209,1.0,0.0,0.0,0.0,2.0
9386,0.0004005677032509073,0.08652262390219599,1.0,0.1,399.1989202694197,1121.316876439012,1.0,0.0,0.0,0.0,2.0
9387,0.0004092440856494922,0.0883967225002903,1.0,0.1,399.68730382863237,1121.8244772459063,1.0,0.0,0.0,0.0,2.0
9388,0.0005642145160796965,0.12187033547321445,0.0,0.1,399.7556898239401,1122.6030418530831,1.0,0.0,0.0,0.0,2.0
9389,0.0009027379815120749,0.19499140400660817,0.0,0.1,399.96282542625397,1123.1858114652862,1.0,0.0,0.0,0.0,2.0
9390,0.0013346245288012595,0.28827889822107206,0.0,0.1,398.72888890785305,1123.8564181717688,1.0,0.0,0.0,0.0,2.0
9391,0.0009608782541757127,0.20754970290195393,0.0,0.1,399.3664853732012,1125.0430834255765,1.0,0.0,0.0,0.0,2.0
9392,0.0007211381760500384,0.1557658460268083,0.0,0.1,400.4044636317499,1125.2849496480192,1.0,0.0,0.0,0.0,2.0
9393,0.0010136757969292243,0.21895397213671247,0.0,0.1,,,1.0,0.0,,,2.0
9394,0.00165463011237785,0.35740010427361557,0.0,0.1,,,1.0,0.0,,,2.0
9395,0.0014756568248037627,0.31874187415761274,0.0,0.1,,,1.0,0.0,,,2.0
9396,0.0009888206836112289,0.21358526766002545,0.0,0.1,,,1.0,0.0,,,2.0
9397,0.0015329190137088804,0.33111050696111816,0.0,0.1,,,1.0,0.0,,,2.0
9398,0.0016323615825987279,0.3525901018413252,0.0,0.1,,,1.0,0.0,,,2.0
9399,0.0027958593043391636,0.6039056097372594,0.0,0.1,,,1.0,0.0,,,2.0
9400,0.0018483155361075931,0.39923615579924016,0.0,0.1,,,1.0,0.0,,,2.0
9401,0.0030299419921922042,0.6544674703135162,0.0,0.1,,,1.0,0.0,,,2.0
9402,0.0023295742891125478,0.5031880464483104,0.0,0.1,434.6058590729146,1181.0566748454537,1.0,0.0,0.0,0.0,2.0
9403,0.002415971426060479,0.5218498280290634,0.0,0.1,,,1.0,0.0,,,2.0
9404,0.0013575290450646691,0.29322627373396853,0.0,0.1,,,1.0,0.0,,,2.0
9405,0.0006962272228114193,0.15038508012726656,0.0,0.1,444.5029361930543,1191.4793600740904,1.0,0.0,0.0,0.0,2.0
9406,0.0009728106431686978,0.21012709892443873,0.0,0.1,,,1.0,0.0,,,2.0
9407,0.0013485382333017232,0.29128425839317224,0.0,0.1,449.21188021013717,1202.242981295647,1.0,0.0,0.0,0.0,2.0
9408,0.0013703445299494234,0.2959944184690755,0.0,0.1,454.633851287068,1206.9467881156197,1.0,0.0,0.0,0.0,2.0
9409,0.0014029592594567313,0.30303920004265394,0.0,0.1,462.66059544064785,1215.8162278543102,1.0,0.0,0.0,0.0,2.0
9410,0.0017350569985244146,0.37477231168127356,0.0,0.1,466.487397469829,1219.0268369342227,1.0,0.0,0.0,0.0,2.0
9411,0.000987206042805796,0.21323650524605195,0.0,0.1,474.24993208458415,1229.5552003087046,1.0,0.0,0.0,0.0,2.0
9412,0.0014706623412352909,0.31766306570682284,0.0,0.1,481.5516565496749,1236.02615423635,1.0,0.0,0.0,0.0,2.0
9413,0.0017954863273129647,0.3878250466996004,0.0,0.1,487.8521367543042,1241.5765799703627,1.0,0.0,0.0,0.0,2.0
9414,0.0009200508024898432,0.19873097333780612,0.0,0.1,491.7868004022304,1245.7237874050966,1.0,0.0,0.0,0.0,2.0
9415,0.002374368378150735,0.5128635696805588,0.0,0.1,494.8733559140754,1248.1435968393505,1.0,0.0,0.0,0.0,2.0
9416,0.0027739519986040174,0.5991736316984678,0.0,0.1,504.3133004512299,1257.0831848609841,1.0,0.0,0.0,0.0,2.0
9417,0.0029002646929814123,0.626457173683985,0.0,0.1,513.3558330234783,1266.8199883522745,1.0,0.0,0.0,0.0,2.0
9418,0.0010244949093581302,0.22129090042135613,0.0,0.1,519.8831507359963,1274.2903517449324,1.0,0.0,0.0,0.0,2.0
9419,0.0015461409407521009,0.3339664432024538,0.0,0.1,522.5559143705511,1276.4362061658364,1.0,0.0,0.0,0.0,2.0
9420,0.0008472125258914934,0.18299790559256257,0.0,0.1,526.1160886729947,1280.5253789074575,1.0,0.0,0.0,0.0,2.0
9421,0.0006116098655738877,0.13210773096395975,0.0,0.1,527.0608445008934,1281.1920573370965,1.0,0.0,0.0,0.0,2.0
9422,0.0008702786092426708,0.18798017959641689,0.0,0.1,,,1.0,0.0,,,2.0
9423,0.000691024469182067,0.1492612853433265,0.0,0.1,528.0639877851073,1282.3678611946905,1.0,0.0,0.0,0.0,2.0
9424,0.0010123824496098136,0.21867460911571973,0.0,0.1,527.6158001688408,1281.0387396654519,1.0,0.0,0.0,0.0,2.0
9425,6.75735017442599e-05,0.014595876376760138,1.0,0.1,,,1.0,0.0,,,2.0
9426,0.0010308162821682852,0.22265631694834961,0.0,0.1,,,1.0,0.0,,,2.0
9427,0.00018174365584690632,0.039256629662931766,1.0,0.1,,,1.0,0.0,,,2.0
9428,0.0002586964715879611,0.0558784378629996,1.0,0.1,,,1.0,0.0,,,2.0
9429,0.00046580193305022075,0.1006132175388477,0.0,0.1,512.237691842106,1265.3471505240573,1.0,0.0,0.0,0.0,2.0
9430,0.0008090191449430581,0.17474813530770056,0.0,0.1,,,1.0,0.0,,,2.0
9431,0.0003206343332889816,0.06925701599042003,1.0,0.1,,,1.0,0.0,,,2.0
9432,0.0003279613715966958,0.0708396562648863,1.0,0.1,,,1.0,0.0,,,2.0
9433,0.0004728150817625287,0.10212805766070619,0.0,0.1,,,1.0,0.0,,,2.0
9434,0.00030497760816595976,0.06587516336384731,1.0,0.1,510.5711083119706,1261.700401521978,1.0,0.0,0.0,0.0,2.0
9435,0.0004461335606542554,0.09636484910131918,1.0,0.1,514.688206389191,1264.7755502583068,1.0,0.0,0.0,0.0,2.0
9436,0.00012662159994792963,0.0273502655887528,1.0,0.1,513.5727832737252,1263.607522876901,1.0,0.0,0.0,0.0,2.0
9437,0.00018421643672562166,0.03979075033273428,1.0,0.1,513.3783594415087,1262.8792752476286,1.0,0.0,0.0,0.0,2.0
9438,0.0002224953565785249,0.04805899702096138,1.0,0.1,512.7529545861222,1261.4641047757893,1.0,0.0,0.0,0.0,2.0
9439,0.00039424185928553523,0.08515624160567561,1.0,0.1,510.3577596921103,1256.423947562845,1.0,0.0,0.0,0.0,2.0
9440,0.00038630536140779603,0.08344195806408394,1.0,0.1,507.79310173123037,1252.6613327467435,1.0,0.0,0.0,0.0,2.0
9441,0.0001951902136622877,0.04216108615105415,1.0,0.1,506.3217894279784,1251.3109206032848,1.0,0.0,0.0,0.0,2.0
9442,0.0002246904145772346,0.04853312954868268,1.0,0.1,505.27209324643906,1249.8197945602415,1.0,0.0,0.0,0.0,2.0
9443,0.0006302022639301233,0.13612368900890662,0.0,0.1,506.0950645628522,1250.3028903716825,1.0,0.0,0.0,0.0,2.0
9444,0.00028079778878491857,0.06065232237754241,1.0,0.1,508.58641229288156,1250.8407273982543,1.0,0.0,0.0,0.0,2.0
9445,0.0003116060599914019,0.06730690895814281,1.0,0.1,514.7094529507648,1255.6321467524037,1.0,0.0,0.0,0.0,2.0
9446,0.00015146780552666766,0.03271704599376021,1.0,0.1,518.5316168580038,1259.9641241351615,1.0,0.0,0.0,0.0,2.0
9447,0.0003107403979640231,0.06711992596022899,1.0,0.1,518.5748487250942,1259.836693288927,1.0,0.0,0.0,0.0,2.0
9448,0.00010323667367463136,0.022299121513720377,1.0,0.1,519.6081019630835,1262.7841783307451,1.0,0.0,0.0,0.0,2.0
9449,0.0007032288925159836,0.15189744078345246,0.0,0.1,523.5414317012342,1268.6263778585267,1.0,0.0,0.0,0.0,2.0
9450,0.0006183262053931385,0.13355846036491792,0.0,0.1,527.0976052973806,1272.2644483547685,1.0,0.0,0.0,0.0,2.0
9451,0.00029746280249050137,0.0642519653379483,1.0,0.1,527.2980506390684,1272.6333613771114,1.0,0.0,0.0,0.0,2.0
9452,0.0007812205249346696,0.16874363338588866,0.0,0.1,527.1430626339765,1272.6589964025522,1.0,0.0,0.0,0.0,2.0
9453,0.0015780390677146013,0.3408564386263539,0.0,0.1,527.0914596657848,1272.9665681400977,1.0,0.0,0.0,0.0,2.0
9454,0.0009833080162570036,0.21239453151151277,0.0,0.1,524.0913242904445,1270.5709279765124,1.0,0.0,0.0,0.0,2.0
9455,0.00023438315468507726,0.05062676141197669,1.0,0.1,521.43851675998,1269.2027691960282,1.0,0.0,0.0,0.0,2.0
9456,0.0007299421180191722,0.1576674974921412,0.0,0.1,519.922682103599,1271.0773457779185,1.0,0.0,0.0,0.0,2.0
9457,0.000366826392763482,0.07923450083691211,1.0,0.1,515.522632292388,1268.3533876811439,1.0,0.0,0.0,0.0,2.0
9458,0.00024809475482416495,0.05358846704201963,1.0,0.1,514.0255746241207,1267.5624923278997,1.0,0.0,0.0,0.0,2.0
9459,0.00045820016854995754,0.09897123640679083,1.0,0.1,513.0473814368272,1267.504074034948,1.0,0.0,0.0,0.0,2.0
9460,0.0005820884194395619,0.12573109859894535,0.0,0.1,512.0782191764176,1265.5884788744063,1.0,0.0,0.0,0.0,2.0
9461,0.0006975753375284325,0.1506762729061414,0.0,0.1,507.795386122393,1262.4230046045907,1.0,0.0,0.0,0.0,2.0
9462,0.0002971294757874766,0.06417996677009495,1.0,0.1,504.3349892349826,1259.306238704892,1.0,0.0,0.0,0.0,2.0
9463,0.00044760288920070207,0.09668222406735165,1.0,0.1,499.8708716520117,1255.8461758627157,1.0,0.0,0.0,0.0,2.0
9464,0.0009353046220947936,0.20202579837247542,0.0,0.1,497.73277216832065,1253.718357456683,1.0,0.0,0.0,0.0,2.0
9465,5.37124351645718e-05,0.011601885995547508,1.0,0.1,496.95599960113213,1252.5718857978848,1.0,0.0,0.0,0.0,2.0
9466,0.0014810375044610573,0.3199041009635884,0.0,0.1,502.5275654506336,1257.0242296384683,1.0,0.0,0.0,0.0,2.0
9467,0.0014813760774034282,0.3199772327191405,0.0,0.1,505.6126890325058,1260.3056513777499,1.0,0.0,0.0,0.0,2.0
9468,0.0007570602075672083,0.16352500483451698,0.0,0.1,511.0429306843494,1266.364202047892,1.0,0.0,0.0,0.0,2.0
9469,0.001400719712346673,0.3025554578668814,0.0,0.1,512.887894562915,1267.7652829994317,1.0,0.0,0.0,0.0,2.0
9470,0.0005829752042097156,0.12592264410929854,0.0,0.1,517.168339594605,1269.7563236884635,1.0,0.0,0.0,0.0,2.0
9471,0.00032290661931208526,0.06974782977141042,1.0,0.1,517.9308407781169,1269.9615888852488,1.0,0.0,0.0,0.0,2.0
9472,0.00020894746644658287,0.0451326527524619,1.0,0.1,521.0195432872603,1272.6191498910025,1.0,0.0,0.0,0.0,2.0
9473,0.0003604794194275686,0.07786355459635483,1.0,0.1,523.4165281097139,1274.2106014541077,1.0,0.0,0.0,0.0,2.0
9474,0.0007315533247685558,0.15801551815000808,0.0,0.1,528.2204737726332,1276.7287899366654,1.0,0.0,0.0,0.0,2.0
9475,0.00042409775046491077,0.09160511410042073,1.0,0.1,531.2701134155492,1278.3253713978465,1.0,0.0,0.0,0.0,2.0
9476,0.0004916124242184913,0.10618828363119412,0.0,0.1,534.9502390063778,1283.372955337486,1.0,0.0,0.0,0.0,2.0
9477,0.0001270082493293693,0.027433781855143773,1.0,0.1,,,1.0,0.0,,,2.0
9478,0.000307175060106542,0.06634981298301308,1.0,0.1,535.088827563429,1285.2834875493465,1.0,0.0,0.0,0.0,2.0
9479,0.0008739302389375491,0.18876893161051062,0.0,0.1,534.9115158412222,1285.881833955604,1.0,0.0,0.0,0.0,2.0
9480,5.64532465304284e-05,0.012193901250572535,1.0,0.1,,,1.0,0.0,,,2.0
9481,0.0002295331731045081,0.04957916539057375,1.0,0.1,,,1.0,0.0,,,2.0
9482,0.0001200871311419635,0.025938820326664117,1.0,0.1,526.6217590886431,1277.1520744313063,1.0,0.0,0.0,0.0,2.0
9483,0.00032638139023468267,0.07049838029069146,1.0,0.1,525.1632229139375,1275.766624798605,1.0,0.0,0.0,0.0,2.0
9484,0.0005850698441835902,0.1263750863436555,0.0,0.1,519.4526340503024,1270.2224991473495,1.0,0.0,0.0,0.0,2.0
9485,0.0004031945678532039,0.08709002665629205,1.0,0.1,516.3956297812607,1267.8448442927736,1.0,0.0,0.0,0.0,2.0
9486,0.00027956123129219487,0.060385225959114094,1.0,0.1,512.3542119863117,1263.2743679860178,1.0,0.0,0.0,0.0,2.0
9487,0.00031655928429462696,0.06837680540763942,1.0,0.1,510.8206891934894,1262.4575017318439,1.0,0.0,0.0,0.0,2.0
9488,0.000475320466362399,0.10266922073427819,0.0,0.1,506.1408474335528,1256.7242314235168,1.0,0.0,0.0,0.0,2.0
9489,0.0006002827404683102,0.129661071941155,0.0,0.1,500.80823691435495,1248.113788820264,1.0,0.0,0.0,0.0,2.0
9490,0.0007912160744358368,0.17090267207814075,0.0,0.1,495.52660612772326,1242.4942649706122,1.0,0.0,0.0,0.0,2.0
9491,0.0003387041136266531,0.07316008854335708,1.0,0.1,494.65196135681026,1242.147696438396,1.0,0.0,0.0,0.0,2.0
9492,0.00045911104001435403,0.09916798464310048,1.0,0.1,494.08781289642326,1241.6731810486078,1.0,0.0,0.0,0.0,2.0
9493,0.0008723545519990411,0.18842858323179287,0.0,0.1,493.67516954928936,1242.899470201577,1.0,0.0,0.0,0.0,2.0
9494,0.0009103637559489376,0.19663857128497053,0.0,0.1,,,1.0,0.0,,,2.0
9495,0.0008685470280010476,0.18760615804822628,0.0,0.1,,,1.0,0.0,,,2.0
9496,0.0016815891242013053,0.36322325082748197,0.0,0.1,,,1.0,0.0,,,2.0
9497,0.0012522278998111068,0.2704812263591991,0.0,0.1,469.1415953255752,1237.866818627326,1.0,0.0,0.0,0.0,2.0
9498,0.001451791645620534,0.31358699545403534,0.0,0.1,460.8040866050169,1234.4621212274678,1.0,0.0,0.0,0.0,2.0
9499,0.002292899662013264,0.495266326994865,0.0,0.1,452.4413175378653,1230.8886391281485,1.0,0.0,0.0,0.0,2.0
9500,0.0003710946553822572,0.08015644556256755,1.0,0.1,444.1577985192169,1227.2768367336062,1.0,0.0,0.0,0.0,2.0
9501,0.0015135869988146982,0.32693479174397483,0.0,0.1,442.11560960529187,1226.7374007248388,1.0,0.0,0.0,0.0,2.0
9502,0.0014598296374244383,0.31532320168367867,0.0,0.1,,,1.0,0.0,,,2.0
9503,0.000827440310252688,0.1787271070145806,0.0,0.1,,,1.0,0.0,,,2.0
9504,0.0008657971612589471,0.18701218683193258,0.0,0.1,,,1.0,0.0,,,2.0
9505,0.0021929956526316225,0.47368706096843044,0.0,0.1,,,1.0,0.0,,,2.0
9506,0.0020255951152105722,0.4375285448854836,0.0,0.1,,,1.0,0.0,,,2.0
9507,0.0009078680350701985,0.19609949557516287,0.0,0.1,385.68282987523713,1193.4675556114482,1.0,0.0,0.0,0.0,2.0
9508,0.0009217526426846246,0.19909857081987892,0.0,0.1,376.109490032039,1184.6038091671123,1.0,0.0,0.0,0.0,2.0
9509,0.0020060517807973543,0.4333071846522285,0.0,0.1,371.27734502100054,1180.6221005610673,1.0,0.0,0.0,0.0,2.0
9510,0.001989618648634688,0.4297576281050926,0.0,0.1,362.78884979095574,1172.2020126911614,1.0,0.0,0.0,0.0,2.0
9511,0.0008992083729923924,0.19422900856635675,0.0,0.1,353.9579964560272,1164.491343457338,1.0,0.0,0.0,0.0,2.0
9512,0.001846340138223238,0.3988094698562194,0.0,0.1,343.3562229478019,1155.4026172465074,1.0,0.0,0.0,0.0,2.0
9513,0.0010401290277334673,0.22466786999042895,0.0,0.1,331.1692629180487,1144.7306384192336,1.0,0.0,0.0,0.0,2.0
9514,0.0007761892043638054,0.167656868142582,0.0,0.1,323.8658919606832,1138.1649082224674,1.0,0.0,0.0,0.0,2.0
9515,0.0010766663019773346,0.23255992122710425,0.0,0.1,308.1255241845687,1123.1742457926393,1.0,0.0,0.0,0.0,2.0
9516,0.0018981817836526207,0.4100072652689661,0.0,0.1,297.79511255236605,1113.8150316873473,1.0,0.0,0.0,0.0,2.0
9517,0.000997627028483949,0.215487438152533,0.0,0.1,285.0055112576769,1099.6928683963015,1.0,0.0,0.0,0.0,2.0
9518,0.0034220431188514457,0.7391613136719123,0.0,0.1,277.1941969297581,1090.4914018567338,1.0,0.0,0.0,0.0,2.0
9519,0.004982381442124015,1.0761943914987873,0.0,0.1,259.4246415691234,1073.5907190763419,1.0,0.0,0.0,0.0,2.0
9520,0.0033472758710238093,0.7230115881411427,0.0,0.1,244.59176449119383,1059.7687219957409,1.0,0.0,0.0,0.0,2.0
9521,0.000770225585181168,0.16636872639913228,0.0,0.1,220.52381872543125,1037.0352006580101,1.0,0.0,0.0,0.0,2.0
9522,0.00044703812743732683,0.0965602355264626,1.0,0.1,198.73257499588112,1014.1666022901965,1.0,0.0,0.0,0.0,2.0
9523,0.0004583693726633832,0.09900778449529078,1.0,0.1,190.58652399283267,1006.5611113074334,1.0,0.0,0.0,0.0,2.0
9524,0.0005767275932517401,0.12457316014237586,0.0,0.1,183.8284272140863,1001.1131404015555,1.0,0.0,0.0,0.0,2.0
9525,0.0005849756650077836,0.12635474364168128,0.0,0.1,177.36242119714288,995.5662466838285,1.0,0.0,0.0,0.0,2.0
9526,0.000996212505150046,0.21518190111240992,0.0,0.1,165.76290611418509,983.0050277262177,1.0,0.0,0.0,0.0,2.0
9527,0.0003611014959443278,0.07799792312397481,1.0,0.1,152.29020627710474,970.3149315171424,1.0,0.0,0.0,0.0,2.0
9528,0.0003247762171094032,0.07015166289563109,1.0,0.1,145.86360516896178,961.2415522536415,1.0,0.0,0.0,0.0,2.0
9529,0.0013237676718034694,0.2859338171095494,0.0,0.1,134.1402091573208,944.3924698953895,1.0,0.0,0.0,0.0,2.0
9530,0.0013068315504525154,0.28227561489774333,0.0,0.1,124.71678192496127,929.7981381671873,1.0,0.0,0.0,0.0,2.0
9531,0.00036532718856118666,0.07891067272921631,1.0,0.1,118.86617019957939,921.3088173900087,1.0,0.0,0.0,0.0,2.0
9532,0.0008678156308791006,0.18744817626988575,0.0,0.1,116.16870887557069,916.1288489076487,1.0,0.0,0.0,0.0,2.0
9533,0.0010916159724382645,0.23578905004666512,0.0,0.1,112.29505808639792,905.8904112175045,1.0,0.0,0.0,0.0,2.0
9534,0.0012262664051452678,0.2648735435113778,0.0,0.1,111.17029381969282,893.687636125881,1.0,0.0,0.0,0.0,2.0
9535,0.0010943457033062572,0.23637867191415157,0.0,0.1,114.7970942929128,879.3592819455719,1.0,0.0,0.0,0.0,2.0
9536,0.0005456756270559018,0.11786593544407478,0.0,0.1,121.79892007655118,865.4756976107476,1.0,0.0,0.0,0.0,2.0
9537,0.0008298339166487988,0.17924412599614056,0.0,0.1,125.24924436919063,857.7908279682271,1.0,0.0,0.0,0.0,2.0
9538,0.0023170255443347807,0.5004775175763126,0.0,0.1,131.1521190596081,844.0003846977729,1.0,0.0,0.0,0.0,2.0
9539,0.0005473336054412064,0.11822405877530058,0.0,0.1,135.94458012882058,830.184151343913,1.0,0.0,0.0,0.0,2.0
9540,,,,0.1,138.5715924725188,817.0575049274184,1.0,0.0,0.0,0.0,2.0
9541,,,,0.1,137.7807552185625,812.0021439290844,,,0.0,0.0,2.0
9542,,,,0.1,138.83000604069483,804.6548322880134,,,0.0,0.0,2.0
9543,0.0035074339035724134,0.7576057231716413,0.0,0.1,141.44875365094126,792.5520550819624,1.0,0.0,0.0,0.0,2.0
9544,0.00451023228386886,0.9742101733156738,0.0,0.1,144.04266100427114,777.0866241351588,1.0,0.0,0.0,0.0,2.0
9545,0.0011838792656560424,0.2557179213817052,0.0,0.1,144.82405282843843,768.8601134877244,1.0,0.0,0.0,0.0,2.0
9546,0.0016595565258428423,0.358464209582054,0.0,0.1,148.04748728139882,764.6340215334782,1.0,0.0,0.0,0.0,2.0
9547,0.0021517943297268633,0.4647875752210025,0.0,0.1,154.27396580323898,756.3745247115488,1.0,0.0,0.0,0.0,2.0
9548,0.00257868724888672,0.5569964457595316,0.0,0.1,163.46325870799188,744.8327762632849,1.0,0.0,0.0,0.0,2.0
9549,0.0015640713743408467,0.3378394168576229,0.0,0.1,170.34380675232728,734.4523752271415,1.0,0.0,0.0,0.0,2.0
9550,0.003185353132485459,0.6880362766168591,0.0,0.1,176.39052409445543,726.7431657668998,1.0,0.0,0.0,0.0,2.0
9551,0.003992745669965933,0.8624330647126416,0.0,0.1,185.46966199646636,716.9811992342679,1.0,0.0,0.0,0.0,2.0
9552,0.0022884664576804277,0.49430875485897247,0.0,0.1,200.0763758007009,703.3006798193069,1.0,0.0,0.0,0.0,2.0
9553,0.0027047823150271105,0.5842329800458559,0.0,0.1,214.56894197087922,692.1821255783664,1.0,0.0,0.0,0.0,2.0
9554,0.0019144105586192148,0.4135126806617504,0.0,0.1,227.91835071809675,681.4625078216444,1.0,0.0,0.0,0.0,2.0
9555,0.0025846549375830316,0.5582854665179349,0.0,0.1,234.14367787087147,676.9041870850513,1.0,0.0,0.0,0.0,2.0
9556,0.0020023951493272716,0.4325173522546907,0.0,0.1,240.9363714615745,671.5757931542383,1.0,0.0,0.0,0.0,2.0
9557,0.002602947688816376,0.5622367007843373,0.0,0.1,250.85123016884344,661.9581941174439,1.0,0.0,0.0,0.0,2.0
9558,0.0020054159590330908,0.4331698471511476,0.0,0.1,257.95716778052184,654.2303513800261,1.0,0.0,0.0,0.0,2.0
9559,0.0029290951221373164,0.6326845463816604,0.0,0.1,263.8551197197728,647.8619743332129,1.0,0.0,0.0,0.0,2.0
9560,0.0027325344429246575,0.5902274396717261,0.0,0.1,271.2775422630719,639.2589102391515,1.0,0.0,0.0,0.0,2.0
9561,0.0018163110356985827,0.39232318371089386,0.0,0.1,281.7365626297998,628.2788827012934,1.0,0.0,0.0,0.0,2.0
9562,0.002152137357878599,0.46486166930177736,0.0,0.1,291.24033928280136,618.7352628551115,1.0,0.0,0.0,0.0,2.0
9563,0.0011364841732387724,0.24548058141957488,0.0,0.1,302.26751011786007,607.0459866839453,1.0,0.0,0.0,0.0,2.0
9564,0.0020196980210272627,0.43625477254188877,0.0,0.1,307.5037398196732,600.7810450830004,1.0,0.0,0.0,0.0,2.0
9565,0.002727995625347796,0.589247055075124,0.0,0.1,314.4390765780222,593.382756932676,1.0,0.0,0.0,0.0,2.0
9566,0.003865941809296218,0.8350434308079832,0.0,0.1,320.2721943323905,585.8322560018812,1.0,0.0,0.0,0.0,2.0
9567,0.001169214328900571,0.25255029504252335,0.0,0.1,327.6147778753041,579.1053948025201,1.0,0.0,0.0,0.0,2.0
9568,0.002882541200828358,0.6226288993789254,0.0,0.1,331.83145423663257,575.8804564108482,1.0,0.0,0.0,0.0,2.0
9569,0.00334631432039994,0.722803893206387,0.0,0.1,345.5109230674558,564.6944431344762,1.0,0.0,0.0,0.0,2.0
9570,0.003351532747300358,0.7239310734168773,0.0,0.1,357.01926209479075,557.7891702474387,1.0,0.0,0.0,0.0,2.0
9571,0.000555613812711769,0.12001258354574211,0.0,0.1,369.2107917183839,549.8459681774046,1.0,0.0,0.0,0.0,2.0
9572,0.0025789108087363854,0.5570447346870593,0.0,0.1,375.890346964375,545.6600672552628,1.0,0.0,0.0,0.0,2.0
9573,0.002757370553244245,0.5955920395007569,0.0,0.1,386.10171519841265,538.602350717616,1.0,0.0,0.0,0.0,2.0
9574,0.003277693577314973,0.7079818127000342,0.0,0.1,396.3393488202746,531.8018799133439,1.0,0.0,0.0,0.0,2.0
9575,0.0018302977868429235,0.3953443219580715,0.0,0.1,407.8867172355229,523.875795740845,1.0,0.0,0.0,0.0,2.0
9576,0.002179556360966211,0.47078417396870154,0.0,0.1,419.4683532937834,513.9596815649844,1.0,0.0,0.0,0.0,2.0
9577,0.0022563431226699454,0.48737011449670825,0.0,0.1,424.54279218280976,509.7209923496643,1.0,0.0,0.0,0.0,2.0
9578,0.004594496869989312,0.9924113239176916,0.0,0.1,436.27830960163,500.3804404592312,1.0,0.0,0.0,0.0,2.0
9579,0.004011546223583347,0.8664939842940029,0.0,0.1,443.54351976201133,493.67413140354927,1.0,0.0,0.0,0.0,2.0
9580,0.0007661618819480641,0.16549096650078185,0.0,0.1,453.0663758983323,485.16993763848484,1.0,0.0,0.0,0.0,2.0
9581,0.0028864508936980167,0.6234733930387716,0.0,0.1,457.1135600230181,483.3261927274373,1.0,0.0,0.0,0.0,2.0
9582,0.0024303270700784902,0.5249506471369539,0.0,0.1,468.94364273629185,474.0160333908686,1.0,0.0,0.0,0.0,2.0
9583,0.0021521205485313913,0.4648580384827805,0.0,0.1,475.42377979112814,468.67666537462435,1.0,0.0,0.0,0.0,2.0
9584,0.002689458008560263,0.5809229298490168,0.0,0.1,482.4140436455917,460.728189472675,1.0,0.0,0.0,0.0,2.0
9585,0.0011097281414886354,0.23970127856154527,0.0,0.1,487.52851090372155,454.1118379288802,1.0,0.0,0.0,0.0,2.0
9586,0.0027781577548040334,0.6000820750376712,0.0,0.1,492.5075101555626,449.16098465959425,1.0,0.0,0.0,0.0,2.0
9587,0.002962536031144655,0.6399077827272455,0.0,0.1,498.7133865776322,441.64016345993815,1.0,0.0,0.0,0.0,2.0
9588,0.0031385234743404765,0.677921070457543,0.0,0.1,503.8702739565927,435.37469842798345,1.0,0.0,0.0,0.0,2.0
9589,0.0023193871867627,0.5009876323407432,0.0,0.1,510.6982808116339,427.5075305605196,1.0,0.0,0.0,0.0,2.0
9590,0.0014828578831747761,0.32029730276575163,0.0,0.1,523.629794339151,418.4901341786841,1.0,0.0,0.0,0.0,2.0
9591,0.0018075832980610498,0.39043799238118676,0.0,0.1,527.8127431975804,415.10785423091346,1.0,0.0,0.0,0.0,2.0
9592,0.0034986819618841704,0.7557153037669808,0.0,0.1,541.1479999587775,405.2670151374905,1.0,0.0,0.0,0.0,2.0
9593,0.0037909993438925865,0.8188558582807988,0.0,0.1,546.7499319715004,400.87833732763477,1.0,0.0,0.0,0.0,2.0
9594,0.0030307793860791894,0.654648347393105,0.0,0.1,554.9384913699619,396.033331821162,1.0,0.0,0.0,0.0,2.0
9595,0.0021923558321674226,0.47354885974816324,0.0,0.1,561.0985661208899,390.5701322928685,1.0,0.0,0.0,0.0,2.0
9596,0.003555268485925677,0.7679379929599464,0.0,0.1,574.8215122450947,378.54026229758324,1.0,0.0,0.0,0.0,2.0
9597,0.0025651446290670325,0.5540712398784791,0.0,0.1,586.7492401679692,366.3561652087674,1.0,0.0,0.0,0.0,2.0
9598,0.004202789638863994,0.9078025619946228,0.0,0.1,594.3132416894988,359.3948507961496,1.0,0.0,0.0,0.0,2.0
9599,0.002303437821603328,0.4975425694663189,0.0,0.1,602.6281199535841,352.5705932966737,1.0,0.0,0.0,0.0,2.0
9600,0.0026241114132013414,0.5668080652514897,0.0,0.1,607.9602476296211,348.798158841757,1.0,0.0,0.0,0.0,2.0
9601,0.0025967360935344056,0.5608949962034316,0.0,0.1,621.8248870318843,334.6523576308696,1.0,0.0,0.0,0.0,2.0
9602,0.003037480637068132,0.6560958176067166,0.0,0.1,634.1512216693549,320.9493685627195,1.0,0.0,0.0,0.0,2.0
9603,0.0011276523264085868,0.24357290250425476,0.0,0.1,645.0352174646881,310.21030216050264,1.0,0.0,0.0,0.0,2.0
9604,0.0035417802349022105,0.7650245307388776,0.0,0.1,649.9628104662502,305.9726814358755,0.0,1.0,0.0,0.0,2.0
9605,0.002868105953841736,0.619510886029815,0.0,0.1,657.501931961473,297.6571152458043,0.0,1.0,0.0,0.0,2.0
9606,0.0015828565338844775,0.34189701131904715,0.0,0.1,661.8068518930685,294.91669588319314,0.0,1.0,0.0,0.0,2.0
9607,0.0029288253981972303,0.6326262860106018,0.0,0.1,666.5012773875753,291.21141046505466,0.0,1.0,0.0,0.0,2.0
9608,0.001528308127970121,0.3301145556415462,0.0,0.1,669.3571462656927,288.5722395046991,0.0,1.0,0.0,0.0,2.0
9609,0.0010591220931060223,0.22877037211090082,0.0,0.1,673.727523286098,284.6463394998405,0.0,1.0,0.0,0.0,2.0
9610,0.000630076553246553,0.13609653550125544,0.0,0.1,678.0602548295135,281.50495094882143,0.0,1.0,0.0,0.0,2.0
9611,0.0011162859457598687,0.24111776428413165,0.0,0.1,680.6867836811406,281.7675600448773,0.0,1.0,0.0,0.0,2.0
9612,0.001000860557897952,0.2161858805059576,0.0,0.1,678.6452989657946,285.16287001463434,0.0,1.0,0.0,0.0,2.0
9613,0.00041084202427043735,0.08874187724241447,1.0,0.1,676.2938676157949,287.446430857333,0.0,1.0,0.0,0.0,2.0
9614,0.00043125880759400963,0.09315190244030609,1.0,0.1,670.9837478312066,292.3638557903267,0.0,1.0,0.0,0.0,2.0
9615,0.00034562549905044074,0.0746551077948952,1.0,0.1,668.1559999842577,295.3209378208953,0.0,1.0,0.0,0.0,2.0
9616,0.0004588737798696569,0.09911673645184589,1.0,0.1,668.8408493638575,294.65900084937175,0.0,1.0,0.0,0.0,2.0
9617,0.0004721787400714602,0.1019906078554354,0.0,0.1,670.6413361379473,292.15207923290325,0.0,1.0,0.0,0.0,2.0
9618,0.0005171502579266386,0.11170445571215393,0.0,0.1,675.0804223165436,286.742762697552,0.0,1.0,0.0,0.0,2.0
9619,0.00046249083340016667,0.099898020014436,1.0,0.1,681.714821367509,278.53276961686834,0.0,1.0,0.0,0.0,2.0
9620,0.0008073243340798515,0.1743820561612479,0.0,0.1,689.7583145317101,271.39846797415333,0.0,1.0,0.0,0.0,2.0
9621,0.0015510540896461523,0.3350276833635689,0.0,0.1,694.5224320534177,267.2094705733958,0.0,1.0,0.0,0.0,2.0
9622,0.0008729228757519372,0.18855134116241842,0.0,0.1,696.1318093108094,265.97942499715595,0.0,1.0,0.0,0.0,2.0
9623,0.0004885201024983765,0.10552034213964934,0.0,0.1,702.792211848732,261.57047703592735,0.0,1.0,0.0,0.0,2.0
9624,0.0015689150028504386,0.3388856406156947,0.0,0.1,711.1901106807263,255.50843257158863,0.0,1.0,0.0,0.0,2.0
9625,0.0007832537018811461,0.16918279960632757,0.0,0.1,722.2122668943533,249.61933581639087,0.0,1.0,0.0,0.0,2.0
9626,0.0027789630094516896,0.6002560100415649,0.0,0.1,725.4317184289376,246.77712452294924,0.0,1.0,0.0,0.0,2.0
9627,0.0021350587661919957,0.4611726934974711,0.0,0.1,733.1152387731496,242.56831061644044,0.0,1.0,0.0,0.0,2.0
9628,0.0020428144212591,0.44124791499196564,0.0,0.1,738.3370957224769,239.2332732223088,0.0,1.0,0.0,0.0,2.0
9629,0.0015306925153824949,0.33062958332261894,0.0,0.1,739.3655299335319,234.9711377007022,0.0,1.0,0.0,0.0,2.0
9630,0.001081575925475405,0.2336203999026875,0.0,0.1,743.8074718059722,227.87026195422536,0.0,1.0,0.0,0.0,2.0
9631,0.002151420796954296,0.464706892142128,0.0,0.1,746.7658971635932,225.43998098241798,0.0,1.0,0.0,0.0,2.0
9632,0.0015421210177420997,0.3330981398322935,0.0,0.1,752.3043505481053,221.16090828465033,0.0,1.0,0.0,0.0,2.0
9633,0.001478238776170883,0.3192995756529107,0.0,0.1,757.7124255606649,215.2436757638035,0.0,1.0,0.0,0.0,2.0
9634,0.0005827343174595065,0.1258706125712534,0.0,0.1,762.2463295688265,212.68261937486378,0.0,1.0,0.0,0.0,2.0
9635,0.0017206800064202379,0.3716668813867714,0.0,0.1,765.5998696004543,211.98681225615906,0.0,1.0,0.0,0.0,2.0
9636,0.0015016310498029073,0.324352306757428,0.0,0.1,771.0281174006413,213.22121396243057,0.0,1.0,0.0,0.0,2.0
9637,0.0021048968906525814,0.4546577283809576,0.0,0.1,776.1912948457735,211.5968468212358,0.0,1.0,0.0,0.0,2.0
9638,0.002868629254843273,0.6196239190461469,0.0,0.1,782.2973290209394,209.77714989129007,0.0,1.0,0.0,0.0,2.0
9639,0.0013723050887092137,0.29641789916119016,0.0,0.1,786.4129980147385,204.30497374662613,0.0,1.0,0.0,0.0,2.0
9640,0.002968377164238923,0.6411694674756074,0.0,0.1,789.6317676371193,199.5759720185935,0.0,1.0,0.0,0.0,2.0
9641,0.0022305033947741543,0.48178873327121735,0.0,0.1,797.0034182259506,191.72706928686912,0.0,1.0,0.0,0.0,2.0
9642,0.002947837356030469,0.6367328689025813,0.0,0.1,804.0886087788645,185.8897888703651,0.0,1.0,0.0,0.0,2.0
9643,0.0023855893168369976,0.5152872924367915,0.0,0.1,817.9934997332587,178.88829068055415,0.0,1.0,0.0,0.0,2.0
9644,0.0017060901621131325,0.36851547501643667,0.0,0.1,831.8514488052707,174.02687750019413,0.0,1.0,0.0,0.0,2.0
9645,0.002066758044019145,0.4464197375081353,0.0,0.1,837.5301440446935,171.64122187546906,0.0,1.0,0.0,0.0,2.0
9646,0.004504998087126798,0.9730795868193882,0.0,0.1,850.9818267976751,169.53139286928484,0.0,1.0,0.0,0.0,2.0
9647,0.0045506226651694254,0.982934495676596,0.0,0.1,861.4034299064374,169.85869689779426,0.0,1.0,0.0,0.0,2.0
9648,0.0005191553756545412,0.1121375611413809,0.0,0.1,869.3446957385917,170.6614383095428,0.0,1.0,0.0,0.0,2.0
9649,0.003046758758274654,0.6580998917873253,0.0,0.1,875.2340036934384,171.4660078928968,0.0,1.0,0.0,0.0,2.0
9650,0.0019677204300292475,0.42502761288631746,0.0,0.1,888.2680968713307,171.50945184551068,0.0,1.0,0.0,0.0,2.0
9651,0.003981731319395062,0.8600539649893334,0.0,0.1,900.0898220653808,172.1569017485731,0.0,1.0,0.0,0.0,2.0
9652,0.0024132724240053653,0.5212668435851588,0.0,0.1,909.3092869520879,173.56597892874194,0.0,1.0,0.0,0.0,2.0
9653,0.0007982866160575389,0.17242990906842842,0.0,0.1,915.5479486409457,173.80128935017362,0.0,1.0,0.0,0.0,2.0
9654,0.00201234618421085,0.4346667757895436,0.0,0.1,917.8747637357701,175.96957211280386,0.0,1.0,0.0,0.0,2.0
9655,0.0024862407368419787,0.5370279991578675,0.0,0.1,925.625689143028,183.48164065811233,0.0,1.0,0.0,0.0,2.0
9656,0.0015856827582266231,0.3425074757769506,0.0,0.1,934.4519459743459,185.1254714138232,0.0,1.0,0.0,0.0,2.0
9657,0.0017774942209628044,0.38393875172796577,0.0,0.1,942.5429950526326,188.66640270744975,0.0,1.0,0.0,0.0,2.0
9658,0.0031537586208027295,0.6812118620933896,0.0,0.1,945.2712052868586,190.9362214964289,0.0,1.0,0.0,0.0,2.0
9659,0.0030383633971768813,0.6562864937902063,0.0,0.1,952.5938982200942,194.14417921381943,0.0,1.0,0.0,0.0,2.0
9660,0.00224167567340535,0.4842019454555556,0.0,0.1,958.1341023258024,197.85774216335523,0.0,1.0,0.0,0.0,2.0
9661,0.002933744971303861,0.6336889138016341,0.0,0.1,961.1516422065221,201.8991275181873,0.0,1.0,0.0,0.0,2.0
9662,0.00028761864418496905,0.06212562714395332,1.0,0.1,962.3901223898704,206.29130326535596,0.0,1.0,0.0,0.0,2.0
9663,0.001264831722131531,0.2732036519804107,0.0,0.1,962.7018421669858,209.13293423068936,0.0,1.0,0.0,0.0,2.0
9664,0.0015961222125258554,0.34476239790558477,0.0,0.1,963.3436389765601,218.47919844169095,0.0,1.0,0.0,0.0,2.0
9665,0.0009494284467948696,0.20507654450769186,0.0,0.1,967.6808788472059,227.3948437531381,0.0,1.0,0.0,0.0,2.0
9666,0.0005031191972384533,0.10867374660350591,0.0,0.1,970.8028073158378,239.86427578017523,0.0,1.0,0.0,0.0,2.0
9667,0.0012483767313577296,0.2696493739732696,0.0,0.1,973.3003769756364,243.60582177311366,0.0,1.0,0.0,0.0,2.0
9668,0.0026644995671171626,0.5755319064973071,0.0,0.1,979.8054987361552,254.39905765345426,0.0,1.0,0.0,0.0,2.0
9669,0.0025715028643577883,0.5554446187012823,0.0,0.1,987.8484786928008,263.16244785701923,0.0,1.0,0.0,0.0,2.0
9670,0.001983073839868654,0.42834394941162923,0.0,0.1,998.4190410680865,273.9770405281746,0.0,1.0,0.0,0.0,2.0
9671,0.0017419947775945551,0.3762708719604239,0.0,0.1,1002.8199630934057,277.1267916916556,0.0,1.0,0.0,0.0,2.0
9672,0.0025271462279891775,0.5458635852456624,0.0,0.1,1012.5448297948352,285.86408883571556,0.0,1.0,0.0,0.0,2.0
9673,0.0020848133328032286,0.4503196798854974,0.0,0.1,1020.5183006070388,293.14602932405194,0.0,1.0,0.0,0.0,2.0
9674,0.0033107545148093106,0.7151229751988111,0.0,0.1,1024.9238147188682,298.19506680829437,0.0,1.0,0.0,0.0,2.0
9675,0.00082636351157698,0.17849451850062767,0.0,0.1,1028.7042162623104,301.172948065558,0.0,1.0,0.0,0.0,2.0
9676,0.002400495403335017,0.5185070071203637,0.0,0.1,1031.8268747510183,304.4471916885106,0.0,1.0,0.0,0.0,2.0
9677,0.0023358904155165307,0.5045523297515706,0.0,0.1,1044.4566594442683,317.3447474852559,0.0,1.0,0.0,0.0,2.0
9678,0.0021196205474255585,0.4578380382439206,0.0,0.1,1054.8934950311,330.8721327403893,0.0,1.0,0.0,0.0,2.0
9679,0.0033065884371947583,0.7142231024340678,0.0,0.1,1060.9838828881332,340.42945562748173,0.0,1.0,0.0,0.0,2.0
9680,0.0010534973290261414,0.22755542306964657,0.0,0.1,1067.455394590371,347.38358831109895,0.0,1.0,0.0,0.0,2.0
9681,0.0009531793461594535,0.20588673877044195,0.0,0.1,1069.0787519059652,351.696464337064,0.0,1.0,0.0,0.0,2.0
9682,0.0009181445860478618,0.19831923058633816,0.0,0.1,1073.5076688647055,356.1321033774127,0.0,1.0,0.0,0.0,2.0
9683,0.0011521485797920108,0.24886409323507433,0.0,0.1,1074.9390948498033,356.3831820072433,0.0,1.0,0.0,0.0,2.0
9684,0.00029977598807815864,0.06475161342488227,1.0,0.1,1075.466701146567,358.389698004981,0.0,1.0,0.0,0.0,2.0
9685,0.0006656502135152464,0.14378044611929325,0.0,0.1,1075.3269729500225,358.6425420263024,0.0,1.0,0.0,0.0,2.0
9686,0.0007726480229411993,0.16689197295529903,0.0,0.1,1075.1209918437003,354.57940063773253,0.0,1.0,0.0,0.0,2.0
9687,0.0009710147650230243,0.20973918924497323,0.0,0.1,1077.5512691185404,352.18579695471453,0.0,1.0,0.0,0.0,2.0
9688,0.0005646536608854701,0.12196519075126154,0.0,0.1,1079.8864863360916,351.2881478547516,0.0,1.0,0.0,0.0,2.0
9689,0.0017227516190627223,0.37211434971754803,0.0,0.1,1080.2134056352247,348.15843492327724,0.0,1.0,0.0,0.0,2.0
9690,0.00034231746713527395,0.07394057290121918,1.0,0.1,1081.2177797836614,341.2302545383164,0.0,1.0,0.0,0.0,2.0
9691,0.0009300447109727724,0.20088965757011884,0.0,0.1,1077.8162715148665,330.8852426936283,0.0,1.0,0.0,0.0,2.0
9692,0.0010445877849341815,0.22563096154578324,0.0,0.1,1073.3736655137425,324.01027628565936,0.0,1.0,0.0,0.0,2.0
9693,0.0008489011284404363,0.18336264374313427,0.0,0.1,1069.2645257914417,315.5894385931625,0.0,1.0,0.0,0.0,2.0
9694,0.0012202344884734587,0.26357064951026704,0.0,0.1,1066.176271251653,311.40954677265165,0.0,1.0,0.0,0.0,2.0
9695,0.000756896201538228,0.16348957953225723,0.0,0.1,1058.1782839321556,300.82266876762645,0.0,1.0,0.0,0.0,2.0
9696,0.0007140047851049493,0.15422503358266906,0.0,0.1,1054.0077636243068,297.23136600273807,0.0,1.0,0.0,0.0,2.0
9697,0.0005135954303769854,0.11093661296142884,0.0,0.1,1053.1521440259537,293.5109254282419,0.0,1.0,0.0,0.0,2.0
9698,0.0003885986056586172,0.08393729882226132,1.0,0.1,,,0.0,1.0,,,2.0
9699,0.00042088301367641464,0.09091073095410557,1.0,0.1,1054.558061185915,290.018059996767,0.0,1.0,0.0,0.0,2.0
9700,0.0003114117919813651,0.06726494706797485,1.0,0.1,1054.8802319582248,287.9930501695071,0.0,1.0,0.0,0.0,2.0
9701,0.0005413610237506319,0.11693398113013648,0.0,0.1,1054.585713515364,287.0058567043264,0.0,1.0,0.0,0.0,2.0
9702,0.00012803833972996472,0.027656281381672383,1.0,0.1,1056.3838432828097,287.92958767092466,0.0,1.0,0.0,0.0,2.0
9703,0.0003126740184165053,0.06753758797796515,1.0,0.1,1058.2944250333605,288.96339091375677,0.0,1.0,0.0,0.0,2.0
9704,0.0001325837939734079,0.02863809949825611,1.0,0.1,1058.1724004263508,288.50610136970306,0.0,1.0,0.0,0.0,2.0
9705,0.00041437286170262016,0.08950453812776596,1.0,0.1,1059.089588604323,289.04697596264657,0.0,1.0,0.0,0.0,2.0
9706,0.00034747529224439164,0.07505466312478859,1.0,0.1,1062.3125464348614,290.48911379290433,0.0,1.0,0.0,0.0,2.0
9707,0.00045751757455483725,0.09882379610384485,1.0,0.1,1066.3195821739823,293.6721738063584,0.0,1.0,0.0,0.0,2.0
9708,0.0009256017211342492,0.19992997176499783,0.0,0.1,1067.2612691231222,295.40497299956763,0.0,1.0,0.0,0.0,2.0
9709,0.0018908855675831952,0.4084312825979702,0.0,0.1,1070.8934422257769,299.2127012589188,0.0,1.0,0.0,0.0,2.0
9710,0.00037272936786896817,0.08050954345969713,1.0,0.1,1074.5731807363045,302.2163534882279,0.0,1.0,0.0,0.0,2.0
9711,0.00023900862080246773,0.05162586209333303,1.0,0.1,1077.9422834144004,302.28284668912966,0.0,1.0,0.0,0.0,2.0
9712,0.002182395579499785,0.4713974451719536,0.0,0.1,1079.753355315329,304.24853271661084,0.0,1.0,0.0,0.0,2.0
9713,0.0002335776238378094,0.05045276674896683,1.0,0.1,1081.5050885474147,304.2567195297548,0.0,1.0,0.0,0.0,2.0
9714,0.0011754036699173894,0.2538871927021561,0.0,0.1,1080.113803828047,302.67472543539054,0.0,1.0,0.0,0.0,2.0
9715,0.0005327509498337499,0.11507420516408998,0.0,0.1,1078.7579192253113,300.4914412463111,0.0,1.0,0.0,0.0,2.0
9716,0.0003127295632956565,0.06754958567186181,1.0,0.1,1078.597705959564,299.7279051012226,0.0,1.0,0.0,0.0,2.0
9717,0.00048765266039137606,0.10533297464453724,0.0,0.1,1077.493696568969,298.27887687783175,0.0,1.0,0.0,0.0,2.0
9718,0.00021515753314327413,0.04647402715894722,1.0,0.1,1076.9402761394513,297.1155324993986,0.0,1.0,0.0,0.0,2.0
9719,0.0012299899523615058,0.26567782971008524,0.0,0.1,1073.175864326083,293.8163066956313,0.0,1.0,0.0,0.0,2.0
9720,0.00012612578077202807,0.027243168646758065,1.0,0.1,,,0.0,1.0,,,2.0
9721,0.0013173558924921833,0.2845488727783116,0.0,0.1,,,0.0,1.0,,,2.0
9722,0.0003900260396932356,0.0842456245737389,1.0,0.1,,,0.0,1.0,,,2.0
9723,0.001388181082455555,0.2998471138103999,0.0,0.1,,,0.0,1.0,,,2.0
9724,0.0010920043220541266,0.23587293356369135,0.0,0.1,1068.5852339199612,289.87445917581294,0.0,1.0,0.0,0.0,2.0
9725,0.0013188745926526867,0.2848769120129803,0.0,0.1,1070.5030140536524,291.9861630287128,0.0,1.0,0.0,0.0,2.0
9726,0.00028674571589745203,0.06193707463384964,1.0,0.1,1071.2624972728202,292.23044746579893,0.0,1.0,0.0,0.0,2.0
9727,0.0014352221577284738,0.31000798606935037,0.0,0.1,1075.2046134693016,297.23372842160217,0.0,1.0,0.0,0.0,2.0
9728,0.0005605428364123547,0.12107725266506861,0.0,0.1,1081.5973569073071,301.09348846014905,0.0,1.0,0.0,0.0,2.0
9729,0.0004518855922618804,0.09760728792856617,1.0,0.1,1084.8067819771563,303.03861031878654,0.0,1.0,0.0,0.0,2.0
9730,0.0005838453153293064,0.12611058811113018,0.0,0.1,1085.242154909027,304.0536505500807,0.0,1.0,0.0,0.0,2.0
9731,0.00083224771754072,0.1797655069887955,0.0,0.1,1084.8449925257798,304.116421361109,0.0,1.0,0.0,0.0,2.0
9732,0.0018380086807731333,0.3970098750469968,0.0,0.1,1083.4277642777934,304.28539397358713,0.0,1.0,0.0,0.0,2.0
9733,0.0008337347799189942,0.18008671246250274,0.0,0.1,1081.2168068969916,302.7475270214893,0.0,1.0,0.0,0.0,2.0
9734,0.0004891540888534531,0.10565728319234588,0.0,0.1,1076.372655822591,297.80145415374136,0.0,1.0,0.0,0.0,2.0
9735,0.00041711257768733593,0.09009631678046456,1.0,0.1,1075.3469113330702,298.9758740256721,0.0,1.0,0.0,0.0,2.0
9736,0.0005749037149747907,0.1241792024345548,0.0,0.1,,,0.0,1.0,,,2.0
9737,0.0006576188292509762,0.14204566711821087,0.0,0.1,,,0.0,1.0,,,2.0
9738,0.0008522425252560394,0.1840843854553045,0.0,0.1,,,0.0,1.0,,,2.0
9739,0.00045202251191621645,0.09763686257390275,1.0,0.1,,,0.0,1.0,,,2.0
9740,0.0021232560811366833,0.4586233135255236,0.0,0.1,,,0.0,1.0,,,2.0
9741,,,,0.1,,,0.0,1.0,,,2.0
9742,,,,0.1,,,,,,,2.0
9743,,,,0.1,,,0.0,1.0,,,2.0
9744,,,,0.1,1036.9546855951432,287.6736921045437,,,0.0,0.0,2.0
9745,,,,0.1,,,,,,,2.0
9746,0.0017416363077783809,0.37619344248013026,0.0,0.1,1042.1405414112317,279.2322806171317,0.0,1.0,0.0,0.0,2.0
9747,0.0010365652235095819,0.22389808827806967,0.0,0.1,1042.3078614652,272.0534830135802,0.0,1.0,0.0,0.0,2.0
9748,0.001957680492867262,0.4228589864593286,0.0,0.1,,,0.0,1.0,,,2.0
9749,0.0015901618990694902,0.3434749701990099,0.0,0.1,1029.3527125602736,253.5897185723595,0.0,1.0,0.0,0.0,2.0
9750,0.004042880190630919,0.8732621211762784,0.0,0.1,1013.099596896703,235.6846517881008,0.0,1.0,0.0,0.0,2.0
9751,0.0028844952803129182,0.6230509805475903,0.0,0.1,994.2082473151902,214.08605372995237,0.0,1.0,0.0,0.0,2.0
9752,0.0016372658641089128,0.3536494266475252,0.0,0.1,970.090931788312,183.92255233214254,0.0,1.0,0.0,0.0,2.0
9753,0.0020739335550532738,0.4479696478915071,0.0,0.1,959.9452293042161,169.52227790093457,0.0,1.0,0.0,0.0,2.0
9754,0.0009453634638242474,0.20419850818603744,0.0,0.1,935.3695836133189,139.4466044013454,0.0,1.0,0.0,0.0,2.0
9755,0.002137240635951038,0.4616439773654241,0.0,0.1,911.2441306968464,114.00355006494475,0.0,1.0,0.0,0.0,2.0
9756,0.00015541191051419602,0.033568972671066344,1.0,0.1,888.1463859172563,95.22198096505075,0.0,1.0,0.0,0.0,2.0
9757,0.0017638202670717988,0.38098517768750856,0.0,0.1,880.2394243858588,89.19071778654173,0.0,1.0,0.0,0.0,2.0
9758,0.0005809509373628397,0.12548540247037338,0.0,0.1,866.5610627999569,77.88086942984776,0.0,1.0,0.0,0.0,2.0
9759,0.0005909467323998161,0.12764449419836027,0.0,0.1,,,0.0,1.0,,,2.0
9760,0.0006834520821963967,0.1476256497544217,0.0,0.1,,,0.0,1.0,,,2.0
9761,0.001054938759421443,0.2278667720350317,0.0,0.1,854.9844903244693,54.47104371106055,0.0,1.0,0.0,1.0,2.0
9762,0.0011635173011288649,0.2513197370438348,0.0,0.1,854.6069105571551,45.49080257598125,0.0,1.0,0.0,1.0,2.0
9763,0.003557407738410778,0.7684000714967282,0.0,0.1,851.384068645065,40.682138903203295,0.0,1.0,0.0,1.0,2.0
9764,0.002755644014169681,0.5952191070606511,0.0,0.1,854.150516127351,29.936173134432455,0.0,1.0,0.0,1.0,2.0
9765,7.741575267684876e-05,0.016721802578199333,1.0,0.1,855.8222151444407,21.002838597149136,0.0,1.0,0.0,1.0,2.0
9766,0.003644685384492585,0.7872520430503983,0.0,0.1,855.1821865198963,20.924114819007094,0.0,1.0,0.0,1.0,2.0
9767,0.004219619176543791,0.9114377421334589,0.0,0.1,855.3768426592527,20.468036673488573,0.0,1.0,0.0,1.0,2.0
9768,0.0004801863236913359,0.10372024591732856,0.0,0.1,852.0118392796312,24.970330962106893,0.0,1.0,0.0,1.0,2.0
9769,,,,0.1,845.512954537469,32.75943332140373,0.0,1.0,0.0,1.0,2.0
9770,,,,0.1,844.9980277238157,34.31264148332961,,,0.0,1.0,2.0
9771,,,,0.1,833.122375265805,47.15889627607262,,,0.0,1.0,2.0
9772,0.0010129465479688043,0.21879645436126172,0.0,0.1,834.5702333840967,47.30298308968607,0.0,1.0,0.0,1.0,2.0
9773,,,,0.1,843.5328432312486,46.93223538590016,0.0,1.0,0.0,1.0,2.0
9774,,,,0.1,845.2736347761343,51.49366306887954,,,0.0,1.0,2.0
9775,,,,0.1,848.1078038100056,51.76637740830492,,,0.0,1.0,2.0
9776,,,,0.1,859.6044800074765,51.34154500916576,,,0.0,1.0,2.0
9777,,,,0.1,864.4789546262243,52.28761011096702,,,0.0,1.0,2.0
9778,0.00012467011419889246,0.026928744666960772,1.0,0.1,866.8514950071007,52.95081926067098,0.0,1.0,0.0,1.0,2.0
9779,0.0004140181471508565,0.089427919784585,1.0,0.1,,,0.0,1.0,,,2.0
9780,0.00024364290483715032,0.05262686744482448,1.0,0.1,873.343415735256,49.718039501900634,0.0,1.0,0.0,1.0,2.0
9781,0.0009785557290396649,0.21136803747256763,0.0,0.1,875.8938075401197,49.869418412900025,0.0,1.0,0.0,1.0,2.0
9782,,,,0.1,880.9450225638906,52.17878917735989,0.0,1.0,0.0,1.0,2.0
9783,,,,0.1,886.9031864439092,55.406579238001605,,,0.0,1.0,2.0
9784,0.0009351670368069484,0.20199607995030086,0.0,0.1,888.406715609424,56.63916744763999,0.0,1.0,0.0,1.0,2.0
9785,0.0008395983924852006,0.18135325277680334,0.0,0.1,890.6138401410881,56.80829832292286,0.0,1.0,0.0,1.0,2.0
9786,0.0004366955776164948,0.09432624476516288,1.0,0.1,890.9233728947534,54.977570674294995,0.0,1.0,0.0,1.0,2.0
9787,0.00043579276986786326,0.09413123829145847,1.0,0.1,895.8811256214123,52.055975778975885,0.0,1.0,0.0,1.0,2.0
9788,0.0014456363673437818,0.31225745534625693,0.0,0.1,897.3152554608749,50.38549363442537,0.0,1.0,0.0,1.0,2.0
9789,0.0013640453691734235,0.29463379974145953,0.0,0.1,899.4986775216117,46.60611518758932,0.0,1.0,0.0,1.0,2.0
9790,0.00278226868786409,0.6009700365786435,0.0,0.1,901.3887373975691,44.924439764695656,0.0,1.0,0.0,1.0,2.0
9791,0.002374407242127589,0.5128719642995593,0.0,0.1,906.9303823218979,43.04283468355576,0.0,1.0,0.0,1.0,2.0
9792,0.0007422245958981229,0.16032051271399456,0.0,0.1,908.2141493985557,36.93008744305893,0.0,1.0,0.0,1.0,2.0
9793,0.0025772127936882997,0.5566779634366728,0.0,0.1,909.2201029751645,35.96566200278475,0.0,1.0,0.0,1.0,2.0
9794,0.00183362299178702,0.3960625662259963,0.0,0.1,913.1716319146375,39.523722704898745,0.0,1.0,0.0,1.0,2.0
9795,0.0026853557035876894,0.5800368319749409,0.0,0.1,913.4673025823179,40.063677078851796,0.0,1.0,0.0,1.0,2.0
9796,0.0015751753100936136,0.34023786698022057,0.0,0.1,916.0187300658987,43.721717223752236,0.0,1.0,0.0,1.0,2.0
9797,0.0006679094423975714,0.14426843955787544,0.0,0.1,920.7946613570597,50.26453584977581,0.0,1.0,0.0,1.0,2.0
9798,0.00122137417249114,0.26381682125808625,0.0,0.1,922.9334495904412,53.85884604610683,0.0,1.0,0.0,1.0,2.0
9799,0.0013029748348197063,0.2814425643210566,0.0,0.1,929.7897928795237,61.49389435550858,0.0,1.0,0.0,1.0,2.0
9800,0.0012206761952730527,0.2636660581789794,0.0,0.1,931.7924210209289,64.63463320730224,0.0,1.0,0.0,1.0,2.0
9801,0.00046802951545653023,0.10109437533861054,0.0,0.1,932.7402602245974,67.04255413462757,0.0,1.0,0.0,1.0,2.0
9802,0.0010760448074620252,0.23242567841179743,0.0,0.1,932.6714920417932,67.53612277418658,0.0,1.0,0.0,1.0,2.0
9803,0.0010446430013661167,0.2256428882950812,0.0,0.1,935.5168983536346,72.59944961034898,0.0,1.0,0.0,0.0,2.0
9804,0.0006772169843329058,0.14627886861590764,0.0,0.1,935.7860198887936,76.01004898219318,0.0,1.0,0.0,0.0,2.0
9805,0.0013470795079678184,0.2909691737210488,0.0,0.1,939.1567245028817,80.11138704759844,0.0,1.0,0.0,0.0,2.0
9806,0.0003085011004839368,0.06663623770453035,1.0,0.1,938.4046160886633,79.43921033879224,0.0,1.0,0.0,0.0,2.0
9807,0.001756686094139224,0.37944419633407234,0.0,0.1,939.0850639247483,78.24087010101549,0.0,1.0,0.0,0.0,2.0
9808,0.001431902849827686,0.30929101556278016,0.0,0.1,936.6011082307301,73.34537634978521,0.0,1.0,0.0,0.0,2.0
9809,0.0003005951507380279,0.06492855255941403,1.0,0.1,932.7007444903992,68.33513818238806,0.0,1.0,0.0,1.0,2.0
9810,0.00040223916025427007,0.08688365861492234,1.0,0.1,933.4796911470798,67.92237700041977,0.0,1.0,0.0,1.0,2.0
9811,0.0004400094847753063,0.09504204871146617,1.0,0.1,932.2672335234639,66.13822085735364,0.0,1.0,0.0,1.0,2.0
9812,0.0006059260161234867,0.13088001948267314,0.0,0.1,935.8754517170331,68.28453729518773,0.0,1.0,0.0,1.0,2.0
9813,0.0007884679274024538,0.17030907231893003,0.0,0.1,944.344733235233,78.23237475342712,0.0,1.0,0.0,0.0,2.0
9814,0.000662291507822944,0.14305496568975593,0.0,0.1,952.0625738392723,86.5976984288379,0.0,1.0,0.0,0.0,2.0
9815,0.0012909269009612784,0.27884021060763614,0.0,0.1,954.6161474698085,88.86542504168436,0.0,1.0,0.0,0.0,2.0
9816,0.00044062398643136174,0.09517478106917414,1.0,0.1,958.0066186850592,91.5525718315004,0.0,1.0,0.0,0.0,2.0
9817,0.0016080043205420715,0.34732893323708747,0.0,0.1,963.6939189421927,96.07348833942568,0.0,1.0,0.0,0.0,2.0
9818,0.002530412394226924,0.5465690771530155,0.0,0.1,971.5218183801137,103.9657304147294,0.0,1.0,0.0,0.0,2.0
9819,0.0007096036735927925,0.1532743934960432,0.0,0.1,978.5269657433882,110.66277434486024,0.0,1.0,0.0,0.0,2.0
9820,0.00236906439709518,0.5117179097725588,0.0,0.1,982.0204784998342,115.02521494507941,0.0,1.0,0.0,0.0,2.0
9821,0.0022789886458126356,0.4922615474955293,0.0,0.1,990.1493844870218,125.99648930640242,0.0,1.0,0.0,0.0,2.0
9822,0.0033785609389092954,0.7297691628044078,0.0,0.1,1001.2491530109739,139.73831603511508,0.0,1.0,0.0,0.0,2.0
9823,0.0014886151213127335,0.32154086620355044,0.0,0.1,1006.1909483641809,148.60659884614557,0.0,1.0,0.0,0.0,2.0
9824,0.0033857147265579346,0.7313143809365139,0.0,0.1,1009.8226024917253,154.7542061839288,0.0,1.0,0.0,0.0,2.0
9825,0.0023408876671259255,0.5056317360992,0.0,0.1,1019.361971645245,168.84894383454164,0.0,1.0,0.0,0.0,2.0
9826,0.003679806880074393,0.7948382860960689,0.0,0.1,1027.0752894681286,181.2801899452366,0.0,1.0,0.0,0.0,2.0
9827,0.002568869583841105,0.5548758301096787,0.0,0.1,1035.9142277372582,194.2685152663177,0.0,1.0,0.0,0.0,2.0
9828,0.0033465362925764373,0.7228518391965104,0.0,0.1,1041.7001624062234,203.98347265542017,0.0,1.0,0.0,0.0,2.0
9829,0.004435463863129846,0.9580601944360467,0.0,0.1,1044.931685776272,209.29922139603113,0.0,1.0,0.0,0.0,2.0
9830,0.004828765986898549,1.0430134531700865,0.0,0.1,1046.6199915757775,215.39396757943814,0.0,1.0,0.0,0.0,2.0
9831,0.0034509600833379675,0.745407378001001,0.0,0.1,1051.801059039785,225.28775776644468,0.0,1.0,0.0,0.0,2.0
9832,0.0009110345640610427,0.19678346583718523,0.0,0.1,1057.7737489646895,233.20155260116857,0.0,1.0,0.0,0.0,2.0
9833,0.0021021804842367314,0.454070984595134,0.0,0.1,1061.6269846485789,237.95966573300566,0.0,1.0,0.0,0.0,2.0
9834,0.0023235141193469425,0.5018790497789396,0.0,0.1,1070.134037570046,248.30999016836273,0.0,1.0,0.0,0.0,2.0
9835,0.001949694630806966,0.4211340402543046,0.0,0.1,1075.8604100233808,254.98472627772315,0.0,1.0,0.0,0.0,2.0
9836,0.001564265528297013,0.3378813541121548,0.0,0.1,,,0.0,1.0,,,2.0
9837,,,,0.1,,,0.0,1.0,,,2.0
9838,,,,0.1,,,,,,,2.0
9839,,,,0.1,,,0.0,1.0,,,2.0
9840,,,,0.1,,,,,,,2.0
9841,,,,0.1,,,0.0,1.0,,,2.0
9842,,,,0.1,,,,,,,2.0
9843,,,,0.1,,,,,,,2.0
9844,0.0029159237509418273,0.6298395302034346,0.0,0.1,,,0.0,1.0,,,2.0
9845,0.0018026657706295252,0.38937580645597747,0.0,0.1,,,0.0,1.0,,,2.0
9846,0.001562751183678062,0.33755425567446135,0.0,0.1,,,0.0,1.0,,,2.0
9847,0.003236005213407153,0.6989771260959451,0.0,0.1,,,0.0,1.0,,,2.0
9848,0.003691395544076479,0.7973414375205194,0.0,0.1,,,0.0,1.0,,,2.0
9849,0.002506963216122156,0.5415040546823857,0.0,0.1,,,0.0,1.0,,,2.0
9850,0.0017668449942165258,0.3816385187507696,0.0,0.1,,,0.0,1.0,,,2.0
9851,0.0018192672887889672,0.3929617343784169,0.0,0.1,,,0.0,1.0,,,2.0
9852,0.0021664251008264297,0.4679478217785088,0.0,0.1,,,0.0,1.0,,,2.0
9853,0.0027499519263409784,0.5939896160896514,0.0,0.1,,,0.0,1.0,,,2.0
9854,0.0020518377547811364,0.44319695503272544,0.0,0.1,,,0.0,1.0,,,2.0
9855,0.002274963011729381,0.4913920105335463,0.0,0.1,,,0.0,1.0,,,2.0
9856,0.0036533341561564136,0.7891201777297854,0.0,0.1,,,0.0,1.0,,,2.0
9857,0.003444406555603365,0.7439918160103268,0.0,0.1,,,0.0,1.0,,,2.0
9858,0.0012797542103030704,0.2764269094254632,0.0,0.1,,,0.0,1.0,,,2.0
9859,,,,0.1,,,0.0,1.0,,,2.0
9860,,,,0.1,,,,,,,2.0
9861,,,,0.1,,,0.0,1.0,,,2.0
9862,,,,0.1,,,,,,,2.0
9863,,,,0.1,,,,,,,2.0
9864,,,,0.1,,,,,,,2.0
9865,,,,0.1,,,,,,,2.0
9866,0.00157972791191917,0.3412212289745407,0.0,0.1,,,0.0,1.0,,,2.0
9867,0.0011672611035459962,0.25212839836593515,0.0,0.1,,,0.0,1.0,,,2.0
9868,0.0013117921603816726,0.2833471066424413,0.0,0.1,,,0.0,1.0,,,2.0
9869,0.0008187964480968103,0.17686003278891105,0.0,0.1,,,0.0,1.0,,,2.0
9870,0.0011762100012546236,0.2540613602709987,0.0,0.1,,,0.0,1.0,,,2.0
9871,0.0010448341551769738,0.22568417751822636,0.0,0.1,,,0.0,1.0,,,2.0
9872,0.0004968606925587812,0.10732190959269673,0.0,0.1,,,0.0,1.0,,,2.0
9873,0.00020626013351917818,0.04455218884014249,1.0,0.1,,,0.0,1.0,,,2.0
9874,,,,0.1,,,0.0,1.0,,,2.0
9875,,,,0.1,,,,,,,2.0
9876,0.0005167068918524024,0.11160868864011891,0.0,0.1,,,0.0,1.0,,,2.0
9877,0.0008418102375494571,0.18183101131068274,0.0,0.1,,,0.0,1.0,,,2.0
9878,0.0001532612177362332,0.03310442303102637,1.0,0.1,,,0.0,1.0,,,2.0
9879,0.00044229064718741615,0.09553477979248189,1.0,0.1,,,0.0,1.0,,,2.0
9880,0.00046455514688667325,0.10034391172752143,0.0,0.1,,,0.0,1.0,,,2.0
9881,0.0007189278299829398,0.15528841127631499,0.0,0.1,,,0.0,1.0,,,2.0
9882,0.0003680762031295718,0.07950445987598752,1.0,0.1,,,0.0,1.0,,,2.0
9883,9.411624461433641e-05,0.020329108836696665,1.0,0.1,,,0.0,1.0,,,2.0
9884,0.00018877956166563553,0.04077638531977727,1.0,0.1,,,0.0,1.0,,,2.0
9885,0.000249780818500742,0.05395265679616028,1.0,0.1,,,0.0,1.0,,,2.0
9886,0.0002407936554730612,0.05201142958218122,1.0,0.1,,,0.0,1.0,,,2.0
9887,0.000232876282521803,0.05030127702470944,1.0,0.1,,,0.0,1.0,,,2.0
9888,0.0009810192791216256,0.21190016429027114,0.0,0.1,,,0.0,1.0,,,2.0
9889,0.0018299651071778896,0.39527246315042414,0.0,0.1,,,0.0,1.0,,,2.0
9890,0.000810477688421023,0.17506318069894095,0.0,0.1,,,0.0,1.0,,,2.0
9891,0.0004954743571784514,0.1070224611505455,0.0,0.1,,,0.0,1.0,,,2.0
9892,0.0005221958203338109,0.11279429719210315,0.0,0.1,,,0.0,1.0,,,2.0
9893,0.000520390207262815,0.11240428476876804,0.0,0.1,,,0.0,1.0,,,2.0
9894,0.0005215089555423829,0.1126459343971547,0.0,0.1,,,0.0,1.0,,,2.0
9895,0.0008431163579622903,0.18211313331985474,0.0,0.1,,,0.0,1.0,,,2.0
9896,0.001171476016046909,0.2530388194661324,0.0,0.1,,,0.0,1.0,,,2.0
9897,0.0013132381121578785,0.28365943222610174,0.0,0.1,,,0.0,1.0,,,2.0
9898,0.000914452232687762,0.19752168226055658,0.0,0.1,,,0.0,1.0,,,2.0
9899,0.0006121279115291113,0.13221962889028804,0.0,0.1,,,0.0,1.0,,,2.0
9900,0.0001131034760140204,0.024430350819028408,1.0,0.1,,,0.0,1.0,,,2.0
9901,6.523866616461331e-05,0.014091551891556477,1.0,0.1,,,0.0,1.0,,,2.0
9902,0.0008806079031105689,0.19021130707188288,0.0,0.1,,,0.0,1.0,,,2.0
9903,0.0009868068948935642,0.21315028929700988,0.0,0.1,,,0.0,1.0,,,2.0
9904,0.000651441394081473,0.14071134112159817,0.0,0.1,,,0.0,1.0,,,2.0
9905,0.0002200324292347634,0.047527004714708894,1.0,0.1,,,0.0,1.0,,,2.0
9906,0.00029016995456388514,0.06267671018579919,1.0,0.1,,,0.0,1.0,,,2.0
9907,8.553680806861712e-05,0.018475950542821296,1.0,0.1,1208.271212838703,384.7255948325374,0.0,1.0,0.0,0.0,2.0
9908,0.0007112812039775255,0.15363674005914552,0.0,0.1,,,0.0,1.0,,,2.0
9909,0.0007068134025259135,0.1526716949455973,0.0,0.1,,,0.0,1.0,,,2.0
9910,0.0002492822996864372,0.05384497673227044,1.0,0.1,,,0.0,1.0,,,2.0
9911,0.0010643138546633168,0.22989179260727644,0.0,0.1,,,0.0,1.0,,,2.0
9912,0.0009505036809108792,0.2053087950767499,0.0,0.1,,,0.0,1.0,,,2.0
9913,0.0004735006086199768,0.102276131461915,0.0,0.1,,,0.0,1.0,,,2.0
9914,0.0005507219485782832,0.11895594089290919,0.0,0.1,,,0.0,1.0,,,2.0
9915,0.0006381135519775733,0.13783252722715583,0.0,0.1,,,0.0,1.0,,,2.0
9916,0.0015397512162391496,0.33258626270765634,0.0,0.1,,,0.0,1.0,,,2.0
9917,0.0014027323646431408,0.3029901907629184,0.0,0.1,,,0.0,1.0,,,2.0
9918,0.0005584993738803285,0.12063586475815095,0.0,0.1,,,0.0,1.0,,,2.0
9919,0.0007077982695611032,0.1528844262251983,0.0,0.1,,,0.0,1.0,,,2.0
9920,0.0003795513472723454,0.08198309101082661,1.0,0.1,,,0.0,1.0,,,2.0
9921,0.0005707744097287769,0.12328727250141581,0.0,0.1,,,0.0,1.0,,,2.0
9922,0.0001443752590511664,0.031185055955051943,1.0,0.1,,,0.0,1.0,,,2.0
9923,0.0012967253278512395,0.28009267081586775,0.0,0.1,,,0.0,1.0,,,2.0
9924,0.0004359891429972168,0.09417365488739883,1.0,0.1,,,0.0,1.0,,,2.0
9925,,,,0.1,,,0.0,1.0,,,2.0
9926,,,,0.1,,,,,,,2.0
9927,,,,0.1,,,,,,,2.0
9928,,,,0.1,,,,,,,2.0
9929,,,,0.1,,,,,,,2.0
9930,,,,0.1,,,,,,,2.0
9931,,,,0.1,,,,,,,2.0
9932,,,,0.1,,,,,,,2.0
9933,,,,0.1,,,,,,,2.0
9934,,,,0.1,1178.32989427512,356.7278719808655,,,0.0,0.0,2.0
9935,,,,0.1,1178.4017371773066,357.37755173419794,,,0.0,0.0,2.0
9936,,,,0.1,,,0.0,1.0,,,2.0
9937,,,,0.1,,,,,,,2.0
9938,,,,0.1,,,,,,,2.0
9939,,,,0.1,,,,,,,2.0
9940,,,,0.1,,,,,,,2.0
9941,,,,0.1,,,,,,,2.0
9942,,,,0.1,,,,,,,2.0
9943,,,,0.1,,,,,,,2.0
9944,,,,0.1,1177.0337814321176,364.53187469391287,,,0.0,0.0,2.0
9945,,,,0.1,1175.2215592484465,362.75620549793615,,,0.0,0.0,2.0
9946,,,,0.1,,,,,,,2.0
9947,,,,0.1,,,,,,,2.0
9948,0.0002180521060117058,0.04709925489852845,1.0,0.1,,,0.0,1.0,,,2.0
9949,0.000149053614790795,0.03219558079481172,1.0,0.1,,,0.0,1.0,,,2.0
9950,0.0002769071666886414,0.059811948004746554,1.0,0.1,,,0.0,1.0,,,2.0
9951,0.00030275602775557323,0.06539530199520381,1.0,0.1,,,0.0,1.0,,,2.0
9952,0.0002806451252949523,0.060619347063709694,1.0,0.1,1174.6199265546768,355.0032367085909,0.0,1.0,0.0,0.0,2.0
9953,0.00013340367734652765,0.02881519430684997,1.0,0.1,,,0.0,1.0,,,2.0
9954,0.00015200644477518315,0.03283339207143956,1.0,0.1,,,0.0,1.0,,,2.0
9955,0.00040512285839445047,0.0875065374132013,1.0,0.1,,,0.0,1.0,,,2.0
9956,0.00014708997412145073,0.03177143441023336,1.0,0.1,,,0.0,1.0,,,2.0
9957,0.00036940865156927504,0.07979226873896342,1.0,0.1,,,0.0,1.0,,,2.0
9958,0.0002700454824620033,0.05832982421179271,1.0,0.1,,,0.0,1.0,,,2.0
9959,0.06801787891786427,14.691861846258684,0.0,0.1,,,0.0,1.0,,,2.0
9960,,,,0.1,,,0.0,1.0,,,2.0
9961,,,,0.1,,,,,,,2.0
9962,,,,0.1,,,,,,,2.0
9963,,,,0.1,,,,,,,2.0
9964,,,,0.1,,,,,,,2.0
9965,,,,0.1,,,,,,,2.0
9966,,,,0.1,,,,,,,2.0
9967,,,,0.1,,,,,,,2.0
9968,,,,0.1,,,,,,,2.0
9969,,,,0.1,,,,,,,2.0
9970,,,,0.1,,,,,,,2.0
9971,,,,0.1,,,,,,,2.0
9972,0.0001232395076532891,0.026619733653110447,1.0,0.1,,,0.0,1.0,,,2.0
9973,0.00025548664589421504,0.05518511551315045,1.0,0.1,,,0.0,1.0,,,2.0
9974,0.0002464529238671561,0.05323383155530571,1.0,0.1,,,0.0,1.0,,,2.0
9975,0.06636053605811733,14.333875788553343,0.0,0.1,,,0.0,1.0,,,2.0
9976,0.0004018292245358676,0.0867951124997474,1.0,0.1,,,0.0,1.0,,,2.0
9977,,,,0.1,,,0.0,1.0,,,2.0
9978,,,,0.1,,,,,,,2.0
9979,,,,0.1,,,,,,,2.0
9980,8.105228704919994e-05,0.017507294002627186,1.0,0.1,,,0.0,1.0,,,2.0
9981,0.00010276163490053608,0.022196513138515794,1.0,0.1,,,0.0,1.0,,,2.0
9982,0.0003669712662843609,0.07926579351742195,1.0,0.1,,,0.0,1.0,,,2.0
9983,0.0005457815359342429,0.11788881176179646,0.0,0.1,,,0.0,1.0,,,2.0
9984,0.00023699349509878035,0.051190594941336556,1.0,0.1,,,0.0,1.0,,,2.0
9985,0.00026926072187832795,0.05816031592571883,1.0,0.1,,,0.0,1.0,,,2.0
9986,0.0002639185088162767,0.05700639790431577,1.0,0.1,,,0.0,1.0,,,2.0
9987,0.00012456333538243586,0.026905680442606147,1.0,0.1,,,0.0,1.0,,,2.0
9988,0.0004924503423728787,0.10636927395254181,0.0,0.1,,,0.0,1.0,,,2.0
9989,0.0006230943139342396,0.13458837180979577,0.0,0.1,,,0.0,1.0,,,2.0
9990,0.0004623068558412103,0.09985828086170143,1.0,0.1,,,0.0,1.0,,,2.0
9991,0.0002855892285477505,0.06168727336631411,1.0,0.1,,,0.0,1.0,,,2.0
9992,0.00023360339623425068,0.050458333586598146,1.0,0.1,,,0.0,1.0,,,2.0
9993,0.00040817020149953794,0.0881647635239002,1.0,0.1,,,0.0,1.0,,,2.0
9994,0.000133238177847771,0.028779446415118533,1.0,0.1,,,0.0,1.0,,,2.0
9995,0.0008522955269681742,0.18409583382512562,0.0,0.1,,,0.0,1.0,,,2.0
9996,0.00045947278902406255,0.0992461224291975,1.0,0.1,,,0.0,1.0,,,2.0
9997,0.0004347551369999756,0.09390710959199473,1.0,0.1,,,0.0,1.0,,,2.0
9998,0.000768734062244057,0.1660465574447163,0.0,0.1,,,0.0,1.0,,,2.0
9999,0.0007890862907401415,0.17044263879987057,0.0,0.1,,,0.0,1.0,,,2.0
10000,0.0008477601811445857,0.1831161991272305,0.0,0.1,,,0.0,1.0,,,2.0
10001,5.7528954871914904e-05,0.01242625425233362,1.0,0.1,,,0.0,1.0,,,2.0
10002,0.0003658898350605844,0.07903220437308624,1.0,0.1,,,0.0,1.0,,,2.0
10003,0.0001565622766353025,0.03381745175322534,1.0,0.1,,,0.0,1.0,,,2.0
10004,0.00021535543349420698,0.04651677363474871,1.0,0.1,,,0.0,1.0,,,2.0
10005,0.0005475545490418431,0.11827178259303811,0.0,0.1,,,0.0,1.0,,,2.0
10006,0.0005052340351414228,0.10913055159054733,0.0,0.1,,,0.0,1.0,,,2.0
10007,0.0005422014984468793,0.11711552366452593,0.0,0.1,,,0.0,1.0,,,2.0
10008,0.00024147585362698485,0.05215878438342873,1.0,0.1,,,0.0,1.0,,,2.0
10009,0.0006618847514878656,0.14296710632137896,0.0,0.1,,,0.0,1.0,,,2.0
10010,0.0008753827248404036,0.18908266856552716,0.0,0.1,,,0.0,1.0,,,2.0
10011,0.0007019997900166747,0.15163195464360174,0.0,0.1,,,0.0,1.0,,,2.0
10012,0.00045143749248836097,0.09751049837748597,1.0,0.1,,,0.0,1.0,,,2.0
10013,0.0001463277834016481,0.03160680121475599,1.0,0.1,,,0.0,1.0,,,2.0
10014,7.202249469531825e-05,0.015556858854188742,1.0,0.1,,,0.0,1.0,,,2.0
10015,0.0006798732242388213,0.14685261643558542,0.0,0.1,,,0.0,1.0,,,2.0
10016,0.0010089152468975165,0.21792569332986356,0.0,0.1,,,0.0,1.0,,,2.0
10017,0.00044615770379627726,0.09637006401999589,1.0,0.1,,,0.0,1.0,,,2.0
10018,0.0013092887482896833,0.2828063696305716,0.0,0.1,,,0.0,1.0,,,2.0
10019,0.0006143992267128837,0.13271023296998286,0.0,0.1,,,0.0,1.0,,,2.0
10020,0.0005559579092730222,0.12008690840297279,0.0,0.1,,,0.0,1.0,,,2.0
10021,0.00017956588591277957,0.03878623135716039,1.0,0.1,1201.232144598827,348.1275033719557,0.0,1.0,0.0,0.0,2.0
10022,0.0013048999718251522,0.2818583939142329,0.0,0.1,1201.1116054975491,348.8847175611344,0.0,1.0,0.0,0.0,2.0
10023,,,,0.1,1201.5734688979826,349.31440932592767,0.0,1.0,0.0,0.0,2.0
10024,,,,0.1,1202.4739307028558,349.9998680329553,,,0.0,0.0,2.0
10025,,,,0.1,1201.754616824151,347.8601867008738,,,0.0,0.0,2.0
10026,,,,0.1,1199.892356355943,346.4095625091391,,,0.0,0.0,2.0
10027,,,,0.1,1201.0250804196855,346.9520786901881,,,0.0,0.0,2.0
10028,0.00028364842973549383,0.06126806082286667,1.0,0.1,1198.9881074546786,345.22446946192014,0.0,1.0,0.0,0.0,2.0
10029,0.0002927069973534058,0.06322471142833566,1.0,0.1,1242.3270848537886,395.5088907812655,0.0,1.0,0.0,0.0,2.0
10030,0.0005935415437287922,0.12820497344541912,0.0,0.1,1200.633375774403,346.80985501798114,0.0,1.0,0.0,0.0,2.0
10031,0.0016038098210138766,0.3464229213389973,0.0,0.1,1200.0036187300175,346.02861575051037,0.0,1.0,0.0,0.0,2.0
10032,0.00040479710119538576,0.08743617385820333,1.0,0.1,1198.7856402417574,345.1127411032717,0.0,1.0,0.0,0.0,2.0
10033,0.0002125236142606275,0.04590510068029554,1.0,0.1,1201.1209843613594,348.3257621110438,0.0,1.0,0.0,0.0,2.0
10034,0.0003775661747184334,0.0815542937391816,1.0,0.1,1202.4128428068043,349.69169629485936,0.0,1.0,0.0,0.0,2.0
10035,0.0001377768557617004,0.029759800844527288,1.0,0.1,1201.2387605610675,348.3732346508235,0.0,1.0,0.0,0.0,2.0
10036,0.00031860402928309337,0.06881847032514816,1.0,0.1,1201.5535509253077,348.9154307032658,0.0,1.0,0.0,0.0,2.0
10037,0.000487970750443777,0.10540168209585583,0.0,0.1,1200.3680986294835,347.42715264607915,0.0,1.0,0.0,0.0,2.0
10038,0.0027837558675710508,0.601291267395347,0.0,0.1,1199.5777377306708,346.06521525945766,0.0,1.0,0.0,0.0,2.0
10039,0.0002498260126246899,0.05396241872693302,1.0,0.1,,,0.0,1.0,,,2.0
10040,0.0001080062294287475,0.023329345556609458,1.0,0.1,,,0.0,1.0,,,2.0
10041,0.00029944200610350157,0.06467947331835634,1.0,0.1,,,0.0,1.0,,,2.0
10042,0.0005006290889875452,0.10813588322130978,0.0,0.1,,,0.0,1.0,,,2.0
10043,2.3853939198049607e-05,0.005152450866778715,1.0,0.1,,,0.0,1.0,,,2.0
10044,0.000506419635861719,0.1093866413461313,0.0,0.1,,,0.0,1.0,,,2.0
10045,0.0005918171422536245,0.12783250272678287,0.0,0.1,,,0.0,1.0,,,2.0
10046,1.8338935739995986e-05,0.003961210119839133,1.0,0.1,,,0.0,1.0,,,2.0
10047,0.0004477547830498124,0.09671503313875948,1.0,0.1,,,0.0,1.0,,,2.0
10048,0.0005125123302929419,0.11070266334327544,0.0,0.1,,,0.0,1.0,,,2.0
10049,0.00031801161763175226,0.06869050940845849,1.0,0.1,,,0.0,1.0,,,2.0
10050,0.0002986463113489464,0.06450760325137243,1.0,0.1,,,0.0,1.0,,,2.0
10051,0.0007818258098741562,0.16887437493281776,0.0,0.1,,,0.0,1.0,,,2.0
10052,0.0012718159326464014,0.27471224145162276,0.0,0.1,,,0.0,1.0,,,2.0
10053,0.00036803204229436806,0.0794949211355835,1.0,0.1,,,0.0,1.0,,,2.0
10054,0.0027557744586772398,0.5952472830742839,0.0,0.1,,,0.0,1.0,,,2.0
10055,,,,0.1,,,0.0,1.0,,,2.0
10056,,,,0.1,,,,,,,2.0
10057,,,,0.1,,,,,,,2.0
10058,,,,0.1,,,,,,,2.0
10059,,,,0.1,,,,,,,2.0
10060,,,,0.1,,,,,,,2.0
10061,,,,0.1,,,,,,,2.0
10062,,,,0.1,,,,,,,2.0
10063,,,,0.1,,,,,,,2.0
10064,,,,0.1,,,0.0,1.0,,,2.0
10065,,,,0.1,,,,,,,2.0
10066,0.0017342217637962187,0.37459190097998324,0.0,0.1,,,0.0,1.0,,,2.0
10067,0.0005249333715925102,0.11338560826398221,0.0,0.1,,,0.0,1.0,,,2.0
10068,0.0005254556734888923,0.11349842547360074,0.0,0.1,,,0.0,1.0,,,2.0
10069,0.00018060754021303563,0.0390112286860157,1.0,0.1,,,0.0,1.0,,,2.0
10070,0.0008710891149406107,0.1881552488271719,0.0,0.1,,,0.0,1.0,,,2.0
10071,0.0003421200751948822,0.07389793624209455,1.0,0.1,,,0.0,1.0,,,2.0
10072,0.000728871375815491,0.15743621717614606,0.0,0.1,,,0.0,1.0,,,2.0
10073,0.0014473953866056145,0.31263740350681274,0.0,0.1,,,0.0,1.0,,,2.0
10074,,,,0.1,,,0.0,1.0,,,2.0
10075,,,,0.1,,,,,,,2.0
10076,,,,0.1,,,,,,,2.0
10077,,,,0.1,,,,,,,2.0
10078,0.0005119383032336757,0.11057867349847395,0.0,0.1,,,0.0,1.0,,,2.0
10079,0.0005069904255922859,0.10950993192793376,0.0,0.1,,,0.0,1.0,,,2.0
10080,0.00048601114787819694,0.10497840794169054,0.0,0.1,,,0.0,1.0,,,2.0
10081,0.00033896407773889,0.07321624079160025,1.0,0.1,,,0.0,1.0,,,2.0
10082,0.00025503799838519624,0.05508820765120239,1.0,0.1,,,0.0,1.0,,,2.0
10083,0.0009530416254461936,0.20585699109637784,0.0,0.1,,,0.0,1.0,,,2.0
10084,0.0013980350172491005,0.30197556372580575,0.0,0.1,,,0.0,1.0,,,2.0
10085,0.00034520249888537406,0.0745637397592408,1.0,0.1,,,0.0,1.0,,,2.0
10086,0.0012015327601113289,0.259531076184047,0.0,0.1,,,0.0,1.0,,,2.0
10087,0.0009168170108578137,0.19803247434528776,0.0,0.1,,,0.0,1.0,,,2.0
10088,0.0017831055259114443,0.385150793596872,0.0,0.1,,,0.0,1.0,,,2.0
10089,0.001048703838316086,0.2265200290762746,0.0,0.1,,,0.0,1.0,,,2.0
10090,0.001160600506163187,0.2506897093312484,0.0,0.1,,,0.0,1.0,,,2.0
10091,0.001214326006625638,0.2622944174311378,0.0,0.1,,,0.0,1.0,,,2.0
10092,0.001963366236819557,0.4240871071530243,0.0,0.1,,,0.0,1.0,,,2.0
10093,0.0016730461788101389,0.36137797462299004,0.0,0.1,,,0.0,1.0,,,2.0
10094,0.0005234292255146044,0.11306071271115457,0.0,0.1,,,0.0,1.0,,,2.0
10095,0.002097876600960626,0.45314134580749527,0.0,0.1,,,0.0,1.0,,,2.0
10096,0.0007170034389079963,0.15487274280412722,0.0,0.1,,,0.0,1.0,,,2.0
10097,0.0017619828280046317,0.3805882908490004,0.0,0.1,,,0.0,1.0,,,2.0
10098,0.0007772006527806903,0.1678753410006291,0.0,0.1,,,0.0,1.0,,,2.0
10099,0.0020186146962833306,0.43602077439719944,0.0,0.1,,,0.0,1.0,,,2.0
10100,0.0016326210458604252,0.35264614590585186,0.0,0.1,,,0.0,1.0,,,2.0
10101,0.0005989707243512463,0.1293776764598692,0.0,0.1,,,0.0,1.0,,,2.0
10102,0.00047979563304216555,0.10363585673710776,0.0,0.1,1095.9330259150217,273.0966575490904,0.0,1.0,0.0,0.0,2.0
10103,0.0006559512426348925,0.1416854684091368,0.0,0.1,1098.6651506455933,275.8545157198647,0.0,1.0,0.0,0.0,2.0
10104,0.0009168345738449448,0.19803626795050808,0.0,0.1,1096.581172753393,271.14031406478847,0.0,1.0,0.0,0.0,2.0
10105,0.0008845389539627552,0.1910604140559551,0.0,0.1,1096.8052118631654,267.41919104188946,0.0,1.0,0.0,0.0,2.0
10106,0.0012588949880770852,0.2719213174246504,0.0,0.1,1092.2282211725303,258.45510190034486,0.0,1.0,0.0,0.0,2.0
10107,0.00042458580911234494,0.09171053476826652,1.0,0.1,1090.8648932289464,255.0567845251822,0.0,1.0,0.0,0.0,2.0
10108,0.0005482916278138052,0.11843099160778192,0.0,0.1,1090.9548285977207,253.88046136196002,0.0,1.0,0.0,0.0,2.0
10109,0.0008852554748415795,0.19121518256578118,0.0,0.1,1086.2139233161188,247.3388266652151,0.0,1.0,0.0,0.0,2.0
10110,0.0012322250388701371,0.2661606083959496,0.0,0.1,1084.957229441278,244.5232389303027,0.0,1.0,0.0,0.0,2.0
10111,0.0008370405723596612,0.18080076362968683,0.0,0.1,1083.0573811387678,240.51235121485277,0.0,1.0,0.0,0.0,2.0
10112,0.0002731016001781168,0.058989945638473235,1.0,0.1,1079.05047394749,232.3880246260332,0.0,1.0,0.0,0.0,2.0
10113,0.0005631378609822621,0.1216377779721686,0.0,0.1,1078.1620903465562,229.5598977279739,0.0,1.0,0.0,0.0,2.0
10114,0.0015730148611773967,0.3397712100143177,0.0,0.1,1077.4443954450994,226.1210075101939,0.0,1.0,0.0,0.0,2.0
10115,0.000831530397302934,0.17961056581743373,0.0,0.1,1076.5669829515332,223.29237541944195,0.0,1.0,0.0,0.0,2.0
10116,0.0001871507348258494,0.040424558722383465,1.0,0.1,1075.9191428242366,220.89122605838187,0.0,1.0,0.0,0.0,2.0
10117,0.00024323946983193754,0.052539725483698514,1.0,0.1,1074.5266913694086,219.3805147559911,0.0,1.0,0.0,0.0,2.0
10118,0.00041656522552205696,0.0899780887127643,1.0,0.1,1072.3956706017766,217.13366583814636,0.0,1.0,0.0,0.0,2.0
10119,0.0001397989319834574,0.030196569308426797,1.0,0.1,1072.1671976796522,217.1391100012822,0.0,1.0,0.0,0.0,2.0
10120,0.0001113522190204637,0.024052079308420158,1.0,0.1,1076.3267606803645,219.66722185685921,0.0,1.0,0.0,0.0,2.0
10121,0.0002883978436094201,0.062293934219634736,1.0,0.1,1079.742235189768,221.3010076231172,0.0,1.0,0.0,0.0,2.0
10122,0.0003292617391465911,0.07112053565566369,1.0,0.1,1079.9034675968326,220.95326792516477,0.0,1.0,0.0,0.0,2.0
10123,8.125321994077186e-05,0.017550695507206723,1.0,0.1,1080.4173046622905,221.17161146240542,0.0,1.0,0.0,0.0,2.0
10124,0.0002822761643648473,0.06097165150280702,1.0,0.1,1080.0748425682027,220.9923180582202,0.0,1.0,0.0,0.0,2.0
10125,0.0002126929101176092,0.04594166858540359,1.0,0.1,1078.607458037542,219.3992138033776,0.0,1.0,0.0,0.0,2.0
10126,0.0005594938934934988,0.12085068099459574,0.0,0.1,1078.0388657636395,218.7979205835084,0.0,1.0,0.0,0.0,2.0
10127,0.00040129252617114575,0.08667918565296748,1.0,0.1,1077.729535608951,218.61149980301155,0.0,1.0,0.0,0.0,2.0
10128,0.0003366660437696207,0.07271986545423807,1.0,0.1,1078.1668491831217,219.42615315820584,0.0,1.0,0.0,0.0,2.0
10129,6.497471853127516e-05,0.014034539202755434,1.0,0.1,1078.5227501210102,219.6574193499135,0.0,1.0,0.0,0.0,2.0
10130,0.0001517982249436529,0.03278841658782902,1.0,0.1,1078.0862276136245,219.45247312580008,0.0,1.0,0.0,0.0,2.0
10131,4.132916666750024e-05,0.008927100000180052,1.0,0.1,1078.6706260541723,220.37400218155548,0.0,1.0,0.0,0.0,2.0
10132,0.00022136599993157263,0.047815055985219686,1.0,0.1,1078.5868072063129,220.23755962282493,0.0,1.0,0.0,0.0,2.0
10133,0.00012774828599022213,0.02759362977388798,1.0,0.1,1078.5613073989548,220.45358740718888,0.0,1.0,0.0,0.0,2.0
10134,8.41556859620776e-05,0.01817762816780876,1.0,0.1,1078.1138954493363,220.37997033619666,0.0,1.0,0.0,0.0,2.0
10135,9.247465240985926e-05,0.0199745249205296,1.0,0.1,1077.949851651072,220.11087152171314,0.0,1.0,0.0,0.0,2.0
10136,0.0004907311537956263,0.10599792921985528,0.0,0.1,1077.9703081439563,220.04139710557178,0.0,1.0,0.0,0.0,2.0
10137,0.0006205913654169705,0.13404773493006564,0.0,0.1,1077.9007215084384,219.9256889967231,0.0,1.0,0.0,0.0,2.0
10138,0.00039282330998330816,0.08484983495639456,1.0,0.1,1077.851499368998,219.777361194732,0.0,1.0,0.0,0.0,2.0
10139,0.0002301699286650531,0.04971670459165147,1.0,0.1,1077.6059944839635,219.4939980160244,0.0,1.0,0.0,0.0,2.0
10140,2.4711897454377216e-05,0.005337769850145479,1.0,0.1,1077.4035026127244,219.52497212047453,0.0,1.0,0.0,0.0,2.0
10141,6.652525476442528e-06,0.001436945502911586,1.0,0.1,1077.2339705502823,219.29077370070385,0.0,1.0,0.0,0.0,2.0
10142,0.0001249746295129893,0.026994519974805686,1.0,0.1,1077.550462448577,219.83675271296474,0.0,1.0,0.0,0.0,2.0
10143,0.0004484898219836538,0.09687380154846922,1.0,0.1,1077.5573292600764,219.9890825019722,0.0,1.0,0.0,0.0,2.0
10144,0.00035938492268422533,0.07762714329979267,1.0,0.1,1077.548015627754,220.23613616095233,0.0,1.0,0.0,0.0,2.0
10145,8.687463494176081e-05,0.018764921147420337,1.0,0.1,1078.3718915923782,221.03172246273792,0.0,1.0,0.0,0.0,2.0
10146,6.207622071222576e-05,0.013408463673840767,1.0,0.1,1078.255032590809,220.89930431594735,0.0,1.0,0.0,0.0,2.0
10147,0.00024926562271684524,0.053841374506838575,1.0,0.1,1077.6248179526146,220.31854585671505,0.0,1.0,0.0,0.0,2.0
10148,0.00046463126078641597,0.10036035232986586,0.0,0.1,1077.1236799527135,219.81332066768886,0.0,1.0,0.0,0.0,2.0
10149,5.664811884358951e-05,0.012235993670215333,1.0,0.1,1076.9995555810356,219.55044360528942,0.0,1.0,0.0,0.0,2.0
10150,0.0002611680256820703,0.056412293547327186,1.0,0.1,1077.306257734811,219.83265822307433,0.0,1.0,0.0,0.0,2.0
10151,0.0005308031774158114,0.11465348632181527,0.0,0.1,1077.9271419964912,220.2947317694708,0.0,1.0,0.0,0.0,2.0
10152,0.0002599483624741883,0.056148846294424674,1.0,0.1,1078.053411240836,220.59841459795555,0.0,1.0,0.0,0.0,2.0
10153,0.00013671700271699274,0.029530872586870434,1.0,0.1,1077.937555654,220.26087151809367,0.0,1.0,0.0,0.0,2.0
10154,0.00011728610370745094,0.025333798400809404,1.0,0.1,1078.183951985129,220.79195089699544,0.0,1.0,0.0,0.0,2.0
10155,0.00017712678967797768,0.03825938657044318,1.0,0.1,1078.4452655963544,221.31900012687055,0.0,1.0,0.0,0.0,2.0
10156,0.00012209663988815527,0.02637287421584154,1.0,0.1,1078.1705563736477,221.17323767814477,0.0,1.0,0.0,0.0,2.0
10157,0.00023060093025643218,0.04980980093538935,1.0,0.1,1078.3561076556732,221.54079893225708,0.0,1.0,0.0,0.0,2.0
10158,4.982195008327035e-05,0.010761541217986396,1.0,0.1,1078.1085046509188,221.53395049805889,0.0,1.0,0.0,0.0,2.0
10159,0.00010052994780791283,0.02171446872650917,1.0,0.1,1078.6017362834923,222.1911184541478,0.0,1.0,0.0,0.0,2.0
10160,0.00011299798351946745,0.02440756444020497,1.0,0.1,1078.8436194781025,222.41188163462598,0.0,1.0,0.0,0.0,2.0
10161,2.7185700767170174e-05,0.005872111365708758,1.0,0.1,1079.2171757219237,222.95838096279564,0.0,1.0,0.0,0.0,2.0
10162,0.00019326185202197727,0.04174456003674709,1.0,0.1,1079.1493796464947,222.93770379009436,0.0,1.0,0.0,0.0,2.0
10163,0.0019967404819506472,0.4312959441013398,0.0,0.1,1078.4353474257725,222.64191818283604,0.0,1.0,0.0,0.0,2.0
10164,0.0013794845966959611,0.2979686728863276,0.0,0.1,1078.0827776966216,226.52183039494426,0.0,1.0,0.0,0.0,2.0
10165,0.0009559159908750589,0.20647785402901273,0.0,0.1,1081.9476811067834,234.82849204566497,0.0,1.0,0.0,0.0,2.0
10166,0.0013495934698011863,0.29151218947705626,0.0,0.1,1088.533329277606,244.90024449475266,0.0,1.0,0.0,0.0,2.0
10167,0.0004754407510657276,0.10269520223019717,0.0,0.1,1092.440789463553,250.2313584863165,0.0,1.0,0.0,0.0,2.0
10168,0.0009254530770456635,0.19989786464186332,0.0,0.1,1100.2478761644688,261.6401507599429,0.0,1.0,0.0,0.0,2.0
10169,0.0007342865047272189,0.15860588502107928,0.0,0.1,1104.0324310556477,268.630924894461,0.0,1.0,0.0,0.0,2.0
10170,0.00048297531856423615,0.10432266880987502,0.0,0.1,1108.316650689943,277.2482927184324,0.0,1.0,0.0,0.0,2.0
10171,0.0010044294958702665,0.2169567711079776,0.0,0.1,1110.2401719594545,280.7970571372364,0.0,1.0,0.0,0.0,2.0
10172,0.0006905744055254861,0.149164071593505,0.0,0.1,1113.5428916981443,286.3369959894249,0.0,1.0,0.0,0.0,2.0
10173,0.001109227968178721,0.2395932411266037,0.0,0.1,1116.7684678606636,291.4039012924736,0.0,1.0,0.0,0.0,2.0
10174,0.0003186555068908538,0.06882958948842442,1.0,0.1,1117.2031230165253,291.99382168420345,0.0,1.0,0.0,0.0,2.0
10175,0.0005752530211562877,0.12425465256975815,0.0,0.1,,,0.0,1.0,,,2.0
10176,0.0035742715662521155,0.7720426583104569,0.0,0.1,,,0.0,1.0,,,2.0
10177,0.001577384189186956,0.3407149848643825,0.0,0.1,1121.6207944644657,302.82826756365426,0.0,1.0,0.0,0.0,2.0
10178,0.0013590717971744667,0.29355950818968485,0.0,0.1,1126.8278842631346,310.9337967265603,0.0,1.0,0.0,0.0,2.0
10179,0.00010966400643733527,0.02368742539046442,1.0,0.1,1134.1865565167905,321.04047333931464,0.0,1.0,0.0,0.0,2.0
10180,0.0009275090174838951,0.20034194777652134,0.0,0.1,1135.2612587313956,321.98773038555663,0.0,1.0,0.0,0.0,2.0
10181,0.0011949601630939855,0.2581113952283009,0.0,0.1,,,0.0,1.0,,,2.0
10182,0.0010424836671030285,0.22517647209425415,0.0,0.1,,,0.0,1.0,,,2.0
10183,0.002842496929264278,0.6139793367210841,0.0,0.1,,,0.0,1.0,,,2.0
10184,0.0007435443198732235,0.16060557309261628,0.0,0.1,,,0.0,1.0,,,2.0
10185,0.001286940606540931,0.2779791710128411,0.0,0.1,,,0.0,1.0,,,2.0
10186,0.0025164136063546873,0.5435453389726125,0.0,0.1,,,0.0,1.0,,,2.0
10187,0.0019430846733830215,0.4197062894507327,0.0,0.1,,,0.0,1.0,,,2.0
10188,0.00012728075430469934,0.027492642929815056,1.0,0.1,,,0.0,1.0,,,2.0
10189,0.0018070966626426458,0.3903328791308115,0.0,0.1,,,0.0,1.0,,,2.0
10190,0.0018835718241849329,0.40685151402394554,0.0,0.1,,,0.0,1.0,,,2.0
10191,0.0017913606187874625,0.38693389365809194,0.0,0.1,,,0.0,1.0,,,2.0
10192,0.0005627215567919267,0.12154785626705615,0.0,0.1,,,0.0,1.0,,,2.0
10193,0.0017880036819417342,0.3862087952994146,0.0,0.1,,,0.0,1.0,,,2.0
10194,0.0015078578500741858,0.3256972956160241,0.0,0.1,,,0.0,1.0,,,2.0
10195,0.0006566256821603066,0.14183114734662625,0.0,0.1,,,0.0,1.0,,,2.0
10196,0.0006332479373630267,0.13678155447041376,0.0,0.1,,,0.0,1.0,,,2.0
10197,0.0004084211600546953,0.08821897057181419,1.0,0.1,,,0.0,1.0,,,2.0
10198,0.0005157576791637394,0.1114036586993677,0.0,0.1,,,0.0,1.0,,,2.0
10199,0.001608235349002085,0.3473788353844504,0.0,0.1,,,0.0,1.0,,,2.0
10200,0.0003971974570601806,0.08579465072499902,1.0,0.1,,,0.0,1.0,,,2.0
10201,0.000604381870413237,0.1305464840092592,0.0,0.1,,,0.0,1.0,,,2.0
10202,0.000426426892753238,0.09210820883469942,1.0,0.1,,,0.0,1.0,,,2.0
10203,0.0013394174314290631,0.28931416518867764,0.0,0.1,,,0.0,1.0,,,2.0
10204,0.0005484510145929237,0.11846541915207151,0.0,0.1,,,0.0,1.0,,,2.0
10205,0.0013415072716693622,0.28976557068058223,0.0,0.1,,,0.0,1.0,,,2.0
10206,0.0005878146729327158,0.12696796935346663,0.0,0.1,,,0.0,1.0,,,2.0
10207,0.0015033789132298813,0.3247298452576544,0.0,0.1,,,0.0,1.0,,,2.0
10208,0.0002709673969642285,0.058528957744273365,1.0,0.1,,,0.0,1.0,,,2.0
10209,0.0018061137249154955,0.39012056458174704,0.0,0.1,1229.7270573952185,390.0871924043099,0.0,1.0,0.0,0.0,2.0
10210,0.001231342572925629,0.26596999575193586,0.0,0.1,,,0.0,1.0,,,2.0
10211,0.0006068347705424382,0.13107631043716667,0.0,0.1,,,0.0,1.0,,,2.0
10212,0.0011435784162734846,0.24701293791507267,0.0,0.1,,,0.0,1.0,,,2.0
10213,0.0007146198771684377,0.15435789346838255,0.0,0.1,,,0.0,1.0,,,2.0
10214,0.0009954355337919117,0.21501407529905295,0.0,0.1,,,0.0,1.0,,,2.0
10215,0.00039091814431675774,0.08443831917241967,1.0,0.1,,,0.0,1.0,,,2.0
10216,0.00045238289538591556,0.09771470540335776,1.0,0.1,,,0.0,1.0,,,2.0
10217,0.0008558312020673288,0.18485953964654303,0.0,0.1,,,0.0,1.0,,,2.0
10218,0.0007765946505325328,0.1677444445150271,0.0,0.1,,,0.0,1.0,,,2.0
10219,0.0004356892930902252,0.09410888730748865,1.0,0.1,,,0.0,1.0,,,2.0
10220,9.340166124685997e-05,0.020174758829321755,1.0,0.1,,,0.0,1.0,,,2.0
10221,0.0005555260523882296,0.1199936273158576,0.0,0.1,,,0.0,1.0,,,2.0
10222,0.0013502261389114498,0.2916488460048731,0.0,0.1,,,0.0,1.0,,,2.0
10223,0.0004236043858045103,0.09149854733377423,1.0,0.1,,,0.0,1.0,,,2.0
10224,0.000459669892343054,0.09928869674609966,1.0,0.1,,,0.0,1.0,,,2.0
10225,0.0002245400760898245,0.04850065643540209,1.0,0.1,,,0.0,1.0,,,2.0
10226,0.0003440559668281887,0.07431608883488876,1.0,0.1,,,0.0,1.0,,,2.0
10227,0.0011576223833510576,0.2500464348038285,0.0,0.1,,,0.0,1.0,,,2.0
10228,0.001086720210752636,0.23473156552256938,0.0,0.1,,,0.0,1.0,,,2.0
10229,0.00036858530788006313,0.07961442650209365,1.0,0.1,,,0.0,1.0,,,2.0
10230,0.0002709493169602335,0.058525052463410436,1.0,0.1,,,0.0,1.0,,,2.0
10231,0.0007456307264338126,0.16105623690970353,0.0,0.1,,,0.0,1.0,,,2.0
10232,0.00023899852634577987,0.051623681690688455,1.0,0.1,,,0.0,1.0,,,2.0
10233,0.00019814650379579743,0.04279964481989225,1.0,0.1,,,0.0,1.0,,,2.0
10234,0.00014884056563264816,0.032149562176652005,1.0,0.1,1172.6865895416042,341.25678285918195,0.0,1.0,0.0,0.0,2.0
10235,0.00023340998646417414,0.050416557076261616,1.0,0.1,,,0.0,1.0,,,2.0
10236,0.0003926737039062302,0.08481752004374572,1.0,0.1,1172.494284182741,343.8048071734013,0.0,1.0,0.0,0.0,2.0
10237,0.00017285248090890998,0.037336135876324554,1.0,0.1,,,0.0,1.0,,,2.0
10238,,,,0.1,,,0.0,1.0,,,2.0
10239,,,,0.1,,,,,,,2.0
10240,0.0004190823248566046,0.0905217821690266,1.0,0.1,,,0.0,1.0,,,2.0
10241,0.0009731992277328221,0.21021103319028958,0.0,0.1,,,0.0,1.0,,,2.0
10242,0.0004145522233905169,0.08954328025235166,1.0,0.1,,,0.0,1.0,,,2.0
10243,0.00017176536926682813,0.03710131976163488,1.0,0.1,,,0.0,1.0,,,2.0
10244,0.0003901788177601269,0.08427862463618742,1.0,0.1,,,0.0,1.0,,,2.0
10245,7.795740899131246e-05,0.01683880034212349,1.0,0.1,,,0.0,1.0,,,2.0
10246,0.0005445225102175106,0.11761686220698228,0.0,0.1,,,0.0,1.0,,,2.0
10247,9.216672283151121e-05,0.01990801213160642,1.0,0.1,,,0.0,1.0,,,2.0
10248,0.0003663718923204771,0.07913632874122306,1.0,0.1,,,0.0,1.0,,,2.0
10249,0.0004828928829814198,0.10430486272398667,0.0,0.1,,,0.0,1.0,,,2.0
10250,0.0007038985426313421,0.1520420852083699,0.0,0.1,,,0.0,1.0,,,2.0
10251,0.00033373645846867264,0.07208707502923328,1.0,0.1,,,0.0,1.0,,,2.0
10252,0.00013346138943551043,0.028827660118070253,1.0,0.1,,,0.0,1.0,,,2.0
10253,0.0003863875210923263,0.08345970455594248,1.0,0.1,,,0.0,1.0,,,2.0
10254,0.0001741770051755139,0.037622233117911005,1.0,0.1,,,0.0,1.0,,,2.0
10255,0.00022728319871475282,0.04909317092238661,1.0,0.1,,,0.0,1.0,,,2.0
10256,0.00011566581464127668,0.02498381596251576,1.0,0.1,,,0.0,1.0,,,2.0
10257,0.00016475675206446277,0.03558745844592396,1.0,0.1,,,0.0,1.0,,,2.0
10258,0.00021427023304669828,0.04628237033808683,1.0,0.1,,,0.0,1.0,,,2.0
10259,0.00012021096008773115,0.02596556737894993,1.0,0.1,,,0.0,1.0,,,2.0
10260,0.0001404256114093588,0.030331932064421502,1.0,0.1,,,0.0,1.0,,,2.0
10261,0.0003271586465611112,0.07066626765720002,1.0,0.1,,,0.0,1.0,,,2.0
10262,0.00024329319450874592,0.05255133001388912,1.0,0.1,,,0.0,1.0,,,2.0
10263,0.0002521372243775771,0.054461640465556654,1.0,0.1,,,0.0,1.0,,,2.0
10264,0.00020842899014629604,0.04502066187159994,1.0,0.1,,,0.0,1.0,,,2.0
10265,0.00039463046044720785,0.0852401794565969,1.0,0.1,,,0.0,1.0,,,2.0
10266,0.0001720068368107183,0.037153476751115154,1.0,0.1,,,0.0,1.0,,,2.0
10267,0.00024602843809387397,0.05314214262827678,1.0,0.1,,,0.0,1.0,,,2.0
10268,0.00017730053242335107,0.03829691500344383,1.0,0.1,,,0.0,1.0,,,2.0
10269,8.823316811183143e-05,0.01905836431215559,1.0,0.1,,,0.0,1.0,,,2.0
10270,0.00012883057705582432,0.027827404644058053,1.0,0.1,,,0.0,1.0,,,2.0
10271,0.0006635545270763167,0.1433277778484844,0.0,0.1,,,0.0,1.0,,,2.0
10272,0.0012058025560137775,0.2604533520989759,0.0,0.1,,,0.0,1.0,,,2.0
10273,0.00026074111988763307,0.05632008189572875,1.0,0.1,,,0.0,1.0,,,2.0
10274,0.0003351354305478362,0.07238925299833261,1.0,0.1,,,0.0,1.0,,,2.0
10275,0.00031028850371040486,0.06702231680144745,1.0,0.1,1161.7498377910401,343.11904823280133,0.0,1.0,0.0,0.0,2.0
10276,0.00044546161876942456,0.0962197096541957,1.0,0.1,,,0.0,1.0,,,2.0
10277,0.00032793167040858965,0.07083324080825536,1.0,0.1,,,0.0,1.0,,,2.0
10278,0.0004046115273839502,0.08739608991493325,1.0,0.1,,,0.0,1.0,,,2.0
10279,0.00045475774103337905,0.09822767206320988,1.0,0.1,,,0.0,1.0,,,2.0
10280,0.0005319666211100624,0.11490479015977348,0.0,0.1,,,0.0,1.0,,,2.0
10281,,,,0.1,,,0.0,1.0,,,2.0
10282,,,,0.1,,,,,,,2.0
10283,,,,0.1,,,,,,,2.0
10284,0.0017224391102761342,0.372046847819645,0.0,0.1,,,0.0,1.0,,,2.0
10285,0.0012480771064838953,0.26958465500052137,0.0,0.1,,,0.0,1.0,,,2.0
10286,0.000911572161404629,0.19689958686339987,0.0,0.1,,,0.0,1.0,,,2.0
10287,0.0006430568586584611,0.1389002814702276,0.0,0.1,,,0.0,1.0,,,2.0
10288,0.0006839334388009411,0.14772962278100327,0.0,0.1,1190.612560967656,388.33875479418634,0.0,1.0,0.0,0.0,2.0
10289,0.001092813224511461,0.23604765649447562,0.0,0.1,1187.6373638057285,385.2245867963084,0.0,1.0,0.0,0.0,2.0
10290,0.00042460438321975614,0.09171454677546732,1.0,0.1,1187.0947192023484,383.4215912876397,0.0,1.0,0.0,0.0,2.0
10291,0.00021671534002131156,0.0468105134446033,1.0,0.1,1184.2185097420443,381.1834040579237,0.0,1.0,0.0,0.0,2.0
10292,0.0011574092911622877,0.2500004068910542,0.0,0.1,1184.416547751167,380.56659550971307,0.0,1.0,0.0,0.0,2.0
10293,0.0013170607057506874,0.28448511244214847,0.0,0.1,1185.2547652219846,379.83814903236794,0.0,1.0,0.0,0.0,2.0
10294,0.0008764480929934542,0.1893127880865861,0.0,0.1,1182.4505945469566,376.6973454139906,0.0,1.0,0.0,0.0,2.0
10295,0.001572326601696017,0.3396225459663397,0.0,0.1,1176.1786205216554,371.36099333233466,0.0,1.0,0.0,0.0,2.0
10296,0.000703460675363435,0.15194750587850198,0.0,0.1,,,0.0,1.0,,,2.0
10297,0.0022189475337849526,0.47929266729754977,0.0,0.1,,,0.0,1.0,,,2.0
10298,0.0004985327323087546,0.107683070178691,0.0,0.1,,,0.0,1.0,,,2.0
10299,0.0011621411637522435,0.2510224913704846,0.0,0.1,,,0.0,1.0,,,2.0
10300,0.0005609444403508976,0.1211639991157939,0.0,0.1,,,0.0,1.0,,,2.0
10301,0.00038186400361091993,0.08248262477995871,1.0,0.1,,,0.0,1.0,,,2.0
10302,0.00041060373050015234,0.0886904057880329,1.0,0.1,,,0.0,1.0,,,2.0
10303,0.0009529940885672496,0.20584672313052593,0.0,0.1,,,0.0,1.0,,,2.0
10304,0.0003934259525560169,0.08498000575209966,1.0,0.1,,,0.0,1.0,,,2.0
10305,0.0005452571140796056,0.11777553664119482,0.0,0.1,1144.5475461004924,320.2575680861368,0.0,1.0,0.0,0.0,2.0
10306,0.0011256983610635413,0.24315084598972492,0.0,0.1,1147.3957367437301,321.77863829637414,0.0,1.0,0.0,0.0,2.0
10307,0.0012926810635078211,0.2792191097176894,0.0,0.1,1145.4337998805572,319.5780436250638,0.0,1.0,0.0,0.0,2.0
10308,0.0008603726353866358,0.18584048924351332,0.0,0.1,1144.7518989687082,316.6260898100437,0.0,1.0,0.0,0.0,2.0
10309,8.203896605507226e-05,0.017720416667895606,1.0,0.1,1145.2720702277893,314.1661279357206,0.0,1.0,0.0,0.0,2.0
10310,0.0004347062163662652,0.09389654273511329,1.0,0.1,1145.540931814609,312.21451646401044,0.0,1.0,0.0,0.0,2.0
10311,0.000570913785429268,0.1233173776527219,0.0,0.1,1145.9773709242775,311.6450440646007,0.0,1.0,0.0,0.0,2.0
10312,0.0006738581818738476,0.1455533672847511,0.0,0.1,1143.8300695539765,307.28053322657246,0.0,1.0,0.0,0.0,2.0
10313,0.0012008863691195103,0.2593914557298142,0.0,0.1,1141.4340900645298,302.1264787260653,0.0,1.0,0.0,0.0,2.0
10314,0.0008306512536274027,0.179420670783519,0.0,0.1,1138.5383431216535,294.9387013892927,0.0,1.0,0.0,0.0,2.0
10315,0.003333598943998666,0.7200573719037119,0.0,0.1,1135.2224667816126,289.3831850556291,0.0,1.0,0.0,0.0,2.0
10316,0.001084119712645319,0.2341698579313889,0.0,0.1,1130.9874548214577,283.1090027535358,0.0,1.0,0.0,0.0,2.0
10317,0.0023991664024555263,0.5182199429303936,0.0,0.1,1126.9284863312298,276.522093367405,0.0,1.0,0.0,0.0,2.0
10318,0.002041040191463666,0.4408646813561519,0.0,0.1,1119.0353574111641,264.76489695212956,0.0,1.0,0.0,0.0,2.0
10319,0.0005790891683048697,0.12508326035385187,0.0,0.1,1110.7569804380182,253.0379460774005,0.0,1.0,0.0,0.0,2.0
10320,0.0004470779598605859,0.09656883932988657,1.0,0.1,1107.2088167209583,247.90723540905503,0.0,1.0,0.0,0.0,2.0
10321,0.0009308157069952155,0.20105619271096656,0.0,0.1,1103.7338271386755,242.2137679717605,0.0,1.0,0.0,0.0,2.0
10322,0.00021492625708976256,0.046424071531388715,1.0,0.1,1097.7530673435556,234.6342953247149,0.0,1.0,0.0,0.0,2.0
10323,0.0003048913078162486,0.0658565224883097,1.0,0.1,1093.4777485431234,228.37954823220952,0.0,1.0,0.0,0.0,2.0
10324,0.00023524099023608798,0.05081205389099501,1.0,0.1,1090.4625672612508,224.4694519739647,0.0,1.0,0.0,0.0,2.0
10325,0.0010791167436721037,0.2330892166331744,0.0,0.1,1083.553005214252,215.9112036532022,0.0,1.0,0.0,0.0,2.0
10326,0.0002696085257619687,0.05823544156458524,1.0,0.1,1079.3660422031514,210.75219243728367,0.0,1.0,0.0,0.0,2.0
10327,0.0006400930551793532,0.13826009991874028,0.0,0.1,1074.6043130173707,205.18029840935665,0.0,1.0,0.0,0.0,2.0
10328,0.0004627145944358098,0.09994635239813492,1.0,0.1,1073.1160347919401,203.30820117776176,0.0,1.0,0.0,0.0,2.0
10329,0.0003153769339049333,0.06812141772346558,1.0,0.1,1072.662780489404,202.56755092124635,0.0,1.0,0.0,0.0,2.0
10330,0.00025308702284006245,0.05466679693345349,1.0,0.1,1072.7574737816215,202.58249041314636,0.0,1.0,0.0,0.0,2.0
10331,0.0005125847060513392,0.11071829650708928,0.0,0.1,1074.1730337942254,204.04418174118007,0.0,1.0,0.0,0.0,2.0
10332,7.884624324970315e-05,0.01703078854193588,1.0,0.1,1074.903430291021,204.6520416411679,0.0,1.0,0.0,0.0,2.0
10333,3.862183714104615e-05,0.00834231682246597,1.0,0.1,1075.0189355045827,204.76514541099706,0.0,1.0,0.0,0.0,2.0
10334,0.00010640231333120725,0.022982899679540765,1.0,0.1,1075.6306371705427,205.38325783926754,0.0,1.0,0.0,0.0,2.0
10335,3.254866556754411e-05,0.0070305117625895286,1.0,0.1,1076.4455393532407,206.34832884195515,0.0,1.0,0.0,0.0,2.0
10336,8.54230752043005e-05,0.018451384244128906,1.0,0.1,1076.469724733786,206.34703095763356,0.0,1.0,0.0,0.0,2.0
10337,0.00010725301072366475,0.02316665031631159,1.0,0.1,1076.8342930783888,206.7197828069265,0.0,1.0,0.0,0.0,2.0
10338,0.00023037024679569936,0.04975997330787106,1.0,0.1,1077.3995760062164,207.40429741299155,0.0,1.0,0.0,0.0,2.0
10339,0.00010243822166604907,0.022126655879866598,1.0,0.1,1076.7925189223445,206.91214053475016,0.0,1.0,0.0,0.0,2.0
10340,0.00019265813006700243,0.041614156094472526,1.0,0.1,1076.6737223722744,206.69372178044782,0.0,1.0,0.0,0.0,2.0
10341,5.844790828860599e-05,0.012624748190338894,1.0,0.1,1077.247946799703,207.31537845698324,0.0,1.0,0.0,0.0,2.0
10342,5.522658119866139e-05,0.01192894153891086,1.0,0.1,1077.432219661841,207.6011790528835,0.0,1.0,0.0,0.0,2.0
10343,0.0002476981454473596,0.05350279941662967,1.0,0.1,1077.495170842633,207.74001260121577,0.0,1.0,0.0,0.0,2.0
10344,9.23804924578132e-05,0.01995418637088765,1.0,0.1,1077.7425127100341,207.98256549079574,0.0,1.0,0.0,0.0,2.0
10345,9.476599121527027e-05,0.020469454102498376,1.0,0.1,1078.0789235763923,208.4165474545864,0.0,1.0,0.0,0.0,2.0
10346,0.000179020377404281,0.0386684015193247,1.0,0.1,1078.1817400396098,208.6833265445862,0.0,1.0,0.0,0.0,2.0
10347,2.416585333995114e-05,0.005219824321429446,1.0,0.1,1077.769149286731,208.31744654701376,0.0,1.0,0.0,0.0,2.0
10348,0.0003802177517920479,0.08212703438708234,1.0,0.1,1077.1658008705103,208.01692727939263,0.0,1.0,0.0,0.0,2.0
10349,0.00013256857970704857,0.028634813216722493,1.0,0.1,1076.900797757447,207.4907448698554,0.0,1.0,0.0,0.0,2.0
10350,0.00012989309041650828,0.02805690752996579,1.0,0.1,1077.3657087024344,207.79507801866183,0.0,1.0,0.0,0.0,2.0
10351,4.137493811267756e-05,0.008936986632338353,1.0,0.1,1077.6111479909243,207.9779011701764,0.0,1.0,0.0,0.0,2.0
10352,0.000607131015291027,0.13114029930286183,0.0,0.1,1077.6961836830078,208.20064707389938,0.0,1.0,0.0,0.0,2.0
10353,6.274342467178575e-05,0.013552579729105722,1.0,0.1,1078.1862600058378,208.59103325224774,0.0,1.0,0.0,0.0,2.0
10354,0.00015628886396072634,0.03375839461551689,1.0,0.1,1078.5384232333881,209.0912408326844,0.0,1.0,0.0,0.0,2.0
10355,0.00019551740976414601,0.04223176050905554,1.0,0.1,1078.9811269588417,209.58532939433513,0.0,1.0,0.0,0.0,2.0
10356,0.0003483959278739156,0.07525352042076577,1.0,0.1,1079.2623907653406,209.84110894106976,0.0,1.0,0.0,0.0,2.0
10357,0.00016284018435842334,0.03517347982141944,1.0,0.1,1079.1055907924342,209.79402944546982,0.0,1.0,0.0,0.0,2.0
10358,6.268969920678454e-05,0.013540975028665459,1.0,0.1,1078.2229524276088,208.87779822011166,0.0,1.0,0.0,0.0,2.0
10359,0.00011744160389875795,0.02536738644213172,1.0,0.1,1078.1678560958728,208.77626350090958,0.0,1.0,0.0,0.0,2.0
10360,0.00019176140600613814,0.04142046369732584,1.0,0.1,1078.1553811537324,208.71169651817345,0.0,1.0,0.0,0.0,2.0
10361,8.521941468085842e-05,0.018407393571065418,1.0,0.1,1078.2888520978438,208.69886459832333,0.0,1.0,0.0,0.0,2.0
10362,0.000127792671391657,0.027603217020597915,1.0,0.1,1078.638802769058,209.22981357762993,0.0,1.0,0.0,0.0,2.0
10363,0.00016944784762128447,0.03660073508619745,1.0,0.1,1078.5007352023247,209.11024252304622,0.0,1.0,0.0,0.0,2.0
10364,0.0001211398408449451,0.026166205622508144,1.0,0.1,1078.6010872184252,209.17790220469362,0.0,1.0,0.0,0.0,2.0
10365,8.984882531450024e-05,0.01940734626793205,1.0,0.1,1078.7786111726803,209.32050302551852,0.0,1.0,0.0,0.0,2.0
10366,4.7598830769240673e-05,0.010281347446155985,1.0,0.1,1078.5358520341035,209.05384448196816,0.0,1.0,0.0,0.0,2.0
10367,0.0002626407282974432,0.056730397312247736,1.0,0.1,1078.5487872289195,209.0811869002892,0.0,1.0,0.0,0.0,2.0
10368,0.00025042011708978584,0.054090745291393745,1.0,0.1,1078.078761899907,208.54534697111296,0.0,1.0,0.0,0.0,2.0
10369,0.000136284274809406,0.029437403358831694,1.0,0.1,1077.7475986844688,208.23016058682379,0.0,1.0,0.0,0.0,2.0
10370,9.602074654231734e-05,0.020740481253140545,1.0,0.1,1077.8644164890372,208.15030950128917,0.0,1.0,0.0,0.0,2.0
10371,0.00035239787442330976,0.07611794087543491,1.0,0.1,1078.5427517071457,208.85168899600546,0.0,1.0,0.0,0.0,2.0
10372,0.0001813027132365505,0.03916138605909491,1.0,0.1,1079.9271315975534,210.22861911601694,0.0,1.0,0.0,0.0,2.0
10373,0.0003375917920885523,0.07291982709112729,1.0,0.1,1081.6010747630842,212.10658678393023,0.0,1.0,0.0,0.0,2.0
10374,0.0006311271620161953,0.13632346699549816,0.0,0.1,1084.0182456595223,214.93904608661694,0.0,1.0,0.0,0.0,2.0
10375,0.0015565563843360022,0.3362161790165765,0.0,0.1,1084.1925504799929,215.7934350571356,0.0,1.0,0.0,0.0,2.0
10376,0.0012326333755974773,0.26624880912905513,0.0,0.1,1082.0762234969282,214.06143582929667,0.0,1.0,0.0,0.0,2.0
10377,0.00037899506538574703,0.08186293412332135,1.0,0.1,1080.8914017653906,211.56821137964,0.0,1.0,0.0,0.0,2.0
10378,0.0020507811645396803,0.4429687315405709,0.0,0.1,1081.0227588776518,211.00373883129242,0.0,1.0,0.0,0.0,2.0
10379,0.00038243069016694487,0.0826050290760601,1.0,0.1,1082.825224856304,212.58936873937643,0.0,1.0,0.0,0.0,2.0
10380,0.0004260935346459341,0.09203620348352176,1.0,0.1,1079.3948052262874,209.57752285239422,0.0,1.0,0.0,0.0,2.0
10381,0.00013856609984073192,0.029930277565598098,1.0,0.1,1076.4057556649727,208.22358092588556,0.0,1.0,0.0,0.0,2.0
10382,0.0004114023580497457,0.08886290933874508,1.0,0.1,1068.748852167294,202.97072731336766,0.0,1.0,0.0,0.0,2.0
10383,0.0008811254605998399,0.19032309948956544,0.0,0.1,1063.3302421821243,199.36568188525746,0.0,1.0,0.0,0.0,2.0
10384,0.0009887706091348308,0.21357445157312346,0.0,0.1,1057.1694709727058,195.8264267457909,0.0,1.0,0.0,0.0,2.0
10385,0.0015605221044851555,0.3370727745687936,0.0,0.1,1054.5342540424344,196.14741991038912,0.0,1.0,0.0,0.0,2.0
10386,0.0015370853563759354,0.33201043697720206,0.0,0.1,1056.840776340072,200.7029448792232,0.0,1.0,0.0,0.0,2.0
10387,0.0005412701122256427,0.11691434424073884,0.0,0.1,1058.9021630376644,203.50738013090492,0.0,1.0,0.0,0.0,2.0
10388,0.0003526220139981561,0.07616635502360172,1.0,0.1,1065.257898242094,212.21493424443668,0.0,1.0,0.0,0.0,2.0
10389,0.00024581397275919844,0.05309581811598686,1.0,0.1,1076.0378496023716,224.0160013699102,0.0,1.0,0.0,0.0,2.0
10390,0.00026783660183492795,0.05785270599634444,1.0,0.1,1083.3381245243502,233.1686805539562,0.0,1.0,0.0,0.0,2.0
10391,0.0008470401146390545,0.1829606647620358,0.0,0.1,1087.1501818888178,237.6312767939652,0.0,1.0,0.0,0.0,2.0
10392,0.0002668939986387244,0.05764910370596447,1.0,0.1,1093.6704435088445,245.0453315138482,0.0,1.0,0.0,0.0,2.0
10393,0.0007205650834938628,0.15564205803467437,0.0,0.1,1098.0176233923264,249.31569067752775,0.0,1.0,0.0,0.0,2.0
10394,0.0007074444690931481,0.15280800532412,0.0,0.1,1101.9053312015353,252.6129820473046,0.0,1.0,0.0,0.0,2.0
10395,0.00041669092785095427,0.09000524041580613,1.0,0.1,1107.1435414151204,257.39465279414594,0.0,1.0,0.0,0.0,2.0
10396,0.00038849441674611925,0.08391479401716176,1.0,0.1,1108.2251101920053,258.39426083557925,0.0,1.0,0.0,0.0,2.0
10397,0.00030825243577177914,0.0665825261267043,1.0,0.1,1113.064668106273,262.18379737566534,0.0,1.0,0.0,0.0,2.0
10398,0.0003691040972578357,0.07972648500769251,1.0,0.1,1118.1451414534602,266.9972166501116,0.0,1.0,0.0,0.0,2.0
10399,0.0003117363883502336,0.06733505988365046,1.0,0.1,1121.628407457653,270.38087824420194,0.0,1.0,0.0,0.0,2.0
10400,2.7811816764618272e-05,0.006007352421157547,1.0,0.1,1123.2122963682086,271.77732050957616,0.0,1.0,0.0,0.0,2.0
10401,0.0003173555517306737,0.06854879917382553,1.0,0.1,1123.0945969094525,271.27996848469826,0.0,1.0,0.0,0.0,2.0
10402,0.0001791470065826872,0.038695753421860435,1.0,0.1,1123.5206261705523,271.9128985489264,0.0,1.0,0.0,0.0,2.0
10403,0.0005781079036979469,0.12487130719875653,0.0,0.1,1123.4168351223843,271.4743997807234,0.0,1.0,0.0,0.0,2.0
10404,0.00015864848009066674,0.03426807169958401,1.0,0.1,1122.3146929866941,270.286787167236,0.0,1.0,0.0,0.0,2.0
10405,0.0001882259597164428,0.040656807298751645,1.0,0.1,1122.2396786794175,270.4587895651586,0.0,1.0,0.0,0.0,2.0
10406,0.0002854883017331605,0.06166547317436267,1.0,0.1,1117.9452621085577,267.6587497952144,0.0,1.0,0.0,0.0,2.0
10407,0.0005072303219485951,0.10956174954089654,0.0,0.1,1107.8110853896706,260.21944272192604,0.0,1.0,0.0,0.0,2.0
10408,0.0007264651510883867,0.15691647263509154,0.0,0.1,1099.3262755433489,253.770464996369,0.0,1.0,0.0,0.0,2.0
10409,0.000731470255090384,0.15799757509952295,0.0,0.1,1093.3773715501284,250.45414264861682,0.0,1.0,0.0,0.0,2.0
10410,0.0009711600091488123,0.20977056197614347,0.0,0.1,1090.6860149997633,248.96580347420985,0.0,1.0,0.0,0.0,2.0
10411,0.0007964973592419267,0.17204342959625618,0.0,0.1,1087.051752819829,246.37842642342744,0.0,1.0,0.0,0.0,2.0
10412,0.0008566832778625189,0.1850435880183041,0.0,0.1,1084.447071330266,244.58749328149065,0.0,1.0,0.0,0.0,2.0
10413,0.00025479866238520944,0.05503651107520524,1.0,0.1,1081.2895081476424,242.1362142857543,0.0,1.0,0.0,0.0,2.0
10414,0.0001317123173827305,0.028449860554669793,1.0,0.1,1079.1575627590246,239.92659747559148,0.0,1.0,0.0,0.0,2.0
10415,0.0003173465218938836,0.06854684872907886,1.0,0.1,1073.7439538262,234.0951163188964,0.0,1.0,0.0,0.0,2.0
10416,0.00015547208584418826,0.033581970542344665,1.0,0.1,1070.7095398912404,229.9665784738555,0.0,1.0,0.0,0.0,2.0
10417,6.426465008431603e-05,0.013881164418212263,1.0,0.1,1070.8766965673217,229.86353340900044,0.0,1.0,0.0,0.0,2.0
10418,0.00022565900027785295,0.04874234406001624,1.0,0.1,1070.1517200067867,228.23219908857504,0.0,1.0,0.0,0.0,2.0
10419,0.00011015307815693873,0.023793064881898765,1.0,0.1,1068.3912718529994,226.46816487696162,0.0,1.0,0.0,0.0,2.0
10420,0.0008784503779649995,0.1897452816404399,0.0,0.1,1067.714468031193,226.06831675056497,0.0,1.0,0.0,0.0,2.0
10421,0.00035944720559471263,0.07764059640845793,1.0,0.1,1071.061799476243,229.90700618109096,0.0,1.0,0.0,0.0,2.0
10422,4.097293010387633e-05,0.008850152902437288,1.0,0.1,1073.9620192404586,233.35987134308547,0.0,1.0,0.0,0.0,2.0
10423,0.00010953079535437264,0.02365865179654449,1.0,0.1,1075.5570562110813,235.2390425803378,0.0,1.0,0.0,0.0,2.0
10424,0.0016599123312837126,0.35854106355728194,0.0,0.1,1079.312478846617,240.3163049679789,0.0,1.0,0.0,0.0,2.0
10425,0.00017884530841937772,0.03863058661858559,1.0,0.1,1080.8668202423992,241.9639131897538,0.0,1.0,0.0,0.0,2.0
10426,0.00017825699266033675,0.03850351041463274,1.0,0.1,1081.904939152159,243.99757634776168,0.0,1.0,0.0,0.0,2.0
10427,0.0010131215588457968,0.2188342567106921,0.0,0.1,1081.5058904680056,243.71336328302453,0.0,1.0,0.0,0.0,2.0
10428,0.00028793147427714664,0.06219319844386367,1.0,0.1,1080.9113171681613,242.950307850007,0.0,1.0,0.0,0.0,2.0
10429,0.00013332282250814586,0.028797729661759506,1.0,0.1,1081.6338429867715,243.51974172860605,0.0,1.0,0.0,0.0,2.0
10430,0.0001398699289712846,0.030211904657797477,1.0,0.1,1081.372379303365,243.34467621087904,0.0,1.0,0.0,0.0,2.0
10431,0.0002829050115425136,0.061107482493182944,1.0,0.1,1081.3151238195749,243.10009479877266,0.0,1.0,0.0,0.0,2.0
10432,0.000282855735582277,0.06109683888577183,1.0,0.1,1081.539718625032,243.20033726610146,0.0,1.0,0.0,0.0,2.0
10433,0.00012881544893242957,0.027824136969404785,1.0,0.1,1082.1451694351983,244.1181446537331,0.0,1.0,0.0,0.0,2.0
10434,0.00014485496818856315,0.03128867312872965,1.0,0.1,1081.9873469655986,243.63938680640712,0.0,1.0,0.0,0.0,2.0
10435,0.00025481259912863883,0.05503952141178599,1.0,0.1,1081.6756441240896,243.03822127677546,0.0,1.0,0.0,0.0,2.0
10436,0.00015024151188206515,0.032452166566526074,1.0,0.1,1081.2721223265805,242.71676261337234,0.0,1.0,0.0,0.0,2.0
10437,0.0002105866741652066,0.045486721619684624,1.0,0.1,1081.3203813164805,242.72812455282696,0.0,1.0,0.0,0.0,2.0
10438,0.00019547578887013607,0.04222277039594939,1.0,0.1,1080.9393066707323,242.11015086086817,0.0,1.0,0.0,0.0,2.0
10439,0.0005577921991428694,0.12048311501485978,0.0,0.1,1080.588971394812,241.90449625749275,0.0,1.0,0.0,0.0,2.0
10440,0.00025408754335070103,0.054882909363751425,1.0,0.1,1080.5657288676198,241.92845334838825,0.0,1.0,0.0,0.0,2.0
10441,0.0001534701876903945,0.033149560541125216,1.0,0.1,1080.3760872072212,241.9511742431615,0.0,1.0,0.0,0.0,2.0
10442,5.634837111310175e-05,0.01217124816042998,1.0,0.1,1080.5606454478952,242.65785053700031,0.0,1.0,0.0,0.0,2.0
10443,0.0001308955285397036,0.02827343416457598,1.0,0.1,1081.0739389365992,242.7934490864112,0.0,1.0,0.0,0.0,2.0
10444,8.268262812501735e-05,0.017859447675003748,1.0,0.1,1081.1706463590072,242.66280697194145,0.0,1.0,0.0,0.0,2.0
10445,0.0003096696156067643,0.06688863697106108,1.0,0.1,1081.1507486709509,242.57753710439218,0.0,1.0,0.0,0.0,2.0
10446,0.0003251894030527685,0.070240911059398,1.0,0.1,1082.6171648502777,244.5516602191373,0.0,1.0,0.0,0.0,2.0
10447,0.0006414358847722024,0.13855015111079572,0.0,0.1,1088.3483447299589,249.53942363722945,0.0,1.0,0.0,0.0,2.0
10448,0.0004912564642137119,0.10611139627016178,0.0,0.1,1092.3815626873002,253.252953246455,0.0,1.0,0.0,0.0,2.0
10449,0.00014488334047492365,0.03129480154258351,1.0,0.1,1100.2578204894614,260.36586196787783,0.0,1.0,0.0,0.0,2.0
10450,0.0001805226875274222,0.03899290050592319,1.0,0.1,1104.3407799164631,263.7365126626442,0.0,1.0,0.0,0.0,2.0
10451,0.0002537922419507989,0.05481912426137256,1.0,0.1,1112.440379838929,270.54568894446214,0.0,1.0,0.0,0.0,2.0
10452,0.0005977969629231639,0.1291241439914034,0.0,0.1,1118.5630668199724,275.4884697956142,0.0,1.0,0.0,0.0,2.0
10453,0.000546270229052184,0.11799436947527175,0.0,0.1,1123.864989311486,280.11676382765023,0.0,1.0,0.0,0.0,2.0
10454,0.0020845125671417114,0.4502547145026097,0.0,0.1,1126.913675502417,281.93894604424514,0.0,1.0,0.0,0.0,2.0
10455,0.00040735156375031604,0.08798793777006828,1.0,0.1,1129.6560948382912,284.5345660562929,0.0,1.0,0.0,0.0,2.0
10456,0.0021866130455593584,0.4723084178408214,0.0,0.1,1135.1722382249698,290.4515235296203,0.0,1.0,0.0,0.0,2.0
10457,0.0021215338624025397,0.45825131427894855,0.0,0.1,1140.6852507653607,295.22327456114976,0.0,1.0,0.0,0.0,2.0
10458,0.0013697506300724518,0.2958661360956496,0.0,0.1,1146.1311959982472,300.98855267633985,0.0,1.0,0.0,0.0,2.0
10459,0.0014193494570264279,0.3065794827177084,0.0,0.1,1148.5709099235908,303.0331540776722,0.0,1.0,0.0,0.0,2.0
10460,0.0032135940200749445,0.6941363083361881,0.0,0.1,,,0.0,1.0,,,2.0
10461,0.002807048445804499,0.6063224642937719,0.0,0.1,,,0.0,1.0,,,2.0
10462,0.001502711942087958,0.324585779490999,0.0,0.1,,,0.0,1.0,,,2.0
10463,0.0012519697594242847,0.2704254680356455,0.0,0.1,,,0.0,1.0,,,2.0
10464,0.0031706119728730467,0.6848521861405781,0.0,0.1,,,0.0,1.0,,,2.0
10465,0.0014468854136617207,0.3125272493509317,0.0,0.1,,,0.0,1.0,,,2.0
10466,0.002353222109194272,0.5082959755859627,0.0,0.1,,,0.0,1.0,,,2.0
10467,0.0012465046404811241,0.2692450023439228,0.0,0.1,,,0.0,1.0,,,2.0
10468,0.0017474000958132663,0.3774384206956655,0.0,0.1,,,0.0,1.0,,,2.0
10469,0.0022181456464649336,0.47911945963642566,0.0,0.1,1204.1515122552462,352.84222782887656,0.0,1.0,0.0,0.0,2.0
10470,0.0016079927454214023,0.3473264330110229,0.0,0.1,,,0.0,1.0,,,2.0
10471,0.0014707836792661895,0.317689274721497,0.0,0.1,,,0.0,1.0,,,2.0
10472,0.0008279355359049344,0.1788340757554658,0.0,0.1,,,0.0,1.0,,,2.0
10473,0.0017541913042110027,0.3789053217095766,0.0,0.1,,,0.0,1.0,,,2.0
10474,0.0008707857420535613,0.18808972028356924,0.0,0.1,1178.8587716012976,315.731665134436,0.0,1.0,0.0,0.0,2.0
10475,0.00034207005014187783,0.07388713083064562,1.0,0.1,1180.657777174514,317.23678394044737,0.0,1.0,0.0,0.0,2.0
10476,0.0004662366566057227,0.1007071178268361,0.0,0.1,,,0.0,1.0,,,2.0
10477,0.0008768444347949333,0.18939839791570562,0.0,0.1,,,0.0,1.0,,,2.0
10478,0.0009337407691122902,0.2016880061282547,0.0,0.1,,,0.0,1.0,,,2.0
10479,0.001668486196017829,0.36039301833985105,0.0,0.1,,,0.0,1.0,,,2.0
10480,,,,0.1,1236.1801808790462,376.7998276287162,0.0,1.0,0.0,0.0,2.0
10481,,,,0.1,1236.221494669689,376.76370209549395,,,0.0,0.0,2.0
10482,0.0009578257107857554,0.20689035352972315,0.0,0.1,,,0.0,1.0,,,2.0
10483,0.0006088657675996624,0.13151500580152709,0.0,0.1,,,0.0,1.0,,,2.0
10484,0.0011152683570463736,0.2408979651220167,0.0,0.1,,,0.0,1.0,,,2.0
10485,9.483866533889146e-05,0.020485151713200554,1.0,0.1,,,0.0,1.0,,,2.0
10486,0.0001664838145899329,0.035960503951425506,1.0,0.1,,,0.0,1.0,,,2.0
10487,0.0015426075962752593,0.333203240795456,0.0,0.1,1238.1589613528547,374.4722923471538,0.0,1.0,0.0,0.0,2.0
10488,0.00046640247499870783,0.10074293459972089,0.0,0.1,1233.7851143557227,368.7412896057094,0.0,1.0,0.0,0.0,2.0
10489,0.0001104148890387961,0.02384961603237996,1.0,0.1,1232.5702271475272,367.05845674520685,0.0,1.0,0.0,0.0,2.0
10490,0.00021996959025713043,0.04751343149554017,1.0,0.1,,,0.0,1.0,,,2.0
10491,0.00011219105819399686,0.02423326856990332,1.0,0.1,1230.1879820592094,364.31987381638083,0.0,1.0,0.0,0.0,2.0
10492,0.0005047227440506104,0.10902011271493185,0.0,0.1,,,0.0,1.0,,,2.0
10493,0.00108493989382942,0.23434701706715472,0.0,0.1,1223.4604132795253,357.3913442939129,0.0,1.0,0.0,0.0,2.0
10494,0.000495697998896843,0.10707076776171809,0.0,0.1,1217.7979093543067,351.87669267963105,0.0,1.0,0.0,0.0,2.0
10495,0.0007761424877605801,0.1676467773562853,0.0,0.1,,,0.0,1.0,,,2.0
10496,0.001026604944410002,0.22174666799256043,0.0,0.1,,,0.0,1.0,,,2.0
10497,0.0020204383366027355,0.4364146807061909,0.0,0.1,1215.8802477591346,350.008754603066,0.0,1.0,0.0,0.0,2.0
10498,0.002260818577046489,0.4883368126420416,0.0,0.1,1217.4266068342765,351.37474777351605,0.0,1.0,0.0,0.0,2.0
10499,0.0030928525157574898,0.6680561434036177,0.0,0.1,,,0.0,1.0,,,2.0
10500,0.0026317743225103274,0.5684632536622307,0.0,0.1,1207.171152460206,341.47763010881124,0.0,1.0,0.0,0.0,2.0
10501,0.0030710104035718143,0.6633382471715119,0.0,0.1,,,0.0,1.0,,,2.0
10502,0.0008991557187730896,0.19421763525498734,0.0,0.1,,,0.0,1.0,,,2.0
10503,0.0013660960310570129,0.2950767427083148,0.0,0.1,,,0.0,1.0,,,2.0
10504,0.00262400198951081,0.5667844297343351,0.0,0.1,1173.1185950180732,312.79424720039754,0.0,1.0,0.0,0.0,2.0
10505,0.003834277440407126,0.8282039271279393,0.0,0.1,1163.0432794011028,304.6788756182379,0.0,1.0,0.0,0.0,2.0
10506,0.0016820355512339633,0.3633196790665361,0.0,0.1,1153.405487341793,296.86225341591137,0.0,1.0,0.0,0.0,2.0
10507,0.0018778405135048022,0.40561355091703727,0.0,0.1,1145.6636395168623,289.7897731975136,0.0,1.0,0.0,0.0,2.0
10508,0.001110250631436534,0.23981413639029134,0.0,0.1,1136.3170230487146,279.77854245982434,0.0,1.0,0.0,0.0,2.0
10509,0.0018272371907491344,0.39468323320181303,0.0,0.1,1131.6604188190302,273.8652141902044,0.0,1.0,0.0,0.0,2.0
10510,0.0026732746632926116,0.5774273272712042,0.0,0.1,1123.3513472190323,262.36180960851544,0.0,1.0,0.0,0.0,2.0
10511,0.001081014068642644,0.23349903882681108,0.0,0.1,1113.0349219215957,248.20386844171856,0.0,1.0,0.0,0.0,2.0
10512,0.0006725620066492694,0.14527339343624218,0.0,0.1,1101.871923407233,233.20957609870413,0.0,1.0,0.0,0.0,2.0
10513,0.0005352761109867741,0.1156196399731432,0.0,0.1,1096.4363614027948,226.41737807330597,0.0,1.0,0.0,0.0,2.0
10514,0.0011629708021575766,0.2512016932660366,0.0,0.1,1090.7331692593011,218.67752034034672,0.0,1.0,0.0,0.0,2.0
10515,0.0010567116891818254,0.2282497248632743,0.0,0.1,1085.3404642990452,212.55802319846273,0.0,1.0,0.0,0.0,2.0
10516,0.002350680096420501,0.5077469008268282,0.0,0.1,1078.9703268257697,205.8810893625738,0.0,1.0,0.0,0.0,2.0
10517,0.0005782946058906857,0.12491163487238814,0.0,0.1,1067.1733362135537,194.0494521954608,0.0,1.0,0.0,0.0,2.0
10518,0.0010552830461386864,0.22794113796595625,0.0,0.1,1057.553824300195,184.170244225365,0.0,1.0,0.0,0.0,2.0
10519,0.0013950685481041707,0.30133480639050086,0.0,0.1,1046.1947355826487,172.5560879303572,0.0,1.0,0.0,0.0,2.0
10520,0.000853336481240201,0.18432067994788343,0.0,0.1,1037.974898176184,164.38387859040344,0.0,1.0,0.0,0.0,2.0
10521,0.000719629962072679,0.15544007180769864,0.0,0.1,1034.177192267438,160.819821501766,0.0,1.0,0.0,0.0,2.0
10522,8.256882734601811e-05,0.01783486670673991,1.0,0.1,1033.2615336782976,159.99551232482676,0.0,1.0,0.0,0.0,2.0
10523,0.0011499833769262526,0.24839640941607055,0.0,0.1,1029.0453357357833,155.97546350052306,0.0,1.0,0.0,0.0,2.0
10524,0.0009259262895357514,0.2000000785397223,0.0,0.1,1024.1263657674156,151.18476023613448,0.0,1.0,0.0,0.0,2.0
10525,0.0004480688149044171,0.0967828640193541,1.0,0.1,1021.5607729140888,148.6826649756011,0.0,1.0,0.0,0.0,2.0
10526,0.0006605260837397072,0.14267363408777675,0.0,0.1,1019.5703408240738,146.6925457993645,0.0,1.0,0.0,0.0,2.0
10527,0.00035811019531114,0.07735180218720625,1.0,0.1,1017.0820179873238,143.98236283927605,0.0,1.0,0.0,0.0,2.0
10528,3.804641187480607e-05,0.00821802496495811,1.0,0.1,1014.719508635006,141.51417767025836,0.0,1.0,0.0,0.0,2.0
10529,0.0002807848830209799,0.06064953473253166,1.0,0.1,1012.3264016669469,139.10771348274687,0.0,1.0,0.0,0.0,2.0
10530,0.00019191702259137018,0.04145407687973596,1.0,0.1,1012.0951643666915,138.84980479204117,0.0,1.0,0.0,0.0,2.0
10531,0.00037876542788667356,0.08181333242352148,1.0,0.1,1012.9207072815747,139.61541820388507,0.0,1.0,0.0,0.0,2.0
10532,0.0005191897105507414,0.11214497747896014,0.0,0.1,1015.0069397549564,141.6214734442996,0.0,1.0,0.0,0.0,2.0
10533,0.00012603977329248017,0.027224591031175718,1.0,0.1,1015.3580131686144,141.93790726433178,0.0,1.0,0.0,0.0,2.0
10534,0.0005675359125192173,0.12258775710415093,0.0,0.1,1016.3808091148227,142.89487021092322,0.0,1.0,0.0,0.0,2.0
10535,0.00039080624781690214,0.08441414952845086,1.0,0.1,1016.5347783772396,143.05251038090321,0.0,1.0,0.0,0.0,2.0
10536,0.0004888019824872084,0.10558122821723702,0.0,0.1,1016.5881052482359,143.06116827828873,0.0,1.0,0.0,0.0,2.0
10537,4.32130876450761e-05,0.009334026931336437,1.0,0.1,1016.207351940913,142.67986003621385,0.0,1.0,0.0,0.0,2.0
10538,4.6848002129521504e-05,0.010119168459976645,1.0,0.1,1014.5768610856366,141.1652405076538,0.0,1.0,0.0,0.0,2.0
10539,0.00010397540411034628,0.022458687287834796,1.0,0.1,1014.6090877155767,141.2279768629388,0.0,1.0,0.0,0.0,2.0
10540,0.00018171327409325603,0.039250067204143306,1.0,0.1,1014.9549487219062,141.61148040293202,0.0,1.0,0.0,0.0,2.0
10541,7.149786322167548e-05,0.015443538455881903,1.0,0.1,1016.6376776276203,143.26226244749822,0.0,1.0,0.0,0.0,2.0
10542,4.277736389319815e-05,0.0092399106009308,1.0,0.1,1018.4716442395865,144.96849475340062,0.0,1.0,0.0,0.0,2.0
10543,0.00010354034252725375,0.02236471398588681,1.0,0.1,1018.8850183310668,145.31722292972202,0.0,1.0,0.0,0.0,2.0
10544,9.561923922088948e-05,0.02065375567171213,1.0,0.1,1019.8206374435733,146.23587716094855,0.0,1.0,0.0,0.0,2.0
10545,0.00012773479422579072,0.027590715552770796,1.0,0.1,1020.469829674792,146.87145166295906,0.0,1.0,0.0,0.0,2.0
10546,0.0003036719957524711,0.06559315108253376,1.0,0.1,1020.0046133809518,146.40057773651415,0.0,1.0,0.0,0.0,2.0
10547,0.00019964698674503515,0.0431237491369276,1.0,0.1,1018.3748709029011,144.7927697377645,0.0,1.0,0.0,0.0,2.0
10548,0.00010033029615280648,0.0216713439690062,1.0,0.1,1016.6537205018692,143.32850007345533,0.0,1.0,0.0,0.0,2.0
10549,0.0011514707515067678,0.24871768232546185,0.0,0.1,1015.221855203022,142.21252215070263,0.0,1.0,0.0,0.0,2.0
10550,0.00042787621032601604,0.09242126143041947,1.0,0.1,1009.4572737447704,137.41069376340144,0.0,1.0,0.0,0.0,2.0
10551,0.0006281001763524512,0.13566963809212948,0.0,0.1,1007.4900128172701,135.4784098355778,0.0,1.0,0.0,0.0,2.0
10552,0.0013488285496804392,0.2913469667309749,0.0,0.1,1014.0266070828401,140.74892716737082,0.0,1.0,0.0,0.0,2.0
10553,0.00016119670162024566,0.03481848754997306,1.0,0.1,1022.3614371187881,148.7161642815398,0.0,1.0,0.0,0.0,2.0
10554,0.0003920861251225378,0.08469060302646816,1.0,0.1,1024.7818404724046,151.14785015354929,0.0,1.0,0.0,0.0,2.0
10555,0.0005899640928036746,0.12743224404559372,0.0,0.1,1025.5182154361878,151.89142584485361,0.0,1.0,0.0,0.0,2.0
10556,0.000560911163073296,0.12115681122383194,0.0,0.1,1026.1639420439544,152.5376052945584,0.0,1.0,0.0,0.0,2.0
10557,0.0002887917789815626,0.062379024260017533,1.0,0.1,1028.0079272800137,154.51915503020757,0.0,1.0,0.0,0.0,2.0
10558,0.0003211006039458849,0.06935773045231114,1.0,0.1,1027.3952529767344,153.92076429332116,0.0,1.0,0.0,0.0,2.0
10559,0.0005715521356985728,0.12345526131089173,0.0,0.1,1025.8627074373221,152.49552831523212,0.0,1.0,0.0,0.0,2.0
10560,0.00026000173478873804,0.05616037471436742,1.0,0.1,1025.7021244924883,152.35406140146011,0.0,1.0,0.0,0.0,2.0
10561,0.0004560270826333204,0.0985018498487972,1.0,0.1,1026.1892630458833,152.85425426498782,0.0,1.0,0.0,0.0,2.0
10562,0.00038535907910850495,0.08323756108743707,1.0,0.1,1026.5748768523536,153.25978848761088,0.0,1.0,0.0,0.0,2.0
10563,0.0004315283111327419,0.09321011520467226,1.0,0.1,1026.58318578768,153.3134199234212,0.0,1.0,0.0,0.0,2.0
10564,0.00033633873208124306,0.0726491661295485,1.0,0.1,1025.8860517018582,152.67926136768023,0.0,1.0,0.0,0.0,2.0
10565,0.000454057732489713,0.098076470217778,1.0,0.1,1025.2987556255423,152.12533184202067,0.0,1.0,0.0,0.0,2.0
10566,0.00032399965029293457,0.06998392446327388,1.0,0.1,1024.8402111287182,151.6988837286559,0.0,1.0,0.0,0.0,2.0
10567,0.00038127972882232735,0.08235642142562272,1.0,0.1,1024.0498292841933,150.88562136441456,0.0,1.0,0.0,0.0,2.0
10568,0.0003103472053779051,0.0670349963616275,1.0,0.1,1022.3690072358821,149.14735049754356,0.0,1.0,0.0,0.0,2.0
10569,0.0003688841088463506,0.07967896751081173,1.0,0.1,1022.0630131979694,148.73604264252666,0.0,1.0,0.0,0.0,2.0
10570,0.0001620652872527882,0.035006102046602254,1.0,0.1,1022.7922339534584,149.36010688584113,0.0,1.0,0.0,0.0,2.0
10571,0.0005065439728550539,0.10941349813669164,0.0,0.1,1022.8855077915553,149.5101533495619,0.0,1.0,0.0,0.0,2.0
10572,0.00025917556569237873,0.05598192218955381,1.0,0.1,1023.0134333002425,149.62134198248188,0.0,1.0,0.0,0.0,2.0
10573,7.974148441819458e-05,0.01722416063433003,1.0,0.1,1022.4004181579251,149.10543085877393,0.0,1.0,0.0,0.0,2.0
10574,0.0001483360624691702,0.03204058949334076,1.0,0.1,1021.6240299452296,148.35382678615272,0.0,1.0,0.0,0.0,2.0
10575,0.0002585981496246161,0.055857200318917076,1.0,0.1,1022.2172871716629,148.9237552764666,0.0,1.0,0.0,0.0,2.0
10576,0.0005118521644155876,0.11056006751376693,0.0,0.1,1023.4497592154028,150.116930338175,0.0,1.0,0.0,0.0,2.0
10577,0.0010113757461258173,0.21845716116317654,0.0,0.1,1025.3549771205355,151.74397258448013,0.0,1.0,0.0,0.0,2.0
10578,0.0007460908821244725,0.16115563053888607,0.0,0.1,1027.63244221474,154.07052141522334,0.0,1.0,0.0,0.0,2.0
10579,0.0005141452773172621,0.11105537990052862,0.0,0.1,1037.7806023387539,165.00723169768295,0.0,1.0,0.0,0.0,2.0
10580,0.00026481272760438826,0.05719954916254787,1.0,0.1,1048.1686292201027,175.94175974972416,0.0,1.0,0.0,0.0,2.0
10581,0.0008623131731375041,0.18625964539770087,0.0,0.1,1055.403499494791,183.26562698902362,0.0,1.0,0.0,0.0,2.0
10582,0.0003665132685579969,0.07916686600852733,1.0,0.1,1060.4076997445316,189.62390887910564,0.0,1.0,0.0,0.0,2.0
10583,0.0004068686437550722,0.0878836270510956,1.0,0.1,1070.5144704433458,200.3938760108268,0.0,1.0,0.0,0.0,2.0
10584,0.00022759123568198036,0.049159706907307754,1.0,0.1,1077.5138213905557,207.433311367315,0.0,1.0,0.0,0.0,2.0
10585,0.0001257614696295398,0.027164477439980596,1.0,0.1,1079.4293954795469,209.65896727402128,0.0,1.0,0.0,0.0,2.0
10586,0.0007912631794824545,0.17091284676821017,0.0,0.1,1084.3684200007062,215.08976818070607,0.0,1.0,0.0,0.0,2.0
10587,0.0007223861224115991,0.1560354024409054,0.0,0.1,1087.417848951661,218.1977179232686,0.0,1.0,0.0,0.0,2.0
10588,0.0006359671515790792,0.13736890474108113,0.0,0.1,1089.3517847846442,220.2049658896045,0.0,1.0,0.0,0.0,2.0
10589,0.00036032737330085634,0.07783071263298498,1.0,0.1,1091.292139488345,222.04643041089608,0.0,1.0,0.0,0.0,2.0
10590,0.00019066780924826827,0.041184246797625945,1.0,0.1,1092.8166043504737,223.51383000059417,0.0,1.0,0.0,0.0,2.0
10591,8.205927007229235e-05,0.017724802335615148,1.0,0.1,1095.3677710125698,225.8111555256506,0.0,1.0,0.0,0.0,2.0
10592,0.0002609540957804681,0.05636608468858111,1.0,0.1,1096.817063165256,227.32049508875218,0.0,1.0,0.0,0.0,2.0
10593,7.531536769089041e-05,0.016268119421232328,1.0,0.1,1096.95517501342,227.4565039046534,0.0,1.0,0.0,0.0,2.0
10594,4.7455793449201225e-05,0.010250451385027464,1.0,0.1,1097.5778643241442,228.04935280966268,0.0,1.0,0.0,0.0,2.0
10595,0.00023972103104444558,0.05177974270560025,1.0,0.1,1102.5943067677822,232.7838609824407,0.0,1.0,0.0,0.0,2.0
10596,0.00080925263530357,0.1747985692255711,0.0,0.1,1106.7612496069194,235.95604786333632,0.0,1.0,0.0,0.0,2.0
10597,0.0014462271008058916,0.3123850537740726,0.0,0.1,1110.4744450937794,239.38425483768947,0.0,1.0,0.0,0.0,2.0
10598,0.00015603784171861512,0.033704173811220865,1.0,0.1,1115.7124385473805,244.1258253914643,0.0,1.0,0.0,0.0,2.0
10599,0.000995565671832226,0.21504218511576084,0.0,0.1,1119.7795370977908,248.09436644312862,0.0,1.0,0.0,0.0,2.0
10600,0.0006918026055183643,0.1494293627919667,0.0,0.1,1122.985070045498,251.24366229596043,0.0,1.0,0.0,0.0,2.0
10601,0.0012706034607870447,0.27445034753000164,0.0,0.1,1123.691477183522,251.95769950419208,0.0,1.0,0.0,0.0,2.0
10602,0.0014455410208325246,0.3122368604998253,0.0,0.1,1126.509641846573,254.9068431008265,0.0,1.0,0.0,0.0,2.0
10603,0.0010963408691074886,0.23680962772721753,0.0,0.1,1127.229218393793,255.48161772741005,0.0,1.0,0.0,0.0,2.0
10604,0.0007913970485490692,0.17094176248659895,0.0,0.1,1131.8550712087977,259.6260331719501,0.0,1.0,0.0,0.0,2.0
10605,0.0009933813671328645,0.21457037530069875,0.0,0.1,1135.6471273730867,262.96788435616133,0.0,1.0,0.0,0.0,2.0
10606,0.0030652345645941943,0.662090665952346,0.0,0.1,1140.1898173418667,267.17707633329223,0.0,1.0,0.0,0.0,2.0
10607,0.0013138517467857665,0.2837919773057256,0.0,0.1,1145.6772727912573,272.4744733370815,0.0,1.0,0.0,0.0,2.0
10608,0.000827715909619677,0.17878663647785023,0.0,0.1,1146.8822986119148,273.5160937546663,0.0,1.0,0.0,0.0,2.0
10609,0.0026768575911341975,0.5782012396849867,0.0,0.1,1151.9812380514354,278.51240885383055,0.0,1.0,0.0,0.0,2.0
10610,0.0022192903479666477,0.47936671516079593,0.0,0.1,1156.992719042112,283.4785839752803,0.0,1.0,0.0,0.0,2.0
10611,0.0014545548383403503,0.3141838450815157,0.0,0.1,1164.2908206439558,290.75110295959746,0.0,1.0,0.0,0.0,2.0
10612,0.002581336082787943,0.5575685938821957,0.0,0.1,1169.0210470822947,295.4772710148997,0.0,1.0,0.0,0.0,2.0
10613,0.002145169702047764,0.46335665564231704,0.0,0.1,,,0.0,1.0,,,2.0
10614,0.0032327622540761036,0.6982766468804384,0.0,0.1,,,0.0,1.0,,,2.0
10615,0.0011995072362788715,0.25909356303623626,0.0,0.1,,,0.0,1.0,,,2.0
10616,0.002472569990081568,0.5340751178576187,0.0,0.1,,,0.0,1.0,,,2.0
10617,0.0018403546624354379,0.3975166070860546,0.0,0.1,,,0.0,1.0,,,2.0
10618,0.0005413118417287084,0.116923357813401,0.0,0.1,,,0.0,1.0,,,2.0
10619,0.0020286661137402947,0.4381918805679037,0.0,0.1,,,0.0,1.0,,,2.0
10620,0.0008694306039444216,0.18779701045199507,0.0,0.1,,,0.0,1.0,,,2.0
10621,0.00010117325848492769,0.02185342383274438,1.0,0.1,,,0.0,1.0,,,2.0
10622,0.0007862220456811948,0.16982396186713808,0.0,0.1,,,0.0,1.0,,,2.0
10623,0.0012781234003021473,0.2760746544652638,0.0,0.1,,,0.0,1.0,,,2.0
10624,0.0007233642117474272,0.15624666973744428,0.0,0.1,,,0.0,1.0,,,2.0
10625,0.0011612330917543214,0.2508263478189334,0.0,0.1,,,0.0,1.0,,,2.0
10626,0.0013366514199445458,0.2887167067080219,0.0,0.1,,,0.0,1.0,,,2.0
10627,0.0010627081530714538,0.22954496106343403,0.0,0.1,,,0.0,1.0,,,2.0
10628,0.0014969987088349545,0.3233517211083502,0.0,0.1,1221.6681303687913,348.33254807831844,0.0,1.0,0.0,0.0,2.0
10629,0.0006979751876779391,0.15076264053843486,0.0,0.1,1220.8507388968999,347.655725571419,0.0,1.0,0.0,0.0,2.0
10630,0.0007130711691541313,0.15402337253729237,0.0,0.1,1221.4128361495113,348.27286588872255,0.0,1.0,0.0,0.0,2.0
10631,0.0005184662800991923,0.11198871650142554,0.0,0.1,,,0.0,1.0,,,2.0
10632,0.000724975053090195,0.15659461146748213,0.0,0.1,,,0.0,1.0,,,2.0
10633,0.0012746105262069658,0.27531587366070465,0.0,0.1,,,0.0,1.0,,,2.0
10634,0.0005156823999991079,0.11138739839980731,0.0,0.1,,,0.0,1.0,,,2.0
10635,0.0011115993434411234,0.24010545818328266,0.0,0.1,,,0.0,1.0,,,2.0
10636,0.0009883473780462327,0.21348303365798627,0.0,0.1,,,0.0,1.0,,,2.0
10637,0.0007279265745975122,0.15723214011306264,0.0,0.1,,,0.0,1.0,,,2.0
10638,0.0011586483390426195,0.25026804123320584,0.0,0.1,,,0.0,1.0,,,2.0
10639,0.0012030103831835598,0.25985024276764895,0.0,0.1,,,0.0,1.0,,,2.0
10640,0.0009436521785109482,0.20382887055836482,0.0,0.1,,,0.0,1.0,,,2.0
10641,0.0014136898896622099,0.3053570161670373,0.0,0.1,,,0.0,1.0,,,2.0
10642,0.0012372484615900958,0.2672456677034607,0.0,0.1,,,0.0,1.0,,,2.0
10643,9.87106896170848e-05,0.021321508957290316,1.0,0.1,,,0.0,1.0,,,2.0
10644,0.0017216042115261467,0.37186650968964774,0.0,0.1,1200.4130672383264,334.97396832254975,0.0,1.0,0.0,0.0,2.0
10645,0.0012488685506943237,0.2697556069499739,0.0,0.1,,,0.0,1.0,,,2.0
10646,0.0009790675842327179,0.21147859819426706,0.0,0.1,1204.1467615602817,342.53557087899907,0.0,1.0,0.0,0.0,2.0
10647,0.0008949003909500021,0.19329848444520045,0.0,0.1,1204.8108872645666,345.9554361278842,0.0,1.0,0.0,0.0,2.0
10648,0.0014619025311513282,0.3157709467286869,0.0,0.1,1204.6008677313773,346.7106922771992,0.0,1.0,0.0,0.0,2.0
10649,0.0023901896890605725,0.5162809728370836,0.0,0.1,,,0.0,1.0,,,2.0
10650,0.0018957689669177888,0.4094860968542424,0.0,0.1,1211.0373798596256,356.6335798085377,0.0,1.0,0.0,0.0,2.0
10651,0.0003748238967948541,0.08096196170768848,1.0,0.1,1214.653760714729,360.6579165691638,0.0,1.0,0.0,0.0,2.0
10652,0.0013583159804454784,0.29339625177622336,0.0,0.1,,,0.0,1.0,,,2.0
10653,0.0007159630363159761,0.15464801584425084,0.0,0.1,,,0.0,1.0,,,2.0
10654,0.0007639167001840921,0.16500600723976389,0.0,0.1,,,0.0,1.0,,,2.0
10655,0.001135043401532917,0.24516937473111008,0.0,0.1,,,0.0,1.0,,,2.0
10656,0.0001182379230889096,0.025539391387204475,1.0,0.1,,,0.0,1.0,,,2.0
10657,0.00015762282875258213,0.03404653101055774,1.0,0.1,,,0.0,1.0,,,2.0
10658,0.0005328971900060821,0.11510579304131376,0.0,0.1,,,0.0,1.0,,,2.0
10659,0.0005307697873528751,0.11464627406822105,0.0,0.1,,,0.0,1.0,,,2.0
10660,0.000540127693972296,0.11666758189801595,0.0,0.1,,,0.0,1.0,,,2.0
10661,0.000541442967548752,0.11695168099053042,0.0,0.1,,,0.0,1.0,,,2.0
10662,0.0009325245503392037,0.20142530287326801,0.0,0.1,,,0.0,1.0,,,2.0
10663,0.0006485289314943734,0.14008224920278464,0.0,0.1,,,0.0,1.0,,,2.0
10664,0.0004047712947643112,0.08743059966909122,1.0,0.1,,,0.0,1.0,,,2.0
10665,0.00013934545003116468,0.030098617206731574,1.0,0.1,,,0.0,1.0,,,2.0
10666,0.0011216265549456347,0.2422713358682571,0.0,0.1,,,0.0,1.0,,,2.0
10667,0.0006242458431831305,0.1348371021275562,0.0,0.1,,,0.0,1.0,,,2.0
10668,,,,0.1,,,0.0,1.0,,,2.0
10669,,,,0.1,,,,,,,2.0
10670,,,,0.1,,,,,,,2.0
10671,,,,0.1,,,,,,,2.0
10672,0.0005548324718230676,0.1198438139137826,0.0,0.1,,,0.0,1.0,,,2.0
10673,0.0005530368086266565,0.11945595066335782,0.0,0.1,,,0.0,1.0,,,2.0
10674,0.00029349817200019826,0.06339560515204283,1.0,0.1,1198.251728293008,349.51299590872145,0.0,1.0,0.0,0.0,2.0
10675,0.0008052120369945328,0.17392579999081909,0.0,0.1,1196.4808040304417,348.5925707098452,0.0,1.0,0.0,0.0,2.0
10676,0.0015042496735844495,0.3249179294942411,0.0,0.1,1188.1964192721891,342.0360916017006,0.0,1.0,0.0,0.0,2.0
10677,0.0016609511247676525,0.35876544294981294,0.0,0.1,1181.0068647223516,335.84632035018393,0.0,1.0,0.0,0.0,2.0
10678,0.0007599824434969102,0.1641562077953326,0.0,0.1,1169.5864171264252,326.53082125035445,0.0,1.0,0.0,0.0,2.0
10679,0.00230449960575313,0.49777191484267613,0.0,0.1,1164.6376495315963,323.1062596355297,0.0,1.0,0.0,0.0,2.0
10680,0.0031033978557604095,0.6703339368442485,0.0,0.1,,,0.0,1.0,,,2.0
10681,0.0019152585853756984,0.41369585444115087,0.0,0.1,1148.5270218008882,305.9737584346153,0.0,1.0,0.0,0.0,2.0
10682,0.0038201565009909583,0.825153804214047,0.0,0.1,1143.9869832103554,299.5765147466588,0.0,1.0,0.0,0.0,2.0
10683,0.0018953300924909008,0.4093912999780346,0.0,0.1,1137.3187983700998,290.3091838361134,0.0,1.0,0.0,0.0,2.0
10684,0.0021043965220928517,0.454549648772056,0.0,0.1,1135.6845031155751,286.60468368927496,0.0,1.0,0.0,0.0,2.0
10685,0.0010195783331599009,0.2202289199625386,0.0,0.1,1128.3498911779234,274.0190026453789,0.0,1.0,0.0,0.0,2.0
10686,0.0007404170761512971,0.15993008844868017,0.0,0.1,1126.9451193432901,268.52788798732536,0.0,1.0,0.0,0.0,2.0
10687,0.00021858948850518345,0.04721532951711963,1.0,0.1,1126.2338462094312,264.42373905339053,0.0,1.0,0.0,0.0,2.0
10688,0.0008108676904287017,0.17514742113259957,0.0,0.1,1126.5648654213082,263.4131961004991,0.0,1.0,0.0,0.0,2.0
10689,0.0011235632287196263,0.24268965740343926,0.0,0.1,1128.2895781709697,262.8962009643266,0.0,1.0,0.0,0.0,2.0
10690,0.0016955454840827289,0.36623782456186943,0.0,0.1,1129.4592893056915,261.2418312076499,0.0,1.0,0.0,0.0,2.0
10691,0.0007835626386582351,0.16924952995017878,0.0,0.1,1132.324009212264,261.3525670429199,0.0,1.0,0.0,0.0,2.0
10692,0.0008259051974492909,0.17839552264904684,0.0,0.1,1133.220562540155,260.7035836238688,0.0,1.0,0.0,0.0,2.0
10693,0.0010337013997771185,0.2232795023518576,0.0,0.1,1134.1364572619923,261.3560978802443,0.0,1.0,0.0,0.0,2.0
10694,0.0021324945951689423,0.46061883255649155,0.0,0.1,1132.3517876720582,258.79111977919723,0.0,1.0,0.0,0.0,2.0
10695,0.0012330336188371529,0.26633526166882504,0.0,0.1,1129.2051646588404,255.57081225952308,0.0,1.0,0.0,0.0,2.0
10696,0.00033036888811131137,0.07135967983204326,1.0,0.1,1127.287467196914,253.7398402091665,0.0,1.0,0.0,0.0,2.0
10697,0.0007056803011342909,0.15242694504500684,0.0,0.1,1124.6872827377747,251.65226029417218,0.0,1.0,0.0,0.0,2.0
10698,0.0009109875675650561,0.19677331459405212,0.0,0.1,1123.8536873287064,251.39749585783835,0.0,1.0,0.0,0.0,2.0
10699,0.0009496394716983387,0.20512212588684114,0.0,0.1,1115.059601691728,243.78797795184053,0.0,1.0,0.0,0.0,2.0
10700,0.0007688858015088964,0.16607933312592163,0.0,0.1,1104.0435305999754,233.98198235841568,0.0,1.0,0.0,0.0,2.0
10701,0.0006659564394276876,0.14384659091638052,0.0,0.1,1093.5217184985456,225.09059057193252,0.0,1.0,0.0,0.0,2.0
10702,0.0007065242730370567,0.15260924297600426,0.0,0.1,1088.9679790815217,221.21745650282173,0.0,1.0,0.0,0.0,2.0
10703,0.0016453215475807173,0.3553894542774349,0.0,0.1,1078.8022665822928,212.8716343801521,0.0,1.0,0.0,0.0,2.0
10704,,,,0.1,1065.753217632138,203.157221862264,0.0,1.0,0.0,0.0,2.0
10705,,,,0.1,1058.0113866116678,197.91519091061068,,,0.0,0.0,2.0
10706,,,,0.1,1052.90574385083,194.2685892106788,,,0.0,0.0,2.0
10707,0.0009934826355833205,0.21459224928599724,0.0,0.1,1041.3494922296143,187.180847794397,0.0,1.0,0.0,0.0,2.0
10708,0.00037313471515955306,0.08059709847446346,1.0,0.1,1027.3622578009952,177.55148818615314,0.0,1.0,0.0,0.0,2.0
10709,,,,0.1,1008.562652687475,165.13412550303912,0.0,1.0,0.0,0.0,2.0
10710,,,,0.1,994.9757798879666,158.64397907393456,,,0.0,0.0,2.0
10711,,,,0.1,988.5883463993671,155.97160296471526,,,0.0,0.0,2.0
10712,0.0018170394285612224,0.39248051656922406,0.0,0.1,974.3327191182062,149.36034053252612,0.0,1.0,0.0,0.0,2.0
10713,0.0012794224707754754,0.2763552536875027,0.0,0.1,967.9784214819646,151.518960833868,0.0,1.0,0.0,0.0,2.0
10714,0.0011388927126995503,0.24600082594310285,0.0,0.1,962.4035347034879,155.3545080028116,0.0,1.0,0.0,0.0,2.0
10715,0.0015972400363979701,0.34500384786196153,0.0,0.1,956.8063227398002,157.48126988548404,0.0,1.0,0.0,0.0,2.0
10716,0.002315733788784147,0.5001984983773757,0.0,0.1,953.9644548931184,157.54424907373064,0.0,1.0,0.0,0.0,2.0
10717,0.0017684329211763608,0.38198151097409394,0.0,0.1,946.0591297335751,158.65730594698417,0.0,1.0,0.0,0.0,2.0
10718,0.0019754348337607565,0.42669392409232343,0.0,0.1,937.1047224456211,163.07314980504674,0.0,1.0,0.0,0.0,2.0
10719,0.0005009377217943046,0.1082025479075698,0.0,0.1,931.8287466952393,168.19438234883154,0.0,1.0,0.0,0.0,2.0
10720,0.002310369144331077,0.4990397351755127,0.0,0.1,930.4784397980749,172.16106512573162,0.0,1.0,0.0,0.0,2.0
10721,0.0019145119675759088,0.4135345849963963,0.0,0.1,927.7636274373153,180.83241503032065,0.0,1.0,0.0,0.0,2.0
10722,0.0013010068114956668,0.28101747128306404,0.0,0.1,920.4631329901647,180.5864568460779,0.0,1.0,0.0,0.0,2.0
10723,0.000674937087275832,0.1457864108515797,0.0,0.1,911.776397411018,173.1205205816417,0.0,1.0,0.0,0.0,2.0
10724,0.0007627381580802579,0.1647514421453357,0.0,0.1,900.5476934786778,163.05694730362796,0.0,1.0,0.0,0.0,2.0
10725,0.0017131347699801856,0.3700371103157201,0.0,0.1,893.1058826401882,155.8578760909783,0.0,1.0,0.0,0.0,2.0
10726,0.0005671403529093742,0.12250231622842482,0.0,0.1,880.320547657864,137.71187372118524,0.0,1.0,0.0,0.0,2.0
10727,0.0010404756204477697,0.22474273401671824,0.0,0.1,872.7549019464228,122.59027955520173,0.0,1.0,0.0,0.0,2.0
10728,0.00042651011019693573,0.09212618380253812,1.0,0.1,868.9989417869032,113.48096907977656,0.0,1.0,0.0,0.0,2.0
10729,0.0009163010824113104,0.19792103380084305,0.0,0.1,867.7830327579873,108.97535358266796,0.0,1.0,0.0,0.0,2.0
10730,0.00031757422358031495,0.06859603229334803,1.0,0.1,866.8396599883356,104.3785646338858,0.0,1.0,0.0,0.0,2.0
10731,0.00036936205184963416,0.07978220319952098,1.0,0.1,862.9032949690013,100.69367153787861,0.0,1.0,0.0,0.0,2.0
10732,0.0005581011269634577,0.12054984342410688,0.0,0.1,857.3388281443704,101.07155680837741,0.0,1.0,0.0,0.0,2.0
10733,0.0005087306276857368,0.10988581558011916,0.0,0.1,852.3857226855695,102.48988399809203,0.0,1.0,0.0,0.0,2.0
10734,0.0014696013193458853,0.3174338849787113,0.0,0.1,850.2116232316596,102.67615362997451,0.0,1.0,0.0,0.0,2.0
10735,0.0006385445254377966,0.13792561749456406,0.0,0.1,845.6565602258,99.81762783001842,0.0,1.0,0.0,0.0,2.0
10736,0.0016875424287910341,0.3645091646188634,0.0,0.1,838.9664485989246,100.09799414736774,0.0,1.0,0.0,0.0,2.0
10737,0.00041119599112939475,0.08881833408394926,1.0,0.1,832.6881277225165,98.42675847446762,0.0,1.0,0.0,0.0,2.0
10738,0.0021890863828071053,0.47284265868633474,0.0,0.1,828.9200337664961,96.14530751187698,0.0,1.0,0.0,0.0,2.0
10739,0.0016248767170277097,0.3509733708779853,0.0,0.1,819.2580665227487,92.92458510644276,0.0,1.0,0.0,0.0,2.0
10740,0.0014327319745113956,0.3094701064944615,0.0,0.1,814.789838788951,88.76221732045018,0.0,1.0,0.0,0.0,2.0
10741,0.0009431624714443206,0.20372309383197326,0.0,0.1,,,0.0,1.0,,,2.0
10742,0.0004794366854440869,0.10355832405592277,0.0,0.1,805.5355191279695,86.85185254141118,0.0,1.0,0.0,0.0,2.0
10743,0.0012001474895073044,0.25923185773357776,0.0,0.1,796.1988175975944,93.76510750240477,0.0,1.0,0.0,0.0,2.0
10744,0.0029418325860485427,0.6354358385864852,0.0,0.1,785.2856692273658,102.01555937503676,0.0,1.0,0.0,0.0,2.0
10745,0.001193678821708573,0.2578346254890518,0.0,0.1,773.6209246551228,113.42843228142274,0.0,1.0,0.0,0.0,2.0
10746,0.0020180653416625905,0.43590211379911953,0.0,0.1,762.055630145429,123.8277933757836,0.0,1.0,0.0,0.0,2.0
10747,0.004134052411243701,0.8929553208286394,0.0,0.1,757.5621687002999,128.19044492689022,0.0,1.0,0.0,0.0,2.0
10748,0.0032365610356179706,0.6990971836934816,0.0,0.1,748.534581554884,133.98536346239143,0.0,1.0,0.0,0.0,2.0
10749,0.003591162839915248,0.7756911734216936,0.0,0.1,735.4790314738099,146.1598496405183,0.0,1.0,0.0,0.0,2.0
10750,0.00169546723088672,0.36622092187153155,0.0,0.1,719.7426093437825,161.68013795203282,0.0,1.0,0.0,0.0,2.0
10751,0.001554580725976146,0.33578943681084755,0.0,0.1,707.5530288939194,174.80237073234682,0.0,1.0,0.0,0.0,2.0
10752,0.0009110727988334413,0.19679172454802332,0.0,0.1,701.4449262123618,181.4474717651675,0.0,1.0,0.0,0.0,2.0
10753,0.001839650285324708,0.39736446163013694,0.0,0.1,692.6789782550203,191.93453417799262,0.0,1.0,0.0,0.0,2.0
10754,0.0034856879000415204,0.7529085864089684,0.0,0.1,686.9132776821779,198.62221722176605,0.0,1.0,0.0,0.0,2.0
10755,0.001624285944506607,0.35084576401342715,0.0,0.1,676.314470035903,209.46983544253254,0.0,1.0,0.0,0.0,2.0
10756,0.0038957289218588802,0.8414774471215182,0.0,0.1,670.6248071561516,215.1614932262242,0.0,1.0,0.0,0.0,2.0
10757,0.002712375348039675,0.5858730751765698,0.0,0.1,658.829969935685,226.77308971932325,0.0,1.0,0.0,0.0,2.0
10758,0.0029639989264501183,0.6402237681132256,0.0,0.1,649.8448567887777,235.82514544316913,0.0,1.0,0.0,0.0,2.0
10759,0.0039387906813668425,0.850778787175238,0.0,0.1,638.4189677289788,246.71929025168092,0.0,1.0,0.0,0.0,2.0
10760,0.0018327194450366592,0.3958674001279184,0.0,0.1,628.5578097733252,254.40168397673858,0.0,1.0,0.0,0.0,2.0
10761,0.004329358060975988,0.9351413411708134,0.0,0.1,625.0099259595438,256.442887339205,0.0,1.0,0.0,0.0,2.0
10762,0.0012418043727975769,0.2682297445242766,0.0,0.1,615.400015745992,264.02702479239446,0.0,1.0,0.0,0.0,2.0
10763,0.003183445440351484,0.6876242151159205,0.0,0.1,608.2175844071137,270.44488702928965,0.0,1.0,0.0,0.0,2.0
10764,0.0018291275909482045,0.3950915596448122,0.0,0.1,604.5149998037491,273.03163658212196,0.0,1.0,0.0,0.0,2.0
10765,0.0027242308741093385,0.588433868807617,0.0,0.1,600.8707130591721,276.2526762449727,0.0,1.0,0.0,0.0,2.0
10766,0.002654029946029407,0.573270468342352,0.0,0.1,592.0414548668559,284.8425321049949,0.0,1.0,0.0,0.0,2.0
10767,0.002000643064564172,0.43213890194586113,0.0,0.1,585.1649779819144,291.84505258272276,0.0,1.0,0.0,0.0,2.0
10768,0.001226252857459991,0.264870617211358,0.0,0.1,578.3454257460502,298.7507677548773,0.0,1.0,0.0,0.0,2.0
10769,0.0013069221843518485,0.2822951918199993,0.0,0.1,574.2137324887848,302.8281634918412,0.0,1.0,0.0,0.0,2.0
10770,0.0011457731323004062,0.24748699657688775,0.0,0.1,567.2890054388658,309.5131626356232,0.0,1.0,0.0,0.0,2.0
10771,0.0019155712316302027,0.4137633860321238,0.0,0.1,562.8973243622983,313.5239906260767,0.0,1.0,0.0,0.0,2.0
10772,0.0017486153566492366,0.37770091703623515,0.0,0.1,557.0590121175175,319.0865152272195,0.0,1.0,0.0,0.0,2.0
10773,0.000306515414122649,0.06620732945049218,1.0,0.1,555.3092977419263,320.59330315119064,0.0,1.0,0.0,0.0,2.0
10774,0.000829183715118904,0.17910368246568328,0.0,0.1,554.354817027039,321.22421003191937,0.0,1.0,0.0,0.0,2.0
10775,0.0005170188652428431,0.11167607489245412,0.0,0.1,555.8773336393974,318.48877909125497,0.0,1.0,0.0,0.0,2.0
10776,0.0007018827865025653,0.1516066818845541,0.0,0.1,559.2643684792284,314.4013863248154,0.0,1.0,0.0,0.0,2.0
10777,0.0004130071965223338,0.0892095544488241,1.0,0.1,564.2744291448759,309.5944143075288,0.0,1.0,0.0,0.0,2.0
10778,0.0002728672460154499,0.05893932513933719,1.0,0.1,564.8140028849476,309.36297969569085,0.0,1.0,0.0,0.0,2.0
10779,0.0002053170819255354,0.04434848969591565,1.0,0.1,564.610027939549,309.9901508841387,0.0,1.0,0.0,0.0,2.0
10780,0.00046644143230445813,0.10075134937776295,0.0,0.1,562.6642561870743,312.44924090635726,0.0,1.0,0.0,0.0,2.0
10781,0.0028220447190779566,0.6095616593208386,0.0,0.1,557.5567880183596,318.20333546444914,0.0,1.0,0.0,0.0,2.0
10782,0.0013129449672110063,0.28359611291757736,0.0,0.1,552.0864139153587,324.3065832024807,0.0,1.0,0.0,0.0,2.0
10783,0.0014772514526864588,0.3190863137802751,0.0,0.1,550.5686817612891,326.06521535846184,0.0,1.0,0.0,0.0,2.0
10784,0.0024172546517960145,0.5221270047879392,0.0,0.1,549.8600001020246,327.88928636383196,0.0,1.0,0.0,0.0,2.0
10785,0.002057947940387548,0.44451675512371036,0.0,0.1,546.735715760822,332.9621826061683,0.0,1.0,0.0,0.0,2.0
10786,0.001867785383583871,0.4034416428541162,0.0,0.1,541.0866376770192,341.62659234031173,0.0,1.0,0.0,0.0,2.0
10787,0.0009840588827003856,0.21255671866328327,0.0,0.1,538.7244330820673,346.39959990420516,0.0,1.0,0.0,0.0,2.0
10788,0.0016773792915378218,0.3623139269721695,0.0,0.1,539.5759705350252,347.17234615720446,0.0,1.0,0.0,0.0,2.0
10789,0.0026997970047456577,0.5831561530250621,0.0,0.1,536.8934940506334,353.60092101780396,0.0,1.0,0.0,0.0,2.0
10790,,,,0.1,533.4481770908591,361.08890684673634,0.0,1.0,0.0,0.0,2.0
10791,,,,0.1,528.5899231879763,368.9236079158754,,,0.0,0.0,2.0
10792,0.0033075484500791888,0.7144304652171047,0.0,0.1,526.7205123466339,371.49885783569033,0.0,1.0,0.0,0.0,2.0
10793,0.0029866268589896186,0.6451114015417576,0.0,0.1,518.479629062073,381.93267068158826,0.0,1.0,0.0,0.0,2.0
10794,0.0019081200520548764,0.4121539312438533,0.0,0.1,510.48640589605566,391.90116321837326,0.0,1.0,0.0,0.0,2.0
10795,0.00233011839495255,0.5033055733097509,0.0,0.1,503.02950223327804,400.52868590301415,0.0,1.0,0.0,0.0,2.0
10796,0.003047804804568766,0.6583258377868535,0.0,0.1,499.7747788047368,405.0501430037737,0.0,1.0,0.0,0.0,2.0
10797,0.0025833719572512445,0.5580083427662689,0.0,0.1,493.40698307671346,414.03207855248235,0.0,1.0,0.0,0.0,2.0
10798,0.0020081569249108507,0.43376189578074376,0.0,0.1,491.63561948884796,418.68467555127387,0.0,1.0,0.0,0.0,2.0
10799,0.002071543814021747,0.4474534638286974,0.0,0.1,490.9235748367983,425.9206760677001,0.0,1.0,0.0,0.0,2.0
10800,,,,0.1,488.5611661601467,433.1176318297769,0.0,1.0,0.0,0.0,2.0
10801,,,,0.1,486.63646644570616,436.5732304751724,,,0.0,0.0,2.0
10802,,,,0.1,480.3747398795143,444.1454836356209,,,0.0,0.0,2.0
10803,0.0025533186050056547,0.5515168186812214,0.0,0.1,471.3350993910812,450.1501482610116,0.0,1.0,0.0,0.0,2.0
10804,,,,0.1,455.53975718165077,462.2851344565862,0.0,1.0,0.0,0.0,2.0
10805,,,,0.1,446.9122148127547,470.6338883143894,,,0.0,0.0,2.0
10806,,,,0.1,434.95538939147195,484.47352646852386,,,0.0,0.0,2.0
10807,0.0042364687457644825,0.9150772490851282,0.0,0.1,429.09476456700463,492.55003240704315,0.0,1.0,0.0,0.0,2.0
10808,0.0021508722610118786,0.4645884083785658,0.0,0.1,421.89813557246725,502.84302573186034,0.0,1.0,0.0,0.0,2.0
10809,0.0013758149497522354,0.29717602914648283,0.0,0.1,422.59971507383216,506.400682430542,0.0,1.0,0.0,0.0,2.0
10810,0.0011396332369316426,0.24616077917723483,0.0,0.1,424.147997001341,507.67034494786543,0.0,1.0,0.0,0.0,2.0
10811,0.0011455426915806131,0.24743722138141247,0.0,0.1,428.1736840637503,511.62959716508243,0.0,1.0,0.0,0.0,2.0
10812,0.001200209073166029,0.25924515980386226,0.0,0.1,438.8239237236394,510.51670901806597,0.0,1.0,0.0,0.0,2.0
10813,0.0015099597772848747,0.32615131189353297,0.0,0.1,454.03369453546264,504.83632272594053,0.0,1.0,0.0,0.0,2.0
10814,0.00019783226630794184,0.042731769522515436,1.0,0.1,460.71178297506884,504.6445079530925,0.0,1.0,0.0,0.0,2.0
10815,0.0021848447498647888,0.4719264659707944,0.0,0.1,461.8615087847326,504.99536095936304,0.0,1.0,0.0,0.0,2.0
10816,0.002277745667910862,0.49199306426874617,0.0,0.1,466.2211007595574,505.4806811826799,0.0,1.0,0.0,0.0,2.0
10817,0.0019281708717708312,0.4164849083024995,0.0,0.1,468.28461349431365,508.9416838367952,0.0,1.0,0.0,0.0,2.0
10818,0.0004433050444061139,0.0957538895917206,1.0,0.1,475.3404236627551,511.37741042641386,0.0,1.0,0.0,0.0,2.0
10819,0.0025682353621880216,0.5547388382326126,0.0,0.1,479.36115454167265,512.9985064341871,0.0,1.0,0.0,0.0,2.0
10820,0.0014432398400998324,0.3117398054615638,0.0,0.1,486.89996074214895,516.8787767173424,0.0,1.0,0.0,0.0,2.0
10821,0.0025077505641653815,0.5416741218597224,0.0,0.1,491.9843395062827,522.2508404035307,0.0,1.0,0.0,0.0,2.0
10822,0.0008855975775822196,0.19128907675775944,0.0,0.1,497.43108868595186,527.0731173043262,0.0,1.0,0.0,0.0,2.0
10823,,,,0.1,499.5656954109538,532.3835752839705,0.0,1.0,0.0,0.0,2.0
10824,,,,0.1,504.81488788754194,542.0218942404405,,,0.0,0.0,2.0
10825,,,,0.1,504.05208117344426,553.7944206302222,,,0.0,0.0,2.0
10826,,,,0.1,505.1190559499866,560.4747876029346,,,0.0,0.0,2.0
10827,,,,0.1,503.20590611319244,565.695905064843,,,0.0,0.0,2.0
10828,,,,0.1,501.6141666496912,567.6476670242722,,,0.0,0.0,2.0
10829,,,,0.1,492.04375905751783,573.2473784355144,,,0.0,0.0,2.0
10830,0.0014884890053108307,0.32151362514713944,0.0,0.1,478.29961440273473,580.5408367880775,0.0,1.0,0.0,0.0,2.0
10831,0.00280477207781779,0.6058307688086426,0.0,0.1,467.5417196041821,591.4713879238827,0.0,1.0,0.0,0.0,2.0
10832,0.0014737561759805308,0.31833133401179464,0.0,0.1,458.60549968276104,597.8880761183844,0.0,1.0,0.0,0.0,2.0
10833,0.0019045214570721175,0.41137663472757735,0.0,0.1,450.6269453373438,601.3318092525736,0.0,1.0,0.0,0.0,2.0
10834,0.0018705050667825339,0.4040290944250273,0.0,0.1,437.59888677283675,606.2092302564043,0.0,1.0,0.0,0.0,2.0
10835,0.0033601154075698844,0.7257849280350951,0.0,0.1,424.81617930795943,614.7674658883201,0.0,1.0,0.0,0.0,2.0
10836,0.0013052047783902382,0.28192423213229145,0.0,0.1,412.0740583741161,623.9761778949666,0.0,1.0,0.0,0.0,2.0
10837,0.0029238611653277834,0.6315540117108012,0.0,0.1,404.7232898197488,631.6015491196703,0.0,1.0,0.0,0.0,2.0
10838,0.004000286429977978,0.8640618688752434,0.0,0.1,391.6261788954187,645.1483745528907,0.0,1.0,0.0,0.0,2.0
10839,0.00458889041678731,0.991200330026059,0.0,0.1,377.42618143302866,658.2639101895392,0.0,1.0,0.0,0.0,2.0
10840,0.0019431618603999556,0.4197229618463904,0.0,0.1,366.5137128047664,670.1489170893392,1.0,0.0,0.0,0.0,2.0
10841,0.004283523330024973,0.925241039285394,0.0,0.1,361.3622153104624,675.9633506485735,1.0,0.0,0.0,0.0,2.0
10842,0.004530157537098138,0.9785140280131978,0.0,0.1,350.13237321708067,693.0365424406712,1.0,0.0,0.0,0.0,2.0
10843,0.0048564923401566385,1.049002345473834,0.0,0.1,336.54517945826024,712.1129086270994,1.0,0.0,0.0,0.0,2.0
10844,0.006175335870686197,1.3338725480682188,0.0,0.1,328.53020690350445,729.5805143840249,1.0,0.0,0.0,0.0,2.0
10845,0.0037337933915043142,0.8064993725649319,0.0,0.1,321.81399483774965,744.9904383678579,1.0,0.0,0.0,0.0,2.0
10846,0.004411169983422011,0.9528127164191543,0.0,0.1,319.0714330646842,751.3403312866069,1.0,0.0,0.0,0.0,2.0
10847,0.0063105589911384204,1.363080742085899,0.0,0.1,314.66861047663923,767.3136591225995,1.0,0.0,0.0,0.0,2.0
10848,0.00471332867842945,1.0180789945407611,0.0,0.1,309.7903016729021,784.6642432929258,1.0,0.0,0.0,0.0,2.0
10849,0.0034874955195200604,0.7532990322163331,0.0,0.1,305.8758646492155,804.3999582468231,1.0,0.0,0.0,0.0,2.0
10850,0.002159174069322094,0.46638159897357223,0.0,0.1,304.85718406233144,817.8281448937187,1.0,0.0,0.0,0.0,2.0
10851,0.004740166972532664,1.0238760660670554,0.0,0.1,305.4205687394599,824.4729143387176,1.0,0.0,0.0,0.0,2.0
10852,0.003947792600260367,0.8527232016562393,0.0,0.1,301.3493084666979,828.9641148302876,1.0,0.0,0.0,0.0,2.0
10853,0.0031885068981107674,0.6887174899919258,0.0,0.1,288.13223912710674,830.1194753453077,1.0,0.0,0.0,0.0,2.0
10854,0.0012886036987623632,0.2783383989326705,0.0,0.1,266.4905704736196,830.4991222333525,1.0,0.0,0.0,0.0,2.0
10855,0.0034232183194348098,0.7394151569979189,0.0,0.1,256.06783447582836,831.3525647229952,1.0,0.0,0.0,0.0,2.0
10856,0.002821951253094299,0.6095414706683686,0.0,0.1,240.75205465640428,829.0328657801998,1.0,0.0,0.0,0.0,2.0
10857,0.003040992341892778,0.6568543458488401,0.0,0.1,230.14707013450519,828.3522699364312,1.0,0.0,0.0,0.0,2.0
10858,0.001296385885335549,0.28001935123247856,0.0,0.1,221.49470527558117,827.1185703066459,1.0,0.0,0.0,0.0,2.0
10859,0.002465765508790503,0.5326053498987486,0.0,0.1,206.63812592496961,823.9312552662815,1.0,0.0,0.0,0.0,2.0
10860,0.0018763356936487951,0.40528850982813974,0.0,0.1,199.34796572665508,820.4484530010883,1.0,0.0,0.0,0.0,2.0
10861,0.0049293478139681044,1.0647391278171106,0.0,0.1,185.59549349686202,818.4471692490392,1.0,0.0,0.0,0.0,2.0
10862,0.0013834506314356662,0.2988253363901039,0.0,0.1,173.0366059213908,817.4780990974534,1.0,0.0,0.0,0.0,2.0
10863,0.00027390282236464136,0.059163009630762535,1.0,0.1,167.96150334745937,822.208352815026,1.0,0.0,0.0,0.0,2.0
10864,0.002676042145981267,0.5780251035319537,0.0,0.1,164.5701804035277,822.3526115077316,1.0,0.0,0.0,0.0,2.0
10865,0.0015732718460345946,0.3398267187434724,0.0,0.1,152.68313533830428,823.3654794409804,1.0,0.0,0.0,0.0,2.0
10866,0.0026092131643872174,0.563590043507639,0.0,0.1,139.87714455123506,826.6382801417717,1.0,0.0,0.0,0.0,2.0
10867,0.004831718311534117,1.0436511552913692,0.0,0.1,130.95193119852482,833.8729515808761,1.0,0.0,0.0,0.0,2.0
10868,0.0017730599011511613,0.38298093864865085,0.0,0.1,124.31387615186834,838.7228096681515,1.0,0.0,0.0,0.0,2.0
10869,0.0023226628856568877,0.5016951833018878,0.0,0.1,122.13246266050434,839.2825296783876,1.0,0.0,0.0,0.0,2.0
10870,0.0033121172306522667,0.7154173218208897,0.0,0.1,117.1631416489186,842.8507894314745,1.0,0.0,0.0,0.0,2.0
10871,0.003780687324541866,0.8166284621010431,0.0,0.1,113.9624215482186,841.8095274788409,1.0,0.0,0.0,0.0,2.0
10872,0.0007861008198264794,0.16979777708251956,0.0,0.1,118.6068479975987,833.394308274383,1.0,0.0,0.0,0.0,2.0
10873,0.0019419100580664282,0.4194525725423485,0.0,0.1,121.63578001493937,829.8582148841142,1.0,0.0,0.0,0.0,2.0
10874,0.001365052747620721,0.29485139348607575,0.0,0.1,122.92814322636308,827.8006856884372,1.0,0.0,0.0,0.0,2.0
10875,0.0013603209615711625,0.29382932769937115,0.0,0.1,121.37430289615675,825.2170823238907,1.0,0.0,0.0,0.0,2.0
10876,0.00043352214741322056,0.09364078384125564,1.0,0.1,121.170464011757,821.8161052080563,1.0,0.0,0.0,0.0,2.0
10877,6.603386472486704e-05,0.01426331478057128,1.0,0.1,120.0061536675317,818.7105935882087,1.0,0.0,0.0,0.0,2.0
10878,0.0004411371031732029,0.09528561428541184,1.0,0.1,118.14124966149002,818.2105613401208,1.0,0.0,0.0,0.0,2.0
10879,0.0002841552575146237,0.061377535623158716,1.0,0.1,112.4561251475584,818.942085804404,1.0,0.0,0.0,0.0,2.0
10880,0.0003235001118479869,0.06987602415916518,1.0,0.1,108.43814144466988,821.6868397537665,1.0,0.0,0.0,0.0,2.0
10881,0.0004034631380942625,0.0871480378283607,1.0,0.1,107.0304257931439,823.6884377566175,1.0,0.0,0.0,0.0,2.0
10882,0.00016512288483061088,0.03566654312341195,1.0,0.1,105.22768474834041,825.2640709632708,1.0,0.0,0.0,0.0,2.0
10883,0.0008302668148022188,0.17933763199727928,0.0,0.1,98.83463043040709,828.789867097997,1.0,0.0,0.0,0.0,2.0
10884,0.0008790438960063751,0.18987348153737704,0.0,0.1,91.46491341697178,833.0183897392858,1.0,0.0,0.0,0.0,2.0
10885,0.0006628621548083081,0.14317822543859454,0.0,0.1,89.12456270456038,833.3858482535078,1.0,0.0,0.0,0.0,2.0
10886,0.00018653309898111092,0.040291149379919955,1.0,0.1,88.25969798110322,832.6775513532709,1.0,0.0,0.0,0.0,2.0
10887,0.000740390801303858,0.15992441308163333,0.0,0.1,85.62819273081782,834.0780863325731,1.0,0.0,0.0,0.0,2.0
10888,0.00037902855373936323,0.08187016760770245,1.0,0.1,81.9873830628499,837.0263164978774,1.0,0.0,0.0,0.0,2.0
10889,0.0009513153711404032,0.2054841201663271,0.0,0.1,78.53464554786889,840.2865718407187,1.0,0.0,0.0,0.0,2.0
10890,0.00021191309335227734,0.045773228164091906,1.0,0.1,77.06674638285723,839.3999370219587,1.0,0.0,0.0,0.0,2.0
10891,0.000542102491886212,0.1170941382474218,0.0,0.1,77.77781435543106,839.4492507876789,1.0,0.0,0.0,0.0,2.0
10892,0.0007405127277685389,0.15995074919800442,0.0,0.1,74.62438820476025,844.7068916835108,1.0,0.0,0.0,0.0,2.0
10893,0.0004132431954148541,0.08926053020960849,1.0,0.1,71.96725507601678,850.1587397486733,1.0,0.0,0.0,0.0,2.0
10894,0.0008385035220550985,0.1811167607639013,0.0,0.1,78.79952403640696,848.0553853333603,1.0,0.0,0.0,0.0,2.0
10895,0.0006407632397172117,0.13840485977891773,0.0,0.1,92.3316603523944,837.1006327924081,1.0,0.0,0.0,0.0,2.0
10896,0.0006152772390858575,0.1328998836425452,0.0,0.1,98.62640931344612,834.3184070896641,1.0,0.0,0.0,0.0,2.0
10897,0.0005201333783144514,0.1123488097159215,0.0,0.1,106.4050835933768,827.2501136242283,1.0,0.0,0.0,0.0,2.0
10898,0.0002151730910714434,0.04647738767143177,1.0,0.1,109.3288865295452,823.8877937527755,1.0,0.0,0.0,0.0,2.0
10899,0.00038039235902481754,0.08216474954936058,1.0,0.1,107.45716001729355,823.4286786838738,1.0,0.0,0.0,0.0,2.0
10900,0.0005243698783926816,0.11326389373281923,0.0,0.1,106.18104357715144,823.3694811132643,1.0,0.0,0.0,0.0,2.0
10901,0.0004279690931935262,0.09244132412980166,1.0,0.1,105.33633597881138,820.1018760478399,1.0,0.0,0.0,0.0,2.0
10902,0.0005707331151350304,0.12327835286916658,0.0,0.1,105.1206569252359,817.1109745087233,1.0,0.0,0.0,0.0,2.0
10903,0.0008240443387290712,0.17799357716547937,0.0,0.1,105.29134082844804,813.0041386245091,1.0,0.0,0.0,0.0,2.0
10904,0.00014681386991851646,0.03171179590239955,1.0,0.1,104.67426567636761,812.9224176913212,1.0,0.0,0.0,0.0,2.0
10905,0.0009183175221560492,0.1983565847857066,0.0,0.1,104.25654640204358,811.5363088092693,1.0,0.0,0.0,0.0,2.0
10906,0.0005882843622327106,0.1270694222422655,0.0,0.1,101.37941592436398,811.8350573149945,1.0,0.0,0.0,0.0,2.0
10907,0.0009212635103043875,0.1989929182257477,0.0,0.1,96.2613961394296,815.0784405498923,1.0,0.0,0.0,0.0,2.0
10908,0.0005461546890332221,0.11796941283117596,0.0,0.1,92.94794220311303,815.9460401555737,1.0,0.0,0.0,0.0,2.0
10909,0.00011719049264046432,0.025313146410340295,1.0,0.1,91.91505074285902,816.3366121200966,1.0,0.0,0.0,0.0,2.0
10910,0.00029418705050676805,0.0635444029094619,1.0,0.1,90.50895727182319,815.0517463150576,1.0,0.0,0.0,0.0,2.0
10911,0.00037646499850625795,0.08131643967735172,1.0,0.1,87.91917784836934,815.8597944304706,1.0,0.0,0.0,0.0,2.0
10912,0.00021957916894233911,0.04742910049154525,1.0,0.1,88.82250538939226,814.2830656799626,1.0,0.0,0.0,0.0,2.0
10913,0.00044404347610658355,0.09591339083902205,1.0,0.1,88.41886003380839,813.1669821842313,1.0,0.0,0.0,0.0,2.0
10914,0.0003202761405424843,0.06917964635717662,1.0,0.1,85.65904797901213,814.1345017871804,1.0,0.0,0.0,0.0,2.0
10915,0.00021520112521854738,0.04648344304720624,1.0,0.1,85.2633571838061,813.1061659747629,1.0,0.0,0.0,0.0,2.0
10916,0.0004898596881032073,0.10580969263029277,0.0,0.1,82.71482856689548,814.8180664486326,1.0,0.0,0.0,0.0,2.0
10917,0.0001408048119284116,0.030413839376536904,1.0,0.1,77.79960751865552,821.1255948783501,1.0,0.0,0.0,0.0,2.0
10918,0.0011478077761708616,0.24792647965290612,0.0,0.1,74.01306343872926,823.4752237232091,1.0,0.0,0.0,0.0,2.0
10919,0.00034797321486896275,0.07516221441169596,1.0,0.1,68.92776711517116,826.1575255903773,1.0,0.0,1.0,0.0,2.0
10920,0.001133247364402308,0.24478143071089856,0.0,0.1,65.37406769707368,831.1597642775164,1.0,0.0,1.0,0.0,2.0
10921,0.0011678728237514327,0.25226052993030945,0.0,0.1,58.43034037858249,836.274481881776,1.0,0.0,1.0,0.0,2.0
10922,0.0005570590637061574,0.12032475776053,0.0,0.1,57.05161886308804,841.9986242899967,1.0,0.0,1.0,0.0,2.0
10923,0.0007625170944476693,0.16470369240069657,0.0,0.1,56.72903824298044,843.4088895985174,1.0,0.0,1.0,0.0,2.0
10924,0.0015000590932718006,0.32401276414670893,0.0,0.1,51.26135709173965,847.1274260697494,1.0,0.0,1.0,0.0,2.0
10925,0.0028997342636547384,0.6263426009494235,0.0,0.1,44.5214751864652,848.8238887148733,1.0,0.0,1.0,0.0,2.0
10926,0.00019278750412271312,0.04164210089050604,1.0,0.1,33.04801296823604,853.441943360233,1.0,0.0,1.0,0.0,2.0
10927,0.0015525297134460427,0.33534641810434523,0.0,0.1,30.477931562301407,854.1308663502679,1.0,0.0,1.0,0.0,2.0
10928,0.003102556544044362,0.6701522135135821,0.0,0.1,23.327485888046922,855.7495250521429,1.0,0.0,1.0,0.0,2.0
10929,0.002580505239604974,0.5573891317546745,0.0,0.1,19.474734294457427,856.7360869715019,1.0,0.0,1.0,0.0,2.0
10930,0.0023056923168313192,0.498029540435565,0.0,0.1,15.770778823282338,858.6408234452321,1.0,0.0,1.0,0.0,2.0
10931,0.0007177539513890209,0.1550348535000285,0.0,0.1,10.482799430296867,863.1909474910989,1.0,0.0,1.0,0.0,2.0
10932,0.0012238441286818705,0.26435033179528405,0.0,0.1,10.07665291928405,863.6116418193908,1.0,0.0,1.0,0.0,2.0
10933,0.0010296609164685377,0.22240675795720416,0.0,0.1,4.541396793652252,870.914871399129,1.0,0.0,1.0,0.0,2.0
10934,0.0005876520438940596,0.1269328414811169,0.0,0.1,4.589352469428582,873.9209375838906,1.0,0.0,1.0,0.0,2.0
10935,0.00036536833293032483,0.07891955991295016,1.0,0.1,3.2450580051982287,873.7570609165571,1.0,0.0,1.0,0.0,2.0
10936,0.0021055338740111956,0.45479531678641827,0.0,0.1,2.6153987614915053,875.1517680137687,1.0,0.0,1.0,0.0,2.0
10937,0.0014598457439139773,0.3153266806854191,0.0,0.1,2.4102607794031856,875.7492949434387,1.0,0.0,1.0,0.0,2.0
10938,0.0010412974583598744,0.22492025100573287,0.0,0.1,2.2003078237212175,875.5605220042903,1.0,0.0,1.0,0.0,2.0
10939,0.0007721158761219145,0.16677702924233354,0.0,0.1,1.3673432302337765,874.9271788053162,1.0,0.0,1.0,0.0,2.0
10940,0.00042521412972590177,0.09184625202079479,1.0,0.1,2.6976789645319434,876.2738815267057,1.0,0.0,1.0,0.0,2.0
10941,0.0001844833892301471,0.03984841207371177,1.0,0.1,3.1737657476310934,876.64635078081,1.0,0.0,1.0,0.0,2.0
10942,0.00045359477480672944,0.09797647135825356,1.0,0.1,3.5715187641446207,876.5569563544719,1.0,0.0,1.0,0.0,2.0
10943,0.0004905686316409354,0.10596282443444206,0.0,0.1,5.49819697857813,877.324097570015,1.0,0.0,1.0,0.0,2.0
10944,0.00010814303204774125,0.02335889492231211,1.0,0.1,9.37388780771751,881.9985453012058,1.0,0.0,1.0,0.0,2.0
10945,0.00030676805184636196,0.06626189919881419,1.0,0.1,9.771829327951437,882.1619691173337,1.0,0.0,1.0,0.0,2.0
10946,0.0004367505475966798,0.09433811828088284,1.0,0.1,10.233654832981651,882.3680009902806,1.0,0.0,1.0,0.0,2.0
10947,0.00021555683054050873,0.04656027539674989,1.0,0.1,10.095869086951785,882.4262730931869,1.0,0.0,1.0,0.0,2.0
10948,0.00012439749807548764,0.026869859584305333,1.0,0.1,11.054908072559238,882.7396482976128,1.0,0.0,1.0,0.0,2.0
10949,0.0002850692812941326,0.06157496475953265,1.0,0.1,10.932334092237191,882.2663699302768,1.0,0.0,1.0,0.0,2.0
10950,0.00016235774300065196,0.035069272488140825,1.0,0.1,11.346918519541239,881.9228920258524,1.0,0.0,1.0,0.0,2.0
10951,0.00025862286762911755,0.05586253940788939,1.0,0.1,11.353121635337812,881.854253975594,1.0,0.0,1.0,0.0,2.0
10952,0.00019760369203179295,0.042682397478867276,1.0,0.1,11.460947928979728,881.5529931319868,1.0,0.0,1.0,0.0,2.0
10953,0.0002759353013116064,0.05960202508330698,1.0,0.1,11.114490128520812,881.3379292495265,1.0,0.0,1.0,0.0,2.0
10954,0.0001461329137762265,0.031564709375664926,1.0,0.1,11.35204783978642,881.7158420585878,1.0,0.0,1.0,0.0,2.0
10955,0.0007426536978598893,0.16041319873773607,0.0,0.1,11.311789044576003,881.7266805955835,1.0,0.0,1.0,0.0,2.0
10956,0.0003838693305125262,0.08291577539070566,1.0,0.1,10.852312667827707,881.169174492621,1.0,0.0,1.0,0.0,2.0
10957,0.00010309316377977861,0.022268123376432178,1.0,0.1,10.87055410635073,880.9327675304671,1.0,0.0,1.0,0.0,2.0
10958,4.477778229526067e-05,0.009672000975776305,1.0,0.1,10.839707603115096,880.6391612831806,1.0,0.0,1.0,0.0,2.0
10959,0.0001812937979414719,0.03915946035535793,1.0,0.1,8.313111600479312,876.6413295302302,1.0,0.0,1.0,0.0,2.0
10960,0.00020370379900390754,0.04400002058484403,1.0,0.1,8.085421774261448,875.0531537848597,1.0,0.0,1.0,0.0,2.0
10961,0.0002637724051389235,0.05697483951000749,1.0,0.1,7.4894308315699964,874.7305399508788,1.0,0.0,1.0,0.0,2.0
10962,0.0002524919313684643,0.054538257175588294,1.0,0.1,7.049067055079287,874.9262616143984,1.0,0.0,1.0,0.0,2.0
10963,9.389692114118691e-05,0.02028173496649637,1.0,0.1,6.821635711643513,874.7484307075101,1.0,0.0,1.0,0.0,2.0
10964,0.000543155273735474,0.11732153912686238,0.0,0.1,6.977923551234241,876.290157358092,1.0,0.0,1.0,0.0,2.0
10965,8.913602366305677e-05,0.019253381111220262,1.0,0.1,9.167848525297208,881.0785336892377,1.0,0.0,1.0,0.0,2.0
10966,0.00032996534581084425,0.07127251469514236,1.0,0.1,9.19311735938046,881.9301212915313,1.0,0.0,1.0,0.0,2.0
10967,0.0011524790484135354,0.24893547445732367,0.0,0.1,8.61268054225496,881.7831123130493,1.0,0.0,1.0,0.0,2.0
10968,0.00020903421478354593,0.04515139039324592,1.0,0.1,8.678737710306443,881.9143861842268,1.0,0.0,1.0,0.0,2.0
10969,2.749291646566227e-05,0.005938469956583051,1.0,0.1,8.546246891722785,881.7998934735359,1.0,0.0,1.0,0.0,2.0
10970,0.0004600308324036397,0.09936665979918617,1.0,0.1,9.387593734177369,882.3850871857518,1.0,0.0,1.0,0.0,2.0
10971,0.0005304101246393385,0.11456858692209711,0.0,0.1,10.051546776325031,882.9409699304733,1.0,0.0,1.0,0.0,2.0
10972,0.0008978477163561063,0.19393510673291894,0.0,0.1,10.422551816020073,883.1043038515653,1.0,0.0,1.0,0.0,2.0
10973,0.00025358414844934814,0.0547741760650592,1.0,0.1,11.83577295462795,884.4308745056668,1.0,0.0,1.0,0.0,2.0
10974,0.0009015580397964556,0.1947365365960344,0.0,0.1,10.689311728647928,884.0981207103763,1.0,0.0,1.0,0.0,2.0
10975,0.0002006895810718343,0.04334894951151621,1.0,0.1,10.651300149414425,883.9910324693251,1.0,0.0,1.0,0.0,2.0
10976,2.8760144546374553e-05,0.006212191222016904,1.0,0.1,11.604340273080975,884.1651251065754,1.0,0.0,1.0,0.0,2.0
10977,0.0004131241871472353,0.08923482442380282,1.0,0.1,11.187977174786612,883.7768038351194,1.0,0.0,1.0,0.0,2.0
10978,0.00023930086343329867,0.05168898650159251,1.0,0.1,12.849022018366668,885.3232710572764,1.0,0.0,1.0,0.0,2.0
10979,0.00038191251290848704,0.0824931027882332,1.0,0.1,15.288264783131755,887.8285510737602,1.0,0.0,1.0,0.0,2.0
10980,0.00023742579708431209,0.05128397217021141,1.0,0.1,17.07436894344423,889.91870917598,1.0,0.0,1.0,0.0,2.0
10981,0.0002408052465030221,0.05201393324465277,1.0,0.1,16.63423071316209,889.6024592925503,1.0,0.0,1.0,0.0,2.0
10982,0.0001655833573228877,0.03576600518174375,1.0,0.1,17.836218190083606,891.0253092512962,1.0,0.0,1.0,0.0,2.0
10983,0.00016471296447645255,0.03557800032691375,1.0,0.1,20.436999920390594,893.7821140819385,1.0,0.0,1.0,0.0,2.0
10984,0.000357801833736112,0.07728519608700019,1.0,0.1,23.701484390559234,897.2079309466609,1.0,0.0,1.0,0.0,2.0
10985,0.0002241495810596768,0.04841630950889019,1.0,0.1,28.91810865985437,902.4403847094409,1.0,0.0,1.0,0.0,2.0
10986,0.00010096488072067841,0.021808414235666537,1.0,0.1,30.589118494979836,904.0427983961321,1.0,0.0,1.0,0.0,2.0
10987,8.250528518828227e-05,0.01782114160066897,1.0,0.1,30.250676757913496,903.7300117118983,1.0,0.0,1.0,0.0,2.0
10988,0.00017552955132729605,0.037914383086695945,1.0,0.1,29.16073403223601,902.622028587191,1.0,0.0,1.0,0.0,2.0
10989,0.0002268010012613248,0.04898901627244616,1.0,0.1,28.488110080114797,902.0073786158072,1.0,0.0,1.0,0.0,2.0
10990,0.00017672422783165926,0.0381724332116384,1.0,0.1,28.63906184722296,902.1567116001632,1.0,0.0,1.0,0.0,2.0
10991,0.00040548247922408325,0.08758421551240198,1.0,0.1,29.856246735778964,903.3780110976121,1.0,0.0,1.0,0.0,2.0
10992,0.0003824147696012028,0.08260159023385981,1.0,0.1,32.13151074795548,905.6583299346781,1.0,0.0,1.0,0.0,2.0
10993,5.860788158197996e-05,0.012659302421707671,1.0,0.1,32.53440546927556,906.0672521635836,1.0,0.0,1.0,0.0,2.0
10994,0.00013601651834945392,0.02937956796348205,1.0,0.1,31.822314205576273,905.4133004683885,1.0,0.0,1.0,0.0,2.0
10995,0.00023595263766047148,0.05096576973466184,1.0,0.1,29.62743431897329,903.2334014328019,1.0,0.0,1.0,0.0,2.0
10996,0.00033635266146751026,0.07265217487698222,1.0,0.1,26.260989222705707,899.8535809782239,1.0,0.0,1.0,0.0,2.0
10997,7.049914014823806e-05,0.015227814272019422,1.0,0.1,25.97494510699276,899.5636076457315,1.0,0.0,1.0,0.0,2.0
10998,0.00019676475766187024,0.042501187654963975,1.0,0.1,27.932682730451777,901.555756655199,1.0,0.0,1.0,0.0,2.0
10999,0.0003006504475833945,0.06494049667801322,1.0,0.1,28.27430632855346,901.8852721273292,1.0,0.0,1.0,0.0,2.0
11000,0.00014882098508833724,0.03214533277908084,1.0,0.1,28.645088700832215,902.263756773668,1.0,0.0,1.0,0.0,2.0
11001,0.00024517798740542144,0.05295844527957103,1.0,0.1,29.050063655008156,902.6977421738591,1.0,0.0,1.0,0.0,2.0
11002,0.00017924462594511877,0.038716839204145655,1.0,0.1,30.017908581911506,903.6630107697281,1.0,0.0,1.0,0.0,2.0
11003,0.00027216722707632316,0.058788121048485804,1.0,0.1,30.549995287206215,904.1812512079091,1.0,0.0,1.0,0.0,2.0
11004,0.00017421898770367692,0.037631301343994214,1.0,0.1,32.59071386063452,906.2030076074149,1.0,0.0,1.0,0.0,2.0
11005,0.00016029477421237176,0.0346236712298723,1.0,0.1,32.50253261019543,906.1141855397382,1.0,0.0,1.0,0.0,2.0
11006,0.0003145137011777262,0.06793495945438888,1.0,0.1,31.092444797479075,904.711244099181,1.0,0.0,1.0,0.0,2.0
11007,0.00041417292634448124,0.08946135209040795,1.0,0.1,31.38986606312992,905.0133468082157,1.0,0.0,1.0,0.0,2.0
11008,0.0003623476538339773,0.0782670932281391,1.0,0.1,30.70461636996755,904.3236471178308,1.0,0.0,1.0,0.0,2.0
11009,0.00019897049703366238,0.042977627359271076,1.0,0.1,30.074057733384922,903.7156923824843,1.0,0.0,1.0,0.0,2.0
11010,0.0001526521024226605,0.03297285412329467,1.0,0.1,30.568850495291315,904.161990319574,1.0,0.0,1.0,0.0,2.0
11011,0.0003231755430417554,0.06980591729701917,1.0,0.1,30.843030542047824,904.4312470385695,1.0,0.0,1.0,0.0,2.0
11012,0.0003077173896000557,0.06646695615361203,1.0,0.1,30.137809464265754,903.7104903739485,1.0,0.0,1.0,0.0,2.0
11013,0.00019071628907119367,0.04119471843937783,1.0,0.1,29.353480438908328,902.941124761943,1.0,0.0,1.0,0.0,2.0
11014,3.287510458932994e-05,0.007101022591295267,1.0,0.1,26.324901457683747,899.9651540154782,1.0,0.0,1.0,0.0,2.0
11015,0.0006873137139393076,0.14845976221089044,0.0,0.1,21.958123654209906,895.5967625266398,1.0,0.0,1.0,0.0,2.0
11016,0.00015109019767977944,0.03263548269883236,1.0,0.1,24.57723991495854,898.194391439591,1.0,0.0,1.0,0.0,2.0
11017,0.00029771487961157,0.06430641399609913,1.0,0.1,26.25906882547927,899.9047636332232,1.0,0.0,1.0,0.0,2.0
11018,0.0004272681006632313,0.09228990974325797,1.0,0.1,26.922180591383153,900.5580021080689,1.0,0.0,1.0,0.0,2.0
11019,0.0001601678386751667,0.03459625315383601,1.0,0.1,28.111550282530985,901.4705398431453,1.0,0.0,1.0,0.0,2.0
11020,0.00024022115874799017,0.05188777028956588,1.0,0.1,31.302629439409586,904.51935202548,1.0,0.0,1.0,0.0,2.0
11021,4.4465058454941946e-05,0.00960445262626746,1.0,0.1,33.77749982290252,906.9904614495335,1.0,0.0,1.0,0.0,2.0
11022,0.0001291266112389819,0.02789134802762009,1.0,0.1,35.082052119384464,908.2390112117406,1.0,0.0,1.0,0.0,2.0
11023,0.00021523214240046207,0.04649014275849981,1.0,0.1,36.38238933399874,909.4330044407304,1.0,0.0,1.0,0.0,2.0
11024,0.00024303528228342256,0.05249562097321927,1.0,0.1,36.02581495648854,909.0913387978794,1.0,0.0,1.0,0.0,2.0
11025,0.00018208600050980967,0.03933057611011889,1.0,0.1,36.400964069807955,909.1603277166165,1.0,0.0,1.0,0.0,2.0
11026,0.0004003326625154043,0.08647185510332733,1.0,0.1,36.242755055840334,908.8899808967598,1.0,0.0,1.0,0.0,2.0
11027,0.000319570672033322,0.06902726515919755,1.0,0.1,38.01887639555748,910.5005408322908,1.0,0.0,1.0,0.0,2.0
11028,0.0002507223610431179,0.05415602998531347,1.0,0.1,40.43985927251629,912.8130855799415,1.0,0.0,1.0,0.0,2.0
11029,1.5574291596028794e-05,0.0033640469847422195,1.0,0.1,40.99114503697272,913.5696669032184,1.0,0.0,1.0,0.0,2.0
11030,0.00014214177402159967,0.03070262318866553,1.0,0.1,40.35341008065774,912.98018106288,1.0,0.0,1.0,0.0,2.0
11031,0.0004496065427303239,0.09711501322974997,1.0,0.1,39.93834497607469,912.7192207221068,1.0,0.0,1.0,0.0,2.0
11032,0.0001645972236177326,0.035553000301430236,1.0,0.1,38.175073620660655,910.7780047462945,1.0,0.0,1.0,0.0,2.0
11033,0.0002753632503095343,0.05947846206685942,1.0,0.1,37.57889362954849,909.9563120646637,1.0,0.0,1.0,0.0,2.0
11034,0.000343387527381379,0.07417170591437787,1.0,0.1,36.31672061424259,908.4355337066222,1.0,0.0,1.0,0.0,2.0
11035,0.00011532644622917144,0.02491051238550103,1.0,0.1,36.43617316218734,908.2180838722019,1.0,0.0,1.0,0.0,2.0
11036,0.0007830364692673098,0.1691358773617389,0.0,0.1,35.79568862385233,906.9630379760727,1.0,0.0,1.0,0.0,2.0
11037,0.0012098331797371705,0.26132396682322884,0.0,0.1,29.188852263539356,899.5188348475782,1.0,0.0,1.0,0.0,2.0
11038,0.0009529149869074314,0.2058296371720052,0.0,0.1,27.444920747517195,897.8316579881827,1.0,0.0,1.0,0.0,2.0
11039,0.0007066809667961427,0.15264308882796684,0.0,0.1,25.600979400236252,895.9303803777821,1.0,0.0,1.0,0.0,2.0
11040,0.0004864654434185522,0.10507653577840728,0.0,0.1,25.222545870264263,894.2430779291952,1.0,0.0,1.0,0.0,2.0
11041,0.0022361809577714623,0.48301508687863587,0.0,0.1,26.15751602136597,893.899734356605,1.0,0.0,1.0,0.0,2.0
11042,0.0010438182632971724,0.2254647448721893,0.0,0.1,30.125230536157503,894.9236280291616,1.0,0.0,1.0,0.0,2.0
11043,0.0007230571910711341,0.15618035327136498,0.0,0.1,33.29209296832362,893.299775039272,1.0,0.0,1.0,0.0,2.0
11044,0.0004223488995215783,0.09122736229666091,1.0,0.1,33.99710601359008,892.6923423242656,1.0,0.0,1.0,0.0,2.0
11045,0.0004947189619925823,0.10685929579039777,0.0,0.1,37.853250401934055,892.4242018180412,1.0,0.0,1.0,0.0,2.0
11046,0.000798346049224026,0.17244274663238962,0.0,0.1,39.73332006342808,890.2840889044219,1.0,0.0,1.0,0.0,2.0
11047,0.0007374694896346277,0.15929340976107959,0.0,0.1,39.77493666144656,884.5830058236048,1.0,0.0,1.0,0.0,2.0
11048,0.0009848348102352116,0.2127243190108057,0.0,0.1,38.72855810395566,877.9828522539777,1.0,0.0,1.0,0.0,2.0
11049,0.001160782030315506,0.25072891854814927,0.0,0.1,39.08694105258179,875.2389037986582,1.0,0.0,1.0,0.0,2.0
11050,0.000466906514551689,0.10085180714316483,0.0,0.1,39.75842364898052,870.4114796334226,1.0,0.0,1.0,0.0,2.0
11051,0.001007615881307622,0.21764503036244637,0.0,0.1,42.43454702320188,868.8869281597007,1.0,0.0,1.0,0.0,2.0
11052,0.001520929679701818,0.3285208108155927,0.0,0.1,47.047055956938465,870.8412206773025,1.0,0.0,1.0,0.0,2.0
11053,0.0008222795122574951,0.17761237464761895,0.0,0.1,48.2473113949353,870.8035745445768,1.0,0.0,1.0,0.0,2.0
11054,0.00013733124364220418,0.029663548626716104,1.0,0.1,51.3285304987217,869.9043997352818,1.0,0.0,1.0,0.0,2.0
11055,4.520371579030218e-05,0.00976400261070527,1.0,0.1,53.44006724576535,869.2447827177012,1.0,0.0,1.0,0.0,2.0
11056,,,,0.1,55.14945215751428,869.0268657413042,1.0,0.0,1.0,0.0,2.0
11057,,,,0.1,53.11116273419589,870.4561651325369,,,1.0,0.0,2.0
11058,,,,0.1,52.550808898112074,872.0031326754447,,,1.0,0.0,2.0
11059,0.002031969600237853,0.4389054336513763,0.0,0.1,54.405506510751515,877.6710807273402,1.0,0.0,1.0,0.0,2.0
11060,,,,0.1,59.9226118145669,881.1977524962249,1.0,0.0,1.0,0.0,2.0
11061,,,,0.1,64.09342800467054,884.3080479786009,,,1.0,0.0,2.0
11062,,,,0.1,66.36567838080155,886.7198956714615,,,1.0,0.0,2.0
11063,0.001004842494732985,0.21704597886232477,0.0,0.1,69.89986550395197,888.5592434704414,1.0,0.0,0.0,0.0,2.0
11064,0.00030717755772648555,0.06635035246892089,1.0,0.1,71.43123706898366,891.4456695020438,1.0,0.0,0.0,0.0,2.0
11065,5.3318568865715066e-05,0.011516810874994454,1.0,0.1,75.78746452139698,895.9878626957666,1.0,0.0,0.0,0.0,2.0
11066,0.0020757240248306837,0.4483563893634277,0.0,0.1,78.88886900115449,896.5787280538527,1.0,0.0,0.0,0.0,2.0
11067,0.00033153286950302,0.07161109981265232,1.0,0.1,84.02598523394443,898.5978063704763,1.0,0.0,0.0,0.0,2.0
11068,0.0010652093154442405,0.23008521213595595,0.0,0.1,86.36256087769796,901.2233561224309,1.0,0.0,0.0,0.0,2.0
11069,0.00112979467213892,0.2440356491820067,0.0,0.1,88.54532433295617,902.4638204256032,1.0,0.0,0.0,0.0,2.0
11070,0.0001894559779834466,0.040922491244424465,1.0,0.1,94.05105143348347,907.6520344846459,1.0,0.0,0.0,0.0,2.0
11071,0.0008948724571649026,0.19329245074761897,0.0,0.1,96.09685937970055,908.813957951128,1.0,0.0,0.0,0.0,2.0
11072,0.00028005786701642426,0.060492499275547645,1.0,0.1,99.95607718638479,910.5205138946001,1.0,0.0,0.0,0.0,2.0
11073,0.0003949927772542809,0.08531843988692467,1.0,0.1,98.61784571683947,910.5255645118023,1.0,0.0,0.0,0.0,2.0
11074,0.00012607567511026607,0.02723234582381747,1.0,0.1,95.96282357893338,908.3528915033899,1.0,0.0,0.0,0.0,2.0
11075,,,,0.1,93.94005869717758,905.2295590023324,1.0,0.0,0.0,0.0,2.0
11076,,,,0.1,92.77060804419175,904.2886106215715,,,0.0,0.0,2.0
11077,0.000429425356840811,0.09275587707761518,1.0,0.1,93.68435294613887,903.1130438640629,1.0,0.0,0.0,0.0,2.0
11078,0.0005836836906819783,0.1260756771873073,0.0,0.1,93.46487148778098,901.8350012524215,1.0,0.0,0.0,0.0,2.0
11079,0.0003830675849513733,0.08274259834949664,1.0,0.1,94.39086651609351,901.2822396585857,1.0,0.0,0.0,0.0,2.0
11080,0.0003638350993583195,0.07858838146139702,1.0,0.1,94.78085427395399,901.5115636085367,1.0,0.0,0.0,0.0,2.0
11081,0.0004950581629118754,0.1069325631889651,0.0,0.1,94.67673372508133,901.410732147485,1.0,0.0,0.0,0.0,2.0
11082,4.975057942112594e-05,0.010746125154963202,1.0,0.1,94.68602654788774,902.5163512835602,1.0,0.0,0.0,0.0,2.0
11083,0.0009037039533214195,0.19520005391742662,0.0,0.1,96.75623094623704,903.2451769512521,1.0,0.0,0.0,0.0,2.0
11084,0.0012880101704136845,0.2782101968093558,0.0,0.1,98.74082745570227,905.4371891958548,1.0,0.0,0.0,0.0,2.0
11085,0.0018415184038684965,0.3977679752355952,0.0,0.1,100.34697753248012,907.6754951712059,1.0,0.0,0.0,0.0,2.0
11086,0.001472173307814933,0.3179894344880255,0.0,0.1,103.68741358531885,911.6086052914296,1.0,0.0,0.0,0.0,2.0
11087,,,,0.1,109.96452322071644,914.5376878085647,1.0,0.0,0.0,0.0,2.0
11088,,,,0.1,114.98278744233777,919.4850154751483,,,0.0,0.0,2.0
11089,,,,0.1,118.46280574553403,922.03170688262,,,0.0,0.0,2.0
11090,,,,0.1,125.82570587372004,925.7008731456732,,,0.0,0.0,2.0
11091,0.0027876348271469163,0.6021291226637339,0.0,0.1,130.75918265000809,928.2644023121358,1.0,0.0,0.0,0.0,2.0
11092,0.005038659171838443,1.0883503811171036,0.0,0.1,139.74391948606637,931.0882597111429,1.0,0.0,0.0,0.0,2.0
11093,0.00269293755705029,0.5816745123228627,0.0,0.1,150.24571419022956,933.477312733324,1.0,0.0,0.0,0.0,2.0
11094,0.005908888613121471,1.2763199404342378,0.0,0.1,154.86298964236389,934.6246455892402,1.0,0.0,0.0,0.0,2.0
11095,0.002609439775905971,0.5636389915956898,0.0,0.1,166.17398158160822,937.8445736731003,1.0,0.0,0.0,0.0,2.0
11096,0.006213955855543533,1.3422144647974033,0.0,0.1,180.1250587534697,944.1949218650907,1.0,0.0,0.0,0.0,2.0
11097,0.0009507954522638984,0.20537181768900203,0.0,0.1,195.71094419156645,951.4197126308302,1.0,0.0,0.0,0.0,2.0
11098,0.003481246820170908,0.7519493131569162,0.0,0.1,203.50878592655422,956.1436576030136,1.0,0.0,0.0,0.0,2.0
11099,,,,0.1,214.99667007958203,961.1608388643532,1.0,0.0,0.0,0.0,2.0
11100,,,,0.1,222.91167752516333,964.6171561445144,,,0.0,0.0,2.0
11101,,,,0.1,232.70298941044368,966.9403352201274,,,0.0,0.0,2.0
11102,0.0007342291845586132,0.15859350386466045,0.0,0.1,236.39315686319688,968.2723181448345,1.0,0.0,0.0,0.0,2.0
11103,0.0010638583096070778,0.22979339487512881,0.0,0.1,241.59016406520072,969.897633794013,1.0,0.0,0.0,0.0,2.0
11104,0.0006605456676218727,0.1426778642063245,0.0,0.1,245.3620475812394,970.8695961023674,1.0,0.0,0.0,0.0,2.0
11105,0.002013378469389313,0.43488974938809166,0.0,0.1,247.88289252905412,969.9878421118337,1.0,0.0,0.0,0.0,2.0
11106,0.0011193620531432997,0.2417822034789527,0.0,0.1,249.30933129164143,969.2618067403255,1.0,0.0,0.0,0.0,2.0
11107,0.0017815330768267306,0.38481114459457383,0.0,0.1,251.761415968129,969.6364968564549,1.0,0.0,0.0,0.0,2.0
11108,,,,0.1,258.26118085235134,970.4577034065305,1.0,0.0,0.0,0.0,2.0
11109,,,,0.1,265.812768674906,973.4563791093647,,,0.0,0.0,2.0
11110,0.0024742915571848816,0.5344469763519344,0.0,0.1,274.60961454596725,975.7973453776693,1.0,0.0,0.0,0.0,2.0
11111,0.000620437992851262,0.13401460645587257,0.0,0.1,280.6390460275869,979.0681293767466,1.0,0.0,0.0,0.0,2.0
11112,0.0022492407795725714,0.48583600838767543,0.0,0.1,283.83026768849226,981.0751462853682,1.0,0.0,0.0,0.0,2.0
11113,,,,0.1,290.779053736663,985.3984893372572,1.0,0.0,0.0,0.0,2.0
11114,,,,0.1,296.09855885415976,988.3724038770226,,,0.0,0.0,2.0
11115,0.0009429730947328608,0.20368218846229796,0.0,0.1,299.9561013910068,991.8674565709046,1.0,0.0,0.0,0.0,2.0
11116,0.0021329751331558735,0.46072262876166875,0.0,0.1,302.4504797668756,993.0222601854512,1.0,0.0,0.0,0.0,2.0
11117,0.0024117817628414866,0.5209448607737611,0.0,0.1,311.15403553766953,1000.887435596568,1.0,0.0,0.0,0.0,2.0
11118,0.002883403551936406,0.6228151672182637,0.0,0.1,317.0880294063026,1006.1670964069888,1.0,0.0,0.0,0.0,2.0
11119,0.0015983616977502564,0.3452461267140554,0.0,0.1,326.8092248790113,1013.4688646991021,1.0,0.0,0.0,0.0,2.0
11120,0.0008813289965252013,0.1903670632494435,0.0,0.1,336.3630133223212,1021.8299265037822,1.0,0.0,0.0,0.0,2.0
11121,0.0022675659162586454,0.48979423791186744,0.0,0.1,340.40757298761827,1023.2371177121786,1.0,0.0,0.0,0.0,2.0
11122,0.0027932629322962666,0.6033447933759936,0.0,0.1,349.7571761811043,1031.8344837316577,1.0,0.0,0.0,0.0,2.0
11123,0.0012096175119963256,0.2612773825912063,0.0,0.1,354.0142333829706,1036.1955593099694,1.0,0.0,0.0,0.0,2.0
11124,0.0010431604093104297,0.22532264841105282,0.0,0.1,361.2351051796218,1039.345008535176,1.0,0.0,0.0,0.0,2.0
11125,0.0005465327950127948,0.1180510837227637,0.0,0.1,365.0764672825447,1041.2427355720272,1.0,0.0,0.0,0.0,2.0
11126,0.0006726641057943319,0.1452954468515757,0.0,0.1,367.2941581636994,1046.025454511371,1.0,0.0,0.0,0.0,2.0
11127,0.0004738750275247025,0.10235700594533574,0.0,0.1,372.3855613906854,1049.8681844841287,1.0,0.0,0.0,0.0,2.0
11128,0.0007318290367933991,0.1580750719473742,0.0,0.1,372.69637018578817,1052.1706316718853,1.0,0.0,0.0,0.0,2.0
11129,0.0007432368843890199,0.1605391670280283,0.0,0.1,372.62640122228976,1051.4835052038268,1.0,0.0,0.0,0.0,2.0
11130,0.0013160582258983705,0.28426857679404804,0.0,0.1,368.800952030896,1044.6129272194307,1.0,0.0,0.0,0.0,2.0
11131,0.0015887675220528257,0.34317378476341037,0.0,0.1,365.41035824452086,1039.504579343385,1.0,0.0,0.0,0.0,2.0
11132,0.0017285182731330536,0.3733599469967396,0.0,0.1,360.0521404846017,1035.7546483469546,1.0,0.0,0.0,0.0,2.0
11133,0.0003936866015563188,0.08503630593616486,1.0,0.1,354.0340260853953,1032.4192500751747,1.0,0.0,0.0,0.0,2.0
11134,0.0011543941875643215,0.24934914451389345,0.0,0.1,351.6051141835034,1030.7952393853222,1.0,0.0,0.0,0.0,2.0
11135,0.0017020012953335697,0.3676322797920511,0.0,0.1,348.7703990265864,1030.2142590549781,1.0,0.0,0.0,0.0,2.0
11136,0.0003726782049730334,0.0804984922741752,1.0,0.1,342.8955649636188,1026.2623135864021,1.0,0.0,0.0,0.0,2.0
11137,0.0010448691068784387,0.22569172708574275,0.0,0.1,337.3379831470166,1025.0840489959267,1.0,0.0,0.0,0.0,2.0
11138,0.0005022186271287889,0.10847922345981842,0.0,0.1,336.5151941282388,1025.7587879375264,1.0,0.0,0.0,0.0,2.0
11139,0.0006268047007096085,0.13538981535327543,0.0,0.1,336.30861710309,1025.433631793974,1.0,0.0,0.0,0.0,2.0
11140,0.00027964142701979855,0.060402548236276485,1.0,0.1,335.59460146680016,1023.999743652718,1.0,0.0,0.0,0.0,2.0
11141,0.0009047559866214628,0.19542729311023596,0.0,0.1,334.9345172165219,1023.0421250556353,1.0,0.0,0.0,0.0,2.0
11142,0.000627395430283403,0.13551741294121503,0.0,0.1,334.4165744288629,1025.3658318387886,1.0,0.0,0.0,0.0,2.0
11143,0.00018124335272820514,0.03914856418929231,1.0,0.1,333.99676234816695,1026.374793999585,1.0,0.0,0.0,0.0,2.0
11144,0.0006592817831795801,0.1424048651667893,0.0,0.1,333.62753761722144,1026.6340870404165,1.0,0.0,0.0,0.0,2.0
11145,0.0004931227545488354,0.10651451498254846,0.0,0.1,332.8908306196505,1027.206143070086,1.0,0.0,0.0,0.0,2.0
11146,0.00033123077008931454,0.07154584633929194,1.0,0.1,330.2246651897753,1026.550496164977,1.0,0.0,0.0,0.0,2.0
11147,0.0007372056991880007,0.15923643102460816,0.0,0.1,326.87285570837764,1026.1902802147229,1.0,0.0,0.0,0.0,2.0
11148,0.0011585818234179617,0.25025367385827973,0.0,0.1,325.6191362072782,1025.9708109170342,1.0,0.0,0.0,0.0,2.0
11149,0.0010477770957038213,0.22631985267202545,0.0,0.1,322.0831107002574,1025.3112735556547,1.0,0.0,0.0,0.0,2.0
11150,0.0012438351475638537,0.26866839187379243,0.0,0.1,319.2109871710839,1026.4208109481817,1.0,0.0,0.0,0.0,2.0
11151,0.0009672683794677282,0.20892996996502927,0.0,0.1,315.0048902028232,1026.064410545037,1.0,0.0,0.0,0.0,2.0
11152,0.0016552471703981627,0.35753338880600316,0.0,0.1,314.4308566934153,1028.7090411106633,1.0,0.0,0.0,0.0,2.0
11153,0.0014239044985115074,0.30756337167848563,0.0,0.1,306.42376776946196,1031.1403547658508,1.0,0.0,0.0,0.0,2.0
11154,0.0014739868372253171,0.31838115684066853,0.0,0.1,300.0767428521606,1032.262271217939,1.0,0.0,0.0,0.0,2.0
11155,0.0006214105322420001,0.13422467496427204,0.0,0.1,296.98483922250574,1033.9383983811097,1.0,0.0,0.0,0.0,2.0
11156,0.0010213911538208317,0.22062048922529967,0.0,0.1,297.30931753392224,1036.5464392643398,1.0,0.0,0.0,0.0,2.0
11157,,,,0.1,294.1779208205666,1036.4063941323263,1.0,0.0,0.0,0.0,2.0
11158,,,,0.1,286.2082452842666,1036.637785417868,,,0.0,0.0,2.0
11159,,,,0.1,285.38079654069725,1039.6312834557386,,,0.0,0.0,2.0
11160,,,,0.1,284.67109683232536,1043.023196018295,,,0.0,0.0,2.0
11161,,,,0.1,283.10342679151535,1041.9664844397887,,,0.0,0.0,2.0
11162,,,,0.1,283.8509802274895,1042.3275475019568,,,0.0,0.0,2.0
11163,,,,0.1,285.2493806221082,1042.4265457657225,,,0.0,0.0,2.0
11164,,,,0.1,287.45701730317535,1041.492876734596,,,0.0,0.0,2.0
11165,,,,0.1,288.96972130728733,1042.1376417756312,,,0.0,0.0,2.0
11166,,,,0.1,288.81735956408335,1043.5651992408957,,,0.0,0.0,2.0
11167,,,,0.1,287.8752670135329,1042.1991781272334,,,0.0,0.0,2.0
11168,,,,0.1,286.2035872797358,1038.9616694985016,,,0.0,0.0,2.0
11169,,,,0.1,283.8626168549933,1038.2596266227213,,,0.0,0.0,2.0
11170,,,,0.1,282.7965414815096,1039.1568397738351,,,0.0,0.0,2.0
11171,,,,0.1,281.44253547299735,1040.4269992221703,,,0.0,0.0,2.0
11172,,,,0.1,,,,,,,2.0
11173,,,,0.1,,,,,,,2.0
11174,,,,0.1,265.1879634547589,1024.373212755142,,,0.0,0.0,2.0
11175,,,,0.1,,,,,,,2.0
11176,,,,0.1,,,,,,,2.0
11177,,,,0.1,,,,,,,2.0
11178,,,,0.1,,,,,,,2.0
11179,,,,0.1,,,,,,,2.0
11180,,,,0.1,276.06641783946606,1028.5266715740097,,,0.0,0.0,2.0
11181,,,,0.1,278.3013957056928,1025.0316517022384,,,0.0,0.0,2.0
11182,,,,0.1,279.2738750690613,1024.6713395702882,,,0.0,0.0,2.0
11183,,,,0.1,279.04600091070984,1023.4834352276818,,,0.0,0.0,2.0
11184,,,,0.1,278.71571849137405,1021.7210981228752,,,0.0,0.0,2.0
11185,,,,0.1,279.6843628104577,1017.3610542754211,,,0.0,0.0,2.0
11186,,,,0.1,285.72304443521017,1014.8166556720697,,,0.0,0.0,2.0
11187,,,,0.1,288.44591749738123,1013.9029032508042,,,0.0,0.0,2.0
11188,,,,0.1,290.36148275649595,1016.2655838310313,,,0.0,0.0,2.0
11189,,,,0.1,291.4711134495642,1017.6614009760934,,,0.0,0.0,2.0
11190,,,,0.1,291.6315306021528,1017.8201132456273,,,0.0,0.0,2.0
11191,,,,0.1,291.2034440149626,1018.7363634374296,,,0.0,0.0,2.0
11192,,,,0.1,291.8709176230501,1020.9999179013595,,,0.0,0.0,2.0
11193,,,,0.1,292.18806096028857,1021.8788295051818,,,0.0,0.0,2.0
11194,,,,0.1,293.216243153447,1024.9378051883443,,,0.0,0.0,2.0
11195,,,,0.1,293.38632750567933,1025.6487879785186,,,0.0,0.0,2.0
11196,,,,0.1,292.1670915331825,1023.9249717283983,,,0.0,0.0,2.0
11197,,,,0.1,290.6354671361559,1024.768987193508,,,0.0,0.0,2.0
11198,,,,0.1,283.91552443076904,1024.3732737344712,,,0.0,0.0,2.0
11199,,,,0.1,282.13056864340797,1024.8786179861756,,,0.0,0.0,2.0
11200,,,,0.1,280.8284583530035,1024.8967642614164,,,0.0,0.0,2.0
11201,,,,0.1,280.55023868157537,1022.0227308971171,,,0.0,0.0,2.0
11202,,,,0.1,282.1697708183766,1020.0431247543958,,,0.0,0.0,2.0
11203,,,,0.1,282.4219627017232,1011.6359124483156,,,0.0,0.0,2.0
11204,2.3110088886585708e-05,0.004991779199502513,1.0,0.1,284.8499045119348,1010.1931813759184,1.0,0.0,0.0,0.0,2.0
11205,5.6092351267662375e-05,0.012115947873815073,1.0,0.1,285.5793308686202,1009.5434843020145,1.0,0.0,0.0,0.0,2.0
11206,0.00025013486088759895,0.05402912995172137,1.0,0.1,285.63409984955376,1010.1902280109385,1.0,0.0,0.0,0.0,2.0
11207,0.0004653160309984783,0.10050826269567131,0.0,0.1,284.14464267104546,1006.4924340633977,1.0,0.0,0.0,0.0,2.0
11208,0.000284035029972857,0.06135156647413712,1.0,0.1,285.0380352841333,1001.6617583107408,1.0,0.0,0.0,0.0,2.0
11209,0.0008464625377988165,0.18283590816454437,0.0,0.1,289.54298064201214,1000.0181096945398,1.0,0.0,0.0,0.0,2.0
11210,0.00011143734703160889,0.02407046695882752,1.0,0.1,289.57070492605675,993.2608394043218,1.0,0.0,0.0,0.0,2.0
11211,0.0007009313237781212,0.1514011659360742,0.0,0.1,288.623727375126,991.135094192521,1.0,0.0,0.0,0.0,2.0
11212,0.0015156023971098999,0.3273701177757384,0.0,0.1,284.51465482891786,985.7472779407319,1.0,0.0,0.0,0.0,2.0
11213,0.0013877595854950592,0.2997560704669328,0.0,0.1,282.5948710205864,984.8284373856667,1.0,0.0,0.0,0.0,2.0
11214,0.0008412155658820054,0.18170256223051318,0.0,0.1,285.26708764287196,988.930153347836,1.0,0.0,0.0,0.0,2.0
11215,0.0010012780702409857,0.21627606317205292,0.0,0.1,285.08170708084094,991.2319811144988,1.0,0.0,0.0,0.0,2.0
11216,0.000780306590317544,0.1685462235085895,0.0,0.1,285.5997773405371,997.4170235352796,1.0,0.0,0.0,0.0,2.0
11217,0.001204426601065045,0.2601561458300497,0.0,0.1,285.8456609672918,1006.5929540180122,1.0,0.0,0.0,0.0,2.0
11218,0.0005807220315898718,0.1254359588234123,0.0,0.1,282.5080131627524,1012.795282804718,1.0,0.0,0.0,0.0,2.0
11219,0.0016270409714679958,0.3514408498370871,0.0,0.1,280.9414869652042,1018.6365357033014,1.0,0.0,0.0,0.0,2.0
11220,0.00017592566557978444,0.03799994376523344,1.0,0.1,280.38367978474093,1019.2671929284268,1.0,0.0,0.0,0.0,2.0
11221,0.001376511046250747,0.29732638599016137,0.0,0.1,280.22988853088236,1021.5624810862445,1.0,0.0,0.0,0.0,2.0
11222,0.002561065673416631,0.5531901854579924,0.0,0.1,279.66398076917733,1023.560495618535,1.0,0.0,0.0,0.0,2.0
11223,0.0007214701215291953,0.1558375462503062,0.0,0.1,278.2169033784554,1023.4106759142843,1.0,0.0,0.0,0.0,2.0
11224,0.0011753517371050342,0.25387597521468735,0.0,0.1,278.4353693206928,1023.7406266593842,1.0,0.0,0.0,0.0,2.0
11225,0.0018688426526214164,0.40367001296622596,0.0,0.1,279.69961116329125,1023.7209823629652,1.0,0.0,0.0,0.0,2.0
11226,0.001361796163093941,0.2941479712282913,0.0,0.1,281.4227932027698,1023.529294328301,1.0,0.0,0.0,0.0,2.0
11227,0.0014535769377259525,0.3139726185488057,0.0,0.1,283.59533480485806,1025.1643382325803,1.0,0.0,0.0,0.0,2.0
11228,0.0007149388628325903,0.1544267943718395,0.0,0.1,286.2095638604155,1026.3799080613346,1.0,0.0,0.0,0.0,2.0
11229,0.0015852086578159413,0.34240507008824334,0.0,0.1,290.20302043308783,1027.3033958936667,1.0,0.0,0.0,0.0,2.0
11230,0.0019336599080820498,0.41767054014572275,0.0,0.1,299.20285524487554,1032.0917738772077,1.0,0.0,0.0,0.0,2.0
11231,0.0015530778588615929,0.33546481751410406,0.0,0.1,310.42996947774446,1037.478883988192,1.0,0.0,0.0,0.0,2.0
11232,0.0004242174742343748,0.09163097443462496,1.0,0.1,321.4504023916864,1041.340314123722,1.0,0.0,0.0,0.0,2.0
11233,0.00323457581892687,0.6986683768882039,0.0,0.1,325.18239053229246,1042.6899960381043,1.0,0.0,0.0,0.0,2.0
11234,0.0007153741300624357,0.15452081209348612,0.0,0.1,327.7216345442962,1044.9684283161444,1.0,0.0,0.0,0.0,2.0
11235,,,,0.1,335.27961310457204,1048.0704499431897,1.0,0.0,0.0,0.0,2.0
11236,,,,0.1,348.8920440014784,1058.871855306573,,,0.0,0.0,2.0
11237,,,,0.1,356.6968450779412,1063.2983943898566,,,0.0,0.0,2.0
11238,,,,0.1,359.7500639981103,1065.254385740993,,,0.0,0.0,2.0
11239,0.001417382126481371,0.3061545393199761,0.0,0.1,363.85177864542516,1067.271295231282,1.0,0.0,0.0,0.0,2.0
11240,0.001043582010256295,0.22541371421535977,0.0,0.1,362.3461737223582,1061.7756962685587,1.0,0.0,0.0,0.0,2.0
11241,0.0006435495888078681,0.13900671118249952,0.0,0.1,359.67540028860236,1055.0815427180926,1.0,0.0,0.0,0.0,2.0
11242,0.0008984301970703725,0.19406092256720045,0.0,0.1,358.263453781761,1050.0206561147231,1.0,0.0,0.0,0.0,2.0
11243,0.0009091390041750017,0.19637402490180036,0.0,0.1,359.5899915015696,1050.1508623854677,1.0,0.0,0.0,0.0,2.0
11244,0.00015451085473633608,0.03337434462304859,1.0,0.1,363.26904922621736,1060.903680591143,1.0,0.0,0.0,0.0,2.0
11245,0.0009531032555998562,0.20587030320956895,0.0,0.1,364.3470039724042,1062.8341470009614,1.0,0.0,0.0,0.0,2.0
11246,0.00042825009735927643,0.09250202102960371,1.0,0.1,354.21405204406443,1045.7413489473458,1.0,0.0,0.0,0.0,2.0
11247,0.0005392305307744978,0.11647379464729155,0.0,0.1,349.07766019887146,1034.8182933215114,1.0,0.0,0.0,0.0,2.0
11248,0.000682263027551966,0.14736881395122467,0.0,0.1,336.43387243760446,1012.5624668904654,1.0,0.0,0.0,0.0,2.0
11249,0.0005378239482889026,0.11616997283040296,0.0,0.1,324.17955681118144,989.8449990745712,1.0,0.0,0.0,0.0,2.0
11250,0.0008346464170421192,0.18028362608109777,0.0,0.1,312.34679626218076,970.9408763914923,1.0,0.0,0.0,0.0,2.0
11251,0.0015220610327260648,0.32876518306883,0.0,0.1,307.39382326727883,964.4385278264913,1.0,0.0,0.0,0.0,2.0
11252,0.0016817562860216861,0.36325935778068424,0.0,0.1,300.62071587128725,955.9774379893565,1.0,0.0,0.0,0.0,2.0
11253,0.000844554967895147,0.18242387306535177,0.0,0.1,296.35734474024497,948.8257447060936,1.0,0.0,0.0,0.0,2.0
11254,0.0009371143410379444,0.202416697664196,0.0,0.1,287.4004021190796,943.8178264058915,1.0,0.0,0.0,0.0,2.0
11255,0.0001729315288249616,0.03735321022619171,1.0,0.1,283.9036544996671,943.0134208875173,1.0,0.0,0.0,0.0,2.0
11256,0.00038953330916344665,0.08413919477930448,1.0,0.1,268.14459773834653,934.6918259801323,1.0,0.0,0.0,0.0,2.0
11257,0.00019264749549284963,0.04161185902645552,1.0,0.1,250.52945321185973,925.4601792437336,1.0,0.0,0.0,0.0,2.0
11258,,,,0.1,234.8504713672915,916.2374360360451,1.0,0.0,0.0,0.0,2.0
11259,,,,0.1,225.12633338681252,909.7573164149633,,,0.0,0.0,2.0
11260,,,,0.1,223.53827033014034,906.4193062113787,,,0.0,0.0,2.0
11261,,,,0.1,224.85133367985372,896.9610708946171,,,0.0,0.0,2.0
11262,,,,0.1,225.10196030475066,892.4967569953981,,,0.0,0.0,2.0
11263,,,,0.1,223.4779386277146,887.8329344339927,,,0.0,0.0,2.0
11264,0.0027533454555707304,0.5947226184032778,0.0,0.1,220.88288285049532,880.1757436533325,1.0,0.0,0.0,0.0,2.0
11265,0.004574010901858811,0.9879863548015031,0.0,0.1,220.62807978782425,875.8763382653295,1.0,0.0,0.0,0.0,2.0
11266,0.0012433695145710423,0.2685678151473451,0.0,0.1,221.59222800814018,867.7124331904832,1.0,0.0,0.0,0.0,2.0
11267,0.0025958832140429806,0.5607107742332839,0.0,0.1,226.29648953813364,858.8018902078604,1.0,0.0,0.0,0.0,2.0
11268,0.0016473100996228984,0.3558189815185461,0.0,0.1,230.4078018686537,849.683299271988,1.0,0.0,0.0,0.0,2.0
11269,0.0018640803705095436,0.4026413600300614,0.0,0.1,231.74537273956432,845.7751201570674,1.0,0.0,0.0,0.0,2.0
11270,0.0029168245663490147,0.6300341063313872,0.0,0.1,236.0339681572974,837.9986566639117,1.0,0.0,0.0,0.0,2.0
11271,0.0018969487825949687,0.40974093704051323,0.0,0.1,238.51070774032124,831.363413361476,1.0,0.0,0.0,0.0,2.0
11272,0.0012750672399781135,0.2754145238352725,0.0,0.1,241.205615865043,823.1871039041844,1.0,0.0,0.0,0.0,2.0
11273,0.0014045238406051202,0.30337714957070594,0.0,0.1,243.74808172064112,816.5461647467703,1.0,0.0,0.0,0.0,2.0
11274,0.0027122534518417237,0.5858467455978124,0.0,0.1,244.51813764855413,813.2377288857404,1.0,0.0,0.0,0.0,2.0
11275,0.002991279574563662,0.6461163881057511,0.0,0.1,250.64825124662786,803.6793872749817,1.0,0.0,0.0,0.0,2.0
11276,0.0023341029038295453,0.5041662272271819,0.0,0.1,257.2200931264,793.5646927265634,1.0,0.0,0.0,0.0,2.0
11277,0.0024598382826187233,0.5313250690456442,0.0,0.1,264.7769883060944,784.0095185721481,1.0,0.0,0.0,0.0,2.0
11278,0.0029756006327749996,0.6427297366793999,0.0,0.1,268.52306378496075,779.4636685163764,1.0,0.0,0.0,0.0,2.0
11279,0.002765382119067426,0.597322537718564,0.0,0.1,276.20512257202455,768.9684895117657,1.0,0.0,0.0,0.0,2.0
11280,0.0025155198811984305,0.543352294338861,0.0,0.1,284.9357874833389,755.2493350078926,1.0,0.0,0.0,0.0,2.0
11281,0.004167194257221697,0.9001139595598865,0.0,0.1,294.6828854633411,741.9350349027058,1.0,0.0,0.0,0.0,2.0
11282,0.0008448110245025715,0.18247918129255547,0.0,0.1,300.9981927530379,730.1004465218084,1.0,0.0,0.0,0.0,2.0
11283,0.004522899665275712,0.9769463276995538,0.0,0.1,306.132263632924,726.317151051082,1.0,0.0,0.0,0.0,2.0
11284,0.0038778847421592974,0.8376231043064083,0.0,0.1,315.29018133364866,717.4731088844526,1.0,0.0,0.0,0.0,2.0
11285,0.00419280072002692,0.9056449555258147,0.0,0.1,330.01935157773244,705.7726288001425,1.0,0.0,0.0,0.0,2.0
11286,0.0019105239612232032,0.4126731756242119,0.0,0.1,344.5849141617926,694.5670209736633,1.0,0.0,0.0,0.0,2.0
11287,0.0048115184909895605,1.0392879940537452,0.0,0.1,353.21635790813764,693.4361723770475,1.0,0.0,0.0,0.0,2.0
11288,0.0034863541721614107,0.7530525011868647,0.0,0.1,363.61506867671477,686.0962933818795,1.0,0.0,0.0,0.0,2.0
11289,0.0022331607593471916,0.4823627240189933,0.0,0.1,,,1.0,0.0,,,2.0
11290,0.002113041429759065,0.4564169488279581,0.0,0.1,385.91949776005293,670.975658841215,1.0,0.0,0.0,0.0,2.0
11291,0.0021344284183525725,0.46103653836415565,0.0,0.1,390.80689753197356,668.1910782497124,1.0,0.0,0.0,0.0,2.0
11292,0.0035269368099822094,0.7618183509561572,0.0,0.1,400.6975899662372,661.3237851670397,1.0,0.0,0.0,0.0,2.0
11293,0.00328369419078231,0.7092779452089789,0.0,0.1,407.45571969606505,655.3410811870972,1.0,0.0,0.0,0.0,2.0
11294,0.0025121671175433553,0.5426280973893648,0.0,0.1,416.46884784012514,651.3549861480084,1.0,0.0,0.0,0.0,2.0
11295,0.0015719771967184742,0.3395470744911904,0.0,0.1,423.7135783222661,647.2958661606958,1.0,0.0,0.0,0.0,2.0
11296,0.0014265751684632646,0.3081402363880652,0.0,0.1,426.9642084530292,643.1969565266178,1.0,0.0,0.0,0.0,2.0
11297,0.0035575410202552376,0.7684288603751314,0.0,0.1,434.2087212864341,636.891293299862,1.0,0.0,0.0,0.0,2.0
11298,0.0018420450538013619,0.39788173162109414,0.0,0.1,443.8602804647021,629.5539536223419,1.0,0.0,0.0,0.0,2.0
11299,0.0030039348006048986,0.6488499169306581,0.0,0.1,452.53377483646454,621.3794762174537,1.0,0.0,0.0,0.0,2.0
11300,0.000840120080273442,0.18146593733906347,0.0,0.1,459.9664775403793,616.2770639184853,1.0,0.0,0.0,0.0,2.0
11301,0.004163028069462581,0.8992140630039175,0.0,0.1,463.6241408831247,611.2059632534707,1.0,0.0,0.0,0.0,2.0
11302,0.0026128650192669893,0.5643788441616697,0.0,0.1,471.0222290735752,601.4627835209533,1.0,0.0,0.0,0.0,2.0
11303,0.0030146649872278427,0.6511676372412141,0.0,0.1,482.78823784289955,592.4038981704891,1.0,0.0,0.0,0.0,2.0
11304,0.0018438858584285173,0.39827934542055976,0.0,0.1,491.9596354462602,585.5112963986746,1.0,0.0,0.0,0.0,2.0
11305,0.002128604066300323,0.4597784783208697,0.0,0.1,495.75912387894914,581.6753141783199,1.0,0.0,0.0,0.0,2.0
11306,0.0037501035099888574,0.8100223581575933,0.0,0.1,501.27185256294183,577.4535791656223,1.0,0.0,0.0,0.0,2.0
11307,0.002237494041936196,0.4832987130582183,0.0,0.1,507.9885871855082,568.6272997427852,1.0,0.0,0.0,0.0,2.0
11308,0.0017116477204378922,0.3697159076145847,0.0,0.1,512.4846804745076,560.7190016862514,1.0,0.0,0.0,0.0,2.0
11309,0.0020947032464361188,0.4524559012302017,0.0,0.1,517.9907209621188,554.0370144486346,1.0,0.0,0.0,0.0,2.0
11310,0.001711373361501611,0.36965664608434795,0.0,0.1,520.2483006426695,552.6546659679896,1.0,0.0,0.0,0.0,2.0
11311,0.0017721875020358213,0.3827925004397374,0.0,0.1,523.1582459262107,549.2066294764453,1.0,0.0,0.0,0.0,2.0
11312,0.001990883021698749,0.43003073268692976,0.0,0.1,526.1501941643547,543.7195623510626,1.0,0.0,0.0,0.0,2.0
11313,0.0006216934473936306,0.1342857846370242,0.0,0.1,526.946838610191,539.5624590013927,1.0,0.0,0.0,0.0,2.0
11314,0.0016709239774384205,0.36091957912669886,0.0,0.1,527.8247226504004,535.8868817773522,1.0,0.0,0.0,0.0,2.0
11315,0.0014120970244236083,0.3050129572754994,0.0,0.1,530.1367197518306,534.8265690621108,1.0,0.0,0.0,0.0,2.0
11316,0.001357477073953228,0.29321504797389725,0.0,0.1,532.5961333036446,533.5880152855121,1.0,0.0,0.0,0.0,2.0
11317,0.0003832293916568614,0.08277754859788207,1.0,0.1,533.2703630080233,533.6401202718703,1.0,0.0,0.0,0.0,2.0
11318,0.000838942945919914,0.18121167631870141,0.0,0.1,535.3120312882563,535.1962863882493,1.0,0.0,0.0,0.0,2.0
11319,0.0005623794441416445,0.1214739599345952,0.0,0.1,538.0779638815783,539.57591698247,1.0,0.0,0.0,0.0,2.0
11320,0.0009598037137182216,0.20731760216313588,0.0,0.1,538.9562300716188,542.5827763441997,1.0,0.0,0.0,0.0,2.0
11321,0.0011121779973067127,0.24023044741824995,0.0,0.1,542.9712404750132,549.0609019116321,1.0,0.0,0.0,0.0,2.0
11322,0.0002869580287745631,0.06198293421530564,1.0,0.1,,,1.0,0.0,,,2.0
11323,0.0013852091370206196,0.2992051735964538,0.0,0.1,,,1.0,0.0,,,2.0
11324,0.00042774999940353877,0.09239399987116437,1.0,0.1,539.1772563195644,556.012631281538,1.0,0.0,0.0,0.0,2.0
11325,0.0007486194341321754,0.1617017977725499,0.0,0.1,539.185260406132,558.4603633209432,1.0,0.0,0.0,0.0,2.0
11326,0.00013686454393910204,0.02956274149084604,1.0,0.1,,,1.0,0.0,,,2.0
11327,0.00012173289448524703,0.02629430520881336,1.0,0.1,,,1.0,0.0,,,2.0
11328,0.0007771048298995188,0.16785464325829605,0.0,0.1,,,1.0,0.0,,,2.0
11329,,,,0.1,556.6508233868576,589.3646616743401,1.0,0.0,0.0,0.0,2.0
11330,,,,0.1,563.2162960027291,594.4043913865066,,,0.0,0.0,2.0
11331,,,,0.1,565.9441109857396,599.440092237361,,,0.0,0.0,2.0
11332,,,,0.1,566.7368521578419,601.1242993321594,,,0.0,0.0,2.0
11333,0.0008879990177667951,0.19180778783762772,0.0,0.1,564.3047791601904,600.6568091783254,1.0,0.0,0.0,0.0,2.0
11334,0.00116881062507874,0.2524630950170078,0.0,0.1,560.2246141455327,599.0423839284683,1.0,0.0,0.0,0.0,2.0
11335,0.0003032486618369158,0.0655017109567738,1.0,0.1,559.7397886337956,602.1703498506946,1.0,0.0,0.0,0.0,2.0
11336,0.0017004982366055738,0.367307619106804,0.0,0.1,562.3281113259368,603.940692175048,1.0,0.0,0.0,0.0,2.0
11337,0.0008741572266586035,0.18881796095825837,0.0,0.1,565.477035976869,605.3682447406522,1.0,0.0,0.0,0.0,2.0
11338,0.001584947946829845,0.34234875651524654,0.0,0.1,566.8260043741243,605.6311531723242,1.0,0.0,0.0,0.0,2.0
11339,0.0013342053266974317,0.28818835056664527,0.0,0.1,568.326767688599,607.7960056452041,1.0,0.0,0.0,0.0,2.0
11340,0.0002441399392938304,0.052734226887467366,1.0,0.1,566.6810775205067,614.5992296302709,1.0,0.0,0.0,0.0,2.0
11341,0.0019425500614575276,0.41959081327482595,0.0,0.1,566.28166218775,613.4450214176934,1.0,0.0,0.0,0.0,2.0
11342,0.0018409157293143373,0.3976377975318969,0.0,0.1,572.9560596037649,606.9469191277891,1.0,0.0,0.0,0.0,2.0
11343,0.0012170742926860582,0.2628880472201886,0.0,0.1,576.2313578384254,606.7191655698635,1.0,0.0,0.0,0.0,2.0
11344,0.00039539966537466894,0.08540632772092849,1.0,0.1,577.0710772359572,608.3850277036702,1.0,0.0,0.0,0.0,2.0
11345,0.00021713545050778939,0.04690125730968251,1.0,0.1,577.235555274006,608.9510374594778,1.0,0.0,0.0,0.0,2.0
11346,0.001774993196533553,0.38339853045124744,0.0,0.1,575.0138813426822,605.2505327770184,1.0,0.0,0.0,0.0,2.0
11347,0.0008788940470666107,0.1898411141663879,0.0,0.1,575.8187959958483,603.5657072691721,1.0,0.0,0.0,0.0,2.0
11348,0.00023400708250415777,0.050545529820898084,1.0,0.1,575.6332826998299,603.4102671781552,1.0,0.0,0.0,0.0,2.0
11349,0.00024811139843461546,0.05359206206187694,1.0,0.1,577.9041988821524,607.3600028854919,1.0,0.0,0.0,0.0,2.0
11350,0.0008740979600460936,0.18880515936995623,0.0,0.1,577.7250527402651,608.827044370273,1.0,0.0,0.0,0.0,2.0
11351,0.00017556409048882709,0.037921843545586656,1.0,0.1,577.1495957161114,615.417275032358,1.0,0.0,0.0,0.0,2.0
11352,0.001099204868387313,0.2374282515716596,0.0,0.1,,,1.0,0.0,,,2.0
11353,0.0017127556157431677,0.3699552130005242,0.0,0.1,574.7783395701414,628.2985514664506,1.0,0.0,0.0,0.0,2.0
11354,0.0010240085642224356,0.2211858498720461,0.0,0.1,578.4243840814692,635.844921158664,1.0,0.0,0.0,0.0,2.0
11355,0.001689731621177651,0.36498203017437264,0.0,0.1,579.9905902862967,640.7767410772703,1.0,0.0,0.0,0.0,2.0
11356,0.0008790579105808291,0.1898765086854591,0.0,0.1,584.6808458941288,656.4900888113447,1.0,0.0,0.0,0.0,2.0
11357,0.0009012642306926743,0.19467307382961765,0.0,0.1,584.4606146066917,667.0063599926659,1.0,0.0,0.0,0.0,2.0
11358,0.0006694464347756746,0.14460042991154573,0.0,0.1,590.8096931054048,675.5156396147836,1.0,0.0,0.0,0.0,2.0
11359,0.00042763136828401373,0.09236837554934696,1.0,0.1,592.81850939728,678.4618713785568,1.0,0.0,0.0,0.0,2.0
11360,0.00015992235470369055,0.03454322861599716,1.0,0.1,591.0548737325313,685.8294160004506,1.0,0.0,0.0,0.0,2.0
11361,0.00024745338365644344,0.05344993086979179,1.0,0.1,588.2513835800715,689.1797266497945,1.0,0.0,0.0,0.0,2.0
11362,0.0008919839081190955,0.19266852415372462,0.0,0.1,,,1.0,0.0,,,2.0
11363,0.00014518894192084897,0.031360811454903374,1.0,0.1,,,1.0,0.0,,,2.0
11364,0.0003568290243080351,0.07707506925053559,1.0,0.1,582.5095611653286,696.4052834096826,1.0,0.0,0.0,0.0,2.0
11365,0.0007875166657647777,0.170103599805192,0.0,0.1,574.0106087492591,698.370541172251,1.0,0.0,0.0,0.0,2.0
11366,8.77116711247231e-05,0.01894572096294019,1.0,0.1,569.2260713691022,698.8167292537048,1.0,0.0,0.0,0.0,2.0
11367,0.00028904811127729725,0.06243439203589621,1.0,0.1,,,1.0,0.0,,,2.0
11368,0.0004049383118141525,0.08746667535185694,1.0,0.1,,,1.0,0.0,,,2.0
11369,0.00038642286733740256,0.08346733934487896,1.0,0.1,,,1.0,0.0,,,2.0
11370,0.0006469887326367785,0.13974956624954415,0.0,0.1,,,1.0,0.0,,,2.0
11371,,,,0.1,543.1477376332248,687.0877690434949,1.0,0.0,0.0,0.0,2.0
11372,,,,0.1,,,,,,,2.0
11373,,,,0.1,534.0812800044964,683.0066083511033,,,0.0,0.0,2.0
11374,,,,0.1,,,,,,,2.0
11375,,,,0.1,,,,,,,2.0
11376,,,,0.1,,,,,,,2.0
11377,,,,0.1,,,,,,,2.0
11378,,,,0.1,,,,,,,2.0
11379,,,,0.1,,,,,,,2.0
11380,,,,0.1,,,,,,,2.0
11381,,,,0.1,,,,,,,2.0
11382,,,,0.1,510.91744246417284,656.6525841636616,,,0.0,0.0,2.0
11383,,,,0.1,,,,,,,2.0
11384,,,,0.1,,,,,,,2.0
11385,,,,0.1,,,,,,,2.0
11386,,,,0.1,,,,,,,2.0
11387,,,,0.1,,,,,,,2.0
11388,,,,0.1,504.1216895399179,642.6996130593353,,,0.0,0.0,2.0
11389,,,,0.1,505.1171800208879,635.1095992619004,,,0.0,0.0,2.0
11390,,,,0.1,507.66386458339383,633.3294524842762,,,0.0,0.0,2.0
11391,,,,0.1,,,,,,,2.0
11392,,,,0.1,,,,,,,2.0
11393,,,,0.1,535.6239216882849,634.4814430137584,,,0.0,0.0,2.0
11394,0.0007960524209177015,0.17194732291822354,0.0,0.1,540.6641630523624,624.7723199037972,1.0,0.0,0.0,0.0,2.0
11395,0.0014745592972348193,0.318504808202721,0.0,0.1,540.5394248186033,621.2291560111191,1.0,0.0,0.0,0.0,2.0
11396,9.565831377345891e-05,0.020662195775067126,1.0,0.1,536.2259559944468,609.5565493794123,1.0,0.0,0.0,0.0,2.0
11397,0.001463278735523388,0.3160682068730518,0.0,0.1,525.6795064473653,601.1380576112565,1.0,0.0,0.0,0.0,2.0
11398,0.0018335306893491347,0.3960426288994131,0.0,0.1,517.5951368175084,589.8784628934901,1.0,0.0,0.0,0.0,2.0
11399,0.0010358378673646247,0.22374097935075896,0.0,0.1,512.0624625881136,578.64454695333,1.0,0.0,0.0,0.0,2.0
11400,0.0016338261149918705,0.352906440838244,0.0,0.1,508.487719710504,575.5853097428756,1.0,0.0,0.0,0.0,2.0
11401,0.001871328978992857,0.4042070594624571,0.0,0.1,501.0824144864502,566.1602540404436,1.0,0.0,0.0,0.0,2.0
11402,0.001973832294546474,0.4263477756220384,0.0,0.1,488.82996604230414,553.4473630994083,1.0,0.0,0.0,0.0,2.0
11403,0.0002621653391124361,0.05662771324828621,1.0,0.1,477.93170028682425,544.278377344114,1.0,0.0,0.0,0.0,2.0
11404,0.0012205377824073208,0.26363616099998133,0.0,0.1,476.5177782653593,540.2288975189985,1.0,0.0,0.0,0.0,2.0
11405,0.0005293098771937164,0.11433093347384275,0.0,0.1,475.0012226193663,533.5815665524995,1.0,0.0,0.0,0.0,2.0
11406,0.0018825395638853216,0.40662854579922947,0.0,0.1,476.8844400320992,529.2811616678165,1.0,0.0,0.0,0.0,2.0
11407,0.001873108417668735,0.4045914182164468,0.0,0.1,478.8737342152493,522.3338560059245,1.0,0.0,0.0,0.0,2.0
11408,0.0013014557016097512,0.28111443154770627,0.0,0.1,486.60106776663184,511.92066093178664,1.0,0.0,0.0,0.0,2.0
11409,0.0024901750861227204,0.5378778186025076,0.0,0.1,491.46689823794384,505.50759412884446,1.0,0.0,0.0,0.0,2.0
11410,0.002112292626576571,0.45625520734053937,0.0,0.1,501.2257611635969,493.28090799078217,1.0,0.0,0.0,0.0,2.0
11411,0.0030867529370840496,0.6667386344101548,0.0,0.1,510.7471805287349,482.26061066368254,1.0,0.0,0.0,0.0,2.0
11412,0.0015508727463849964,0.33498851321915923,0.0,0.1,516.4583147655252,473.28744706871055,1.0,0.0,0.0,0.0,2.0
11413,0.002581815601668059,0.5576721699603008,0.0,0.1,520.0820136066452,469.8934059132485,1.0,0.0,0.0,0.0,2.0
11414,0.003303738943130014,0.713607611716083,0.0,0.1,531.9208089079195,458.72281536614634,1.0,0.0,0.0,0.0,2.0
11415,0.0033824108151702774,0.7306007360767799,0.0,0.1,546.9198070858338,446.22153446348483,1.0,0.0,0.0,0.0,2.0
11416,0.0028942325709320044,0.625154235321313,0.0,0.1,561.1142854017324,433.9702786454886,1.0,0.0,0.0,0.0,2.0
11417,0.0014157964788991154,0.30581203944220897,0.0,0.1,571.2381543650094,427.6897902329702,1.0,0.0,0.0,0.0,2.0
11418,0.004701585304025276,1.0155424256694596,0.0,0.1,577.1573172375923,422.56260622689354,1.0,0.0,0.0,0.0,2.0
11419,0.004414427108374882,0.9535162554089747,0.0,0.1,592.6390525225167,411.5807162526735,1.0,0.0,0.0,0.0,2.0
11420,0.0048568653550214985,1.0490829166846436,0.0,0.1,610.3956259080659,399.2403646675603,1.0,0.0,0.0,0.0,2.0
11421,0.001622185364274582,0.35039203868330976,0.0,0.1,630.3506626218231,385.4281408388509,1.0,0.0,0.0,0.0,2.0
11422,0.00502611201768258,1.0856401958194375,0.0,0.1,638.4825396343628,380.28915315796695,1.0,0.0,0.0,0.0,2.0
11423,0.0036707137446477106,0.7928741688439055,0.0,0.1,648.3026140581383,376.7810151482781,1.0,0.0,0.0,0.0,2.0
11424,0.0034060215264698204,0.7357006497174812,0.0,0.1,658.0220817329285,370.1096858929306,0.0,1.0,0.0,0.0,2.0
11425,0.0032169452873440935,0.6948601820663243,0.0,0.1,671.3996285065309,357.7818884014,0.0,1.0,0.0,0.0,2.0
11426,0.000943934985896515,0.20388995695364726,0.0,0.1,677.8681087661737,349.1931282124667,0.0,1.0,0.0,0.0,2.0
11427,0.003415620972402064,0.7377741300388458,0.0,0.1,678.0553976150773,345.76929800495293,0.0,1.0,0.0,0.0,2.0
11428,0.0029727999852190183,0.642124796807308,0.0,0.1,676.4837247736791,339.722601784993,0.0,1.0,0.0,0.0,2.0
11429,0.0024717238455255162,0.5338923506335115,0.0,0.1,677.066785314268,335.5975829909196,0.0,1.0,0.0,0.0,2.0
11430,0.0015929207035379617,0.3440708719641997,0.0,0.1,683.5806447672217,324.2420229739221,0.0,1.0,0.0,0.0,2.0
11431,0.0017702249594092232,0.38236859123239225,0.0,0.1,687.7699776672243,316.6573634268066,0.0,1.0,0.0,0.0,2.0
11432,0.0014203570822686918,0.3067971297700374,0.0,0.1,694.4489359961506,307.1448267903435,0.0,1.0,0.0,0.0,2.0
11433,0.002745654535557975,0.5930613796805226,0.0,0.1,696.3069943178922,299.2997957170311,0.0,1.0,0.0,0.0,2.0
11434,0.00227787915514065,0.49202189751038045,0.0,0.1,698.4643863257462,290.44779078425825,0.0,1.0,0.0,0.0,2.0
11435,0.0018428617296638319,0.39805813360738773,0.0,0.1,708.7152716234029,281.57229030706134,0.0,1.0,0.0,0.0,2.0
11436,0.0016583289820609132,0.3581990601251573,0.0,0.1,716.3616295435593,277.3261059730013,0.0,1.0,0.0,0.0,2.0
11437,0.004053948405590757,0.8756528556076035,0.0,0.1,729.2305416436299,269.12983020387196,0.0,1.0,0.0,0.0,2.0
11438,0.0032618296883249478,0.7045552126781888,0.0,0.1,739.5466760784257,260.26963096519785,0.0,1.0,0.0,0.0,2.0
11439,0.0008416631417548193,0.181799238619041,0.0,0.1,751.7043329342,251.56799402223217,0.0,1.0,0.0,0.0,2.0
11440,0.004105054564260875,0.886691785880349,0.0,0.1,756.8691554273768,249.09794547500698,0.0,1.0,0.0,0.0,2.0
11441,0.004502079326231845,0.9724491344660787,0.0,0.1,767.8392452488085,242.01882616172625,0.0,1.0,0.0,0.0,2.0
11442,0.0032308520796038224,0.6978640491944257,0.0,0.1,782.5373187102322,237.56681866420038,0.0,1.0,0.0,0.0,2.0
11443,0.005212851044246853,1.1259758255573202,0.0,0.1,797.2758479205802,232.70635682514748,0.0,1.0,0.0,0.0,2.0
11444,0.0012187329448864548,0.2632463160954743,0.0,0.1,810.1657865061161,229.64345801870667,0.0,1.0,0.0,0.0,2.0
11445,0.00447880496995636,0.967421873510574,0.0,0.1,816.0812536347863,229.7446522914764,0.0,1.0,0.0,0.0,2.0
11446,0.004488250789918719,0.9694621706224434,0.0,0.1,825.2095130766655,225.54242515561222,0.0,1.0,0.0,0.0,2.0
11447,0.004889264678602548,1.0560811705781503,0.0,0.1,836.7478858991964,222.48628663507742,0.0,1.0,0.0,0.0,2.0
11448,0.001493811224783626,0.32266322455326324,0.0,0.1,852.4184838931599,215.5790666224965,0.0,1.0,0.0,0.0,2.0
11449,0.0025678918171538065,0.5546646325052222,0.0,0.1,858.8166216362526,211.6435346224199,0.0,1.0,0.0,0.0,2.0
11450,0.0038766780696115073,0.8373624630360856,0.0,0.1,871.4124576837177,205.7753602297371,0.0,1.0,0.0,0.0,2.0
11451,0.0032617432341983275,0.7045365385868388,0.0,0.1,878.1703500511306,201.70561658394675,0.0,1.0,0.0,0.0,2.0
11452,0.0027791179835001917,0.6002894844360415,0.0,0.1,888.396693368968,200.4145854947607,0.0,1.0,0.0,0.0,2.0
11453,0.0018533317912901668,0.40031966691867604,0.0,0.1,901.8175922202837,201.24570613428284,0.0,1.0,0.0,0.0,2.0
11454,0.0033564673626438196,0.724996950331065,0.0,0.1,906.155473044824,200.82963664805132,0.0,1.0,0.0,0.0,2.0
11455,0.003367357399986433,0.7273491983970695,0.0,0.1,915.3772247107587,200.43194385958054,0.0,1.0,0.0,0.0,2.0
11456,0.0022413344378918393,0.4841282385846373,0.0,0.1,921.1486459472511,203.4810815228144,0.0,1.0,0.0,0.0,2.0
11457,0.0010161480043131938,0.21948796893164987,0.0,0.1,928.313920253656,204.60476928089332,0.0,1.0,0.0,0.0,2.0
11458,0.0018702056780494556,0.4039644264586824,0.0,0.1,930.5032282081763,205.4812461553033,0.0,1.0,0.0,0.0,2.0
11459,0.0026858946523026016,0.580153244897362,0.0,0.1,938.6133396760216,213.7293434537424,0.0,1.0,0.0,0.0,2.0
11460,0.0024768918382180494,0.5350086370550986,0.0,0.1,950.8305105056842,224.7722017651938,0.0,1.0,0.0,0.0,2.0
11461,0.001890723238744439,0.40839621956879885,0.0,0.1,959.8064034382711,231.42192925131954,0.0,1.0,0.0,0.0,2.0
11462,0.0010893926790665853,0.23530881867838244,0.0,0.1,965.9773447820919,235.39741329735497,0.0,1.0,0.0,0.0,2.0
11463,0.002184233010218208,0.47179433020713296,0.0,0.1,968.8365404881625,236.83495404676165,0.0,1.0,0.0,0.0,2.0
11464,0.002834192041489086,0.6121854809616426,0.0,0.1,978.6332933778529,239.8489738939612,0.0,1.0,0.0,0.0,2.0
11465,0.0020430190013089287,0.44129210428272864,0.0,0.1,988.5833782638961,243.31449827932394,0.0,1.0,0.0,0.0,2.0
11466,0.00139928617601543,0.30224581401933287,0.0,0.1,997.6200218307491,248.52946816479962,0.0,1.0,0.0,0.0,2.0
11467,0.0024471171780995676,0.5285773104695066,0.0,0.1,1000.8371779373184,249.941777306046,0.0,1.0,0.0,0.0,2.0
11468,0.0021918486169095384,0.47343930125246025,0.0,0.1,1005.2776576807582,253.05575961859557,0.0,1.0,0.0,0.0,2.0
11469,0.0018731606475619524,0.4046026998733817,0.0,0.1,1013.4109734148032,260.0086648453241,0.0,1.0,0.0,0.0,2.0
11470,0.0028251866057231135,0.6102403068361926,0.0,0.1,1024.297165234973,270.58802177411343,0.0,1.0,0.0,0.0,2.0
11471,0.00021630959543423594,0.046722872613794965,1.0,0.1,1036.38203281343,279.0818250546844,0.0,1.0,0.0,0.0,2.0
11472,0.0012589151425767366,0.2719256707965751,0.0,0.1,1039.1695714866066,280.39258500107934,0.0,1.0,0.0,0.0,2.0
11473,0.002412534621772348,0.5211074783028272,0.0,0.1,1043.7871260515028,281.27516738194066,0.0,1.0,0.0,0.0,2.0
11474,0.0019329285759451095,0.4175125724041437,0.0,0.1,1051.4397340152425,283.9701272778482,0.0,1.0,0.0,0.0,2.0
11475,0.001347359276928931,0.2910296038166491,0.0,0.1,1061.3721456566054,288.84340094387187,0.0,1.0,0.0,0.0,2.0
11476,0.0022478561813081884,0.4855369351625687,0.0,0.1,1066.1744738320303,291.4200519493355,0.0,1.0,0.0,0.0,2.0
11477,0.0023910934579676663,0.5164761869210159,0.0,0.1,1074.6445054106875,299.1688641405965,0.0,1.0,0.0,0.0,2.0
11478,0.0012365163027388535,0.26708752139159236,0.0,0.1,1079.8343100357426,301.94047762550707,0.0,1.0,0.0,0.0,2.0
11479,0.0012456106594182512,0.2690519024343423,0.0,0.1,1080.3615282121616,302.67417012967604,0.0,1.0,0.0,0.0,2.0
11480,6.167489383715732e-05,0.013321777068825981,1.0,0.1,1078.7038645786909,294.14562517248237,0.0,1.0,0.0,0.0,2.0
11481,0.00033303672011980806,0.07193593154587855,1.0,0.1,1077.4652775626473,290.67558388747346,0.0,1.0,0.0,0.0,2.0
11482,0.0008022622334296843,0.1732886424208118,0.0,0.1,1073.468142652733,282.6899083900735,0.0,1.0,0.0,0.0,2.0
11483,0.002540490203247411,0.5487458839014407,0.0,0.1,1063.5472967749488,268.8713308952623,0.0,1.0,0.0,0.0,2.0
11484,0.0003610634861538352,0.0779897130092284,1.0,0.1,1044.1501674103602,244.11043202101095,0.0,1.0,0.0,0.0,2.0
11485,0.0012469155249146644,0.2693337533815675,0.0,0.1,1033.425163432033,232.6555604900457,0.0,1.0,0.0,0.0,2.0
11486,0.0010538237924670756,0.22762593917288831,0.0,0.1,1014.2861615323793,211.01853167958672,0.0,1.0,0.0,0.0,2.0
11487,0.00014052189165974819,0.030352728598505612,1.0,0.1,1000.1014840904357,195.41057591825503,0.0,1.0,0.0,0.0,2.0
11488,0.00017216544630576657,0.03718773640204558,1.0,0.1,994.6903949417473,187.91034879589336,0.0,1.0,0.0,0.0,2.0
11489,0.00024212965439375614,0.05230000534905133,1.0,0.1,989.6199110429449,182.49525608759157,0.0,1.0,0.0,0.0,2.0
11490,0.0007688603641140779,0.16607383864864084,0.0,0.1,982.154026182571,172.79465001323072,0.0,1.0,0.0,0.0,2.0
11491,0.0010574616493126906,0.2284117162515412,0.0,0.1,977.5334390137967,163.1021923936577,0.0,1.0,0.0,0.0,2.0
11492,0.002026370816598224,0.4376960963852164,0.0,0.1,977.5839345852838,157.13901217157496,0.0,1.0,0.0,0.0,2.0
11493,0.0009051583530043892,0.19551420424894805,0.0,0.1,975.530455236267,151.28614099658992,0.0,1.0,0.0,0.0,2.0
11494,0.0013471294031952897,0.2909799510901826,0.0,0.1,977.0413178186619,149.31612755565445,0.0,1.0,0.0,0.0,2.0
11495,0.0023971178578127993,0.5177774572875647,0.0,0.1,978.4051365356831,143.61701642453568,0.0,1.0,0.0,0.0,2.0
11496,0.0018449036984000038,0.3984991988544008,0.0,0.1,979.8839553351046,139.00420451457194,0.0,1.0,0.0,0.0,2.0
11497,0.0007663337822442064,0.16552809696474857,0.0,0.1,981.0652718733915,134.64245025736543,0.0,1.0,0.0,0.0,2.0
11498,0.00047869226485523086,0.10339752920872987,0.0,0.1,979.2340411033435,129.5940965734673,0.0,1.0,0.0,0.0,2.0
11499,0.0017303854946783225,0.37376326685051764,0.0,0.1,979.8413573695535,127.65697466507147,0.0,1.0,0.0,0.0,2.0
11500,0.0020601437466965604,0.4449910492864571,0.0,0.1,980.9881574854859,123.4934482195929,0.0,1.0,0.0,0.0,2.0
11501,0.0016436916765400233,0.355037402132645,0.0,0.1,977.7467692334429,115.63365496952636,0.0,1.0,0.0,0.0,2.0
11502,0.001067309162631035,0.23053877912830353,0.0,0.1,973.8933154092805,108.44281384658396,0.0,1.0,0.0,0.0,2.0
11503,0.0016332018877576366,0.35277160775564953,0.0,0.1,973.1414889023287,106.56929270926015,0.0,1.0,0.0,0.0,2.0
11504,0.0021919618181121957,0.4734637527122343,0.0,0.1,968.9689140665026,100.68621975159483,0.0,1.0,0.0,0.0,2.0
11505,0.0034121074960700827,0.7370152191511379,0.0,0.1,965.6711534489449,94.93114816031499,0.0,1.0,0.0,0.0,2.0
11506,0.0017216346326421094,0.37187308065069563,0.0,0.1,963.7799739392905,91.84805800548762,0.0,1.0,0.0,0.0,2.0
11507,0.001274078341311723,0.27520092172333216,0.0,0.1,963.5974411801861,90.68843167816894,0.0,1.0,0.0,0.0,2.0
11508,0.002349490351961994,0.5074899160237907,0.0,0.1,962.4188134814984,89.19633684750423,0.0,1.0,0.0,0.0,2.0
11509,0.002563492928741914,0.5537144726082533,0.0,0.1,963.8464969090201,90.19850817126601,0.0,1.0,0.0,0.0,2.0
11510,0.002032148037213177,0.43894397603804625,0.0,0.1,968.008467204505,95.01928433910568,0.0,1.0,0.0,0.0,2.0
11511,0.0014086203781473305,0.30426200167982337,0.0,0.1,977.9160200209153,106.5393779539051,0.0,1.0,0.0,0.0,2.0
11512,0.00415570654693859,0.8976326141387355,0.0,0.1,981.4878166727327,111.56433998864232,0.0,1.0,0.0,0.0,2.0
11513,0.004291533999953372,0.9269713439899284,0.0,0.1,988.2558205385438,121.54497148266636,0.0,1.0,0.0,0.0,2.0
11514,0.004555557381795372,0.9840003944678004,0.0,0.1,995.6184380094627,131.7023642839247,0.0,1.0,0.0,0.0,2.0
11515,0.0041110209615374945,0.8879805276920988,0.0,0.1,1006.7296489930295,145.58452362799775,0.0,1.0,0.0,0.0,2.0
11516,0.0018449659600312392,0.3985126473667477,0.0,0.1,1015.0494992692968,157.1589271101705,0.0,1.0,0.0,0.0,2.0
11517,0.004237238673917694,0.915243553566222,0.0,0.1,1017.9043577960064,162.33244427281605,0.0,1.0,0.0,0.0,2.0
11518,0.0035175035898812367,0.7597807754143471,0.0,0.1,1022.2651966935963,171.17079129854272,0.0,1.0,0.0,0.0,2.0
11519,,,,0.1,1025.2754094679963,180.65430187950372,0.0,1.0,0.0,0.0,2.0
11520,,,,0.1,1027.3108230108655,189.20731315879104,,,0.0,0.0,2.0
11521,0.005338213794757819,1.153054179667689,0.0,0.1,1028.8396154192778,194.45407238917608,0.0,1.0,0.0,0.0,2.0
11522,0.004449539649169511,0.9611005642206144,0.0,0.1,1033.3562376318073,205.22931658255436,0.0,1.0,0.0,0.0,2.0
11523,0.004052679456548073,0.8753787626143837,0.0,0.1,1035.8657635700868,218.00036560255418,0.0,1.0,0.0,0.0,2.0
11524,0.005028492441483612,1.0861543673604601,0.0,0.1,1040.7186062869237,231.56850035477086,0.0,1.0,0.0,0.0,2.0
11525,0.003277656559249097,0.707973816797805,0.0,0.1,1047.7706291706872,247.40512640028803,0.0,1.0,0.0,0.0,2.0
11526,0.004260401738986049,0.9202467756209866,0.0,0.1,,,0.0,1.0,,,2.0
11527,0.004760254921432372,1.0282150630293925,0.0,0.1,1059.1342076729127,268.8267755901107,0.0,1.0,0.0,0.0,2.0
11528,0.0037829838241021426,0.8171245060060628,0.0,0.1,1067.8844749360283,282.4790253531213,0.0,1.0,0.0,0.0,2.0
11529,0.0019426958015896635,0.4196222931433673,0.0,0.1,,,0.0,1.0,,,2.0
11530,0.003011743171253931,0.6505365249908491,0.0,0.1,,,0.0,1.0,,,2.0
11531,0.002857202111645267,0.6171556561153777,0.0,0.1,,,0.0,1.0,,,2.0
11532,0.0032818421864837274,0.7088779122804851,0.0,0.1,,,0.0,1.0,,,2.0
11533,0.002185652670225105,0.47210097676862267,0.0,0.1,,,0.0,1.0,,,2.0
11534,0.0010046309162215679,0.21700027790385865,0.0,0.1,,,0.0,1.0,,,2.0
11535,0.0038830579068957695,0.8387405078894863,0.0,0.1,,,0.0,1.0,,,2.0
11536,0.004209074562406042,0.909160105479705,0.0,0.1,,,0.0,1.0,,,2.0
11537,0.0015364344139683,0.33186983341715276,0.0,0.1,,,0.0,1.0,,,2.0
11538,0.00088714816078822,0.1916240027302555,0.0,0.1,,,0.0,1.0,,,2.0
11539,0.0009845727483183719,0.2126677136367683,0.0,0.1,,,0.0,1.0,,,2.0
11540,0.00046984158749542446,0.1014857828990117,0.0,0.1,,,0.0,1.0,,,2.0
11541,0.0005770373056135763,0.12464005801253247,0.0,0.1,,,0.0,1.0,,,2.0
11542,0.0013157782758181802,0.28420810757672693,0.0,0.1,,,0.0,1.0,,,2.0
11543,0.0004363370202685485,0.09424879637800648,1.0,0.1,,,0.0,1.0,,,2.0
11544,0.0014859542129492974,0.3209661099970482,0.0,0.1,,,0.0,1.0,,,2.0
11545,0.0012868476656311637,0.2779590957763314,0.0,0.1,,,0.0,1.0,,,2.0
11546,0.0011369607315167322,0.24558351800761416,0.0,0.1,,,0.0,1.0,,,2.0
11547,0.0005024446134518572,0.10852803650560117,0.0,0.1,,,0.0,1.0,,,2.0
11548,0.001422606587974257,0.30728302300243954,0.0,0.1,,,0.0,1.0,,,2.0
11549,0.0017048851104885954,0.36825518386553663,0.0,0.1,,,0.0,1.0,,,2.0
11550,0.0020965617846270203,0.4528573454794364,0.0,0.1,,,0.0,1.0,,,2.0
11551,0.0016267496983540502,0.3513779348444748,0.0,0.1,,,0.0,1.0,,,2.0
11552,0.002908392876236816,0.6282128612671523,0.0,0.1,,,0.0,1.0,,,2.0
11553,0.0023019229035546236,0.4972153471677987,0.0,0.1,,,0.0,1.0,,,2.0
11554,,,,0.1,,,0.0,1.0,,,2.0
11555,,,,0.1,,,,,,,2.0
11556,0.0023979260121220203,0.5179520186183564,0.0,0.1,,,0.0,1.0,,,2.0
11557,0.0027175460821103874,0.5869899537358437,0.0,0.1,,,0.0,1.0,,,2.0
11558,0.002314215125292355,0.49987046706314875,0.0,0.1,,,0.0,1.0,,,2.0
11559,0.002316643247705103,0.5003949415043023,0.0,0.1,,,0.0,1.0,,,2.0
11560,0.0006943934561231389,0.149988986522598,0.0,0.1,,,0.0,1.0,,,2.0
11561,0.0014198993485908362,0.3066982592956206,0.0,0.1,,,0.0,1.0,,,2.0
11562,0.0009798633440876998,0.21165048232294317,0.0,0.1,,,0.0,1.0,,,2.0
11563,0.0021275479901163553,0.4595503658651327,0.0,0.1,,,0.0,1.0,,,2.0
11564,0.0009814117777412375,0.2119849439921073,0.0,0.1,,,0.0,1.0,,,2.0
11565,0.001403337311809506,0.30312085935085326,0.0,0.1,,,0.0,1.0,,,2.0
11566,0.0017046807563166763,0.3682110433644021,0.0,0.1,,,0.0,1.0,,,2.0
11567,0.0027827413476203817,0.6010721310860024,0.0,0.1,,,0.0,1.0,,,2.0
11568,0.0023289703304272586,0.5030575913722878,0.0,0.1,,,0.0,1.0,,,2.0
11569,0.0004790291415509448,0.10347029457500408,0.0,0.1,1218.7856439731115,440.77790545295835,0.0,1.0,0.0,0.0,2.0
11570,0.0017730289833806586,0.3829742604102223,0.0,0.1,,,0.0,1.0,,,2.0
11571,0.0010773160614110466,0.23270026926478607,0.0,0.1,,,0.0,1.0,,,2.0
11572,0.0008561422517201818,0.18492672637155927,0.0,0.1,,,0.0,1.0,,,2.0
11573,0.0006863890722720695,0.14826003961076703,0.0,0.1,,,0.0,1.0,,,2.0
11574,0.0006224711839799164,0.13445377573966194,0.0,0.1,,,0.0,1.0,,,2.0
11575,0.0015235983306048741,0.32909723941065283,0.0,0.1,,,0.0,1.0,,,2.0
11576,0.0006216195507783997,0.13426982296813433,0.0,0.1,,,0.0,1.0,,,2.0
11577,0.0012702464408320185,0.274373231219716,0.0,0.1,,,0.0,1.0,,,2.0
11578,0.0005096738173199616,0.11008954454111171,0.0,0.1,,,0.0,1.0,,,2.0
11579,0.0013047593456275337,0.2818280186555473,0.0,0.1,,,0.0,1.0,,,2.0
11580,0.0012518883411773434,0.2704078816943062,0.0,0.1,,,0.0,1.0,,,2.0
11581,0.0004998282481232043,0.10796290159461212,0.0,0.1,,,0.0,1.0,,,2.0
11582,0.0009987300733104558,0.21572569583505843,0.0,0.1,,,0.0,1.0,,,2.0
11583,0.0002696097074090514,0.058235696800355105,1.0,0.1,,,0.0,1.0,,,2.0
11584,0.001141389845025447,0.24654020652549655,0.0,0.1,,,0.0,1.0,,,2.0
11585,0.0006060977086931069,0.1309171050777111,0.0,0.1,,,0.0,1.0,,,2.0
11586,3.275782920651835e-05,0.007075691108607963,1.0,0.1,,,0.0,1.0,,,2.0
11587,0.000247557637337266,0.05347244966484946,1.0,0.1,,,0.0,1.0,,,2.0
11588,0.000277128302399609,0.059859713318315556,1.0,0.1,,,0.0,1.0,,,2.0
11589,0.00023313532239787701,0.05035722963794144,1.0,0.1,,,0.0,1.0,,,2.0
11590,,,,0.1,1204.3775624254076,426.97703943556184,0.0,1.0,0.0,0.0,2.0
11591,,,,0.1,1200.8660525178557,424.49438779019704,,,0.0,0.0,2.0
11592,,,,0.1,,,,,,,2.0
11593,,,,0.1,,,,,,,2.0
11594,,,,0.1,1210.475486443172,447.58698871343927,,,0.0,0.0,2.0
11595,,,,0.1,,,,,,,2.0
11596,,,,0.1,,,,,,,2.0
11597,0.0008189116905497613,0.17688492515874846,0.0,0.1,,,0.0,1.0,,,2.0
11598,0.0005259831410124989,0.11361235845869977,0.0,0.1,,,0.0,1.0,,,2.0
11599,,,,0.1,,,0.0,1.0,,,2.0
11600,,,,0.1,,,,,,,2.0
11601,0.00017769457666073628,0.038382028558719035,1.0,0.1,,,0.0,1.0,,,2.0
11602,0.0012507501192738416,0.2701620257631498,0.0,0.1,,,0.0,1.0,,,2.0
11603,0.00017643356439075086,0.03810964990840219,1.0,0.1,,,0.0,1.0,,,2.0
11604,0.00039372184543176223,0.08504391861326065,1.0,0.1,,,0.0,1.0,,,2.0
11605,0.0006793013258971358,0.14672908639378132,0.0,0.1,,,0.0,1.0,,,2.0
11606,0.00011402866049011189,0.02463019066586417,1.0,0.1,,,0.0,1.0,,,2.0
11607,0.0006547489375166604,0.14142577050359864,0.0,0.1,,,0.0,1.0,,,2.0
11608,0.0004980627055692617,0.10758154440296054,0.0,0.1,,,0.0,1.0,,,2.0
11609,0.0013034563098832926,0.2815465629347912,0.0,0.1,,,0.0,1.0,,,2.0
11610,0.0003526317546785805,0.07616845901057338,1.0,0.1,,,0.0,1.0,,,2.0
11611,0.0009128979602430053,0.19718595941248915,0.0,0.1,1144.505309056756,445.10414729450866,0.0,1.0,0.0,0.0,2.0
11612,,,,0.1,1139.269387905698,441.83132766506543,0.0,1.0,0.0,0.0,2.0
11613,,,,0.1,1131.3770081457358,438.29306702895025,,,0.0,0.0,2.0
11614,0.0014283627683092709,0.30852635795480254,0.0,0.1,1122.9339340932072,431.4425004708747,0.0,1.0,0.0,0.0,2.0
11615,0.0007627409595254892,0.16475204725750564,0.0,0.1,1120.2235470837263,427.78624214074785,0.0,1.0,0.0,0.0,2.0
11616,0.0012996663860502923,0.28072793938686313,0.0,0.1,,,0.0,1.0,,,2.0
11617,0.0012266626141754402,0.2649591246618951,0.0,0.1,,,0.0,1.0,,,2.0
11618,0.0019755646133286066,0.42672195647897904,0.0,0.1,,,0.0,1.0,,,2.0
11619,0.0010553501443686297,0.22795563118362405,0.0,0.1,,,0.0,1.0,,,2.0
11620,0.0015268914155518124,0.3298085457591915,0.0,0.1,1122.7678442091442,413.1565462539629,0.0,1.0,0.0,0.0,2.0
11621,0.0018167860756873094,0.39242579234845887,0.0,0.1,1124.6348600482122,410.1585417809222,0.0,1.0,0.0,0.0,2.0
11622,0.0011676266812588668,0.2522073631519152,0.0,0.1,,,0.0,1.0,,,2.0
11623,0.0012523224449686092,0.2705016481132196,0.0,0.1,,,0.0,1.0,,,2.0
11624,0.0010124331984453711,0.21868557086420015,0.0,0.1,,,0.0,1.0,,,2.0
11625,0.0012991206614317904,0.2806100628692667,0.0,0.1,,,0.0,1.0,,,2.0
11626,0.0012245599604345245,0.26450495145385733,0.0,0.1,,,0.0,1.0,,,2.0
11627,0.001424379568961919,0.3076659868957745,0.0,0.1,,,0.0,1.0,,,2.0
11628,0.0014761635661132478,0.31885133028046153,0.0,0.1,,,0.0,1.0,,,2.0
11629,0.002670587338512477,0.5768468651186951,0.0,0.1,,,0.0,1.0,,,2.0
11630,0.002871627243476745,0.6202714845909769,0.0,0.1,,,0.0,1.0,,,2.0
11631,0.0010760735630710855,0.23243188962335445,0.0,0.1,,,0.0,1.0,,,2.0
11632,,,,0.1,,,0.0,1.0,,,2.0
11633,,,,0.1,,,,,,,2.0
11634,,,,0.1,,,,,,,2.0
11635,0.0007998838745048455,0.17277491689304664,0.0,0.1,,,0.0,1.0,,,2.0
11636,0.0006836650023186723,0.14767164050083323,0.0,0.1,,,0.0,1.0,,,2.0
11637,0.0004274652304333998,0.09233248977361436,1.0,0.1,,,0.0,1.0,,,2.0
11638,0.0008388737858446517,0.18119673774244477,0.0,0.1,,,0.0,1.0,,,2.0
11639,0.0001610286130507879,0.034782180418970195,1.0,0.1,,,0.0,1.0,,,2.0
11640,0.0002450277425346369,0.05292599238748157,1.0,0.1,,,0.0,1.0,,,2.0
11641,0.0010146327796534506,0.21916068040514533,0.0,0.1,,,0.0,1.0,,,2.0
11642,0.0016291623353259328,0.3518990644304015,0.0,0.1,,,0.0,1.0,,,2.0
11643,0.0005577471968370557,0.12047339451680403,0.0,0.1,,,0.0,1.0,,,2.0
11644,0.0016056662236982057,0.3468239043188125,0.0,0.1,,,0.0,1.0,,,2.0
11645,9.091250750570617e-05,0.019637101621232535,1.0,0.1,,,0.0,1.0,,,2.0
11646,0.00012880349894610368,0.027821555772358394,1.0,0.1,,,0.0,1.0,,,2.0
11647,1.4610506432034943e-05,0.003155869389319548,1.0,0.1,,,0.0,1.0,,,2.0
11648,0.00011554740536335272,0.024958239558484186,1.0,0.1,,,0.0,1.0,,,2.0
11649,0.0013013886946114423,0.2810999580360715,0.0,0.1,,,0.0,1.0,,,2.0
11650,0.0011296376678314624,0.24400173625159588,0.0,0.1,,,0.0,1.0,,,2.0
11651,0.00014669509474082946,0.031686140464019165,1.0,0.1,,,0.0,1.0,,,2.0
11652,0.00029188726821755744,0.0630476499349924,1.0,0.1,,,0.0,1.0,,,2.0
11653,0.0001284320724075968,0.027741327640040912,1.0,0.1,,,0.0,1.0,,,2.0
11654,0.00011065826458166744,0.02390218514964017,1.0,0.1,,,0.0,1.0,,,2.0
11655,5.0118788104407164e-05,0.010825658230551947,1.0,0.1,,,0.0,1.0,,,2.0
11656,0.0002998448355422242,0.06476648447712043,1.0,0.1,,,0.0,1.0,,,2.0
11657,0.00012085030218563041,0.026103665272096167,1.0,0.1,,,0.0,1.0,,,2.0
11658,0.00017401660945115725,0.03758758764144996,1.0,0.1,,,0.0,1.0,,,2.0
11659,0.00014384049511666957,0.031069546945200626,1.0,0.1,,,0.0,1.0,,,2.0
11660,0.00013014204363977596,0.028110681426191608,1.0,0.1,,,0.0,1.0,,,2.0
11661,0.00015590264036731218,0.033674970319339435,1.0,0.1,,,0.0,1.0,,,2.0
11662,0.00017574883883562982,0.03796174918849604,1.0,0.1,,,0.0,1.0,,,2.0
11663,0.0004899028476070957,0.10581901508313267,0.0,0.1,,,0.0,1.0,,,2.0
11664,0.00022033784061843725,0.04759297357358244,1.0,0.1,,,0.0,1.0,,,2.0
11665,7.981172604036747e-05,0.017239332824719376,1.0,0.1,,,0.0,1.0,,,2.0
11666,4.730543411909369e-05,0.010217973769724236,1.0,0.1,,,0.0,1.0,,,2.0
11667,6.124136971309787e-05,0.01322813585802914,1.0,0.1,,,0.0,1.0,,,2.0
11668,3.661926865924179e-05,0.007909762030396226,1.0,0.1,,,0.0,1.0,,,2.0
11669,0.00010357097417684466,0.022371330422198445,1.0,0.1,,,0.0,1.0,,,2.0
11670,0.0003463708964042081,0.07481611362330895,1.0,0.1,,,0.0,1.0,,,2.0
11671,0.00027888996339036384,0.06024023209231859,1.0,0.1,,,0.0,1.0,,,2.0
11672,0.0015425469975110736,0.33319015146239195,0.0,0.1,,,0.0,1.0,,,2.0
11673,0.00010265074840638744,0.022172561655779688,1.0,0.1,,,0.0,1.0,,,2.0
11674,0.0004897126041333143,0.1057779224927959,0.0,0.1,,,0.0,1.0,,,2.0
11675,0.0004790399224980585,0.10347262325958065,0.0,0.1,,,0.0,1.0,,,2.0
11676,0.0009510965335450258,0.20543685124572555,0.0,0.1,,,0.0,1.0,,,2.0
11677,0.0017243221028107264,0.37245357420711694,0.0,0.1,,,0.0,1.0,,,2.0
11678,0.0007449375044351566,0.16090650095799383,0.0,0.1,,,0.0,1.0,,,2.0
11679,0.0009674091568593088,0.2089603778816107,0.0,0.1,,,0.0,1.0,,,2.0
11680,0.0025593321805769714,0.5528157510046258,0.0,0.1,,,0.0,1.0,,,2.0
11681,0.0018769775851131636,0.4054271583844433,0.0,0.1,,,0.0,1.0,,,2.0
11682,0.0007984988623654133,0.17247575427092926,0.0,0.1,,,0.0,1.0,,,2.0
11683,0.0021489881129499616,0.46418143239719173,0.0,0.1,,,0.0,1.0,,,2.0
11684,0.003994393922958272,0.8627890873589867,0.0,0.1,,,0.0,1.0,,,2.0
11685,0.001449308417934813,0.3130506182739196,0.0,0.1,,,0.0,1.0,,,2.0
11686,0.0008649095810357876,0.18682046950373013,0.0,0.1,,,0.0,1.0,,,2.0
11687,,,,0.1,,,0.0,1.0,,,2.0
11688,,,,0.1,,,,,,,2.0
11689,0.0020846283310945245,0.45027971951641727,0.0,0.1,,,0.0,1.0,,,2.0
11690,0.001624972339861146,0.35099402541000757,0.0,0.1,,,0.0,1.0,,,2.0
11691,0.0004790915335312647,0.10348377124275318,0.0,0.1,,,0.0,1.0,,,2.0
11692,0.0005610856967831079,0.1211945105051513,0.0,0.1,,,0.0,1.0,,,2.0
11693,0.0021488398852915354,0.4641494152229717,0.0,0.1,,,0.0,1.0,,,2.0
11694,0.0016794450478529583,0.362760130336239,0.0,0.1,,,0.0,1.0,,,2.0
11695,0.0011696327596523014,0.2526406760848971,0.0,0.1,,,0.0,1.0,,,2.0
11696,0.0011278456001461903,0.24361464963157708,0.0,0.1,,,0.0,1.0,,,2.0
11697,0.001142995047054852,0.24688693016384805,0.0,0.1,,,0.0,1.0,,,2.0
11698,0.003114489234325316,0.6727296746142682,0.0,0.1,,,0.0,1.0,,,2.0
11699,0.0033364319198363472,0.720669294684651,0.0,0.1,,,0.0,1.0,,,2.0
11700,0.0011301120245411148,0.2441041973008808,0.0,0.1,,,0.0,1.0,,,2.0
11701,0.002113353266482431,0.4564843055602051,0.0,0.1,,,0.0,1.0,,,2.0
11702,0.0015205445123336794,0.32843761466407473,0.0,0.1,,,0.0,1.0,,,2.0
11703,0.0010985626223532715,0.23728952642830667,0.0,0.1,,,0.0,1.0,,,2.0
11704,0.002463944548148596,0.5322120224000967,0.0,0.1,,,0.0,1.0,,,2.0
11705,0.0006669426522001975,0.1440596128752427,0.0,0.1,,,0.0,1.0,,,2.0
11706,0.0015180393176936298,0.327896492621824,0.0,0.1,,,0.0,1.0,,,2.0
11707,0.001338948869921499,0.2892129559030438,0.0,0.1,,,0.0,1.0,,,2.0
11708,0.0008485073218150858,0.18327758151205856,0.0,0.1,,,0.0,1.0,,,2.0
11709,0.0002685223274812507,0.058000822735950155,1.0,0.1,,,0.0,1.0,,,2.0
11710,0.000949873994744182,0.20517278286474333,0.0,0.1,,,0.0,1.0,,,2.0
11711,0.0005073524840279072,0.10958813655002797,0.0,0.1,,,0.0,1.0,,,2.0
11712,0.00020680707825852869,0.0446703289038422,1.0,0.1,,,0.0,1.0,,,2.0
11713,0.0004232457144605489,0.09142107432347855,1.0,0.1,,,0.0,1.0,,,2.0
11714,0.00048205659819529557,0.10412422521018384,0.0,0.1,,,0.0,1.0,,,2.0
11715,8.553637812573906e-05,0.01847585767515964,1.0,0.1,,,0.0,1.0,,,2.0
11716,0.0003484824500712573,0.07527220921539159,1.0,0.1,,,0.0,1.0,,,2.0
11717,0.0009458221160952982,0.2042975770765844,0.0,0.1,,,0.0,1.0,,,2.0
11718,0.0007470167638314177,0.1613556209875862,0.0,0.1,,,0.0,1.0,,,2.0
11719,0.0007281954406295937,0.15729021517599223,0.0,0.1,,,0.0,1.0,,,2.0
11720,0.0005082464641200142,0.10978123624992306,0.0,0.1,,,0.0,1.0,,,2.0
11721,,,,0.1,,,0.0,1.0,,,2.0
11722,,,,0.1,,,,,,,2.0
11723,,,,0.1,,,,,,,2.0
11724,,,,0.1,,,,,,,2.0
11725,,,,0.1,,,,,,,2.0
11726,,,,0.1,,,,,,,2.0
11727,,,,0.1,,,,,,,2.0
11728,,,,0.1,,,,,,,2.0
11729,,,,0.1,,,,,,,2.0
11730,,,,0.1,,,,,,,2.0
11731,,,,0.1,,,,,,,2.0
11732,,,,0.1,,,,,,,2.0
11733,,,,0.1,,,,,,,2.0
11734,,,,0.1,,,,,,,2.0
11735,,,,0.1,,,,,,,2.0
11736,,,,0.1,,,,,,,2.0
11737,,,,0.1,,,,,,,2.0
11738,,,,0.1,,,,,,,2.0
11739,,,,0.1,,,,,,,2.0
11740,0.00042289787869249977,0.09134594179757995,1.0,0.1,,,0.0,1.0,,,2.0
11741,0.0002602954110414547,0.05622380878495421,1.0,0.1,,,0.0,1.0,,,2.0
11742,0.0015510892556645979,0.33503527922355314,0.0,0.1,,,0.0,1.0,,,2.0
11743,,,,0.1,,,0.0,1.0,,,2.0
11744,,,,0.1,,,,,,,2.0
11745,,,,0.1,,,,,,,2.0
11746,,,,0.1,,,,,,,2.0
11747,,,,0.1,,,0.0,1.0,,,2.0
11748,,,,0.1,,,,,,,2.0
11749,,,,0.1,,,,,,,2.0
11750,,,,0.1,,,,,,,2.0
11751,,,,0.1,,,,,,,2.0
11752,,,,0.1,,,,,,,2.0
11753,,,,0.1,,,,,,,2.0
11754,,,,0.1,,,,,,,2.0
11755,0.0028662757839275255,0.6191155693283454,0.0,0.1,,,0.0,1.0,,,2.0
11756,0.0015501656865788648,0.3348357883010348,0.0,0.1,,,0.0,1.0,,,2.0
11757,0.002487531817417468,0.5373068725621731,0.0,0.1,,,0.0,1.0,,,2.0
11758,0.001496457074156595,0.32323472801782455,0.0,0.1,,,0.0,1.0,,,2.0
11759,0.0007111983108545831,0.15361883514458996,0.0,0.1,1188.7886940103217,398.16058978269547,0.0,1.0,0.0,0.0,2.0
11760,0.0010336895762712481,0.2232769484745896,0.0,0.1,1181.2336384691193,388.3698189207269,0.0,1.0,0.0,0.0,2.0
11761,0.0003004259463160122,0.06489200440425863,1.0,0.1,1183.119949831157,385.8984035302381,0.0,1.0,0.0,0.0,2.0
11762,0.001958561781382539,0.42304934477862843,0.0,0.1,1182.6277031216564,382.1594664792625,0.0,1.0,0.0,0.0,2.0
11763,0.0007695899989930693,0.16623143978250296,0.0,0.1,1176.1893939306626,372.3392406759652,0.0,1.0,0.0,0.0,2.0
11764,0.0009654265236764438,0.20853212911411187,0.0,0.1,,,0.0,1.0,,,2.0
11765,0.0009034803067378758,0.19515174625538118,0.0,0.1,1171.6237532795128,365.45293900725443,0.0,1.0,0.0,0.0,2.0
11766,0.0011380163096244044,0.24581152287887134,0.0,0.1,1170.2873310902526,362.76691743459423,0.0,1.0,0.0,0.0,2.0
11767,0.0004840962612403923,0.10456479242792475,0.0,0.1,1163.7884656355434,355.38353094853807,0.0,1.0,0.0,0.0,2.0
11768,0.0011167885999600912,0.24122633759137968,0.0,0.1,1161.0283670628294,349.89959586962,0.0,1.0,0.0,0.0,2.0
11769,4.446509656090649e-05,0.009604460857155803,1.0,0.1,1159.2705272915596,346.9220198847822,0.0,1.0,0.0,0.0,2.0
11770,6.834934091617769e-05,0.014763457637894379,1.0,0.1,1152.8581791892223,336.3917958532113,0.0,1.0,0.0,0.0,2.0
11771,0.001251075779002338,0.27023236826450503,0.0,0.1,1147.9382633372495,327.57676925244436,0.0,1.0,0.0,0.0,2.0
11772,0.0007775366893789236,0.1679479249058475,0.0,0.1,1147.5637267468837,326.51192370810287,0.0,1.0,0.0,0.0,2.0
11773,0.0008460137709509056,0.18273897452539561,0.0,0.1,1148.1683608403398,325.3786115584019,0.0,1.0,0.0,0.0,2.0
11774,0.0010524879883215847,0.22733740547746228,0.0,0.1,1148.2552497343625,320.6324308105383,0.0,1.0,0.0,0.0,2.0
11775,0.0012008884450026738,0.25939190412057755,0.0,0.1,1144.4409212494634,313.8247025292756,0.0,1.0,0.0,0.0,2.0
11776,0.001051900921572195,0.22721059905959412,0.0,0.1,1142.3783502814297,311.5532508163197,0.0,1.0,0.0,0.0,2.0
11777,0.0005067981660442292,0.10946840386555351,0.0,0.1,1136.6390618641606,307.72522399885514,0.0,1.0,0.0,0.0,2.0
11778,0.0014813483020755726,0.31997123324832366,0.0,0.1,1133.9980216260637,305.9290316229978,0.0,1.0,0.0,0.0,2.0
11779,0.0029468823955295913,0.6365265974343918,0.0,0.1,1128.9181710533987,303.93584465311733,0.0,1.0,0.0,0.0,2.0
11780,0.0033285742302359375,0.7189720337309625,0.0,0.1,1119.3164049886052,297.53775815744206,0.0,1.0,0.0,0.0,2.0
11781,0.0007072114772226746,0.1527576790800977,0.0,0.1,,,0.0,1.0,,,2.0
11782,0.003317821797395632,0.7166495082374565,0.0,0.1,1112.6234727422384,295.30663323955565,0.0,1.0,0.0,0.0,2.0
11783,0.0009900433435612505,0.21384936220923012,0.0,0.1,1102.2855039429107,285.15208761943035,0.0,1.0,0.0,0.0,2.0
11784,0.0023766804681016685,0.5133629811099604,0.0,0.1,1090.0208998536816,269.2292088642028,0.0,1.0,0.0,0.0,2.0
11785,0.0014282280025624046,0.3084972485534794,0.0,0.1,1087.0511106064382,262.6429306689263,0.0,1.0,0.0,0.0,2.0
11786,0.0003388687229352099,0.07319564415400534,1.0,0.1,1083.3521195230487,257.41958682421154,0.0,1.0,0.0,0.0,2.0
11787,0.001200170883160648,0.2592369107627,0.0,0.1,1082.61782249276,257.251382899525,0.0,1.0,0.0,0.0,2.0
11788,0.0014633236585018408,0.3160779102363976,0.0,0.1,1078.1452383883152,255.28956108308407,0.0,1.0,0.0,0.0,2.0
11789,0.0022279344824471304,0.4812338482085802,0.0,0.1,1072.0905729496617,255.4303562024075,0.0,1.0,0.0,0.0,2.0
11790,0.0010980599088679223,0.2371809403154712,0.0,0.1,1066.3672730672417,256.1612524736034,0.0,1.0,0.0,0.0,2.0
11791,0.003059931837919045,0.6609452769905138,0.0,0.1,1067.2329640962691,258.6027694638678,0.0,1.0,0.0,0.0,2.0
11792,0.0015580292690645617,0.3365343221179453,0.0,0.1,1062.9173413418212,261.19460392292973,0.0,1.0,0.0,0.0,2.0
11793,0.0031858933336716354,0.6881529600730732,0.0,0.1,1054.8799464410981,258.8121349797051,0.0,1.0,0.0,0.0,2.0
11794,0.000998889014659754,0.21576002716650688,0.0,0.1,1048.7140297699223,259.67825008890713,0.0,1.0,0.0,0.0,2.0
11795,0.0026106151697592155,0.5638928766679906,0.0,0.1,1045.0585154109358,259.5704366749681,0.0,1.0,0.0,0.0,2.0
11796,0.0023486092449746575,0.507299596914526,0.0,0.1,1038.055303647526,259.8485246893342,0.0,1.0,0.0,0.0,2.0
11797,0.0018411152472034803,0.39768089339595175,0.0,0.1,1026.5034789074396,253.56056269607942,0.0,1.0,0.0,0.0,2.0
11798,0.0015612655015751439,0.33723334834023105,0.0,0.1,1015.4438693160986,244.07571208773408,0.0,1.0,0.0,0.0,2.0
11799,0.0015840312295598922,0.34215074558493674,0.0,0.1,1003.3344463282339,233.82895222848177,0.0,1.0,0.0,0.0,2.0
11800,0.0016300315264229058,0.3520868097073477,0.0,0.1,997.3078016603428,229.40906709233428,0.0,1.0,0.0,0.0,2.0
11801,0.003199756391710393,0.6911473806094449,0.0,0.1,987.029653394284,224.4488242818798,0.0,1.0,0.0,0.0,2.0
11802,0.0008973982546479312,0.19383802300395314,0.0,0.1,983.3019939910823,222.3453871575236,0.0,1.0,0.0,0.0,2.0
11803,0.0017796969499017008,0.3844145411787674,0.0,0.1,978.630440895737,227.6939180003592,0.0,1.0,0.0,0.0,2.0
11804,0.0005897903576158502,0.12739471724502366,0.0,0.1,973.856305661774,234.78316846884812,0.0,1.0,0.0,0.0,2.0
11805,0.001065321969963646,0.23010954551214755,0.0,0.1,973.1790065720298,239.39773527764024,0.0,1.0,0.0,0.0,2.0
11806,0.001798972711176201,0.3885781056140594,0.0,0.1,969.3197985025514,247.35383308133225,0.0,1.0,0.0,0.0,2.0
11807,0.0010292880810000207,0.22232622549600448,0.0,0.1,963.9115726642414,256.3717807446955,0.0,1.0,0.0,0.0,2.0
11808,0.0004967517959632532,0.1072983879280627,0.0,0.1,959.6562098793833,259.0604133538189,0.0,1.0,0.0,0.0,2.0
11809,0.0006590210607731996,0.14234854912701111,0.0,0.1,957.4606230024004,259.6581283559831,0.0,1.0,0.0,0.0,2.0
11810,0.0009792267171823488,0.21151297091138735,0.0,0.1,953.8539667276859,261.6873856482362,0.0,1.0,0.0,0.0,2.0
11811,0.00044505077369770096,0.0961309671187034,1.0,0.1,947.3496335029463,263.16270078789046,0.0,1.0,0.0,0.0,2.0
11812,0.0005822371968407987,0.12576323451761254,0.0,0.1,942.9639525682685,267.94564422347116,0.0,1.0,0.0,0.0,2.0
11813,8.0337475069924e-05,0.017352894615103587,1.0,0.1,939.2755650474675,274.393681285884,0.0,1.0,0.0,0.0,2.0
11814,3.180443121907162e-05,0.006869757143319471,1.0,0.1,938.6637322557916,277.0493243696927,0.0,1.0,0.0,0.0,2.0
11815,0.000234808560854444,0.0507186491445599,1.0,0.1,932.609286287933,277.8515204569183,0.0,1.0,0.0,0.0,2.0
11816,0.0010222354008615256,0.22080284658608954,0.0,0.1,,,0.0,1.0,,,2.0
11817,0.0008529179129049757,0.18423026918747476,0.0,0.1,,,0.0,1.0,,,2.0
11818,0.0009619704674576014,0.2077856209708419,0.0,0.1,,,0.0,1.0,,,2.0
11819,0.0012311662713564626,0.2659319146129959,0.0,0.1,,,0.0,1.0,,,2.0
11820,0.0005358062047482329,0.11573414022561833,0.0,0.1,,,0.0,1.0,,,2.0
11821,0.0008448669784770426,0.1824912673510412,0.0,0.1,,,0.0,1.0,,,2.0
11822,0.00019467212908826298,0.04204917988306481,1.0,0.1,,,0.0,1.0,,,2.0
11823,0.00036804529868700493,0.07949778451639307,1.0,0.1,921.1485271293907,302.4099122897451,0.0,1.0,0.0,0.0,2.0
11824,0.00042494860542696146,0.09178889877222368,1.0,0.1,921.8281127639302,303.6426468331213,0.0,1.0,0.0,0.0,2.0
11825,0.0013059583139610337,0.2820869958155833,0.0,0.1,920.7994622749433,304.88840772735216,0.0,1.0,0.0,0.0,2.0
11826,0.0006969308408943253,0.1505370616331743,0.0,0.1,919.6061163640805,308.055570692749,0.0,1.0,0.0,0.0,2.0
11827,5.963011516218191e-05,0.012880104875031292,1.0,0.1,919.9407178278464,309.8339488833682,0.0,1.0,0.0,0.0,2.0
11828,0.00039459062789665817,0.08523157562567817,1.0,0.1,922.3027692517398,310.84240645713373,0.0,1.0,0.0,0.0,2.0
11829,0.0002457400409645494,0.05307984884834267,1.0,0.1,922.4723084375825,310.3619570498571,0.0,1.0,0.0,0.0,2.0
11830,0.00013033665420762735,0.02815271730884751,1.0,0.1,923.0539899417704,309.61964061714735,0.0,1.0,0.0,0.0,2.0
11831,5.5969661580263804e-05,0.012089446901336983,1.0,0.1,921.4293221604006,309.21159863575997,0.0,1.0,0.0,0.0,2.0
11832,0.00030185567435176894,0.06520082565998209,1.0,0.1,920.1661172672761,309.33474847541817,0.0,1.0,0.0,0.0,2.0
11833,0.00024086795121028493,0.05202747746142154,1.0,0.1,919.592273874351,307.57147512364185,0.0,1.0,0.0,0.0,2.0
11834,4.867571508162854e-05,0.010513954457631765,1.0,0.1,919.0427039524618,306.5889503971547,0.0,1.0,0.0,0.0,2.0
11835,0.00013515683953289418,0.029193877339105143,1.0,0.1,919.1825057067051,306.0116804461792,0.0,1.0,0.0,0.0,2.0
11836,0.0001895170338272336,0.04093567930668246,1.0,0.1,919.4620050990907,306.14338709726695,0.0,1.0,0.0,0.0,2.0
11837,0.00015269392319642775,0.032981887410428394,1.0,0.1,919.5999869161615,305.58160994793053,0.0,1.0,0.0,0.0,2.0
11838,0.0001300979956469148,0.028101167059733596,1.0,0.1,919.7866944664971,305.97125344678886,0.0,1.0,0.0,0.0,2.0
11839,0.0003558765052297585,0.07686932512962784,1.0,0.1,919.261450217228,306.19362932403016,0.0,1.0,0.0,0.0,2.0
11840,0.0002547954052754404,0.055035807539495135,1.0,0.1,919.3133564044862,306.7497444113391,0.0,1.0,0.0,0.0,2.0
11841,0.0001447003476870607,0.03125527510040511,1.0,0.1,919.6311812353867,306.9597761729752,0.0,1.0,0.0,0.0,2.0
11842,0.00017363417713204177,0.03750498226052102,1.0,0.1,919.1728844687073,306.92333564171537,0.0,1.0,0.0,0.0,2.0
11843,0.0002496872653436132,0.05393244931422045,1.0,0.1,919.2513255142549,306.9050112038053,0.0,1.0,0.0,0.0,2.0
11844,0.0002185552379945407,0.047207931406820794,1.0,0.1,917.7375285509474,306.2913560431457,0.0,1.0,0.0,0.0,2.0
11845,0.00013939531010970756,0.030109386983696834,1.0,0.1,918.1610800086515,306.8466906396819,0.0,1.0,0.0,0.0,2.0
11846,0.00010931469042704976,0.02361197313224275,1.0,0.1,918.6015676190663,307.30215807083977,0.0,1.0,0.0,0.0,2.0
11847,0.0001306571666654153,0.02822194799972971,1.0,0.1,918.8044590949951,306.9003848645177,0.0,1.0,0.0,0.0,2.0
11848,0.0001244838238568864,0.026888505953087463,1.0,0.1,918.7459810591444,307.3435383344595,0.0,1.0,0.0,0.0,2.0
11849,0.0002064237849758226,0.044587537554777686,1.0,0.1,918.8894887980598,306.29771134733613,0.0,1.0,0.0,0.0,2.0
11850,6.724081296847428e-05,0.014524015601190444,1.0,0.1,917.7120190447199,305.4996186687324,0.0,1.0,0.0,0.0,2.0
11851,2.6168260570823298e-05,0.005652344283297832,1.0,0.1,917.2918416491053,305.9431283123557,0.0,1.0,0.0,0.0,2.0
11852,0.00017067878660797042,0.03686661790732161,1.0,0.1,917.8315930204234,305.6425341794474,0.0,1.0,0.0,0.0,2.0
11853,0.00018578724328768687,0.04013004455014036,1.0,0.1,918.7073602764367,305.5498926514088,0.0,1.0,0.0,0.0,2.0
11854,0.00022585165782557253,0.04878395809032367,1.0,0.1,918.1756907927838,304.840559236042,0.0,1.0,0.0,0.0,2.0
11855,0.00031045333719057204,0.06705792083316356,1.0,0.1,918.3641169487881,304.9899198435164,0.0,1.0,0.0,0.0,2.0
11856,0.00012373961696603714,0.02672775726466402,1.0,0.1,918.8836378529508,305.4620763197132,0.0,1.0,0.0,0.0,2.0
11857,3.7639669507851926e-05,0.008130168613696016,1.0,0.1,917.8615878629231,305.78568215094305,0.0,1.0,0.0,0.0,2.0
11858,4.226488148952873e-05,0.009129214401738207,1.0,0.1,917.9770458054039,306.26481654784106,0.0,1.0,0.0,0.0,2.0
11859,9.591018788517933e-05,0.020716600583198738,1.0,0.1,917.8631303831377,305.5358058586596,0.0,1.0,0.0,0.0,2.0
11860,7.756673642649736e-05,0.016754415068123432,1.0,0.1,918.7359807799916,306.1559588206785,0.0,1.0,0.0,0.0,2.0
11861,0.00016964302621890362,0.03664289366328319,1.0,0.1,919.7156009592786,306.0451736488735,0.0,1.0,0.0,0.0,2.0
11862,7.35659968408804e-05,0.015890255317630164,1.0,0.1,919.9992105078619,306.51360103665945,0.0,1.0,0.0,0.0,2.0
11863,0.00017976371345112649,0.03882896210544332,1.0,0.1,920.4468914367076,307.0508923706056,0.0,1.0,0.0,0.0,2.0
11864,0.0003449872663040291,0.0745172495216703,1.0,0.1,920.4772100753185,307.7056132256518,0.0,1.0,0.0,0.0,2.0
11865,8.528914701097275e-05,0.018422455754370116,1.0,0.1,919.8893217921776,307.1128534914562,0.0,1.0,0.0,0.0,2.0
11866,0.00011432003951395139,0.0246931285350135,1.0,0.1,920.4123236180394,306.61570692936283,0.0,1.0,0.0,0.0,2.0
11867,6.460389898164073e-05,0.013954442180034398,1.0,0.1,920.4365442587392,306.59911646390316,0.0,1.0,0.0,0.0,2.0
11868,6.0954072434266944e-05,0.013166079645801661,1.0,0.1,921.596413153339,307.1477267304276,0.0,1.0,0.0,0.0,2.0
11869,7.66762766029151e-05,0.01656207574622966,1.0,0.1,921.1779601809997,306.47663543214287,0.0,1.0,0.0,0.0,2.0
11870,0.00018614111154699123,0.04020648009415011,1.0,0.1,920.4908655647125,305.641956364244,0.0,1.0,0.0,0.0,2.0
11871,0.00019864753703870743,0.0429078680003608,1.0,0.1,921.69014485976,305.83242952856176,0.0,1.0,0.0,0.0,2.0
11872,3.018082459948252e-05,0.006519058113488224,1.0,0.1,922.491862156602,305.5511590328382,0.0,1.0,0.0,0.0,2.0
11873,9.135712960840329e-05,0.01973313999541511,1.0,0.1,924.0835998962085,306.5383674766548,0.0,1.0,0.0,0.0,2.0
11874,6.32966961456688e-05,0.013672086367464462,1.0,0.1,,,0.0,1.0,,,2.0
11875,0.00017289016826448528,0.03734427634512882,1.0,0.1,,,0.0,1.0,,,2.0
11876,8.691253495076887e-05,0.018773107549366078,1.0,0.1,,,0.0,1.0,,,2.0
11877,6.374483985475443e-05,0.013768885408626957,1.0,0.1,,,0.0,1.0,,,2.0
11878,0.00015150588063492058,0.032725270217142846,1.0,0.1,,,0.0,1.0,,,2.0
11879,0.00018547758914993424,0.040063159256385796,1.0,0.1,,,0.0,1.0,,,2.0
11880,8.134245270834607e-05,0.017569969785002748,1.0,0.1,,,0.0,1.0,,,2.0
11881,0.00019927278043815503,0.043042920574641486,1.0,0.1,,,0.0,1.0,,,2.0
11882,0.00016959665767226007,0.036632878057208176,1.0,0.1,933.5900523319698,305.88390931253065,0.0,1.0,0.0,0.0,2.0
11883,3.221693274718218e-05,0.006958857473391352,1.0,0.1,,,0.0,1.0,,,2.0
11884,0.00019209913240007223,0.04149341259841561,1.0,0.1,,,0.0,1.0,,,2.0
11885,0.00024925778754064025,0.05383968210877829,1.0,0.1,,,0.0,1.0,,,2.0
11886,0.00020416965482310633,0.044100645441790966,1.0,0.1,,,0.0,1.0,,,2.0
11887,0.0002806293945176738,0.06061594921581754,1.0,0.1,,,0.0,1.0,,,2.0
11888,0.000519886158683626,0.11229541027566323,0.0,0.1,,,0.0,1.0,,,2.0
11889,0.000399665161711415,0.08632767492966564,1.0,0.1,947.0631042651919,296.0311354679824,0.0,1.0,0.0,0.0,2.0
11890,0.0006947142817552082,0.15005828485912495,0.0,0.1,949.073540943286,295.25480609824683,0.0,1.0,0.0,0.0,2.0
11891,0.0011771604131219312,0.2542666492343371,0.0,0.1,951.3849853416983,285.0022705340489,0.0,1.0,0.0,0.0,2.0
11892,0.0010797029380339564,0.23321583461533457,0.0,0.1,960.109631927093,281.5836753834259,0.0,1.0,0.0,0.0,2.0
11893,0.0008657034397082941,0.1869919429769915,0.0,0.1,964.003368815729,275.7302487270793,0.0,1.0,0.0,0.0,2.0
11894,0.0009791960890491499,0.2115063552346164,0.0,0.1,967.6740641437683,270.64612635630175,0.0,1.0,0.0,0.0,2.0
11895,0.001097089220367702,0.23697127159942363,0.0,0.1,968.0701074493197,268.09840852222584,0.0,1.0,0.0,0.0,2.0
11896,0.0007431795355980849,0.16052677968918636,0.0,0.1,968.9446796634206,257.26123890608983,0.0,1.0,0.0,0.0,2.0
11897,0.0007085842251986846,0.1530541926429159,0.0,0.1,967.2461940153263,246.30897003269598,0.0,1.0,0.0,0.0,2.0
11898,0.0006719693777250333,0.1451453855886072,0.0,0.1,962.9855909263725,235.06338339654567,0.0,1.0,0.0,0.0,2.0
11899,0.0014295302720341413,0.30877853875937455,0.0,0.1,961.0734600851414,230.016476845032,0.0,1.0,0.0,0.0,2.0
11900,0.0009627418362340754,0.2079522366265603,0.0,0.1,956.192113831909,222.0155496203706,0.0,1.0,0.0,0.0,2.0
11901,,,,0.1,951.7188588763416,213.004136638662,0.0,1.0,0.0,0.0,2.0
11902,,,,0.1,947.523471186296,204.3682818225077,,,0.0,0.0,2.0
11903,,,,0.1,942.0155884522411,195.53976608035327,,,0.0,0.0,2.0
11904,0.0011584547147283234,0.2502262183813178,0.0,0.1,939.6859804662876,190.4843137933416,0.0,1.0,0.0,0.0,2.0
11905,0.002341846100568741,0.505838757722848,0.0,0.1,935.4207066049439,179.51901347884882,0.0,1.0,0.0,0.0,2.0
11906,0.0004080531355332798,0.08813947727518844,1.0,0.1,935.6386738082292,175.4146922847397,0.0,1.0,0.0,0.0,2.0
11907,0.0015057915095025394,0.3252509660525485,0.0,0.1,937.8157390724708,171.71875444236287,0.0,1.0,0.0,0.0,2.0
11908,0.000517329069595824,0.11174307903269798,0.0,0.1,938.9190464622192,170.3748061567541,0.0,1.0,0.0,0.0,2.0
11909,0.0002734255980918706,0.059059929187844064,1.0,0.1,943.5682962617046,170.73154416788464,0.0,1.0,0.0,0.0,2.0
11910,0.0006556218218227691,0.14161431351371812,0.0,0.1,948.9173979305897,169.92934050469378,0.0,1.0,0.0,0.0,2.0
11911,0.000656165494432717,0.14173174679746686,0.0,0.1,955.5341127638661,172.68617351436407,0.0,1.0,0.0,0.0,2.0
11912,0.0010710907128934602,0.23135559398498742,0.0,0.1,958.5860375967108,172.91429576193462,0.0,1.0,0.0,0.0,2.0
11913,0.0008784049182121366,0.18973546233382152,0.0,0.1,961.9977769944206,173.73526998940235,0.0,1.0,0.0,0.0,2.0
11914,0.0024149633391337935,0.5216320812528994,0.0,0.1,964.5905651451648,175.61900490960545,0.0,1.0,0.0,0.0,2.0
11915,0.0020143259754299807,0.43509441069287585,0.0,0.1,972.7794032668392,181.07320146045515,0.0,1.0,0.0,0.0,2.0
11916,0.0011002697044837347,0.23765825616848668,0.0,0.1,981.2420105566748,184.8178431023093,0.0,1.0,0.0,0.0,2.0
11917,0.0031533149573115316,0.6811160307792908,0.0,0.1,984.4244984498463,187.65450309913845,0.0,1.0,0.0,0.0,2.0
11918,0.0014477060458185915,0.31270450589681575,0.0,0.1,992.4863502190944,192.08308663240328,0.0,1.0,0.0,0.0,2.0
11919,0.001505109640324766,0.32510368231014947,0.0,0.1,997.0494040807346,194.3250023166255,0.0,1.0,0.0,0.0,2.0
11920,0.0007894718286599866,0.1705259149905571,0.0,0.1,1002.171211495547,197.78996685091803,0.0,1.0,0.0,0.0,2.0
11921,0.0013298948561352541,0.2872572889252149,0.0,0.1,1011.6568085653696,203.9547385072175,0.0,1.0,0.0,0.0,2.0
11922,0.001199233767395523,0.259034493757433,0.0,0.1,1016.0200756892456,206.78981510236255,0.0,1.0,0.0,0.0,2.0
11923,0.0001752092667329305,0.03784520161431299,1.0,0.1,1019.5953751515356,210.075310385005,0.0,1.0,0.0,0.0,2.0
11924,0.0004059637182737601,0.08768816314713218,1.0,0.1,1017.074735557407,205.69485657910482,0.0,1.0,0.0,0.0,2.0
11925,0.0003519413763441469,0.07601933729033573,1.0,0.1,1013.3284887029062,203.27732249744446,0.0,1.0,0.0,0.0,2.0
11926,0.00048422892352949936,0.10459344748237187,0.0,0.1,1009.1580677204882,198.75439871881477,0.0,1.0,0.0,0.0,2.0
11927,0.000822688481420584,0.17770071198684614,0.0,0.1,1000.213357982347,184.76246580187535,0.0,1.0,0.0,0.0,2.0
11928,0.0005099006717431472,0.1101385450965198,0.0,0.1,998.0230755118022,177.6041994161942,0.0,1.0,0.0,0.0,2.0
11929,0.000503720148806506,0.1088035521422053,0.0,0.1,999.4171418054041,176.412455010297,0.0,1.0,0.0,0.0,2.0
11930,0.0001377634589161763,0.029756907125894082,1.0,0.1,999.3053827712874,174.47946359995348,0.0,1.0,0.0,0.0,2.0
11931,0.0003339118195379167,0.07212495302019001,1.0,0.1,1000.7964004549332,174.99391243143205,0.0,1.0,0.0,0.0,2.0
11932,0.0010342103427958273,0.22338943404389872,0.0,0.1,1006.3814118352832,177.7814544149599,0.0,1.0,0.0,0.0,2.0
11933,0.001512905184379577,0.3267875198259887,0.0,0.1,1012.3757854402371,180.0682454119253,0.0,1.0,0.0,0.0,2.0
11934,0.0012372964036305289,0.2672560231841942,0.0,0.1,1021.3581102015523,184.12419079500557,0.0,1.0,0.0,0.0,2.0
11935,0.001307432257205945,0.28240536755648415,0.0,0.1,1023.9536584364032,185.59567912562494,0.0,1.0,0.0,0.0,2.0
11936,0.001742072832018596,0.37628773171601676,0.0,0.1,1031.6818352567207,190.85626635614818,0.0,1.0,0.0,0.0,2.0
11937,0.002347880409912621,0.5071421685411261,0.0,0.1,1038.6271687257313,196.76197110860073,0.0,1.0,0.0,0.0,2.0
11938,0.0012553256051874967,0.2711503307204993,0.0,0.1,1048.0074058883379,204.4046886971621,0.0,1.0,0.0,0.0,2.0
11939,0.002272380718764734,0.4908342352531826,0.0,0.1,1057.9154152205365,212.41534543740178,0.0,1.0,0.0,0.0,2.0
11940,0.0017469704386769097,0.37734561475421247,0.0,0.1,1061.9444193550305,215.79760872650277,0.0,1.0,0.0,0.0,2.0
11941,0.0013616691105351746,0.2941205278755977,0.0,0.1,1064.308985148648,217.31121376286362,0.0,1.0,0.0,0.0,2.0
11942,0.0015490272224075573,0.3345898800400324,0.0,0.1,1067.8458336957824,219.4042022421323,0.0,1.0,0.0,0.0,2.0
11943,0.00019919746485665647,0.043026652409037795,1.0,0.1,1068.388463049962,219.84309155024164,0.0,1.0,0.0,0.0,2.0
11944,0.0005147824499989415,0.11119300919977136,0.0,0.1,1068.079132528576,220.75137868515174,0.0,1.0,0.0,0.0,2.0
11945,0.0005409393535594628,0.11684290036884395,0.0,0.1,1070.645493775256,227.19878618756113,0.0,1.0,0.0,0.0,2.0
11946,0.0009032549098939123,0.19510306053708507,0.0,0.1,1075.7115270142515,233.25384966295067,0.0,1.0,0.0,0.0,2.0
11947,0.0008602598222528161,0.1858161216066083,0.0,0.1,1078.8942137231545,238.87983066230325,0.0,1.0,0.0,0.0,2.0
11948,0.00019543436245954144,0.04221382229126095,1.0,0.1,1081.5345313486764,244.6555268148111,0.0,1.0,0.0,0.0,2.0
11949,0.0006336421723918295,0.13686670923663516,0.0,0.1,1085.271098085921,249.32673024263732,0.0,1.0,0.0,0.0,2.0
11950,0.0008328499288415375,0.17989558462977212,0.0,0.1,1088.3191247148186,255.8510657491792,0.0,1.0,0.0,0.0,2.0
11951,0.0016247410497492252,0.3509440667458327,0.0,0.1,1090.9630466944695,262.4481836116627,0.0,1.0,0.0,0.0,2.0
11952,0.00018658164202405264,0.04030163467719537,1.0,0.1,1091.7109556918326,266.74327636117533,0.0,1.0,0.0,0.0,2.0
11953,0.0018621289467785395,0.40221985250416453,0.0,0.1,1091.3344702942902,268.5664308338333,0.0,1.0,0.0,0.0,2.0
11954,0.0004440897726265379,0.09592339088733218,1.0,0.1,1090.3514324739115,271.58888578555275,0.0,1.0,0.0,0.0,2.0
11955,0.0001158934167655061,0.025032978021349316,1.0,0.1,1087.7196073358548,273.9243115374479,0.0,1.0,0.0,0.0,2.0
11956,0.0002905313918617261,0.06275478064213283,1.0,0.1,1082.945396526895,272.93209625425067,0.0,1.0,0.0,0.0,2.0
11957,5.799923953079258e-05,0.012527835738651199,1.0,0.1,1076.6356791538558,269.0648945961058,0.0,1.0,0.0,0.0,2.0
11958,0.00019878401285390894,0.042937346776444334,1.0,0.1,1075.447261750841,271.13542848892087,0.0,1.0,0.0,0.0,2.0
11959,0.0009544612212770789,0.20616362379584904,0.0,0.1,1076.5320597427253,275.47858885318317,0.0,1.0,0.0,0.0,2.0
11960,0.000830460716450652,0.17937951475334085,0.0,0.1,1075.3703317688964,277.41956185677327,0.0,1.0,0.0,0.0,2.0
11961,0.0009723175967111304,0.21002060088960417,0.0,0.1,1074.5278494404383,277.2784099507724,0.0,1.0,0.0,0.0,2.0
11962,0.0005283436931404452,0.11412223771833618,0.0,0.1,1074.4892164855496,277.5787003118231,0.0,1.0,0.0,0.0,2.0
11963,0.00021460357947179052,0.04635437316590675,1.0,0.1,1073.5932662338537,278.06618099657686,0.0,1.0,0.0,0.0,2.0
11964,0.0003870578708555826,0.08360450010480584,1.0,0.1,1075.4994572846128,281.43845668882204,0.0,1.0,0.0,0.0,2.0
11965,0.00040349216135990865,0.08715430685374026,1.0,0.1,,,0.0,1.0,,,2.0
11966,0.00015739522725812438,0.033997369087754865,1.0,0.1,,,0.0,1.0,,,2.0
11967,0.0005983419266837025,0.12924185616367975,0.0,0.1,,,0.0,1.0,,,2.0
11968,0.0004140574434093234,0.08943640777641385,1.0,0.1,,,0.0,1.0,,,2.0
11969,0.00022706741155623285,0.0490465608961463,1.0,0.1,,,0.0,1.0,,,2.0
11970,0.00021332437923189565,0.04607806591408946,1.0,0.1,,,0.0,1.0,,,2.0
11971,0.00048503402888462035,0.104767350239078,0.0,0.1,,,0.0,1.0,,,2.0
11972,4.2068203215570196e-05,0.009086731894563164,1.0,0.1,,,0.0,1.0,,,2.0
11973,0.0002451222635636035,0.05294640892973836,1.0,0.1,,,0.0,1.0,,,2.0
11974,0.0001981433087415445,0.042798954688173615,1.0,0.1,,,0.0,1.0,,,2.0
11975,0.00024300373252749988,0.052488806225939974,1.0,0.1,,,0.0,1.0,,,2.0
11976,0.00022316738883798096,0.048204155989003884,1.0,0.1,,,0.0,1.0,,,2.0
11977,0.00010542010618950752,0.022770742936933628,1.0,0.1,,,0.0,1.0,,,2.0
11978,7.894550240710707e-05,0.01705222851993513,1.0,0.1,,,0.0,1.0,,,2.0
11979,5.07301544980315e-05,0.010957713371574805,1.0,0.1,,,0.0,1.0,,,2.0
11980,0.00021858661904189028,0.0472147097130483,1.0,0.1,,,0.0,1.0,,,2.0
11981,0.00015251239987454888,0.03294267837290256,1.0,0.1,,,0.0,1.0,,,2.0
11982,0.00013128719794629326,0.028358034756399343,1.0,0.1,,,0.0,1.0,,,2.0
11983,0.00012078071485574852,0.02608863440884168,1.0,0.1,,,0.0,1.0,,,2.0
11984,0.0003640704234979022,0.07863921147554688,1.0,0.1,,,0.0,1.0,,,2.0
11985,6.310823732883842e-05,0.0136313792630291,1.0,0.1,,,0.0,1.0,,,2.0
11986,0.0001999495518612823,0.04318910320203698,1.0,0.1,,,0.0,1.0,,,2.0
11987,0.0002445694859056475,0.05282700895561987,1.0,0.1,,,0.0,1.0,,,2.0
11988,0.00011134923482855437,0.024051434722967745,1.0,0.1,,,0.0,1.0,,,2.0
11989,7.047539481038308e-05,0.015222685279042745,1.0,0.1,,,0.0,1.0,,,2.0
11990,7.889694613443933e-05,0.017041740365038895,1.0,0.1,,,0.0,1.0,,,2.0
11991,3.492987557441432e-05,0.007544853124073493,1.0,0.1,,,0.0,1.0,,,2.0
11992,0.000211538286696617,0.04569226992646927,1.0,0.1,,,0.0,1.0,,,2.0
11993,9.055448039260599e-05,0.019559767764802893,1.0,0.1,,,0.0,1.0,,,2.0
11994,6.85342180220983e-05,0.014803391092773234,1.0,0.1,,,0.0,1.0,,,2.0
11995,0.00014870789841522864,0.032120906057689386,1.0,0.1,,,0.0,1.0,,,2.0
11996,5.956939580116836e-05,0.012866989493052365,1.0,0.1,,,0.0,1.0,,,2.0
11997,4.841034977993424e-05,0.010456635552465798,1.0,0.1,,,0.0,1.0,,,2.0
11998,0.00021933000196652875,0.04737528042477021,1.0,0.1,,,0.0,1.0,,,2.0
11999,0.0009724770208114849,0.21005503649528073,0.0,0.1,,,0.0,1.0,,,2.0
12000,0.00044121905816042593,0.09530331656265201,1.0,0.1,,,0.0,1.0,,,2.0
12001,8.95483489280023e-05,0.019342443368448498,1.0,0.1,,,0.0,1.0,,,2.0
12002,8.339193193906043e-05,0.018012657298837054,1.0,0.1,,,0.0,1.0,,,2.0
12003,0.00019378170412478842,0.041856848090954295,1.0,0.1,,,0.0,1.0,,,2.0
12004,5.825498327936877e-05,0.012583076388343654,1.0,0.1,,,0.0,1.0,,,2.0
12005,0.00017995561242757307,0.03887041228435579,1.0,0.1,,,0.0,1.0,,,2.0
12006,0.00016665963036878914,0.03599848015965845,1.0,0.1,,,0.0,1.0,,,2.0
12007,0.00031492260788362693,0.06802328330286342,1.0,0.1,,,0.0,1.0,,,2.0
12008,0.0004006347982287396,0.08653711641740776,1.0,0.1,,,0.0,1.0,,,2.0
12009,6.321383892959294e-05,0.013654189208792076,1.0,0.1,,,0.0,1.0,,,2.0
12010,0.00025155514747279454,0.05433591185412362,1.0,0.1,,,0.0,1.0,,,2.0
12011,0.0003401145866930774,0.07346475072570471,1.0,0.1,,,0.0,1.0,,,2.0
12012,0.0001636350191686661,0.03534516414043188,1.0,0.1,,,0.0,1.0,,,2.0
12013,0.0002026799016327194,0.04377885875266739,1.0,0.1,,,0.0,1.0,,,2.0
12014,9.710568703803473e-05,0.020974828400215504,1.0,0.1,,,0.0,1.0,,,2.0
12015,5.1027230438932264e-05,0.011021881774809368,1.0,0.1,,,0.0,1.0,,,2.0
12016,0.00011918163589469879,0.02574323335325494,1.0,0.1,,,0.0,1.0,,,2.0
12017,9.736594786985577e-05,0.021031044739888847,1.0,0.1,,,0.0,1.0,,,2.0
12018,4.141069326663291e-05,0.00894470974559271,1.0,0.1,,,0.0,1.0,,,2.0
12019,0.00012557861337641026,0.027124980489304618,1.0,0.1,,,0.0,1.0,,,2.0
12020,5.436664186162571e-05,0.011743194642111154,1.0,0.1,,,0.0,1.0,,,2.0
12021,0.0002300810815564791,0.049697513616199486,1.0,0.1,,,0.0,1.0,,,2.0
12022,0.00023405294218019451,0.050555435510922016,1.0,0.1,,,0.0,1.0,,,2.0
12023,0.00036079942445075067,0.07793267568136214,1.0,0.1,,,0.0,1.0,,,2.0
12024,6.337526103533654e-05,0.013689056383632693,1.0,0.1,,,0.0,1.0,,,2.0
12025,5.568867600920475e-05,0.012028754017988226,1.0,0.1,,,0.0,1.0,,,2.0
12026,0.00011469926350441564,0.024775040916953782,1.0,0.1,,,0.0,1.0,,,2.0
12027,0.0007307438453139529,0.1578406705878138,0.0,0.1,,,0.0,1.0,,,2.0
12028,0.0005438882226439253,0.11747985609108787,0.0,0.1,,,0.0,1.0,,,2.0
12029,0.000681665264103935,0.14723969704644999,0.0,0.1,1109.4200350302651,290.06950289904086,0.0,1.0,0.0,0.0,2.0
12030,0.0011273642063833792,0.24351066857880993,0.0,0.1,,,0.0,1.0,,,2.0
12031,0.000747223801332848,0.1614003410878952,0.0,0.1,,,0.0,1.0,,,2.0
12032,0.0008610534878967986,0.1859875533857085,0.0,0.1,1118.9710099078466,288.6640024734899,0.0,1.0,0.0,0.0,2.0
12033,0.00065488817178605,0.1414558451057868,0.0,0.1,1124.0659443356105,288.7619395250635,0.0,1.0,0.0,0.0,2.0
12034,0.0015873428948960076,0.34286606529753766,0.0,0.1,1124.1589014747522,287.08503772877793,0.0,1.0,0.0,0.0,2.0
12035,0.002097469386740494,0.45305338753594676,0.0,0.1,1127.5072418807597,287.2717205255302,0.0,1.0,0.0,0.0,2.0
12036,0.0016678264714752337,0.3602505178386505,0.0,0.1,1133.70122476413,290.4513731979522,0.0,1.0,0.0,0.0,2.0
12037,0.0014962542110929494,0.32319090959607705,0.0,0.1,1132.8313260278394,287.46403278999423,0.0,1.0,0.0,0.0,2.0
12038,0.0015422994005822967,0.3331366705257761,0.0,0.1,1132.9214961779594,284.8096803850912,0.0,1.0,0.0,0.0,2.0
12039,0.0008846863681596566,0.19109225552248582,0.0,0.1,1134.2398071060359,284.85537863547387,0.0,1.0,0.0,0.0,2.0
12040,0.0015147378735433223,0.3271833806853576,0.0,0.1,1135.8705961318176,282.8826448489113,0.0,1.0,0.0,0.0,2.0
12041,0.0013160806494737299,0.2842734202863257,0.0,0.1,1140.371056364905,285.552657918129,0.0,1.0,0.0,0.0,2.0
12042,0.0010705225552342197,0.23123287193059144,0.0,0.1,1140.7348217137617,282.7651486979635,0.0,1.0,0.0,0.0,2.0
12043,0.001475314492118776,0.31866793029765567,0.0,0.1,1140.9509191002765,281.92021328316224,0.0,1.0,0.0,0.0,2.0
12044,0.0022418689003574784,0.4842436824772154,0.0,0.1,1141.9745626287447,280.4726516280977,0.0,1.0,0.0,0.0,2.0
12045,0.0020875425149117968,0.4509091832209481,0.0,0.1,1147.33402847843,282.2611007236317,0.0,1.0,0.0,0.0,2.0
12046,0.0016404525725983946,0.35433775568125325,0.0,0.1,1153.0265473416423,286.05563775604975,0.0,1.0,0.0,0.0,2.0
12047,0.0003755931624602463,0.0811281230914132,1.0,0.1,1154.164974835007,286.1535094938603,0.0,1.0,0.0,0.0,2.0
12048,0.00045629561725577043,0.09855985332724641,1.0,0.1,1155.2538966837012,287.01769418408355,0.0,1.0,0.0,0.0,2.0
12049,0.0011993301355528688,0.25905530927941967,0.0,0.1,1158.703939301958,289.4854527265981,0.0,1.0,0.0,0.0,2.0
12050,0.001949721420018255,0.42113982672394307,0.0,0.1,1160.53196609622,290.6432112880811,0.0,1.0,0.0,0.0,2.0
12051,0.0011360126791689548,0.24537873870049423,0.0,0.1,1166.1443241611098,295.3532780325454,0.0,1.0,0.0,0.0,2.0
12052,0.0008391427000322386,0.18125482320696357,0.0,0.1,1167.3877042920328,296.3073665736872,0.0,1.0,0.0,0.0,2.0
12053,0.0015986805138635258,0.34531499099452156,0.0,0.1,1168.4170580749817,297.05763969264166,0.0,1.0,0.0,0.0,2.0
12054,0.0018988404269206522,0.4101495322148609,0.0,0.1,1173.9206007394835,302.3991191868255,0.0,1.0,0.0,0.0,2.0
12055,0.0017293532912134714,0.3735403109021098,0.0,0.1,1179.8989804666421,307.99527406809614,0.0,1.0,0.0,0.0,2.0
12056,0.0010594150455777989,0.22883364984480456,0.0,0.1,,,0.0,1.0,,,2.0
12057,0.0006649980441807936,0.1436395775430514,0.0,0.1,1186.2015312079163,314.0326637290066,0.0,1.0,0.0,0.0,2.0
12058,0.0005969142065895032,0.12893346862333271,0.0,0.1,,,0.0,1.0,,,2.0
12059,0.0013579492617466732,0.2933170405372814,0.0,0.1,1195.1606348825878,323.22513904968173,0.0,1.0,0.0,0.0,2.0
12060,0.000365529167569199,0.07895430019494698,1.0,0.1,1197.8463902627157,326.05620238686987,0.0,1.0,0.0,0.0,2.0
12061,0.0006804565491940112,0.14697861462590642,0.0,0.1,1200.0441844904822,328.1887879283032,0.0,1.0,0.0,0.0,2.0
12062,0.0004107484848171049,0.08872167272049467,1.0,0.1,1200.2868394396648,328.53843739821826,0.0,1.0,0.0,0.0,2.0
12063,0.0021774385093663376,0.4703267180231289,0.0,0.1,1199.0719964011887,327.35926591753025,0.0,1.0,0.0,0.0,2.0
12064,0.001838095472431101,0.3970286220451178,0.0,0.1,1194.8214832666633,323.751673652307,0.0,1.0,0.0,0.0,2.0
12065,0.0005574746182844992,0.12041451754945183,0.0,0.1,1188.8598129298755,318.7265529595691,0.0,1.0,0.0,0.0,2.0
12066,0.0008459334943807747,0.18272163478624734,0.0,0.1,1187.0726931430186,316.72365868318593,0.0,1.0,0.0,0.0,2.0
12067,0.0009617750602625331,0.20774341301670718,0.0,0.1,1182.547925923045,312.7633469388121,0.0,1.0,0.0,0.0,2.0
12068,0.001371410948473756,0.2962247648703313,0.0,0.1,1183.1466198426301,314.0271493935793,0.0,1.0,0.0,0.0,2.0
12069,0.00037235195360942004,0.08042802197963474,1.0,0.1,1182.4155244250956,313.8861675824025,0.0,1.0,0.0,0.0,2.0
12070,0.0007188328916350837,0.15526790459317807,0.0,0.1,1181.3344102135093,312.924717511325,0.0,1.0,0.0,0.0,2.0
12071,0.0003734086975174987,0.08065627866377972,1.0,0.1,1178.3145297862839,310.02149373425726,0.0,1.0,0.0,0.0,2.0
12072,0.0003144987936315441,0.06793173942441352,1.0,0.1,1174.8510772002242,306.10593754492226,0.0,1.0,0.0,0.0,2.0
12073,0.00016714383850953296,0.03610306911805912,1.0,0.1,1175.800968411273,306.91680747185694,0.0,1.0,0.0,0.0,2.0
12074,0.00021026486963020044,0.045417211840123296,1.0,0.1,1175.047410450844,305.61443362473494,0.0,1.0,0.0,0.0,2.0
12075,0.0006948152228457885,0.15008008813469031,0.0,0.1,1174.2437625861642,304.84643000302583,0.0,1.0,0.0,0.0,2.0
12076,0.00013782348956678183,0.02976987374642488,1.0,0.1,1175.410245618926,305.54250542130995,0.0,1.0,0.0,0.0,2.0
12077,0.001128479098531229,0.24375148528274543,0.0,0.1,1179.2405849752593,308.7332192704654,0.0,1.0,0.0,0.0,2.0
12078,0.00133229371492126,0.2877754424229922,0.0,0.1,1181.6288140224954,310.90036435731383,0.0,1.0,0.0,0.0,2.0
12079,0.00030243159527368243,0.06532522457911541,1.0,0.1,1182.2268039400194,311.6286908085952,0.0,1.0,0.0,0.0,2.0
12080,0.000286770551485313,0.06194243912082761,1.0,0.1,1182.457440009103,311.7621423674678,0.0,1.0,0.0,0.0,2.0
12081,0.0003489593353213568,0.07537521642941307,1.0,0.1,1182.1166228224392,311.0810125005598,0.0,1.0,0.0,0.0,2.0
12082,0.0004156288347605972,0.08977582830828901,1.0,0.1,1182.6189555966307,311.5501670410034,0.0,1.0,0.0,0.0,2.0
12083,0.000589512748813168,0.12733475374364428,0.0,0.1,,,0.0,1.0,,,2.0
12084,0.00010624696565821485,0.02294934458217441,1.0,0.1,,,0.0,1.0,,,2.0
12085,5.404783774277096e-05,0.011674332952438526,1.0,0.1,1180.3411861243865,309.1099113466656,0.0,1.0,0.0,0.0,2.0
12086,0.0001824770669348956,0.039415046457937454,1.0,0.1,1178.8579481650552,307.62674891011363,0.0,1.0,0.0,0.0,2.0
12087,0.00013938786647864918,0.030107779159388223,1.0,0.1,1179.112193924709,307.7492507210096,0.0,1.0,0.0,0.0,2.0
12088,0.00010255550334928877,0.022151988723446377,1.0,0.1,1179.6798343014084,308.3449117367864,0.0,1.0,0.0,0.0,2.0
12089,0.0003269816513627022,0.07062803669434368,1.0,0.1,1180.8626478114,309.5347957419552,0.0,1.0,0.0,0.0,2.0
12090,0.00045533340718406304,0.09835201595175762,1.0,0.1,1181.7691117137817,310.5590343139043,0.0,1.0,0.0,0.0,2.0
12091,0.0004608801782471481,0.09955011850138398,1.0,0.1,1182.321510600929,311.38078028301095,0.0,1.0,0.0,0.0,2.0
12092,0.00048123829447330445,0.10394747160623377,0.0,0.1,1182.1958312860907,311.5533636491834,0.0,1.0,0.0,0.0,2.0
12093,0.00025461397075154485,0.05499661768233369,1.0,0.1,1181.9634204509039,311.2304990133732,0.0,1.0,0.0,0.0,2.0
12094,0.00020519782078678924,0.04432272928994648,1.0,0.1,1183.129291256303,312.2355852147587,0.0,1.0,0.0,0.0,2.0
12095,0.0004529754180757954,0.0978426903043718,1.0,0.1,1186.0479611378853,315.12054058453566,0.0,1.0,0.0,0.0,2.0
12096,0.0003278320674821839,0.07081172657615173,1.0,0.1,,,0.0,1.0,,,2.0
12097,0.000618542319688504,0.13360514105271687,0.0,0.1,,,0.0,1.0,,,2.0
12098,0.00045581888677429736,0.09845687954324824,1.0,0.1,,,0.0,1.0,,,2.0
12099,0.0005419966193632713,0.11707126978246658,0.0,0.1,,,0.0,1.0,,,2.0
12100,0.0005398291420161399,0.1166030946754862,0.0,0.1,1189.764249730441,318.36152068977196,0.0,1.0,0.0,0.0,2.0
12101,0.000851558881820515,0.18393671847323126,0.0,0.1,1193.800448552048,322.5833650898382,0.0,1.0,0.0,0.0,2.0
12102,0.001950695448062051,0.421350216781403,0.0,0.1,1195.8843298818047,324.63940798779254,0.0,1.0,0.0,0.0,2.0
12103,0.0004896485917631044,0.10576409582083056,0.0,0.1,,,0.0,1.0,,,2.0
12104,0.0005127063486168328,0.11074457130123588,0.0,0.1,,,0.0,1.0,,,2.0
12105,0.0005916464899508938,0.12779564182939307,0.0,0.1,,,0.0,1.0,,,2.0
12106,0.0013921887139454257,0.30071276221221194,0.0,0.1,,,0.0,1.0,,,2.0
12107,0.002846512752055814,0.6148467544440559,0.0,0.1,1201.8821271988377,331.3140713881273,0.0,1.0,0.0,0.0,2.0
12108,0.00062084370135685,0.13410223949307962,0.0,0.1,1205.7301733650822,335.0230329556219,0.0,1.0,0.0,0.0,2.0
12109,0.0017841235134811327,0.38537067891192467,0.0,0.1,,,0.0,1.0,,,2.0
12110,0.0009701471790178117,0.20955179066784732,0.0,0.1,,,0.0,1.0,,,2.0
12111,0.0019529517394147016,0.42183757571357555,0.0,0.1,,,0.0,1.0,,,2.0
12112,0.0007756560218699474,0.16754170072390862,0.0,0.1,1215.3788234756937,343.5908530292492,0.0,1.0,0.0,0.0,2.0
12113,0.0009795892695116696,0.21159128221452064,0.0,0.1,1215.9357911452894,343.8623562383442,0.0,1.0,0.0,0.0,2.0
12114,,,,0.1,,,0.0,1.0,,,2.0
12115,,,,0.1,1221.6643789557888,349.0173337569835,,,0.0,0.0,2.0
12116,,,,0.1,1222.486205247421,349.4994688001508,,,0.0,0.0,2.0
12117,,,,0.1,,,,,,,2.0
12118,0.0006669086064448457,0.14405225899208668,0.0,0.1,1222.9800337516365,349.4002055416101,0.0,1.0,0.0,0.0,2.0
12119,0.001796993117263235,0.38815051332885875,0.0,0.1,1182.1325919695203,308.6480892783496,0.0,1.0,0.0,0.0,2.0
12120,0.0003561256723649565,0.0769231452308306,1.0,0.1,1181.0563355831714,307.60529792418964,0.0,1.0,0.0,0.0,2.0
12121,0.000410310867644856,0.08862714741128891,1.0,0.1,1180.555141809523,307.1292610867062,0.0,1.0,0.0,0.0,2.0
12122,0.0008200411161145257,0.17712888108073754,0.0,0.1,,,0.0,1.0,,,2.0
12123,0.0005142153317616693,0.11107051166052057,0.0,0.1,,,0.0,1.0,,,2.0
12124,,,,0.1,,,0.0,1.0,,,2.0
12125,,,,0.1,,,,,,,2.0
12126,0.0006985415239706533,0.15088496917766112,0.0,0.1,,,0.0,1.0,,,2.0
12127,0.000540850711230386,0.11682375362576336,0.0,0.1,,,0.0,1.0,,,2.0
12128,0.00032324663105399407,0.06982127230766272,1.0,0.1,,,0.0,1.0,,,2.0
12129,0.0002979177264325137,0.06435022890942296,1.0,0.1,,,0.0,1.0,,,2.0
12130,0.0010498638815817142,0.22677059842165023,0.0,0.1,1178.8709483585492,305.93319101535667,0.0,1.0,0.0,0.0,2.0
12131,0.0006236956007512618,0.13471824976227256,0.0,0.1,1175.2679148497311,302.41916667865695,0.0,1.0,0.0,0.0,2.0
12132,0.0001707239001357807,0.03687636242932863,1.0,0.1,1173.9621097295692,301.05680015261225,0.0,1.0,0.0,0.0,2.0
12133,0.0003262602658431704,0.0704722174221248,1.0,0.1,1173.6153543110834,300.75124815806737,0.0,1.0,0.0,0.0,2.0
12134,0.0006307110870259075,0.136233594797596,0.0,0.1,,,0.0,1.0,,,2.0
12135,0.0006916617919433166,0.1493989470597564,0.0,0.1,,,0.0,1.0,,,2.0
12136,0.00033924000172309696,0.07327584037218896,1.0,0.1,,,0.0,1.0,,,2.0
12137,0.0003229645464634363,0.06976034203610225,1.0,0.1,,,0.0,1.0,,,2.0
12138,0.0003338048304201975,0.07210184337076266,1.0,0.1,1181.28555276038,312.2306065064534,0.0,1.0,0.0,0.0,2.0
12139,0.00045315747456217096,0.09788201450542892,1.0,0.1,,,0.0,1.0,,,2.0
12140,,,,0.1,,,0.0,1.0,,,2.0
12141,,,,0.1,,,,,,,2.0
12142,,,,0.1,,,,,,,2.0
12143,,,,0.1,,,,,,,2.0
12144,0.0011232087720670684,0.2426130947664868,0.0,0.1,,,0.0,1.0,,,2.0
12145,0.0012409152696614154,0.2680376982468657,0.0,0.1,,,0.0,1.0,,,2.0
12146,0.0006226076574347585,0.13448325400590785,0.0,0.1,,,0.0,1.0,,,2.0
12147,0.0012409376441633079,0.2680425311392745,0.0,0.1,,,0.0,1.0,,,2.0
12148,0.0006451517327107632,0.13935277426552486,0.0,0.1,,,0.0,1.0,,,2.0
12149,,,,0.1,,,0.0,1.0,,,2.0
12150,,,,0.1,,,,,,,2.0
12151,,,,0.1,,,,,,,2.0
12152,,,,0.1,,,0.0,1.0,,,2.0
12153,,,,0.1,,,,,,,2.0
12154,,,,0.1,,,,,,,2.0
12155,,,,0.1,,,,,,,2.0
12156,,,,0.1,,,0.0,1.0,,,2.0
12157,,,,0.1,,,,,,,2.0
12158,0.0018639849706562003,0.4026207536617393,0.0,0.1,,,0.0,1.0,,,2.0
12159,0.0009585974878555933,0.20705705737680816,0.0,0.1,,,0.0,1.0,,,2.0
12160,0.0015406840907080319,0.3327877635929349,0.0,0.1,,,0.0,1.0,,,2.0
12161,,,,0.1,,,0.0,1.0,,,2.0
12162,,,,0.1,,,,,,,2.0
12163,,,,0.1,,,,,,,2.0
12164,,,,0.1,,,,,,,2.0
12165,0.0027645380845555657,0.5971402262640022,0.0,0.1,,,0.0,1.0,,,2.0
12166,0.003230623328543037,0.697814638965296,0.0,0.1,,,0.0,1.0,,,2.0
12167,0.0009052777726895146,0.19553999890093515,0.0,0.1,,,0.0,1.0,,,2.0
12168,0.0018941803048965944,0.4091429458576644,0.0,0.1,1165.7925910511456,301.0584301053588,0.0,1.0,0.0,0.0,2.0
12169,0.002960876156857459,0.6395492498812112,0.0,0.1,1164.2594830845212,299.0120119009107,0.0,1.0,0.0,0.0,2.0
12170,0.002327255086448549,0.5026870986728866,0.0,0.1,1152.8697859133022,285.32561334380637,0.0,1.0,0.0,0.0,2.0
12171,0.002776215863692853,0.5996626265576563,0.0,0.1,1140.7661760306196,270.93674107427273,0.0,1.0,0.0,0.0,2.0
12172,0.0026999055597385856,0.5831796009035345,0.0,0.1,1125.9168692305973,254.32885046225346,0.0,1.0,0.0,0.0,2.0
12173,0.0016131065355940106,0.3484310116883063,0.0,0.1,1109.8512124045885,237.18739182284588,0.0,1.0,0.0,0.0,2.0
12174,0.00260173446367396,0.5619746441535753,0.0,0.1,1106.5183827391982,233.65406152912806,0.0,1.0,0.0,0.0,2.0
12175,0.001974927540506792,0.4265843487494671,0.0,0.1,1091.6226696249012,218.12096010667662,0.0,1.0,0.0,0.0,2.0
12176,0.0020740007423983853,0.4479841603580512,0.0,0.1,1069.1098645170969,195.52438478556272,0.0,1.0,0.0,0.0,2.0
12177,0.0007123967594381919,0.15387770003864945,0.0,0.1,1043.723126539366,170.69414389002412,0.0,1.0,0.0,0.0,2.0
12178,0.0004491942147885591,0.09702595039432876,1.0,0.1,1034.6415763132482,161.83528106449515,0.0,1.0,0.0,0.0,2.0
12179,0.0011707399883003743,0.25287983747288084,0.0,0.1,1019.5993312212471,146.8445939139527,0.0,1.0,0.0,0.0,2.0
12180,0.0015759384414936071,0.34040270336261913,0.0,0.1,1012.5460197968571,139.33451189130494,0.0,1.0,0.0,0.0,2.0
12181,0.0021478067032963733,0.46392624791201664,0.0,0.1,1004.0026930333026,130.67703174553714,0.0,1.0,0.0,0.0,2.0
12182,0.0009579993134385931,0.2069278517027361,0.0,0.1,993.9212508280017,120.40583268831669,0.0,1.0,0.0,0.0,2.0
12183,0.0026895454294206017,0.5809418127548499,0.0,0.1,986.8998170880423,113.31209754874023,0.0,1.0,0.0,0.0,2.0
12184,0.002147609325328253,0.4638836142709027,0.0,0.1,978.3066820038648,104.65993129796244,0.0,1.0,0.0,0.0,2.0
12185,0.001379575274484008,0.2979882592885457,0.0,0.1,971.2026181451077,97.6049264160234,0.0,1.0,0.0,0.0,2.0
12186,0.0008349712532060283,0.18035379069250213,0.0,0.1,959.001824304987,85.52135486467961,0.0,1.0,0.0,0.0,2.0
12187,0.0006555567896224548,0.14160026655845026,0.0,0.1,949.2209270683409,75.77381882658611,0.0,1.0,0.0,0.0,2.0
12188,0.0015820790388124796,0.3417290723834956,0.0,0.1,932.8448918507485,59.451298647566524,0.0,1.0,0.0,1.0,2.0
12189,0.0024888528387346366,0.5375922131666815,0.0,0.1,922.8386250126948,49.979043807586585,0.0,1.0,0.0,1.0,2.0
12190,0.0006630103026065327,0.1432102253630111,0.0,0.1,919.9492494190939,47.01465578358278,0.0,1.0,0.0,1.0,2.0
12191,0.00021320963413619065,0.046053280973417175,1.0,0.1,919.0141691465949,46.48444436476846,0.0,1.0,0.0,1.0,2.0
12192,0.0007554908821873806,0.16318603055247421,0.0,0.1,918.3141040192555,46.27089447631543,0.0,1.0,0.0,1.0,2.0
12193,0.0008773841983425304,0.18951498684198656,0.0,0.1,916.028092896297,45.91204399282414,0.0,1.0,0.0,1.0,2.0
12194,0.0005563863688812344,0.12017945567834666,0.0,0.1,910.4930419162573,42.867537193756064,0.0,1.0,0.0,1.0,2.0
12195,0.0003749633849339886,0.08099209114574155,1.0,0.1,907.4279762182665,41.284662907692095,0.0,1.0,0.0,1.0,2.0
12196,0.0006341518779929733,0.13697680564648224,0.0,0.1,906.0746261565195,40.51327629858966,0.0,1.0,0.0,1.0,2.0
12197,0.00040765707177114015,0.08805392750256628,1.0,0.1,898.683830243128,34.907937960860046,0.0,1.0,0.0,1.0,2.0
12198,0.00020881363435500564,0.04510374502068122,1.0,0.1,896.5805011174872,35.87094358528889,0.0,1.0,0.0,1.0,2.0
12199,0.00020812895031443708,0.044955853267918414,1.0,0.1,,,0.0,1.0,,,2.0
12200,0.00023213729134779194,0.050141654931123054,1.0,0.1,,,0.0,1.0,,,2.0
12201,0.0006970382138286609,0.15056025418699076,0.0,0.1,,,0.0,1.0,,,2.0
12202,0.0010961993136700567,0.23677905175273223,0.0,0.1,,,0.0,1.0,,,2.0
12203,0.0006399916087422081,0.13823818748831695,0.0,0.1,,,0.0,1.0,,,2.0
12204,0.0009080426668936079,0.19613721604901932,0.0,0.1,870.8628720980736,38.734426653076625,0.0,1.0,0.0,1.0,2.0
12205,0.0008112822396522985,0.1752369637648965,0.0,0.1,869.7020397244552,40.27383494107028,0.0,1.0,0.0,1.0,2.0
12206,0.0008966736283142227,0.1936815037158721,0.0,0.1,862.8963473140046,47.31884421165016,0.0,1.0,0.0,1.0,2.0
12207,0.0019778273189661804,0.427210700896695,0.0,0.1,862.4363835482072,46.30123410723151,0.0,1.0,0.0,1.0,2.0
12208,0.0014125226648334483,0.3051048956040249,0.0,0.1,862.3948588900704,47.199376053671514,0.0,1.0,0.0,1.0,2.0
12209,0.0008882521176343582,0.19186245740902136,0.0,0.1,850.7944109026711,58.508496733476015,0.0,1.0,0.0,1.0,2.0
12210,0.0011775044312604295,0.2543409571522528,0.0,0.1,848.0370951143099,62.272504059919626,0.0,1.0,0.0,1.0,2.0
12211,0.0004052674900010885,0.08753777784023511,1.0,0.1,844.0646596652231,66.96034299130129,0.0,1.0,0.0,1.0,2.0
12212,0.0004448984416411472,0.0960980633944878,1.0,0.1,841.591597865092,69.46692808206264,0.0,1.0,0.0,1.0,2.0
12213,0.00020734027456039629,0.0447854993050456,1.0,0.1,840.6702268320506,70.97037073936706,0.0,1.0,0.0,0.0,2.0
12214,0.00046438736448338485,0.10030767072841114,0.0,0.1,838.8937159544512,72.22932556052356,0.0,1.0,0.0,0.0,2.0
12215,0.0003594509187063722,0.0776413984405764,1.0,0.1,832.2795431254185,79.50609275724955,0.0,1.0,0.0,0.0,2.0
12216,0.0004947887237250483,0.10687436432461045,0.0,0.1,833.9002387457648,79.8896748771709,0.0,1.0,0.0,0.0,2.0
12217,0.0001115842631602041,0.024102200842604084,1.0,0.1,,,0.0,1.0,,,2.0
12218,3.940013824994546e-05,0.00851042986198822,1.0,0.1,,,0.0,1.0,,,2.0
12219,0.00027784467482459813,0.060014449762113196,1.0,0.1,,,0.0,1.0,,,2.0
12220,0.00022060024668893485,0.047649653284809926,1.0,0.1,,,0.0,1.0,,,2.0
12221,0.00017021506905469925,0.03676645491581504,1.0,0.1,,,0.0,1.0,,,2.0
12222,0.00015687014687726725,0.033883951725489726,1.0,0.1,,,0.0,1.0,,,2.0
12223,0.0004060452462620451,0.08770577319260174,1.0,0.1,,,0.0,1.0,,,2.0
12224,0.00048227978433716006,0.10417243341682658,0.0,0.1,,,0.0,1.0,,,2.0
12225,0.00026047198970636327,0.05626194977657446,1.0,0.1,,,0.0,1.0,,,2.0
12226,0.0008445485187029313,0.18242248003983316,0.0,0.1,,,0.0,1.0,,,2.0
12227,0.0005047496071423176,0.10902591514274061,0.0,0.1,,,0.0,1.0,,,2.0
12228,0.00042507039588972014,0.09181520551217956,1.0,0.1,,,0.0,1.0,,,2.0
12229,0.0005025118498699833,0.10854255957191639,0.0,0.1,,,0.0,1.0,,,2.0
12230,0.00042915110931014027,0.09269663961099031,1.0,0.1,,,0.0,1.0,,,2.0
12231,0.0006796448068912846,0.14680327828851747,0.0,0.1,,,0.0,1.0,,,2.0
12232,0.0003874985271477554,0.08369968186391517,1.0,0.1,,,0.0,1.0,,,2.0
12233,0.0010703824098541891,0.23120260052850483,0.0,0.1,,,0.0,1.0,,,2.0
12234,0.000196546621199776,0.042454070179151614,1.0,0.1,,,0.0,1.0,,,2.0
12235,0.0004225792816807768,0.09127712484304779,1.0,0.1,,,0.0,1.0,,,2.0
12236,0.0003782071584870788,0.08169274623320902,1.0,0.1,,,0.0,1.0,,,2.0
12237,0.0009299517291588293,0.20086957349830714,0.0,0.1,,,0.0,1.0,,,2.0
12238,0.0004241761910473045,0.09162205726621778,1.0,0.1,,,0.0,1.0,,,2.0
12239,0.0009634300586787948,0.20810089267461968,0.0,0.1,,,0.0,1.0,,,2.0
12240,0.00019850164217529657,0.04287635470986406,1.0,0.1,,,0.0,1.0,,,2.0
12241,0.0001554250963299163,0.03357182080726192,1.0,0.1,,,0.0,1.0,,,2.0
12242,0.001007609204197998,0.21764358810676757,0.0,0.1,,,0.0,1.0,,,2.0
12243,0.001024317149365444,0.22125250426293588,0.0,0.1,,,0.0,1.0,,,2.0
12244,0.00029771710697106533,0.06430689510575012,1.0,0.1,,,0.0,1.0,,,2.0
12245,0.0009189323643978904,0.1984893907099443,0.0,0.1,,,0.0,1.0,,,2.0
12246,0.0010882068852920497,0.23505268722308276,0.0,0.1,,,0.0,1.0,,,2.0
12247,0.0005239922084255328,0.11318231701991509,0.0,0.1,,,0.0,1.0,,,2.0
12248,0.0007690392903597859,0.16611248671771375,0.0,0.1,,,0.0,1.0,,,2.0
12249,0.00031757293883828935,0.0685957547890705,1.0,0.1,,,0.0,1.0,,,2.0
12250,0.00027056150191909374,0.05844128441452425,1.0,0.1,,,0.0,1.0,,,2.0
12251,0.0004090241660798493,0.08834921987324744,1.0,0.1,,,0.0,1.0,,,2.0
12252,0.0006562670189082947,0.14175367608419165,0.0,0.1,,,0.0,1.0,,,2.0
12253,9.299234187780214e-05,0.02008634584560526,1.0,0.1,,,0.0,1.0,,,2.0
12254,0.00015844261952109424,0.03422360581655636,1.0,0.1,,,0.0,1.0,,,2.0
12255,0.00017740284853616376,0.038319015283811375,1.0,0.1,,,0.0,1.0,,,2.0
12256,0.0002937682105232355,0.06345393347301886,1.0,0.1,,,0.0,1.0,,,2.0
12257,0.000506956212533904,0.10950254190732327,0.0,0.1,,,0.0,1.0,,,2.0
12258,4.829926529364853e-05,0.010432641303428084,1.0,0.1,,,0.0,1.0,,,2.0
12259,0.00036754680300355683,0.07939010944876827,1.0,0.1,,,0.0,1.0,,,2.0
12260,0.0010961767286886911,0.2367741733967573,0.0,0.1,,,0.0,1.0,,,2.0
12261,0.0005350684477374148,0.11557478471128162,0.0,0.1,,,0.0,1.0,,,2.0
12262,0.0002191840747638551,0.047343760148992706,1.0,0.1,,,0.0,1.0,,,2.0
12263,0.00024786387689945075,0.053538597410281365,1.0,0.1,,,0.0,1.0,,,2.0
12264,0.0005476952118660611,0.11830216576306922,0.0,0.1,,,0.0,1.0,,,2.0
12265,0.0004663448585717134,0.1007304894514901,0.0,0.1,,,0.0,1.0,,,2.0
12266,0.00115652608033611,0.24980963335259973,0.0,0.1,,,0.0,1.0,,,2.0
12267,0.0005389468621153942,0.11641252221692514,0.0,0.1,800.7514887339845,235.79715967473976,0.0,1.0,0.0,0.0,2.0
12268,0.0003969685185484959,0.08574520000647512,1.0,0.1,797.3919440108001,237.65663406572557,0.0,1.0,0.0,0.0,2.0
12269,0.000843785088854988,0.18225757919267743,0.0,0.1,789.8073865587942,241.06167900645207,0.0,1.0,0.0,0.0,2.0
12270,0.001809191983384819,0.3907854684111209,0.0,0.1,776.2941458310468,251.69841504626925,0.0,1.0,0.0,0.0,2.0
12271,0.000711961394933593,0.15378366130565607,0.0,0.1,763.261198146552,262.0205257336549,0.0,1.0,0.0,0.0,2.0
12272,0.0018435410735261146,0.3982048718816408,0.0,0.1,754.614042158487,268.4214550534154,0.0,1.0,0.0,0.0,2.0
12273,0.0030254098559231546,0.6534885288794015,0.0,0.1,750.4663543232956,271.48050362652026,0.0,1.0,0.0,0.0,2.0
12274,0.0019051731104671402,0.4115173918609023,0.0,0.1,740.9629887827024,274.83083703189936,0.0,1.0,0.0,0.0,2.0
12275,0.0021632736317282,0.4672671044532912,0.0,0.1,733.3398391884723,279.98999114098507,0.0,1.0,0.0,0.0,2.0
12276,0.0008778468447927987,0.18961491847524453,0.0,0.1,726.5191396737046,285.8853341344984,0.0,1.0,0.0,0.0,2.0
12277,0.0018895374567190941,0.40814009065132434,0.0,0.1,722.2502933711555,289.07838390250095,0.0,1.0,0.0,0.0,2.0
12278,0.0008126050676231172,0.1755226946065933,0.0,0.1,719.0901915062016,291.33547499807503,0.0,1.0,0.0,0.0,2.0
12279,0.0009868532251032123,0.21316029662229385,0.0,0.1,715.4113641732138,294.9176648852507,0.0,1.0,0.0,0.0,2.0
12280,0.001378077112081678,0.29766465620964244,0.0,0.1,704.6877182835941,305.0219812522082,0.0,1.0,0.0,0.0,2.0
12281,0.00017223214784945108,0.037202143935481435,1.0,0.1,700.3501933701348,310.7711780377746,0.0,1.0,0.0,0.0,2.0
12282,0.0008901949592364737,0.19228211119507835,0.0,0.1,697.308542720991,313.12674966764564,0.0,1.0,0.0,0.0,2.0
12283,0.0006980115233394535,0.15077048904132195,0.0,0.1,694.6552316360106,315.6092589091121,0.0,1.0,0.0,0.0,2.0
12284,0.00044273682591124824,0.09563115439682962,1.0,0.1,692.2266017180509,314.4077441152098,0.0,1.0,0.0,0.0,2.0
12285,0.0002492283351418341,0.053833320390636166,1.0,0.1,687.8166604556852,315.5110411580814,0.0,1.0,0.0,0.0,2.0
12286,0.0009140042330252382,0.19742491433345147,0.0,0.1,683.8637179128651,316.7147201113273,0.0,1.0,0.0,0.0,2.0
12287,0.0009453861077642338,0.2042033992770745,0.0,0.1,682.9937468568212,317.98853499540826,0.0,1.0,0.0,0.0,2.0
12288,0.00016733307305526345,0.036143943779936905,1.0,0.1,684.4025958584493,317.19478846986,0.0,1.0,0.0,0.0,2.0
12289,0.0009558193690163074,0.2064569837075224,0.0,0.1,689.8922130362629,309.9635503386935,0.0,1.0,0.0,0.0,2.0
12290,0.0007196186741375279,0.15543763361370602,0.0,0.1,704.2674807094417,297.86321965415056,0.0,1.0,0.0,0.0,2.0
12291,0.0006090002991212079,0.13154406461018092,0.0,0.1,707.6834114045653,295.3797828260343,0.0,1.0,0.0,0.0,2.0
12292,0.0003606394083678053,0.07789811220744594,1.0,0.1,709.6187972487585,294.1532224592879,0.0,1.0,0.0,0.0,2.0
12293,0.0002925295218191102,0.0631863767129278,1.0,0.1,709.9766704455731,293.59048458199914,0.0,1.0,0.0,0.0,2.0
12294,3.425646851977078e-05,0.007399397200270489,1.0,0.1,709.2220114588209,293.82208908341806,0.0,1.0,0.0,0.0,2.0
12295,0.0002730193580815154,0.058972181345607326,1.0,0.1,710.1331906827743,292.05827829184176,0.0,1.0,0.0,0.0,2.0
12296,0.000233577272510527,0.05045269086227383,1.0,0.1,710.8601188134343,288.87142500273103,0.0,1.0,0.0,0.0,2.0
12297,6.683519999520165e-05,0.014436403198963556,1.0,0.1,706.824095321806,290.2239247494015,0.0,1.0,0.0,0.0,2.0
12298,0.00014961340445821816,0.03231649536297512,1.0,0.1,701.3234364552293,293.37910325097897,0.0,1.0,0.0,0.0,2.0
12299,0.0008159670588266257,0.17624888470655115,0.0,0.1,698.3736950379373,293.7796756431713,0.0,1.0,0.0,0.0,2.0
12300,0.00011614601110629756,0.02508753839896027,1.0,0.1,693.9330903403645,294.9812480669213,0.0,1.0,0.0,0.0,2.0
12301,0.00023968539414699454,0.05177204513575082,1.0,0.1,681.5822674087315,300.01811209216913,0.0,1.0,0.0,0.0,2.0
12302,0.0008730913893818872,0.18858774010648763,0.0,0.1,671.9364736063523,304.38307032713044,0.0,1.0,0.0,0.0,2.0
12303,0.0004578490590724559,0.09889539675965048,1.0,0.1,662.9230727133161,306.8060392758485,0.0,1.0,0.0,0.0,2.0
12304,0.0014915829032877068,0.32218190711014466,0.0,0.1,660.4573737480681,309.0440579261447,0.0,1.0,0.0,0.0,2.0
12305,0.0020160926606907523,0.4354760147092025,0.0,0.1,656.6884054246087,310.5316742289464,0.0,1.0,0.0,0.0,2.0
12306,0.001082491676047795,0.23381820202632375,0.0,0.1,648.514211506551,312.48661923022405,0.0,1.0,0.0,0.0,2.0
12307,0.0022077333269542344,0.4768703986221147,0.0,0.1,639.8496125227514,318.1776179431799,0.0,1.0,0.0,0.0,2.0
12308,0.0007663337213907114,0.16552808382039366,0.0,0.1,633.1369024084554,324.1314363123895,0.0,1.0,0.0,0.0,2.0
12309,0.0027686334559666468,0.5980248264887957,0.0,0.1,,,0.0,1.0,,,2.0
12310,0.0019262315945632134,0.4160660244256541,0.0,0.1,621.6301526220259,333.3882295519393,0.0,1.0,0.0,0.0,2.0
12311,0.0038997612815719535,0.842348436819542,0.0,0.1,614.8712375263642,340.4981326586778,0.0,1.0,0.0,0.0,2.0
12312,0.0006067848153938812,0.13106552012507833,0.0,0.1,606.8981773754939,347.32218190313455,0.0,1.0,0.0,0.0,2.0
12313,0.0030664786568198894,0.6623593898730962,0.0,0.1,,,0.0,1.0,,,2.0
12314,0.001998631081932692,0.4317043136974615,0.0,0.1,,,0.0,1.0,,,2.0
12315,0.0023620567463746404,0.5102042572169223,0.0,0.1,,,0.0,1.0,,,2.0
12316,0.002295493139747384,0.49582651818543494,0.0,0.1,,,0.0,1.0,,,2.0
12317,0.0015810032638581442,0.34149670499335916,0.0,0.1,579.5519249115929,368.75951118588756,0.0,1.0,0.0,0.0,2.0
12318,0.0023590307112903272,0.5095506336387107,0.0,0.1,576.3668834604975,372.0093902144551,0.0,1.0,0.0,0.0,2.0
12319,0.0031166822692418,0.6732033701562288,0.0,0.1,,,0.0,1.0,,,2.0
12320,0.002497990197742003,0.5395658827122727,0.0,0.1,560.4518477566328,387.35606028756405,0.0,1.0,0.0,0.0,2.0
12321,0.0007366819522840928,0.15912330169336406,0.0,0.1,,,0.0,1.0,,,2.0
12322,0.001468218153655792,0.31713512118965104,0.0,0.1,553.5590336985351,395.69087601121674,0.0,1.0,0.0,0.0,2.0
12323,0.0016770112520801267,0.36223443044930737,0.0,0.1,,,0.0,1.0,,,2.0
12324,0.002135119241569711,0.4611857561790575,0.0,0.1,,,0.0,1.0,,,2.0
12325,0.0009583047382227669,0.20699382345611764,0.0,0.1,,,0.0,1.0,,,2.0
12326,0.0028355583036586023,0.6124805935902582,0.0,0.1,,,0.0,1.0,,,2.0
12327,0.002364786828563118,0.5107939549696335,0.0,0.1,,,0.0,1.0,,,2.0
12328,0.00261719244336915,0.5653135677677363,0.0,0.1,514.6290836473631,429.2719149642637,0.0,1.0,0.0,0.0,2.0
12329,0.0019429402646824697,0.41967509717141344,0.0,0.1,,,0.0,1.0,,,2.0
12330,0.0005417954861466947,0.11702782500768605,0.0,0.1,,,0.0,1.0,,,2.0
12331,0.0014745828539955085,0.31850989646302985,0.0,0.1,,,0.0,1.0,,,2.0
12332,0.001915290699775862,0.4137027911515862,0.0,0.1,504.7967349462086,441.9793092098265,0.0,1.0,0.0,0.0,2.0
12333,0.002010998323188535,0.43437563780872357,0.0,0.1,502.71581617298943,443.97153528830046,0.0,1.0,0.0,0.0,2.0
12334,0.0009232292295661449,0.1994175135862873,0.0,0.1,499.54234959136,447.7999535392425,0.0,1.0,0.0,0.0,2.0
12335,0.00033869292625940666,0.07315767207203185,1.0,0.1,497.7036690174959,452.3127234188106,0.0,1.0,0.0,0.0,2.0
12336,0.00023398064983835406,0.050539820365084476,1.0,0.1,497.8395613076692,454.0626178755947,0.0,1.0,0.0,0.0,2.0
12337,0.00026784607024551256,0.05785475117303071,1.0,0.1,496.8247958996298,457.75153486312587,0.0,1.0,0.0,0.0,2.0
12338,0.0003142583768777387,0.06787980940559156,1.0,0.1,498.3382482924834,458.0357202107104,0.0,1.0,0.0,0.0,2.0
12339,0.00019521695169317062,0.042166861565724856,1.0,0.1,502.55853937098794,453.8889948926381,0.0,1.0,0.0,0.0,2.0
12340,6.229598509596408e-05,0.013455932780728243,1.0,0.1,505.0567184265179,453.6558846599728,0.0,1.0,0.0,0.0,2.0
12341,0.0007019441037109605,0.15161992640156746,0.0,0.1,505.41846971663927,458.2430626330729,0.0,1.0,0.0,0.0,2.0
12342,0.0010009668444579897,0.21620883840292576,0.0,0.1,502.82383350599883,466.7883571139692,0.0,1.0,0.0,0.0,2.0
12343,0.0005695566379982148,0.1230242338076144,0.0,0.1,500.6435357293265,472.9737342111397,0.0,1.0,0.0,0.0,2.0
12344,0.0006380187274504706,0.13781204512930165,0.0,0.1,500.5056293084306,476.4581785869615,0.0,1.0,0.0,0.0,2.0
12345,0.001777032452008141,0.38383900963375844,0.0,0.1,501.34313640198855,477.85533548210145,0.0,1.0,0.0,0.0,2.0
12346,0.0009215732299782038,0.19905981767529202,0.0,0.1,500.6728815041856,487.2860142872407,0.0,1.0,0.0,0.0,2.0
12347,0.0009009200226906092,0.19459872490117158,0.0,0.1,500.905126241356,492.90105186907743,0.0,1.0,0.0,0.0,2.0
12348,0.001277463574319691,0.2759321320530532,0.0,0.1,502.2546977381726,497.7024602582893,0.0,1.0,0.0,0.0,2.0
12349,0.0014525167498718585,0.3137436179723214,0.0,0.1,504.2973000795743,498.3890643503343,0.0,1.0,0.0,0.0,2.0
12350,0.0005513152352002096,0.11908409080324527,0.0,0.1,504.5505247050684,497.61219038434734,0.0,1.0,0.0,0.0,2.0
12351,0.0006510891100465623,0.14063524777005745,0.0,0.1,505.05640386539415,497.78520426407533,0.0,1.0,0.0,0.0,2.0
12352,0.0008472278328883736,0.1830012119038887,0.0,0.1,505.6365242655604,500.7471167251476,0.0,1.0,0.0,0.0,2.0
12353,0.00014346606331068943,0.03098866967510892,1.0,0.1,507.39492505868554,501.6401853667981,0.0,1.0,0.0,0.0,2.0
12354,0.0006113027848162948,0.13204140152031968,0.0,0.1,507.7805230663858,500.3460637470163,0.0,1.0,0.0,0.0,2.0
12355,0.00030846369518889417,0.06662815816080114,1.0,0.1,507.38942644206963,497.76877095706374,0.0,1.0,0.0,0.0,2.0
12356,0.0001037326861196073,0.022406260201835178,1.0,0.1,509.6789802204794,493.66980860611665,0.0,1.0,0.0,0.0,2.0
12357,0.0003522689816166548,0.07609010002919744,1.0,0.1,513.58086905026,491.55067999809495,0.0,1.0,0.0,0.0,2.0
12358,0.000294465945800276,0.06360464429285961,1.0,0.1,513.9246597700266,493.7731258297189,0.0,1.0,0.0,0.0,2.0
12359,0.0008720947640554614,0.18837246903597965,0.0,0.1,516.1531193169266,494.6701949484878,0.0,1.0,0.0,0.0,2.0
12360,0.00052303839940181,0.11297629427079096,0.0,0.1,516.8779100456687,498.9898375837728,0.0,1.0,0.0,0.0,2.0
12361,0.0008286874453747594,0.17899648820094802,0.0,0.1,515.6523469589475,502.46745401808863,0.0,1.0,0.0,0.0,2.0
12362,0.0007183640219848329,0.1551666287487239,0.0,0.1,519.1266057545126,501.27814895497204,0.0,1.0,0.0,0.0,2.0
12363,0.0011631302742342894,0.2512361392346065,0.0,0.1,520.377685728216,502.06834037188446,0.0,1.0,0.0,0.0,2.0
12364,0.000761923392661294,0.1645754528148395,0.0,0.1,517.4779882305791,507.35142265800016,0.0,1.0,0.0,0.0,2.0
12365,0.003042320097979509,0.6571411411635739,0.0,0.1,509.80542002751724,515.795050473012,0.0,1.0,0.0,0.0,2.0
12366,0.0008036284564276388,0.17358374658836997,0.0,0.1,506.6686390511893,524.4278081110996,0.0,1.0,0.0,0.0,2.0
12367,0.0019042314219906633,0.41131398714998324,0.0,0.1,503.5600051904869,529.4975679280839,0.0,1.0,0.0,0.0,2.0
12368,0.002533123360571212,0.5471546458833819,0.0,0.1,495.1385046977772,540.0504586775636,0.0,1.0,0.0,0.0,2.0
12369,0.0036085306312172768,0.7794426163429318,0.0,0.1,486.51609950589744,552.6647597589,0.0,1.0,0.0,0.0,2.0
12370,0.002305329616161562,0.4979511970908974,0.0,0.1,476.9591710257735,566.0718249459908,0.0,1.0,0.0,0.0,2.0
12371,0.0017590635105462465,0.37995771827798924,0.0,0.1,468.45971013100706,576.8396613671648,0.0,1.0,0.0,0.0,2.0
12372,0.003537964431219476,0.7642003171434069,0.0,0.1,463.26626504140233,581.1427809829613,0.0,1.0,0.0,0.0,2.0
12373,0.002129777857631619,0.4600320172484298,0.0,0.1,456.236566704993,586.4402186673966,0.0,1.0,0.0,0.0,2.0
12374,0.0025746622693189384,0.5561270501728907,0.0,0.1,448.7808444723175,590.5729528010656,0.0,1.0,0.0,0.0,2.0
12375,0.0011478018485736442,0.24792519929190715,0.0,0.1,,,0.0,1.0,,,2.0
12376,0.0018674070173056927,0.4033599157380296,0.0,0.1,437.40194349942715,597.8852428523801,0.0,1.0,0.0,0.0,2.0
12377,0.0027626328095948214,0.5967286868724814,0.0,0.1,437.4598542008349,602.3890945397116,0.0,1.0,0.0,0.0,2.0
12378,0.0019276153718813822,0.41636492032637856,0.0,0.1,,,0.0,1.0,,,2.0
12379,0.0018240864879745333,0.39400268140249917,0.0,0.1,424.97782589035836,608.1575081784567,0.0,1.0,0.0,0.0,2.0
12380,0.0014841752320431307,0.32058185012131624,0.0,0.1,417.8197038559017,606.62147266971,0.0,1.0,0.0,0.0,2.0
12381,0.001960174800602276,0.42339775693009163,0.0,0.1,415.4154792005068,606.9773326667708,0.0,1.0,0.0,0.0,2.0
12382,0.0011717687358320304,0.25310204693971855,0.0,0.1,409.24636392444194,603.4261549041265,0.0,1.0,0.0,0.0,2.0
12383,0.0002708305164084636,0.05849939154422814,1.0,0.1,409.41978533851227,595.4331510220796,0.0,1.0,0.0,0.0,2.0
12384,0.00027934985563070645,0.06033956881623259,1.0,0.1,409.2797921539158,589.8913377101965,0.0,1.0,0.0,0.0,2.0
12385,0.0004815021316809627,0.10400446044308795,0.0,0.1,408.0196791269861,584.5050384688561,0.0,1.0,0.0,0.0,2.0
12386,0.00042764547737232254,0.09237142311242168,1.0,0.1,406.86755103176614,580.0724983775524,0.0,1.0,0.0,0.0,2.0
12387,0.0003678046898225616,0.07944581300167332,1.0,0.1,403.3357980327039,578.8510347865484,0.0,1.0,0.0,0.0,2.0
12388,0.0007753625648348537,0.16747831400432842,0.0,0.1,401.2733790823982,578.5973617219564,0.0,1.0,0.0,0.0,2.0
12389,0.00012089202006706003,0.026112676334484965,1.0,0.1,401.8015849802496,578.0962221089146,0.0,1.0,0.0,0.0,2.0
12390,0.00015047006495535797,0.03250153403035732,1.0,0.1,400.76802716526646,576.9354782113628,0.0,1.0,0.0,0.0,2.0
12391,0.000977523777638994,0.21114513597002274,0.0,0.1,402.7490230297902,568.9646835461449,0.0,1.0,0.0,0.0,2.0
12392,0.0003636692837768496,0.07855256529579951,1.0,0.1,402.43082331910654,564.5290944471926,0.0,1.0,0.0,0.0,2.0
12393,0.0001860819528724397,0.04019370182044697,1.0,0.1,401.15636089917393,567.0246479876045,0.0,1.0,0.0,0.0,2.0
12394,0.0006830835290092768,0.1475460422660038,0.0,0.1,399.98627375810014,569.1639412359151,0.0,1.0,0.0,0.0,2.0
12395,0.0009006468819772703,0.19453972650709037,0.0,0.1,399.14888081292935,570.2023576114559,0.0,1.0,0.0,0.0,2.0
12396,9.33349422038787e-05,0.0201603475160378,1.0,0.1,395.6466019502472,571.9690331656565,0.0,1.0,0.0,0.0,2.0
12397,0.0007112868795561254,0.15363796598412308,0.0,0.1,397.17765971481435,574.4380974219378,0.0,1.0,0.0,0.0,2.0
12398,0.0006019352639147229,0.13001801700558016,0.0,0.1,394.30981404333437,576.9569510013234,0.0,1.0,0.0,0.0,2.0
12399,0.0017589033295688646,0.37992311918687477,0.0,0.1,392.8352339352622,578.9499747898639,0.0,1.0,0.0,0.0,2.0
12400,0.00013947859260938779,0.03012737600362776,1.0,0.1,390.37819146136076,582.7636996330348,0.0,1.0,0.0,0.0,2.0
12401,0.0012681777783294713,0.2739264001191658,0.0,0.1,387.7413584139671,584.1049615526836,0.0,1.0,0.0,0.0,2.0
12402,0.0002237281795761679,0.048325286788452264,1.0,0.1,383.06122662549683,581.846866626866,0.0,1.0,0.0,0.0,2.0
12403,0.0005587068284790081,0.12068067495146576,0.0,0.1,382.9843163078263,578.691393274831,0.0,1.0,0.0,0.0,2.0
12404,0.0004683899142762261,0.10117222148366484,0.0,0.1,385.2823611103859,567.08165815919,0.0,1.0,0.0,0.0,2.0
12405,0.0007375137209924625,0.15930296373437192,0.0,0.1,387.8353196792912,556.9904664565838,0.0,1.0,0.0,0.0,2.0
12406,0.00043315300100754374,0.09356104821762945,1.0,0.1,391.7277113972114,549.2425108630833,0.0,1.0,0.0,0.0,2.0
12407,0.0009907603857655229,0.21400424332535295,0.0,0.1,392.3128748590059,545.6132049439507,0.0,1.0,0.0,0.0,2.0
12408,0.00037661326538119134,0.08134846532233733,1.0,0.1,393.6068925436897,541.6760652964974,0.0,1.0,0.0,0.0,2.0
12409,0.0004584139610364198,0.09901741558386667,1.0,0.1,399.3497317748157,532.2892300609669,0.0,1.0,0.0,0.0,2.0
12410,0.0005759218713175968,0.12439912420460092,0.0,0.1,403.2724471913807,524.043852964919,0.0,1.0,0.0,0.0,2.0
12411,0.00044813112155563925,0.09679632225601809,1.0,0.1,405.84738060258064,519.8733625937112,0.0,1.0,0.0,0.0,2.0
12412,0.0008405323521445441,0.1815549880632215,0.0,0.1,406.8767090028343,518.4004261848594,0.0,1.0,0.0,0.0,2.0
12413,0.00011257391564571903,0.02431596577947531,1.0,0.1,408.21087328629847,516.1365010161495,0.0,1.0,0.0,0.0,2.0
12414,0.0006201920922162492,0.13396149191870982,0.0,0.1,405.24015287785573,516.7876182481598,0.0,1.0,0.0,0.0,2.0
12415,0.0005427712819894398,0.117238596909719,0.0,0.1,402.9088520403078,517.2788798280341,0.0,1.0,0.0,0.0,2.0
12416,0.0005765203134295316,0.12452838770077884,0.0,0.1,403.26264522173267,515.3238944572021,0.0,1.0,0.0,0.0,2.0
12417,0.0008514041149650041,0.1839032888324409,0.0,0.1,404.8688663517072,514.6892634784243,0.0,1.0,0.0,0.0,2.0
12418,0.0011970102509066111,0.258554214195828,0.0,0.1,407.60253122050307,513.1348105589674,0.0,1.0,0.0,0.0,2.0
12419,0.0005725032818843904,0.12366070888702832,0.0,0.1,406.5165495592804,512.9425734741473,0.0,1.0,0.0,0.0,2.0
12420,0.00038088218829401686,0.08227055267150765,1.0,0.1,402.1286324544028,515.9215341637631,0.0,1.0,0.0,0.0,2.0
12421,0.00023449632179511684,0.05065120550774524,1.0,0.1,399.96201637005015,517.9412311709578,0.0,1.0,0.0,0.0,2.0
12422,0.0006409306121275691,0.13844101221955493,0.0,0.1,391.5077581819134,524.3845564619608,0.0,1.0,0.0,0.0,2.0
12423,0.0009250530291140686,0.1998114542886388,0.0,0.1,383.0017570651565,530.2950022580236,0.0,1.0,0.0,0.0,2.0
12424,0.0003758219025716403,0.08117753095547431,1.0,0.1,375.5197129562133,532.7648955844577,0.0,1.0,0.0,0.0,2.0
12425,0.0008184146804951194,0.1767775709869458,0.0,0.1,365.90016586113995,538.2247608170454,0.0,1.0,0.0,0.0,2.0
12426,0.001023573036023398,0.221091775781054,0.0,0.1,361.24932858427934,540.7294983567535,0.0,1.0,0.0,0.0,2.0
12427,0.002335249777566886,0.5044139519544475,0.0,0.1,353.97520558940084,545.4876577790137,0.0,1.0,0.0,0.0,2.0
12428,0.0024277127052165287,0.5243859443267702,0.0,0.1,345.15440560030385,550.0821978500366,0.0,1.0,0.0,0.0,2.0
12429,0.0009373033164735535,0.20245751635828757,0.0,0.1,337.58223684793313,553.8138887961549,0.0,1.0,0.0,0.0,2.0
12430,0.002470795638306111,0.53369185787412,0.0,0.1,332.80893854371914,556.8536890596298,0.0,1.0,0.0,0.0,2.0
12431,0.0012715720455774853,0.27465956184473683,0.0,0.1,325.27395193559323,561.716259220262,0.0,1.0,0.0,0.0,2.0
12432,0.0025421362992355326,0.5491014406348751,0.0,0.1,319.5585662452374,566.2608836301342,0.0,1.0,0.0,0.0,2.0
12433,0.0030907827173454593,0.6676090669466193,0.0,0.1,315.64124407327387,568.8193334615793,0.0,1.0,0.0,0.0,2.0
12434,0.001244701137084866,0.2688554456103311,0.0,0.1,312.3492240536401,570.6793758536413,0.0,1.0,0.0,0.0,2.0
12435,0.00240754627010099,0.5200299943418139,0.0,0.1,308.5624376373453,573.9854951601027,1.0,0.0,0.0,0.0,2.0
12436,0.0021891929936232505,0.4728656866226221,0.0,0.1,303.0347661599016,578.9733823402697,1.0,0.0,0.0,0.0,2.0
12437,0.0018323564743819574,0.3957889984665028,0.0,0.1,297.5166573317117,583.7320369664102,1.0,0.0,0.0,0.0,2.0
12438,0.0006917288046253926,0.14941342179908482,0.0,0.1,292.39934435825285,588.5670419744544,1.0,0.0,0.0,0.0,2.0
12439,0.0009984607027575553,0.21566751179563196,0.0,0.1,289.1720325566857,591.6772762159857,1.0,0.0,0.0,0.0,2.0
12440,0.001588952367828036,0.3432137114508558,0.0,0.1,282.9448862365146,598.1413092692887,1.0,0.0,0.0,0.0,2.0
12441,0.0020944192764931736,0.45239456372252546,0.0,0.1,274.2439221529016,607.0200617617871,1.0,0.0,0.0,0.0,2.0
12442,0.0006897746089363288,0.148991315530247,0.0,0.1,263.7154820614753,616.9184859186284,1.0,0.0,0.0,0.0,2.0
12443,0.001600492769555056,0.3457064382238921,0.0,0.1,260.5857313198629,620.2326091369612,1.0,0.0,0.0,0.0,2.0
12444,0.001391464736679042,0.3005563831226731,0.0,0.1,254.72605679542554,626.0476836019203,1.0,0.0,0.0,0.0,2.0
12445,0.0020508989027212808,0.44299416298779665,0.0,0.1,249.8097351367228,630.5358583240044,1.0,0.0,0.0,0.0,2.0
12446,0.0012412744797074841,0.2681152876168166,0.0,0.1,245.65832699672086,634.1034049816091,1.0,0.0,0.0,0.0,2.0
12447,0.001299150857312056,0.2806165851794041,0.0,0.1,241.1078535212198,638.1664939049083,1.0,0.0,0.0,0.0,2.0
12448,0.0015219855441711782,0.32874887754097454,0.0,0.1,237.95128867405143,641.2250420358462,1.0,0.0,0.0,0.0,2.0
12449,0.0008329671297779648,0.17992090003204042,0.0,0.1,235.14965181543488,643.7457804176372,1.0,0.0,0.0,0.0,2.0
12450,0.0013233489259327654,0.2858433680014773,0.0,0.1,231.20243100174113,647.0787869454927,1.0,0.0,0.0,0.0,2.0
12451,0.0005778742133771326,0.12482083008946064,0.0,0.1,228.30825571380453,648.6822889074633,1.0,0.0,0.0,0.0,2.0
12452,0.0017593807189533277,0.38002623529391877,0.0,0.1,226.70241541479973,650.1494734780232,1.0,0.0,0.0,0.0,2.0
12453,0.0010307112350835287,0.22263362677804222,0.0,0.1,220.81144530651017,655.4827991551226,1.0,0.0,0.0,0.0,2.0
12454,0.0016716390964640168,0.3610740448362276,0.0,0.1,215.1493762119897,660.6062122884744,1.0,0.0,0.0,0.0,2.0
12455,0.0009395175291399889,0.2029357862942376,0.0,0.1,209.20722962774138,665.8780458529544,1.0,0.0,0.0,0.0,2.0
12456,0.0016605176068752762,0.3586718030850597,0.0,0.1,204.03608904912662,670.5761519906034,1.0,0.0,0.0,0.0,2.0
12457,0.0016496533711622089,0.3563251281710371,0.0,0.1,202.49424643467646,671.9858469882229,1.0,0.0,0.0,0.0,2.0
12458,0.0029571752385692276,0.6387498515309532,0.0,0.1,198.15360342841316,676.0322090712441,1.0,0.0,0.0,0.0,2.0
12459,0.0023670647252094163,0.5112859806452339,0.0,0.1,191.65716631534002,682.3540892144224,1.0,0.0,0.0,0.0,2.0
12460,0.0030789683259218404,0.6650571583991175,0.0,0.1,184.19482974261877,689.5144199213858,1.0,0.0,0.0,0.0,2.0
12461,0.000544075641007801,0.11752033845768502,0.0,0.1,177.08233503219225,696.5719943421861,1.0,0.0,0.0,0.0,2.0
12462,0.0023484624298183024,0.5072678848407534,0.0,0.1,173.5112702177147,700.1495148122218,1.0,0.0,0.0,0.0,2.0
12463,0.0038073109166102113,0.8223791579878056,0.0,0.1,166.85685082907756,706.9543536217224,1.0,0.0,0.0,0.0,2.0
12464,0.0019727841211855837,0.4261213701760861,0.0,0.1,155.65668784298276,718.5038767333368,1.0,0.0,0.0,0.0,2.0
12465,0.0015216971920278667,0.3286865934780192,0.0,0.1,147.69684972432228,727.0867237550569,1.0,0.0,0.0,0.0,2.0
12466,0.0021721633003076966,0.46918727286646245,0.0,0.1,145.88515449738077,729.3435076492107,1.0,0.0,0.0,0.0,2.0
12467,0.0009827808757001668,0.21228066915123603,0.0,0.1,142.7818131683726,733.0251790034904,1.0,0.0,0.0,0.0,2.0
12468,0.001604339661711802,0.34653736692974924,0.0,0.1,140.4696319770122,737.0501819248241,1.0,0.0,0.0,0.0,2.0
12469,0.0016813452245774793,0.3631705685087355,0.0,0.1,135.88008851463252,742.8262508181596,1.0,0.0,0.0,0.0,2.0
12470,0.004013043738820454,0.866817447585218,0.0,0.1,134.60897539536668,744.838174087771,1.0,0.0,0.0,0.0,2.0
12471,0.0018190415586321381,0.39291297666454184,0.0,0.1,131.94678679085922,748.6615255225503,1.0,0.0,0.0,0.0,2.0
12472,0.0025885340202483767,0.5591233483736494,0.0,0.1,131.9187354574311,750.7563803498574,1.0,0.0,0.0,0.0,2.0
12473,0.001313269631613575,0.28366624042853217,0.0,0.1,133.08521702760066,751.7505363484609,1.0,0.0,0.0,0.0,2.0
12474,0.00042838497933831,0.09253115553707497,1.0,0.1,146.3556781440806,742.0241477979481,1.0,0.0,0.0,0.0,2.0
12475,0.0012582176720738907,0.2717750171679604,0.0,0.1,150.62066553363343,739.7871536107693,1.0,0.0,0.0,0.0,2.0
12476,0.0016701963356212713,0.3607624084941946,0.0,0.1,161.74650921954677,733.2856052139417,1.0,0.0,0.0,0.0,2.0
12477,0.0006218412303805517,0.13431770576219917,0.0,0.1,168.21525330540499,729.0888491241211,1.0,0.0,0.0,0.0,2.0
12478,0.0009249169589088574,0.19978206312431318,0.0,0.1,170.55350555361642,727.9174732937363,1.0,0.0,0.0,0.0,2.0
12479,0.0011680683956836668,0.25230277346767205,0.0,0.1,173.35660151425472,725.4832568309064,1.0,0.0,0.0,0.0,2.0
12480,0.0009013067789015912,0.19468226424274368,0.0,0.1,175.7472404512012,722.5944644905742,1.0,0.0,0.0,0.0,2.0
12481,0.0008569327901957822,0.18509748268228898,0.0,0.1,178.6075625281039,720.1309249864848,1.0,0.0,0.0,0.0,2.0
12482,0.000489497569019225,0.10573147490815259,0.0,0.1,181.28187017150998,716.3641408863356,1.0,0.0,0.0,0.0,2.0
12483,0.0007563209100302169,0.16336531656652684,0.0,0.1,183.62090372499392,713.2854041409665,1.0,0.0,0.0,0.0,2.0
12484,0.00046881868144108414,0.10126483519127417,0.0,0.1,185.46582500359517,711.0495380939878,1.0,0.0,0.0,0.0,2.0
12485,0.0008690030056773572,0.18770464922630914,0.0,0.1,189.07576325925356,707.2389240663082,1.0,0.0,0.0,0.0,2.0
12486,0.0007230045638518598,0.15616898579200172,0.0,0.1,193.6159956486851,700.9926147968348,1.0,0.0,0.0,0.0,2.0
12487,0.0017162688787231912,0.3707140778042093,0.0,0.1,196.58266135804092,696.9041436790571,1.0,0.0,0.0,0.0,2.0
12488,0.0013892307984981443,0.3000738524755992,0.0,0.1,196.6331981244664,696.6958494796708,1.0,0.0,0.0,0.0,2.0
12489,0.0014134861397476486,0.3053130061854921,0.0,0.1,196.70318080953163,696.372397752481,1.0,0.0,0.0,0.0,2.0
12490,0.001507062854712538,0.3255255766179082,0.0,0.1,195.4116007356191,696.6629002633717,1.0,0.0,0.0,0.0,2.0
12491,0.00099392714697453,0.21468826374649846,0.0,0.1,192.06570827702012,698.3307384362536,1.0,0.0,0.0,0.0,2.0
12492,0.00022479378972447653,0.04855545858048693,1.0,0.1,187.83057845697107,701.8922336708481,1.0,0.0,0.0,0.0,2.0
12493,0.0009054192184469813,0.19557055118454794,0.0,0.1,185.46793219094596,703.7738811457925,1.0,0.0,0.0,0.0,2.0
12494,0.0004371109323386603,0.09441596138515063,1.0,0.1,183.09226024386095,705.5929096146536,1.0,0.0,0.0,0.0,2.0
12495,0.0009249045306678474,0.19977937862425504,0.0,0.1,183.23520516557363,704.8185256301495,1.0,0.0,0.0,0.0,2.0
12496,0.0005501477224607917,0.118831908051531,0.0,0.1,182.51129821778045,707.1754961940412,1.0,0.0,0.0,0.0,2.0
12497,0.0005679513893609514,0.12267750010196549,0.0,0.1,184.35762064204576,707.8070488117344,1.0,0.0,0.0,0.0,2.0
12498,0.0008169802616187438,0.17646773650964867,0.0,0.1,184.88010163126165,708.2322699208,1.0,0.0,0.0,0.0,2.0
12499,0.00018376179654983467,0.03969254805476429,1.0,0.1,184.65354926633805,709.3032129827869,1.0,0.0,0.0,0.0,2.0
12500,0.00045414961330069196,0.09809631647294946,1.0,0.1,184.05380703439496,709.1534971550677,1.0,0.0,0.0,0.0,2.0
12501,0.0005507567059177496,0.11896344847823392,0.0,0.1,185.27231582558025,709.1900612780353,1.0,0.0,0.0,0.0,2.0
12502,0.0013526031630354113,0.29216228321564885,0.0,0.1,187.96122251685264,707.67940021345,1.0,0.0,0.0,0.0,2.0
12503,0.0001621424026843716,0.035022758979824264,1.0,0.1,192.72013961252685,704.0717084811274,1.0,0.0,0.0,0.0,2.0
12504,0.0003737333376914838,0.08072640094136051,1.0,0.1,196.19085986580154,703.70562483496,1.0,0.0,0.0,0.0,2.0
12505,0.00047835454658565457,0.10332458206250139,0.0,0.1,196.8373245985743,704.2210332674584,1.0,0.0,0.0,0.0,2.0
12506,0.00042341188652714835,0.09145696748986405,1.0,0.1,198.38569856243123,702.9831024605587,1.0,0.0,0.0,0.0,2.0
12507,0.00032565402594205133,0.0703412696034831,1.0,0.1,201.10578497293162,700.8038646895048,1.0,0.0,0.0,0.0,2.0
12508,0.000436374470288638,0.09425688558234582,1.0,0.1,209.6313451712434,693.2258227902008,1.0,0.0,0.0,0.0,2.0
12509,0.0011492709873953573,0.24824253327739718,0.0,0.1,215.54963209396143,686.5454009518971,1.0,0.0,0.0,0.0,2.0
12510,0.0009769163084605082,0.21101392262746976,0.0,0.1,220.47820794543262,680.3976690455756,1.0,0.0,0.0,0.0,2.0
12511,0.00036316777971303726,0.07844424041801605,1.0,0.1,221.71685196977805,678.2495828288799,1.0,0.0,0.0,0.0,2.0
12512,0.00043510579682654006,0.09398285211453265,1.0,0.1,226.22772329711046,673.0361016407693,1.0,0.0,0.0,0.0,2.0
12513,0.0005097011595760098,0.11009545046841812,0.0,0.1,233.48973394296243,662.7202819058868,1.0,0.0,0.0,0.0,2.0
12514,0.0007498508569584509,0.1619677851030254,0.0,0.1,240.14488426135514,653.4977416530187,1.0,0.0,0.0,0.0,2.0
12515,0.0003955801876625055,0.08544532053510119,1.0,0.1,245.32153380000747,647.4836440306768,1.0,0.0,0.0,0.0,2.0
12516,0.0004448681718894588,0.0960915251281231,1.0,0.1,246.11405600453168,646.3758575251389,1.0,0.0,0.0,0.0,2.0
12517,0.0007355988077035283,0.1588893424639621,0.0,0.1,248.04252252932991,643.8229867574989,1.0,0.0,0.0,0.0,2.0
12518,0.0007189879643431873,0.15530140029812844,0.0,0.1,251.6360257088909,638.4685958646572,1.0,0.0,0.0,0.0,2.0
12519,0.00037826071565601557,0.08170431458169937,1.0,0.1,254.25723629183054,632.2742334431997,1.0,0.0,0.0,0.0,2.0
12520,0.0009264862104808769,0.20012102146386943,0.0,0.1,257.6979227508402,626.8372080756849,1.0,0.0,0.0,0.0,2.0
12521,0.001113220845602921,0.24045570265023095,0.0,0.1,260.52791089992047,622.585452068191,1.0,0.0,0.0,0.0,2.0
12522,0.0006564636692794994,0.14179615256437186,0.0,0.1,261.89165804639146,619.8308048365016,1.0,0.0,0.0,0.0,2.0
12523,0.0003789393397340195,0.08185089738254822,1.0,0.1,260.59754152110895,620.9209160062691,1.0,0.0,0.0,0.0,2.0
12524,0.00045478861174313865,0.09823434013651794,1.0,0.1,261.76324708676896,619.9095158719656,1.0,0.0,0.0,0.0,2.0
12525,0.00011332995018337795,0.02447926923960964,1.0,0.1,260.0083630230821,621.682271292354,1.0,0.0,0.0,0.0,2.0
12526,0.0001533948598256939,0.033133289722349885,1.0,0.1,261.0322195427288,621.3401674016671,1.0,0.0,0.0,0.0,2.0
12527,0.0004969647327072673,0.10734438226476974,0.0,0.1,263.554754521493,619.5718824773795,1.0,0.0,0.0,0.0,2.0
12528,0.00018477469791458337,0.03991133474955001,1.0,0.1,264.99512551556086,618.272868531711,1.0,0.0,0.0,0.0,2.0
12529,0.00020206064242103827,0.04364509876294427,1.0,0.1,265.10218685823673,618.4148744710742,1.0,0.0,0.0,0.0,2.0
12530,0.00015147349321328627,0.032718274534069836,1.0,0.1,265.93194247806457,617.4854284702411,1.0,0.0,0.0,0.0,2.0
12531,0.00019847099272963105,0.042869734429600306,1.0,0.1,266.8339334899062,616.4490709599236,1.0,0.0,0.0,0.0,2.0
12532,0.00013390644159371433,0.028923791384242295,1.0,0.1,265.95888514277755,617.4982877360151,1.0,0.0,0.0,0.0,2.0
12533,0.00024371253728466542,0.05264190805348773,1.0,0.1,262.43896671669376,621.0953748548175,1.0,0.0,0.0,0.0,2.0
12534,0.0017588750061038182,0.3799170013184247,0.0,0.1,258.06008963162674,625.7579291006288,1.0,0.0,0.0,0.0,2.0
12535,0.001004579806469346,0.21698923819737873,0.0,0.1,251.13702044033732,634.9833197914896,1.0,0.0,0.0,0.0,2.0
12536,0.0017273060725496712,0.373098111670729,0.0,0.1,244.4132037146169,644.1452300279035,1.0,0.0,0.0,0.0,2.0
12537,0.0005038433888856472,0.1088301719992998,0.0,0.1,239.48912063810175,651.0707411087697,1.0,0.0,0.0,0.0,2.0
12538,0.000511442028665171,0.11047147819167694,0.0,0.1,238.12203895829342,652.4510870707217,1.0,0.0,0.0,0.0,2.0
12539,7.112991608416785e-05,0.015364061874180256,1.0,0.1,236.1998134839493,654.6349332109729,1.0,0.0,0.0,0.0,2.0
12540,0.00021556509462693346,0.04656206043941763,1.0,0.1,229.93587896239677,660.0726229903878,1.0,0.0,0.0,0.0,2.0
12541,0.0006342541406853352,0.13699889438803242,0.0,0.1,222.43496934931719,668.0993643396047,1.0,0.0,0.0,0.0,2.0
12542,0.0010912416434700084,0.23570819498952178,0.0,0.1,216.46153330786316,675.5464459632209,1.0,0.0,0.0,0.0,2.0
12543,0.0009921317569841774,0.21430045950858234,0.0,0.1,213.68111227033052,679.373826356141,1.0,0.0,0.0,0.0,2.0
12544,0.0008304159982450375,0.17936985562092808,0.0,0.1,207.04424240972742,688.9522314746976,1.0,0.0,0.0,0.0,2.0
12545,0.0003147154045815355,0.06797852738961167,1.0,0.1,203.64168599971956,694.8002698627481,1.0,0.0,0.0,0.0,2.0
12546,0.00039796473103570923,0.0859603819037132,1.0,0.1,201.28893757889728,697.8538295980686,1.0,0.0,0.0,0.0,2.0
12547,0.0005341303736658488,0.11537216071182334,0.0,0.1,199.74209530433387,700.6728763956318,1.0,0.0,0.0,0.0,2.0
12548,1.795917522151741e-05,0.00387918184784776,1.0,0.1,194.51337647141028,707.235803881194,1.0,0.0,0.0,0.0,2.0
12549,0.00014211040694411277,0.030695847899928356,1.0,0.1,190.92475536782882,710.733884131605,1.0,0.0,0.0,0.0,2.0
12550,0.00021278221344697945,0.04596095810454756,1.0,0.1,189.11621474162902,712.4723057924218,1.0,0.0,0.0,0.0,2.0
12551,0.00044642432668110156,0.09642765456311794,1.0,0.1,188.6016592493477,712.9241374280871,1.0,0.0,0.0,0.0,2.0
12552,3.907000897082634e-05,0.008439121937698489,1.0,0.1,189.6086687440788,712.065052784337,1.0,0.0,0.0,0.0,2.0
12553,6.869716367108608e-05,0.014838587352954593,1.0,0.1,189.86662119548186,711.3910249230546,1.0,0.0,0.0,0.0,2.0
12554,0.00018069439087219446,0.03902998842839401,1.0,0.1,190.66850802256076,709.8171935155788,1.0,0.0,0.0,0.0,2.0
12555,0.00020623345013977303,0.04454642523019097,1.0,0.1,191.24826810193252,708.4570423392028,1.0,0.0,0.0,0.0,2.0
12556,5.820052202531849e-05,0.012571312757468795,1.0,0.1,191.50170815564633,707.4923936329498,1.0,0.0,0.0,0.0,2.0
12557,0.0001627816048435675,0.035160826646210584,1.0,0.1,191.53626877815006,707.417069145292,1.0,0.0,0.0,0.0,2.0
12558,1.4829877828564723e-05,0.00320325361096998,1.0,0.1,191.43040994655271,707.9753420421476,1.0,0.0,0.0,0.0,2.0
12559,8.386265542130401e-05,0.018114333571001666,1.0,0.1,191.16065975726008,708.4378385162091,1.0,0.0,0.0,0.0,2.0
12560,9.282085917006056e-05,0.02004930558073308,1.0,0.1,189.4529494183307,709.3967841873341,1.0,0.0,0.0,0.0,2.0
12561,0.00011025133114276436,0.0238142875268371,1.0,0.1,188.54341805634303,710.5487108286356,1.0,0.0,0.0,0.0,2.0
12562,0.00022533220752344788,0.04867175682506474,1.0,0.1,186.06589401882283,713.2733696286156,1.0,0.0,0.0,0.0,2.0
12563,0.0003139397342822304,0.06781098260496177,1.0,0.1,182.1250650489161,716.9063068979224,1.0,0.0,0.0,0.0,2.0
12564,6.365023890040701e-05,0.013748451602487916,1.0,0.1,181.99152758346244,716.325368611033,1.0,0.0,0.0,0.0,2.0
12565,0.00025814113187829716,0.05575848448571219,1.0,0.1,180.99443662068424,717.2350653442578,1.0,0.0,0.0,0.0,2.0
12566,0.00016232404032680492,0.035061992710589865,1.0,0.1,180.68638461558191,717.3521256904114,1.0,0.0,0.0,0.0,2.0
12567,0.00018044333882315328,0.03897576118580111,1.0,0.1,176.74696123214554,719.8848128360726,1.0,0.0,0.0,0.0,2.0
12568,0.00025293528544974124,0.05463402165714411,1.0,0.1,176.54778385047638,718.9530536271255,1.0,0.0,0.0,0.0,2.0
12569,0.00023448358643305146,0.050648454669539114,1.0,0.1,176.3082417402285,718.6670321187742,1.0,0.0,0.0,0.0,2.0
12570,0.0001694910660802942,0.036610070273343544,1.0,0.1,176.34065750861637,718.6716448288786,1.0,0.0,0.0,0.0,2.0
12571,0.0002525429483445177,0.05454927684241582,1.0,0.1,176.73948407324002,718.1106478804572,1.0,0.0,0.0,0.0,2.0
12572,0.00011653239737622284,0.025170997833264135,1.0,0.1,177.4118778586209,716.7483852912571,1.0,0.0,0.0,0.0,2.0
12573,0.00019597403899555084,0.04233039242303898,1.0,0.1,178.38502913000076,715.7340307120305,1.0,0.0,0.0,0.0,2.0
12574,0.00014981124130677333,0.032359228122263044,1.0,0.1,179.54189276964698,714.332244073214,1.0,0.0,0.0,0.0,2.0
12575,0.00015583427289914185,0.03366020294621464,1.0,0.1,180.75185866411394,712.9253007550202,1.0,0.0,0.0,0.0,2.0
12576,8.052316661641583e-05,0.017393003989145818,1.0,0.1,181.96889645851297,711.7542871795744,1.0,0.0,0.0,0.0,2.0
12577,1.1954314496034854e-05,0.0025821319311435287,1.0,0.1,181.8333947366433,712.0897276951293,1.0,0.0,0.0,0.0,2.0
12578,7.131432000274505e-05,0.01540389312059293,1.0,0.1,182.23832246852172,711.720385518723,1.0,0.0,0.0,0.0,2.0
12579,0.0003592447660839176,0.07759686947412621,1.0,0.1,182.45643204306404,711.5915119645609,1.0,0.0,0.0,0.0,2.0
12580,0.00011065433318989347,0.02390133596901699,1.0,0.1,183.31819815112377,710.565921159557,1.0,0.0,0.0,0.0,2.0
12581,0.0005575041835450442,0.12042090364572955,0.0,0.1,184.07181504372673,708.6210946078032,1.0,0.0,0.0,0.0,2.0
12582,0.0004760787159713719,0.10283300264981632,0.0,0.1,191.22063923578455,699.1842915439838,1.0,0.0,0.0,0.0,2.0
12583,0.0004949092438463842,0.106900396670819,0.0,0.1,193.6472650875595,695.8011886927433,1.0,0.0,0.0,0.0,2.0
12584,0.0006733820178171421,0.14545051584850271,0.0,0.1,196.6607699775439,692.1930224563047,1.0,0.0,0.0,0.0,2.0
12585,0.000998516953186053,0.21567966188818746,0.0,0.1,202.70723195324535,685.5307860618532,1.0,0.0,0.0,0.0,2.0
12586,0.0013314755101690714,0.28759871019651945,0.0,0.1,209.8130707585385,676.7001544176339,1.0,0.0,0.0,0.0,2.0
12587,0.0010936390529627574,0.23622603543995563,0.0,0.1,213.84114609735957,672.8175908162411,1.0,0.0,0.0,0.0,2.0
12588,0.0009803315570388273,0.2117516163203867,0.0,0.1,215.7033984448238,670.8110410602743,1.0,0.0,0.0,0.0,2.0
12589,0.0005338844204369139,0.11531903481437339,0.0,0.1,214.6995880522317,672.572834280709,1.0,0.0,0.0,0.0,2.0
12590,0.0006677180120966691,0.14422709061288055,0.0,0.1,212.09112191282773,674.8619408023147,1.0,0.0,0.0,0.0,2.0
12591,0.00017025522117355754,0.03677512777348843,1.0,0.1,213.3652369450747,674.4338127708036,1.0,0.0,0.0,0.0,2.0
12592,0.0007317087050627971,0.15804908029356415,0.0,0.1,214.53420421980155,674.5770702359475,1.0,0.0,0.0,0.0,2.0
12593,0.0022496578834136902,0.4859261028173571,0.0,0.1,216.8719504942527,675.5676860812009,1.0,0.0,0.0,0.0,2.0
12594,0.0006126866657254458,0.13234031979669628,0.0,0.1,219.78097148781103,675.062086242709,1.0,0.0,0.0,0.0,2.0
12595,0.0006930371802969881,0.14969603094414943,0.0,0.1,218.38935576982885,677.6363535772886,1.0,0.0,0.0,0.0,2.0
12596,0.0002778725497996017,0.06002047075671397,1.0,0.1,219.51870574475558,677.5994433747387,1.0,0.0,0.0,0.0,2.0
12597,7.931150977821193e-05,0.017131286112093778,1.0,0.1,220.21255312938254,677.6874013526209,1.0,0.0,0.0,0.0,2.0
12598,0.0005784575295791516,0.12494682638909674,0.0,0.1,219.62413399803248,678.1149512726871,1.0,0.0,0.0,0.0,2.0
12599,0.0012150236213045447,0.26244510220178163,0.0,0.1,214.76517012566345,681.7372559919572,1.0,0.0,0.0,0.0,2.0
12600,0.00027583814126960814,0.05958103851423535,1.0,0.1,210.59815010742713,685.1852282500981,1.0,0.0,0.0,0.0,2.0
12601,0.0002133986708294777,0.046094112899167185,1.0,0.1,209.58614958729177,685.9042955527827,1.0,0.0,0.0,0.0,2.0
12602,0.0005221106149470119,0.11277589282855457,0.0,0.1,206.94290615711895,688.4732371791129,1.0,0.0,0.0,0.0,2.0
12603,0.0010756027594943762,0.23233019605078528,0.0,0.1,205.73485418817472,687.3579565029603,1.0,0.0,0.0,0.0,2.0
12604,0.0002657601404650427,0.05740419034044922,1.0,0.1,201.8609054429847,689.5929525066598,1.0,0.0,0.0,0.0,2.0
12605,0.00041832493224031535,0.09035818536390812,1.0,0.1,199.0956550321986,691.2071139469982,1.0,0.0,0.0,0.0,2.0
12606,0.0004951175868334985,0.10694539875603568,0.0,0.1,197.21170223539883,693.0600727092857,1.0,0.0,0.0,0.0,2.0
12607,0.00020362646580766587,0.04398331661445583,1.0,0.1,195.6141419560977,694.9567870858801,1.0,0.0,0.0,0.0,2.0
12608,0.0003734995475523762,0.08067590227131327,1.0,0.1,198.6330208875094,692.3568285731944,1.0,0.0,0.0,0.0,2.0
12609,0.00026185312711067646,0.05656027545590612,1.0,0.1,199.75838899378184,693.0209871553237,1.0,0.0,0.0,0.0,2.0
12610,0.0003825172809247698,0.08262373267975028,1.0,0.1,199.87268640613635,693.3026659959213,1.0,0.0,0.0,0.0,2.0
12611,0.0006006519721661078,0.12974082598787928,0.0,0.1,199.83807986129975,693.7124371212739,1.0,0.0,0.0,0.0,2.0
12612,0.00042263736513372145,0.09128967086888383,1.0,0.1,198.71310448976936,694.6081203170049,1.0,0.0,0.0,0.0,2.0
12613,0.00045051352476813405,0.09731092134991695,1.0,0.1,201.2320148446481,693.2968986923321,1.0,0.0,0.0,0.0,2.0
12614,0.0005026360125257802,0.10856937870556853,0.0,0.1,210.73379827417855,685.4471785853713,1.0,0.0,0.0,0.0,2.0
12615,0.000523788572386215,0.11313833163542243,0.0,0.1,212.26261823747873,685.5207290775023,1.0,0.0,0.0,0.0,2.0
12616,0.000825670397718158,0.17834480590712215,0.0,0.1,219.3586739061892,679.844662929719,1.0,0.0,0.0,0.0,2.0
12617,0.0010965480430800648,0.23685437730529404,0.0,0.1,220.29404135694122,679.0630170372798,1.0,0.0,0.0,0.0,2.0
12618,0.00018008415068134043,0.03889817654716954,1.0,0.1,221.22197400210783,678.2579535687602,1.0,0.0,0.0,0.0,2.0
12619,0.00022044965525179117,0.04761712553438689,1.0,0.1,222.22274889148864,677.1881911323534,1.0,0.0,0.0,0.0,2.0
12620,0.0006398279677456261,0.13820284103305525,0.0,0.1,226.92261710736233,672.1902142389921,1.0,0.0,0.0,0.0,2.0
12621,0.00037026158066537655,0.07997650142372134,1.0,0.1,230.67114534491492,667.3516606186371,1.0,0.0,0.0,0.0,2.0
12622,0.000316666529689326,0.06839997041289442,1.0,0.1,234.26739385499735,662.8033190785173,1.0,0.0,0.0,0.0,2.0
12623,0.0003046184011165803,0.06579757464118134,1.0,0.1,235.37683145961134,661.1287075662478,1.0,0.0,0.0,0.0,2.0
12624,0.0007228830676902612,0.1561427426210964,0.0,0.1,235.0450487294278,660.6835386389444,1.0,0.0,0.0,0.0,2.0
12625,0.0005972320957510984,0.12900213268223726,0.0,0.1,239.3276405494565,655.49843747265,1.0,0.0,0.0,0.0,2.0
12626,0.00012054694523074866,0.02603814016984171,1.0,0.1,248.69867224672723,643.8163722139109,1.0,0.0,0.0,0.0,2.0
12627,0.000572004990636198,0.1235530779774188,0.0,0.1,260.06923912827466,631.4040453089054,1.0,0.0,0.0,0.0,2.0
12628,0.00045038713719355394,0.09728362163380765,1.0,0.1,263.8910596689192,627.4915249912281,1.0,0.0,0.0,0.0,2.0
12629,0.0006160484418671301,0.13306646344330011,0.0,0.1,268.17400182057355,623.4061387704177,1.0,0.0,0.0,0.0,2.0
12630,0.0005400017170197664,0.11664037087626954,0.0,0.1,269.0539444238888,622.7858005710548,1.0,0.0,0.0,0.0,2.0
12631,0.0007984170273393959,0.1724580779053095,0.0,0.1,272.8411561647184,618.7097893210705,1.0,0.0,0.0,0.0,2.0
12632,0.0005024727868474941,0.10853412195905873,0.0,0.1,278.3047796275125,612.9191949795407,1.0,0.0,0.0,0.0,2.0
12633,0.0008516894879996295,0.18396492940791997,0.0,0.1,280.6431194844478,610.9668723957485,1.0,0.0,0.0,0.0,2.0
12634,0.0006194184614603837,0.13379438767544288,0.0,0.1,284.37222246828384,607.6693368557094,1.0,0.0,0.0,0.0,2.0
12635,0.0008218561162521546,0.1775209211104654,0.0,0.1,287.0217477422546,605.6780873511913,1.0,0.0,0.0,0.0,2.0
12636,3.612649746361976e-05,0.007803323452141868,1.0,0.1,290.1146865691026,603.9951776625013,1.0,0.0,0.0,0.0,2.0
12637,0.0002451295175553276,0.05294797579195076,1.0,0.1,290.5552052699058,604.1684930994232,1.0,0.0,0.0,0.0,2.0
12638,0.00011549780880916951,0.024947526702780613,1.0,0.1,292.5504983279428,602.2679897645052,1.0,0.0,0.0,0.0,2.0
12639,0.0003679249326512974,0.07947178545268023,1.0,0.1,296.69112573853886,597.3019462292812,1.0,0.0,0.0,0.0,2.0
12640,0.0003977712043316306,0.08591858013563221,1.0,0.1,301.13533344508204,592.0340482975538,1.0,0.0,0.0,0.0,2.0
12641,0.00013408330694317434,0.028961994299725662,1.0,0.1,302.7280004286556,589.7745437081775,1.0,0.0,0.0,0.0,2.0
12642,0.0004442021853582987,0.09594767203739252,1.0,0.1,302.6691931310882,589.7353017616181,1.0,0.0,0.0,0.0,2.0
12643,0.0005799066564972479,0.12525983780340555,0.0,0.1,303.5995433113569,587.3710459099982,1.0,0.0,0.0,0.0,2.0
12644,0.00019729085669307052,0.042614825045703235,1.0,0.1,305.005823799843,584.7036271132877,1.0,0.0,0.0,0.0,2.0
12645,0.00020891272159778641,0.04512514786512187,1.0,0.1,305.15789638730473,582.6473912825692,1.0,0.0,0.0,0.0,2.0
12646,0.0005772500814343683,0.12468601758982358,0.0,0.1,305.714883582774,581.5179075504673,1.0,0.0,0.0,0.0,2.0
12647,0.0006458331188688212,0.1394999536756654,0.0,0.1,308.4384697723808,577.9924024978542,1.0,0.0,0.0,0.0,2.0
12648,0.00010171746787729767,0.021970973061496295,1.0,0.1,309.14258016858435,577.4966293999879,1.0,0.0,0.0,0.0,2.0
12649,0.0002191606552634312,0.04733870153690114,1.0,0.1,308.7819231161364,577.4863761285835,1.0,0.0,0.0,0.0,2.0
12650,8.588700294712262e-05,0.018551592636578487,1.0,0.1,313.4567626008936,570.7776362448643,1.0,0.0,0.0,0.0,2.0
12651,0.0005861526402425192,0.12660897029238413,0.0,0.1,317.17874174743525,566.5086597400361,1.0,0.0,0.0,0.0,2.0
12652,0.00032353064693628903,0.06988261973823844,1.0,0.1,320.39214217607645,561.4068393197551,1.0,0.0,0.0,0.0,2.0
12653,0.0005250049380236081,0.11340106661309937,0.0,0.1,320.63209176392087,560.9280627460223,1.0,0.0,0.0,0.0,2.0
12654,0.00014775852820597912,0.03191584209249149,1.0,0.1,319.993169316587,561.4242787589105,1.0,0.0,0.0,0.0,2.0
12655,0.0001251930460117233,0.027041697938532235,1.0,0.1,317.91466739538896,563.6890901437309,1.0,0.0,0.0,0.0,2.0
12656,0.00048208343369220217,0.10413002167751567,0.0,0.1,317.83081384483796,565.3592916776885,1.0,0.0,0.0,0.0,2.0
12657,0.0003615869779199161,0.07810278723070188,1.0,0.1,317.84889527518305,566.4750596806404,1.0,0.0,0.0,0.0,2.0
12658,0.00036786362251396264,0.07945854246301594,1.0,0.1,318.142988545426,566.3988307109825,1.0,0.0,0.0,0.0,2.0
12659,0.0002550236753181298,0.05508511386871604,1.0,0.1,318.8286193169989,565.4856369836655,1.0,0.0,0.0,0.0,2.0
12660,8.841913903845194e-05,0.01909853403230562,1.0,0.1,318.4075760476452,565.7623905831018,1.0,0.0,0.0,0.0,2.0
12661,0.0006241201613407306,0.13480995484959782,0.0,0.1,317.0161256992204,566.6146862223881,1.0,0.0,0.0,0.0,2.0
12662,0.0005832329006644667,0.12597830654352482,0.0,0.1,315.5376830102145,566.6974794818457,1.0,0.0,0.0,0.0,2.0
12663,1.8326534119825957e-05,0.003958531369882407,1.0,0.1,315.0209138204807,566.4079594462446,1.0,0.0,0.0,0.0,2.0
12664,9.137773955015403e-05,0.01973759174283327,1.0,0.1,314.9934679520715,566.0737931637608,1.0,0.0,0.0,0.0,2.0
12665,0.0002013408978721275,0.04348963394037954,1.0,0.1,312.94120105276085,568.271425793372,1.0,0.0,0.0,0.0,2.0
12666,0.00018742495111274176,0.04048378944035222,1.0,0.1,313.64136202010144,567.9708412615962,1.0,0.0,0.0,0.0,2.0
12667,0.00024348195330655792,0.05259210191421651,1.0,0.1,313.08665972271774,569.990325086271,1.0,0.0,0.0,0.0,2.0
12668,0.0001569200048689793,0.03389472105169953,1.0,0.1,313.25765339863415,570.1394414633219,1.0,0.0,0.0,0.0,2.0
12669,0.00018384492027894656,0.039710502780252455,1.0,0.1,314.1706385820328,569.2253709216145,1.0,0.0,0.0,0.0,2.0
12670,0.00011349839638867699,0.02451565361995423,1.0,0.1,315.8504947431392,567.6844610261957,1.0,0.0,0.0,0.0,2.0
12671,0.0004030949276317518,0.0870685043684584,1.0,0.1,315.9768449182023,567.7766782979952,1.0,0.0,0.0,0.0,2.0
12672,6.296235258764322e-05,0.013599868158930935,1.0,0.1,313.93235576732684,569.8164760141652,1.0,0.0,0.0,0.0,2.0
12673,0.0008058069698234283,0.17405430548186052,0.0,0.1,312.2579896947625,571.5388272988158,1.0,0.0,0.0,0.0,2.0
12674,0.00036554695022425894,0.07895814124843993,1.0,0.1,306.7035053221082,577.4132837208138,1.0,0.0,0.0,0.0,2.0
12675,0.001991859248210229,0.4302415976134095,0.0,0.1,299.1897744172222,585.6759780323803,1.0,0.0,0.0,0.0,2.0
12676,7.367528445408038e-05,0.015913861442081362,1.0,0.1,290.48683527236034,596.0117158934461,1.0,0.0,0.0,0.0,2.0
12677,0.00030068976946892747,0.06494899020528833,1.0,0.1,282.0437905015557,605.1131187242119,1.0,0.0,0.0,0.0,2.0
12678,0.0003192398364994732,0.06895580468388621,1.0,0.1,280.53077404485504,607.6696165489828,1.0,0.0,0.0,0.0,2.0
12679,0.0009896150009329732,0.21375684020152222,0.0,0.1,280.7699950208453,610.5195792369294,1.0,0.0,0.0,0.0,2.0
12680,0.0008299681657797814,0.1792731238084328,0.0,0.1,280.0546470986596,613.1576918427272,1.0,0.0,0.0,0.0,2.0
12681,0.00043405922141572813,0.09375679182579727,1.0,0.1,280.64864804582646,614.4239896714964,1.0,0.0,0.0,0.0,2.0
12682,0.000371626523463632,0.08027132906814452,1.0,0.1,279.5708882372824,616.0142736333333,1.0,0.0,0.0,0.0,2.0
12683,0.0004427139647553951,0.09562621638716534,1.0,0.1,277.53464280778445,617.1305996626884,1.0,0.0,0.0,0.0,2.0
12684,0.000584368321632911,0.12622355747270878,0.0,0.1,274.6680265546064,618.6499004080198,1.0,0.0,0.0,0.0,2.0
12685,0.0016517044962526717,0.3567681711905771,0.0,0.1,269.07473889882056,624.1763581966728,1.0,0.0,0.0,0.0,2.0
12686,0.00030934171313400235,0.06681781003694451,1.0,0.1,265.520413558168,630.2255083065578,1.0,0.0,0.0,0.0,2.0
12687,0.0006755666607241135,0.14592239871640852,0.0,0.1,265.17461313285554,631.3688140407138,1.0,0.0,0.0,0.0,2.0
12688,0.0013561766838914879,0.29293416372056136,0.0,0.1,265.3981029221495,634.0961466136698,1.0,0.0,0.0,0.0,2.0
12689,0.0001397882192845556,0.030194255365464016,1.0,0.1,265.0360189952759,633.7312562791564,1.0,0.0,0.0,0.0,2.0
12690,0.0004952377283323866,0.10697134931979552,0.0,0.1,261.93778464241666,635.3137293868101,1.0,0.0,0.0,0.0,2.0
12691,0.0005489403282762133,0.11857111090766209,0.0,0.1,259.97606312170785,636.7116170610075,1.0,0.0,0.0,0.0,2.0
12692,0.00022194509975831812,0.047940141547796716,1.0,0.1,256.69612635312285,638.8393546434899,1.0,0.0,0.0,0.0,2.0
12693,0.0002347345709911119,0.05070266733408017,1.0,0.1,256.47526987108625,639.6618442122959,1.0,0.0,0.0,0.0,2.0
12694,0.0007694730495055869,0.16620617869320678,0.0,0.1,257.9770124803327,642.173534386111,1.0,0.0,0.0,0.0,2.0
12695,0.0005135672732857302,0.11093053102971773,0.0,0.1,258.35978635038447,643.2012083373958,1.0,0.0,0.0,0.0,2.0
12696,0.00120939316471459,0.2612289235783515,0.0,0.1,258.12773128741077,647.7463048548822,1.0,0.0,0.0,0.0,2.0
12697,0.0003161361204766277,0.0682854020229516,1.0,0.1,259.8814770286018,653.1007765383512,1.0,0.0,0.0,0.0,2.0
12698,0.0023668991621892004,0.5112502190328674,0.0,0.1,260.1142656192621,659.3533462728933,1.0,0.0,0.0,0.0,2.0
12699,0.0003100188078729242,0.06696406250055163,1.0,0.1,262.91861605950294,663.7339926314057,1.0,0.0,0.0,0.0,2.0
12700,0.0032018207433314296,0.6915932805595888,0.0,0.1,263.415817016636,666.8031529102688,1.0,0.0,0.0,0.0,2.0
12701,0.003128869554499457,0.6758358237718827,0.0,0.1,267.16008957041595,669.803988783632,1.0,0.0,0.0,0.0,2.0
12702,0.0027211510403138362,0.5877686247077887,0.0,0.1,271.0068259748196,674.9627066515844,1.0,0.0,0.0,0.0,2.0
12703,0.003572165900406593,0.7715878344878241,0.0,0.1,274.6544503895238,681.7777300739825,1.0,0.0,0.0,0.0,2.0
12704,0.0013624802517565844,0.29429573437942225,0.0,0.1,282.12745489326176,687.903181557849,1.0,0.0,0.0,0.0,2.0
12705,0.002482388255692732,0.5361958632296301,0.0,0.1,284.69964046032766,690.9467435334185,1.0,0.0,0.0,0.0,2.0
12706,0.0033931288477230077,0.7329158311081697,0.0,0.1,288.8007646630926,696.2227857809575,1.0,0.0,0.0,0.0,2.0
12707,0.0033983487971954414,0.7340433401942154,0.0,0.1,295.9098770430769,696.036862117976,1.0,0.0,0.0,0.0,2.0
12708,0.0008094587894388106,0.1748430985187831,0.0,0.1,299.29880908183327,703.9674710560564,1.0,0.0,0.0,0.0,2.0
12709,0.00226536273167467,0.4893183500417287,0.0,0.1,301.23324109864933,705.3331312822289,1.0,0.0,0.0,0.0,2.0
12710,0.0025531438535891697,0.5514790723752606,0.0,0.1,307.5426632818331,709.9092016812394,1.0,0.0,0.0,0.0,2.0
12711,0.0029778566922792704,0.6432170455323224,0.0,0.1,311.574120328112,712.6651485345161,1.0,0.0,0.0,0.0,2.0
12712,0.0013796656121261733,0.2980077722192534,0.0,0.1,316.8483721483674,712.4535006448797,1.0,0.0,0.0,0.0,2.0
12713,0.0008271894704578015,0.17867292561888512,0.0,0.1,317.62782185532905,713.9422941331013,1.0,0.0,0.0,0.0,2.0
12714,0.0009058773718477289,0.19566951231910942,0.0,0.1,318.75161117638544,715.4509130305385,1.0,0.0,0.0,0.0,2.0
12715,0.0006587338045290557,0.14228650177827604,0.0,0.1,318.5755092489001,717.7266635182062,1.0,0.0,0.0,0.0,2.0
12716,0.0013967795594286797,0.3017043848365948,0.0,0.1,316.49392857862125,718.2221465530529,1.0,0.0,0.0,0.0,2.0
12717,0.00010464331504785218,0.022602956050336073,1.0,0.1,317.79329546636194,713.8244040607777,1.0,0.0,0.0,0.0,2.0
12718,0.00021846943778285912,0.04718939856109757,1.0,0.1,318.46242102048353,710.5905599469693,1.0,0.0,0.0,0.0,2.0
12719,0.0013393507579853206,0.28929976372482924,0.0,0.1,317.024200882369,702.2058849116471,1.0,0.0,0.0,0.0,2.0
12720,0.000456547570213638,0.0986142751661458,1.0,0.1,315.46198466828923,695.0237574980092,1.0,0.0,0.0,0.0,2.0
12721,0.00028605892072483064,0.06178872687656343,1.0,0.1,316.78399007445637,688.9797733247618,1.0,0.0,0.0,0.0,2.0
12722,0.00023631293664902472,0.05104359431618934,1.0,0.1,318.0114313128517,685.6377451199256,1.0,0.0,0.0,0.0,2.0
12723,0.0008530682733807845,0.18426274705024945,0.0,0.1,318.81266939446834,684.4849130248325,1.0,0.0,0.0,0.0,2.0
12724,9.448398754235045e-05,0.0204085413091477,1.0,0.1,319.5228595820871,684.4902153530152,1.0,0.0,0.0,0.0,2.0
12725,0.0001797108577220882,0.03881754526797105,1.0,0.1,318.408799117937,685.0347867449991,1.0,0.0,0.0,0.0,2.0
12726,0.0003993476842600333,0.08625909980016719,1.0,0.1,320.8163408085886,684.431780355289,1.0,0.0,0.0,0.0,2.0
12727,0.0012102580201794623,0.2614157323587639,0.0,0.1,321.81510344693817,683.4494410948712,1.0,0.0,0.0,0.0,2.0
12728,0.0008343011267915088,0.18020904338696592,0.0,0.1,316.7517266862587,699.4181842671052,1.0,0.0,0.0,0.0,2.0
12729,0.0012411090423898898,0.2680795531562162,0.0,0.1,312.6486866138876,703.8410696429593,1.0,0.0,0.0,0.0,2.0
12730,0.0007619932171780968,0.1645905349104689,0.0,0.1,322.4897178046004,688.0756966198845,1.0,0.0,0.0,0.0,2.0
12731,0.0012508371266927222,0.270180819365628,0.0,0.1,313.5037486543201,695.3244372961714,1.0,0.0,0.0,0.0,2.0
12732,0.0005555140719227356,0.11999103953531089,0.0,0.1,313.2630220570838,696.1718819396501,1.0,0.0,0.0,0.0,2.0
12733,0.0002617676658077777,0.05654181581447999,1.0,0.1,308.99767243866216,696.4318454050185,1.0,0.0,0.0,0.0,2.0
12734,8.856976509270632e-05,0.019131069260024565,1.0,0.1,303.53424927865814,698.428605253612,1.0,0.0,0.0,0.0,2.0
12735,0.0009444896777954481,0.2040097704038168,0.0,0.1,298.53394946622785,698.2490257330103,1.0,0.0,0.0,0.0,2.0
12736,0.0008094393784797266,0.17483890575162095,0.0,0.1,297.97227264577066,694.9641909709986,1.0,0.0,0.0,0.0,2.0
12737,0.0003169757498161332,0.06846676196028477,1.0,0.1,292.87082808292035,692.365525217589,1.0,0.0,0.0,0.0,2.0
12738,0.00023548126230347484,0.05086395265755057,1.0,0.1,290.11554378098066,689.5421332323851,1.0,0.0,0.0,0.0,2.0
12739,0.0007834602948790718,0.16922742369387953,0.0,0.1,286.0734863392264,691.4465832383813,1.0,0.0,0.0,0.0,2.0
12740,0.0003354840934580514,0.0724645641869391,1.0,0.1,277.26931567209965,693.0979239374465,1.0,0.0,0.0,0.0,2.0
12741,0.0003864060293616282,0.08346370234211169,1.0,0.1,276.0237483077467,695.3447432019765,1.0,0.0,0.0,0.0,2.0
12742,0.0007854634735544605,0.16966011028776348,0.0,0.1,276.9660789480885,685.4111115925739,1.0,0.0,0.0,0.0,2.0
12743,0.00013968280103972042,0.030171485024579607,1.0,0.1,271.5490650065657,688.0780071470962,1.0,0.0,0.0,0.0,2.0
12744,0.00023418066820414865,0.05058302433209611,1.0,0.1,,,1.0,0.0,,,2.0
12745,0.000854995093511056,0.1846789401983881,0.0,0.1,,,1.0,0.0,,,2.0
12746,0.0003935550084069967,0.08500788181591129,1.0,0.1,266.51648841168617,692.4629206822468,1.0,0.0,0.0,0.0,2.0
12747,0.0006149348382484147,0.13282592506165758,0.0,0.1,265.8457118276905,692.5621738133406,1.0,0.0,0.0,0.0,2.0
12748,0.0004196978270200418,0.09065473063632903,1.0,0.1,266.27853445405697,692.6971266451903,1.0,0.0,0.0,0.0,2.0
12749,0.0003994928600568466,0.08629045777227887,1.0,0.1,267.25431074608247,694.5604474492126,1.0,0.0,0.0,0.0,2.0
12750,0.00022399453336572464,0.048382819206996525,1.0,0.1,268.1652749904288,695.0524467654941,1.0,0.0,0.0,0.0,2.0
12751,0.0002558539995841317,0.05526446391017245,1.0,0.1,268.9851212876812,699.0221283767034,1.0,0.0,0.0,0.0,2.0
12752,0.00020347291264860456,0.04395014913209859,1.0,0.1,273.8846717403384,700.4878752631182,1.0,0.0,0.0,0.0,2.0
12753,0.00010361104867657675,0.02237998651414058,1.0,0.1,278.89100467456984,702.6280928065306,1.0,0.0,0.0,0.0,2.0
12754,0.0005760862660502963,0.12443463346686401,0.0,0.1,280.29071272125594,702.6157410831746,1.0,0.0,0.0,0.0,2.0
12755,0.00032800881840192026,0.07084990477481477,1.0,0.1,283.5445969150285,702.353590046212,1.0,0.0,0.0,0.0,2.0
12756,0.00046902652106685307,0.10130972855044026,0.0,0.1,285.7564618875362,702.9529068261154,1.0,0.0,0.0,0.0,2.0
12757,0.0008112452984213973,0.17522898445902182,0.0,0.1,289.3411208547393,702.2334964875845,1.0,0.0,0.0,0.0,2.0
12758,0.00013165325941741287,0.028437104034161182,1.0,0.1,292.33871225997524,700.8476175835011,1.0,0.0,0.0,0.0,2.0
12759,0.00047140744029115534,0.10182400710288955,0.0,0.1,292.57460930421996,699.1813452630819,1.0,0.0,0.0,0.0,2.0
12760,0.00019818844576649936,0.04280870428556386,1.0,0.1,293.097277497555,696.0794807557212,1.0,0.0,0.0,0.0,2.0
12761,0.0005648403435317252,0.12200551420285267,0.0,0.1,298.5178137926179,693.6085670509308,1.0,0.0,0.0,0.0,2.0
12762,0.00046699335167521073,0.10087056396184553,0.0,0.1,299.60261226853135,693.3049250156439,1.0,0.0,0.0,0.0,2.0
12763,0.0001458333484066547,0.03150000325583742,1.0,0.1,299.2926130076793,693.6075148653251,1.0,0.0,0.0,0.0,2.0
12764,0.00014903060056167868,0.032190609721322594,1.0,0.1,299.7740100207457,693.011304737408,1.0,0.0,0.0,0.0,2.0
12765,8.47564975632287e-05,0.018307403473657398,1.0,0.1,299.9969570487018,691.561879502953,1.0,0.0,0.0,0.0,2.0
12766,0.00031075388674324,0.06712283953653984,1.0,0.1,297.7492334672481,688.381010645438,1.0,0.0,0.0,0.0,2.0
12767,0.00024279917528042882,0.052444621860572624,1.0,0.1,296.12054465150374,685.3842918682257,1.0,0.0,0.0,0.0,2.0
12768,0.00037699091100339946,0.08143003677673429,1.0,0.1,295.8110044856469,684.0541616977498,1.0,0.0,0.0,0.0,2.0
12769,0.00043473813899004164,0.093903438021849,1.0,0.1,294.6268286336337,681.8237693398058,1.0,0.0,0.0,0.0,2.0
12770,0.0005130668461156567,0.11082243876098184,0.0,0.1,291.6661406916072,681.1788249397625,1.0,0.0,0.0,0.0,2.0
12771,0.00010508516425350416,0.0226983954787569,1.0,0.1,291.9269969497406,685.7578579969952,1.0,0.0,0.0,0.0,2.0
12772,0.0006251971693145783,0.1350425885719489,0.0,0.1,291.59149194796197,688.8624145486986,1.0,0.0,0.0,0.0,2.0
12773,0.00044348658782971014,0.09579310297121739,1.0,0.1,289.1178995747069,695.2371572404569,1.0,0.0,0.0,0.0,2.0
12774,0.00016978259478394483,0.03667304047333208,1.0,0.1,286.8358024954592,697.5833166741426,1.0,0.0,0.0,0.0,2.0
12775,0.0003858309407453036,0.08333948320098557,1.0,0.1,281.2783743151237,703.4427009150802,1.0,0.0,0.0,0.0,2.0
12776,0.0007372252661493325,0.1592406574882558,0.0,0.1,274.8379389644444,709.770572121072,1.0,0.0,0.0,0.0,2.0
12777,0.0005643914902083108,0.12190856188499515,0.0,0.1,270.7703113709837,714.1584440310821,1.0,0.0,0.0,0.0,2.0
12778,0.00011115966517042789,0.024010487676812426,1.0,0.1,259.8230335984524,725.6100076335434,1.0,0.0,0.0,0.0,2.0
12779,0.00030832602176702925,0.06659842070167832,1.0,0.1,253.69162433230753,732.4096228136228,1.0,0.0,0.0,0.0,2.0
12780,7.932412304939664e-05,0.017134010578669676,1.0,0.1,250.54882937669893,735.8697778459874,1.0,0.0,0.0,0.0,2.0
12781,0.00013538574530156956,0.029243320985139026,1.0,0.1,248.72035436550755,737.6541282233925,1.0,0.0,0.0,0.0,2.0
12782,0.00020491131611672755,0.04426084428121315,1.0,0.1,241.37863535862215,743.2420656738927,1.0,0.0,0.0,0.0,2.0
12783,0.0004138010816031949,0.0893810336262901,1.0,0.1,237.98651404889668,747.1301493961338,1.0,0.0,0.0,0.0,2.0
12784,3.42562515618897e-05,0.007399350337368176,1.0,0.1,235.94238816961507,748.7250522113824,1.0,0.0,0.0,0.0,2.0
12785,7.934729555745793e-05,0.017139015840410915,1.0,0.1,235.4403896735547,748.5294197176963,1.0,0.0,0.0,0.0,2.0
12786,0.00018062101230371434,0.0390141386576023,1.0,0.1,231.4607312414741,751.3792152085181,1.0,0.0,0.0,0.0,2.0
12787,0.00028445377923278837,0.06144201631428229,1.0,0.1,230.24190726879937,754.1103554445958,1.0,0.0,0.0,0.0,2.0
12788,0.00011855146205460807,0.025607115803795346,1.0,0.1,230.66556351199142,754.981424513799,1.0,0.0,0.0,0.0,2.0
12789,0.00022330111925285596,0.04823304175861689,1.0,0.1,231.8740210028087,753.708323767673,1.0,0.0,0.0,0.0,2.0
12790,0.00016028550656032396,0.034621669417029974,1.0,0.1,231.385312704287,754.1288729478351,1.0,0.0,0.0,0.0,2.0
12791,0.00040020267880699304,0.0864437786223105,1.0,0.1,230.307118898809,755.5111299901882,1.0,0.0,0.0,0.0,2.0
12792,0.00010408313717223013,0.02248195762920171,1.0,0.1,229.5668805875835,757.1001776616396,1.0,0.0,0.0,0.0,2.0
12793,0.0002900960054774241,0.06266073718312361,1.0,0.1,228.57145093535962,758.9681835461156,1.0,0.0,0.0,0.0,2.0
12794,0.00028135804212208127,0.06077333709836955,1.0,0.1,228.55249367556522,760.2990248763085,1.0,0.0,0.0,0.0,2.0
12795,0.00014910047172583715,0.032205701892780825,1.0,0.1,227.8941257461789,760.1845023242113,1.0,0.0,0.0,0.0,2.0
12796,0.0007753900194179109,0.16748424419426877,0.0,0.1,227.65212954524503,761.4566546928215,1.0,0.0,0.0,0.0,2.0
12797,8.546020360813607e-05,0.018459403979357393,1.0,0.1,225.22856395760977,763.7124327649847,1.0,0.0,0.0,0.0,2.0
12798,0.00019245659955691456,0.041570625504293544,1.0,0.1,224.56122995179382,764.3564782492684,1.0,0.0,0.0,0.0,2.0
12799,6.592872881956386e-05,0.014240605425025796,1.0,0.1,224.6020175931284,763.2118534276378,1.0,0.0,0.0,0.0,2.0
12800,0.00037651125095924584,0.0813264302071971,1.0,0.1,223.88360977566683,763.3660997316589,1.0,0.0,0.0,0.0,2.0
12801,0.0003201782986504475,0.06915851250849667,1.0,0.1,224.92211413287131,762.421787395762,1.0,0.0,0.0,0.0,2.0
12802,0.00037995846799613795,0.08207102908716579,1.0,0.1,224.73959669505234,761.4895566902798,1.0,0.0,0.0,0.0,2.0
12803,0.0003725956188265359,0.08048065366653176,1.0,0.1,224.67259748018904,760.9562097085558,1.0,0.0,0.0,0.0,2.0
12804,0.00030636870891503454,0.06617564112564746,1.0,0.1,224.59054693546048,761.2690681958627,1.0,0.0,0.0,0.0,2.0
12805,0.0001508629115895851,0.03258638890335039,1.0,0.1,224.74979180777467,762.7161071890744,1.0,0.0,0.0,0.0,2.0
12806,2.591796592340719e-05,0.005598280639455953,1.0,0.1,224.87856236394606,762.7055127437036,1.0,0.0,0.0,0.0,2.0
12807,0.00019523395152040176,0.04217053352840678,1.0,0.1,224.55962237731617,763.4206178377432,1.0,0.0,0.0,0.0,2.0
12808,0.000258922635737209,0.05592728931923714,1.0,0.1,224.71511328976936,763.052526476507,1.0,0.0,0.0,0.0,2.0
12809,0.0005167089382920396,0.11160913067108055,0.0,0.1,226.1859106649574,760.9493525867422,1.0,0.0,0.0,0.0,2.0
12810,0.00021352387094283835,0.046121156123653084,1.0,0.1,227.24529477985124,759.9495102196161,1.0,0.0,0.0,0.0,2.0
12811,0.00016080045009195915,0.034732897219863175,1.0,0.1,227.45614588210148,759.2081511600495,1.0,0.0,0.0,0.0,2.0
12812,6.887876863401001e-05,0.014877814024946163,1.0,0.1,229.0033869951783,758.2751112499857,1.0,0.0,0.0,0.0,2.0
12813,0.00016885537640200292,0.03647276130283263,1.0,0.1,229.1932796682136,757.9574684279409,1.0,0.0,0.0,0.0,2.0
12814,0.0002260829482137,0.0488339168141592,1.0,0.1,229.02670949977175,758.1445187090364,1.0,0.0,0.0,0.0,2.0
12815,0.000764022841937701,0.16502893385854342,0.0,0.1,228.19322672546346,757.9948300243453,1.0,0.0,0.0,0.0,2.0
12816,0.0001439373390836326,0.031090465242064644,1.0,0.1,228.49767966812007,756.6597845979492,1.0,0.0,0.0,0.0,2.0
12817,0.0003750850880049371,0.08101837900906642,1.0,0.1,227.85895166605948,757.0946322606771,1.0,0.0,0.0,0.0,2.0
12818,0.00027510988917571656,0.05942373606195478,1.0,0.1,228.57815430526608,756.4050896132974,1.0,0.0,0.0,0.0,2.0
12819,0.0004595741753922017,0.09926802188471558,1.0,0.1,229.8252552346009,754.8553429006828,1.0,0.0,0.0,0.0,2.0
12820,5.940334625393325e-05,0.01283112279084958,1.0,0.1,232.01856862206992,753.363280156712,1.0,0.0,0.0,0.0,2.0
12821,8.873160568220823e-05,0.019166026827356977,1.0,0.1,234.095429341372,751.2000847263259,1.0,0.0,0.0,0.0,2.0
12822,2.6850768264328127e-05,0.005799765945094876,1.0,0.1,236.07020668568904,749.5642759665826,1.0,0.0,0.0,0.0,2.0
12823,0.0004155393960851088,0.08975650955438351,1.0,0.1,239.35476199329392,747.661301000421,1.0,0.0,0.0,0.0,2.0
12824,0.0001665283970586843,0.03597013376467581,1.0,0.1,242.6178285187689,744.9020558530743,1.0,0.0,0.0,0.0,2.0
12825,0.00011874412813513,0.02564873167718808,1.0,0.1,244.57516533446412,744.4088199705538,1.0,0.0,0.0,0.0,2.0
12826,0.00019742394306806527,0.042643571702702096,1.0,0.1,244.39103273097723,744.283203149956,1.0,0.0,0.0,0.0,2.0
12827,0.00042605181817319867,0.09202719272541092,1.0,0.1,246.0720506247922,742.3260952301265,1.0,0.0,0.0,0.0,2.0
12828,0.0005283608918639041,0.11412595264260328,0.0,0.1,244.58347730454494,742.8003331470672,1.0,0.0,0.0,0.0,2.0
12829,0.0001874191594548185,0.04048253844224079,1.0,0.1,243.89740286944155,740.6721299322747,1.0,0.0,0.0,0.0,2.0
12830,0.00036028233096996196,0.07782098348951177,1.0,0.1,244.4279732064594,739.9232845169369,1.0,0.0,0.0,0.0,2.0
12831,0.0005317710165078903,0.1148625395657043,0.0,0.1,244.38740110670207,739.7061094669574,1.0,0.0,0.0,0.0,2.0
12832,0.00022503931052160126,0.04860849107266587,1.0,0.1,242.98591495859128,741.3994996723893,1.0,0.0,0.0,0.0,2.0
12833,0.0005710611920322151,0.12334921747895848,0.0,0.1,242.94946185064646,739.5587928527144,1.0,0.0,0.0,0.0,2.0
12834,0.00018280361367301235,0.039485580553370675,1.0,0.1,,,1.0,0.0,,,2.0
12835,0.0012999297502138865,0.2807848260461995,0.0,0.1,,,1.0,0.0,,,2.0
12836,0.00041486630870045464,0.0896111226792982,1.0,0.1,,,1.0,0.0,,,2.0
12837,0.0005387493447669059,0.11636985846965169,0.0,0.1,,,1.0,0.0,,,2.0
12838,0.0007458438569911734,0.16110227311009345,0.0,0.1,233.67288441457532,737.346053537409,1.0,0.0,0.0,0.0,2.0
12839,0.00025053094331703104,0.05411468375647871,1.0,0.1,233.25566838207368,737.0171129313226,1.0,0.0,0.0,0.0,2.0
12840,0.0009335847139291493,0.20165429820869624,0.0,0.1,233.41589308749386,737.2135303842643,1.0,0.0,0.0,0.0,2.0
12841,0.0001753500401043981,0.03787560866254999,1.0,0.1,234.48067769895349,737.1392482682945,1.0,0.0,0.0,0.0,2.0
12842,0.00015887524919217343,0.03431705382550946,1.0,0.1,235.30146285018873,737.3036316595665,1.0,0.0,0.0,0.0,2.0
12843,0.0005709027697547896,0.12331499826703457,0.0,0.1,235.60441398395574,737.1797417442107,1.0,0.0,0.0,0.0,2.0
12844,0.0005006534632579219,0.10814114806371114,0.0,0.1,235.64777149308452,737.3477983347252,1.0,0.0,0.0,0.0,2.0
12845,0.000758246270289557,0.16378119438254432,0.0,0.1,235.03192539331073,736.9882698910706,1.0,0.0,0.0,0.0,2.0
12846,0.0007798596924547514,0.1684496935702263,0.0,0.1,234.68314971817375,734.6487774533049,1.0,0.0,0.0,0.0,2.0
12847,0.00033813916903732715,0.07303806051206267,1.0,0.1,238.95253386774687,729.8000811151412,1.0,0.0,0.0,0.0,2.0
12848,0.00026200385501640714,0.056592832683543946,1.0,0.1,237.5503475536748,730.7953543032996,1.0,0.0,0.0,0.0,2.0
12849,0.000810061889659092,0.17497336816636389,0.0,0.1,239.04028407576357,729.0366901661146,1.0,0.0,0.0,0.0,2.0
12850,0.00043802148484212475,0.09461264072589895,1.0,0.1,238.1263617177589,729.4048333655528,1.0,0.0,0.0,0.0,2.0
12851,0.0008192198578020428,0.17695148928524124,0.0,0.1,238.61692313405317,726.2980943659587,1.0,0.0,0.0,0.0,2.0
12852,0.00019201976799261328,0.04147626988640447,1.0,0.1,,,1.0,0.0,,,2.0
12853,0.0004673594468685667,0.10094964052361041,0.0,0.1,235.26131959155407,722.9095085483983,1.0,0.0,0.0,0.0,2.0
12854,0.00046313999528715434,0.10003823898202534,0.0,0.1,233.7339747301739,723.0753875212581,1.0,0.0,0.0,0.0,2.0
12855,0.0003894431601932155,0.08411972260173456,1.0,0.1,232.99479587524797,723.3394844782512,1.0,0.0,0.0,0.0,2.0
12856,0.0005652973532181924,0.12210422829512957,0.0,0.1,234.27266141983517,722.2477617370283,1.0,0.0,0.0,0.0,2.0
12857,0.00018295278934962834,0.03951780249951972,1.0,0.1,235.5418376454585,723.2244359248361,1.0,0.0,0.0,0.0,2.0
12858,0.0005519112842639977,0.11921283740102351,0.0,0.1,238.1985168035138,723.0030132977702,1.0,0.0,0.0,0.0,2.0
12859,0.0003874616260244165,0.08369171122127397,1.0,0.1,242.46989532340598,721.8158346197392,1.0,0.0,0.0,0.0,2.0
12860,0.0004400616868554723,0.09505332436078202,1.0,0.1,243.0476110311811,722.5890544326198,1.0,0.0,0.0,0.0,2.0
12861,0.0005242538402874632,0.11323882950209206,0.0,0.1,240.2552198667644,725.9126996992209,1.0,0.0,0.0,0.0,2.0
12862,0.00024135891527277318,0.05213352569891901,1.0,0.1,239.9481620914041,726.5130133879512,1.0,0.0,0.0,0.0,2.0
12863,0.0006002296084451716,0.12964959542415708,0.0,0.1,239.87943912781057,726.0637915113298,1.0,0.0,0.0,0.0,2.0
12864,0.0002646600305119553,0.05716656659058235,1.0,0.1,237.87828711219862,727.9196392895218,1.0,0.0,0.0,0.0,2.0
12865,0.00032888802019261716,0.07103981236160531,1.0,0.1,233.59141674957644,731.0651979304345,1.0,0.0,0.0,0.0,2.0
12866,8.209633995065149e-05,0.01773280942934072,1.0,0.1,231.73332367913932,733.573172719656,1.0,0.0,0.0,0.0,2.0
12867,0.0001178145725161194,0.025447947663481792,1.0,0.1,230.5800751016641,734.4857856415906,1.0,0.0,0.0,0.0,2.0
12868,0.00034465072737166794,0.07444455711228028,1.0,0.1,228.35688435054834,736.955914935369,1.0,0.0,0.0,0.0,2.0
12869,0.00011275953372697448,0.024356059285026488,1.0,0.1,229.78750888309926,737.5990964590487,1.0,0.0,0.0,0.0,2.0
12870,0.00013489797042396244,0.02913796161157589,1.0,0.1,230.22731668050773,739.2132621126067,1.0,0.0,0.0,0.0,2.0
12871,0.0006295129923842292,0.1359748063549935,0.0,0.1,230.49413817207235,739.9267530704032,1.0,0.0,0.0,0.0,2.0
12872,0.0013808026947547767,0.2982533820670318,0.0,0.1,229.97780168955745,741.6393857242805,1.0,0.0,0.0,0.0,2.0
12873,0.0002105680766137309,0.04548270454856588,1.0,0.1,229.82405344362328,742.828467325172,1.0,0.0,0.0,0.0,2.0
12874,0.0004569298588751296,0.09869684951702799,1.0,0.1,229.27630986765274,743.7609837750829,1.0,0.0,0.0,0.0,2.0
12875,0.000506816297339659,0.10947232022536633,0.0,0.1,230.44939975526117,743.6937759171312,1.0,0.0,0.0,0.0,2.0
12876,0.00041614792923905556,0.089887952715636,1.0,0.1,230.3167888916917,744.3574530998751,1.0,0.0,0.0,0.0,2.0
12877,0.0007266689670263396,0.15696049687768937,0.0,0.1,235.4161475160251,742.7179118757853,1.0,0.0,0.0,0.0,2.0
12878,0.0005068569060852525,0.10948109171441453,0.0,0.1,241.74162990047276,739.7034924835132,1.0,0.0,0.0,0.0,2.0
12879,0.0002972700053507753,0.06421032115576747,1.0,0.1,243.89728432818364,739.6635464536604,1.0,0.0,0.0,0.0,2.0
12880,0.00017588429273037213,0.03799100722976038,1.0,0.1,244.32608748663645,740.3114918345768,1.0,0.0,0.0,0.0,2.0
12881,8.254092496698379e-05,0.0178288397928685,1.0,0.1,244.68580475585486,740.8506293382932,1.0,0.0,0.0,0.0,2.0
12882,0.00015683322872097602,0.03387597740373082,1.0,0.1,246.66141148592232,738.8864462290626,1.0,0.0,0.0,0.0,2.0
12883,0.00014766215515858272,0.03189502551425387,1.0,0.1,246.57940426161744,737.6524994525055,1.0,0.0,0.0,0.0,2.0
12884,0.00014438251170255853,0.03118662252775264,1.0,0.1,248.89914536458545,733.5980687683033,1.0,0.0,0.0,0.0,2.0
12885,0.00053579608526457,0.11573195441714712,0.0,0.1,248.77160252693196,732.4882541346398,1.0,0.0,0.0,0.0,2.0
12886,0.00020972707262178732,0.045301047686306065,1.0,0.1,248.49778627414992,732.6373674491397,1.0,0.0,0.0,0.0,2.0
12887,0.00021201093834715703,0.045794362682985916,1.0,0.1,246.4401731728026,733.6266188962795,1.0,0.0,0.0,0.0,2.0
12888,0.0005160393812328118,0.11146450634628736,0.0,0.1,,,1.0,0.0,,,2.0
12889,0.0006589801571052805,0.1423397139347406,0.0,0.1,,,1.0,0.0,,,2.0
12890,0.001711362252575764,0.36965424655636503,0.0,0.1,,,1.0,0.0,,,2.0
12891,0.0008828693328378994,0.19069977589298628,0.0,0.1,249.03458386795322,714.0771841557562,1.0,0.0,0.0,0.0,2.0
12892,0.000584093856311465,0.12616427296327645,0.0,0.1,247.87577634854603,713.5691215091525,1.0,0.0,0.0,0.0,2.0
12893,0.00042598959974806435,0.0920137535455819,1.0,0.1,249.06474617435958,710.6836923995327,1.0,0.0,0.0,0.0,2.0
12894,0.0003722210182014456,0.08039973993151225,1.0,0.1,250.09028677647677,709.2241872940248,1.0,0.0,0.0,0.0,2.0
12895,0.0008040596149754328,0.1736768768346935,0.0,0.1,253.9383603063127,704.0859280225155,1.0,0.0,0.0,0.0,2.0
12896,0.0010736738930569654,0.23191356090030454,0.0,0.1,261.8756831132408,697.4903957213444,1.0,0.0,0.0,0.0,2.0
12897,0.00019418464135803146,0.041943882533334795,1.0,0.1,268.55747116879513,691.8419171733491,1.0,0.0,0.0,0.0,2.0
12898,0.00019366980468499777,0.04183267781195952,1.0,0.1,269.16655039225026,692.435413709281,1.0,0.0,0.0,0.0,2.0
12899,0.00040220240976204455,0.08687572050860162,1.0,0.1,269.1169160296528,692.2725038393992,1.0,0.0,0.0,0.0,2.0
12900,0.00024901440241467855,0.05378711092157057,1.0,0.1,274.00873044223385,686.8642892180459,1.0,0.0,0.0,0.0,2.0
12901,0.0002695711405906373,0.058227366367577665,1.0,0.1,279.26729659345676,681.7282755858522,1.0,0.0,0.0,0.0,2.0
12902,0.0004031734631368883,0.08708546803756788,1.0,0.1,282.4577695855728,681.2239070456804,1.0,0.0,0.0,0.0,2.0
12903,0.0007832011526618056,0.16917144897495,0.0,0.1,283.17677243826625,684.2183711372177,1.0,0.0,0.0,0.0,2.0
12904,0.0007425896681330858,0.16039936831674656,0.0,0.1,286.8268800222214,683.1249945011307,1.0,0.0,0.0,0.0,2.0
12905,0.0001599570920860257,0.034550731890581554,1.0,0.1,293.699400610462,681.7731421740192,1.0,0.0,0.0,0.0,2.0
12906,0.00037159473248364676,0.0802644622164677,1.0,0.1,294.5625170547563,682.9085025164168,1.0,0.0,0.0,0.0,2.0
12907,0.00010943733105639553,0.023638463508181433,1.0,0.1,295.44248675322586,683.7812493793365,1.0,0.0,0.0,0.0,2.0
12908,0.0004709252005266726,0.10171984331376129,0.0,0.1,296.60359864383196,683.8999991486909,1.0,0.0,0.0,0.0,2.0
12909,0.0020800122378477758,0.4492826433751196,0.0,0.1,294.8594102585126,686.8604072582575,1.0,0.0,0.0,0.0,2.0
12910,0.0005641964552319297,0.12186643433009682,0.0,0.1,294.4056121704292,687.313091689493,1.0,0.0,0.0,0.0,2.0
12911,0.0006370257997361261,0.13759757274300324,0.0,0.1,291.35817044381395,689.8180529225085,1.0,0.0,0.0,0.0,2.0
12912,0.0007423403531198334,0.16034551627388402,0.0,0.1,289.1745857103898,693.5078632066737,1.0,0.0,0.0,0.0,2.0
12913,0.0006255869088566616,0.13512677231303893,0.0,0.1,290.91934183548364,698.212016629693,1.0,0.0,0.0,0.0,2.0
12914,0.0008973095635663512,0.19381886573033189,0.0,0.1,293.2439094011238,702.7474999470819,1.0,0.0,0.0,0.0,2.0
12915,0.0004972140847223387,0.10739824230002516,0.0,0.1,294.83825030083443,706.1721091480175,1.0,0.0,0.0,0.0,2.0
12916,0.000508620303409765,0.10986198553650924,0.0,0.1,296.3339595179367,705.7526417974868,1.0,0.0,0.0,0.0,2.0
12917,0.0004694936645333312,0.10141063153919955,0.0,0.1,294.8802863839481,704.9404786316788,1.0,0.0,0.0,0.0,2.0
12918,0.0014918226876930074,0.3222337005416896,0.0,0.1,290.79672618132287,703.9303989992459,1.0,0.0,0.0,0.0,2.0
12919,0.0004117691067502512,0.08894212705805427,1.0,0.1,287.15989745278006,704.8341694970279,1.0,0.0,0.0,0.0,2.0
12920,0.0010748372384145795,0.23216484349754918,0.0,0.1,286.396918924712,709.4361388108189,1.0,0.0,0.0,0.0,2.0
12921,0.00016211458150402574,0.035016749604869564,1.0,0.1,287.8934868121472,713.3317515064739,1.0,0.0,0.0,0.0,2.0
12922,0.0008531034438073026,0.18427034386237737,0.0,0.1,291.0869439422375,720.0892492722525,1.0,0.0,0.0,0.0,2.0
12923,0.0005885705994516935,0.12713124948156582,0.0,0.1,292.9907613138299,724.5950518449483,1.0,0.0,0.0,0.0,2.0
12924,0.0006837031480400049,0.14767987997664106,0.0,0.1,289.1799868005713,729.2196339874706,1.0,0.0,0.0,0.0,2.0
12925,0.002781656666992649,0.6008378400704122,0.0,0.1,286.3924790345318,731.3015806575163,1.0,0.0,0.0,0.0,2.0
12926,0.0007553078216440355,0.16314648947511165,0.0,0.1,283.6892235296719,732.9464813513757,1.0,0.0,0.0,0.0,2.0
12927,0.0013692655493180374,0.2957613586526961,0.0,0.1,277.56430726452385,738.997123759092,1.0,0.0,0.0,0.0,2.0
12928,0.000335928645913398,0.07256058751729397,1.0,0.1,273.1105126668851,744.0458746435205,1.0,0.0,0.0,0.0,2.0
12929,0.0006728994440852508,0.14534627992241417,0.0,0.1,271.500220996164,749.0867423909881,1.0,0.0,0.0,0.0,2.0
12930,0.0008831266951487912,0.19075536615213892,0.0,0.1,270.82664723914183,751.572521247339,1.0,0.0,0.0,0.0,2.0
12931,0.000466199178516336,0.10069902255952858,0.0,0.1,269.15314536921795,757.969951579393,1.0,0.0,0.0,0.0,2.0
12932,0.0012243428965822514,0.2644580656617663,0.0,0.1,269.6120021687439,768.4255769082137,1.0,0.0,0.0,0.0,2.0
12933,0.0005438844454495698,0.11747904021710709,0.0,0.1,267.7983065618774,780.4303733329031,1.0,0.0,0.0,0.0,2.0
12934,0.0018504758499388175,0.39970278358678457,0.0,0.1,267.0639603332947,786.1278725924509,1.0,0.0,0.0,0.0,2.0
12935,0.0009498660932502305,0.2051710761420498,0.0,0.1,267.60837432212406,792.5866291693234,1.0,0.0,0.0,0.0,2.0
12936,0.0019057981989421978,0.4116524109715147,0.0,0.1,268.6733671781961,798.3891227960261,1.0,0.0,0.0,0.0,2.0
12937,0.002002561484973078,0.43255328075418487,0.0,0.1,271.91812511319637,805.3178621290491,1.0,0.0,0.0,0.0,2.0
12938,0.001018311080677167,0.21995519342626807,0.0,0.1,274.53697583243394,815.6998702582549,1.0,0.0,0.0,0.0,2.0
12939,0.001727951406281069,0.3732375037567109,0.0,0.1,274.8840062792162,820.4283815815414,1.0,0.0,0.0,0.0,2.0
12940,0.0015958255198122457,0.3446983122794451,0.0,0.1,280.0806465361557,827.8452559976515,1.0,0.0,0.0,0.0,2.0
12941,0.002059090807896403,0.4447636145056231,0.0,0.1,281.7276521143165,832.614224918973,1.0,0.0,0.0,0.0,2.0
12942,0.0007843431367415805,0.16941811753618138,0.0,0.1,283.03926637335866,834.6604777301411,1.0,0.0,0.0,0.0,2.0
12943,0.0004871555978003405,0.10522560912487354,0.0,0.1,284.1403210663042,835.6853821436247,1.0,0.0,0.0,0.0,2.0
12944,0.0018464340403959974,0.39882975272553545,0.0,0.1,285.2688130297388,842.091258437563,1.0,0.0,0.0,0.0,2.0
12945,0.0009595017185535276,0.207252371207562,0.0,0.1,288.0742442811963,847.7984612265413,1.0,0.0,0.0,0.0,2.0
12946,0.000734097277694846,0.15856501198208675,0.0,0.1,288.1387032811477,849.2126947768053,1.0,0.0,0.0,0.0,2.0
12947,0.0004936664845653297,0.10663196066611122,0.0,0.1,288.92365605404285,848.7307073480922,1.0,0.0,0.0,0.0,2.0
12948,0.000353885764023788,0.07643932502913821,1.0,0.1,288.3537683281708,847.1626542560925,1.0,0.0,0.0,0.0,2.0
12949,0.00044282331506490685,0.09564983605401989,1.0,0.1,285.5454422652573,842.9507104785373,1.0,0.0,0.0,0.0,2.0
12950,0.0009805704647241529,0.21180322038041702,0.0,0.1,287.7541690557879,843.9494993288862,1.0,0.0,0.0,0.0,2.0
12951,0.0003180557501518006,0.06870004203278894,1.0,0.1,289.5685286146564,845.5764255451379,1.0,0.0,0.0,0.0,2.0
12952,0.0005264876087280308,0.11372132348525467,0.0,0.1,290.4527116896328,845.2625185963219,1.0,0.0,0.0,0.0,2.0
12953,0.001286510043010996,0.2778861692903752,0.0,0.1,294.7592580430812,849.0272331493305,1.0,0.0,0.0,0.0,2.0
12954,0.0008479293588126516,0.18315274150353272,0.0,0.1,296.1958602649873,851.400104317893,1.0,0.0,0.0,0.0,2.0
12955,0.0017602521530206139,0.3802144650524526,0.0,0.1,296.82729701393544,854.330959522509,1.0,0.0,0.0,0.0,2.0
12956,0.0005406872692745828,0.11678845016330987,0.0,0.1,297.8914957243189,859.4958744167833,1.0,0.0,0.0,0.0,2.0
12957,0.000596771508070446,0.12890264574321633,0.0,0.1,297.2512338977668,861.6306209320724,1.0,0.0,0.0,0.0,2.0
12958,0.0003423311187137402,0.07394352164216789,1.0,0.1,296.50235792771826,864.2700843977929,1.0,0.0,0.0,0.0,2.0
12959,0.0005658934448043629,0.12223298407774238,0.0,0.1,296.43927892290765,864.3005036216819,1.0,0.0,0.0,0.0,2.0
12960,0.0007046663949027865,0.1522079412990019,0.0,0.1,295.84564227557587,863.4871756249037,1.0,0.0,0.0,0.0,2.0
12961,0.0001962221335479262,0.04238398084635206,1.0,0.1,295.91543365726045,861.8863491638416,1.0,0.0,0.0,0.0,2.0
12962,0.0005714655388606843,0.12343655639390783,0.0,0.1,295.70952046079066,860.4413773811445,1.0,0.0,0.0,0.0,2.0
12963,0.00019763584907100135,0.04268934339933629,1.0,0.1,296.67558953597927,859.6566273855284,1.0,0.0,0.0,0.0,2.0
12964,2.2118903019004588e-05,0.004777683052104991,1.0,0.1,299.32997833923264,857.7842250550254,1.0,0.0,0.0,0.0,2.0
12965,0.00019476610235644482,0.04206947810899209,1.0,0.1,300.20247769081857,857.4538235480287,1.0,0.0,0.0,0.0,2.0
12966,0.00011667869061524889,0.025202597172893762,1.0,0.1,300.79458919324617,857.6306645801808,1.0,0.0,0.0,0.0,2.0
12967,0.0001490716176864982,0.032199469420283615,1.0,0.1,301.3611057861444,857.1703086798664,1.0,0.0,0.0,0.0,2.0
12968,0.000150228067958507,0.03244926267903751,1.0,0.1,301.682109006075,855.2388914425936,1.0,0.0,0.0,0.0,2.0
12969,0.00020383721425794462,0.044028838279716036,1.0,0.1,301.429940890817,851.7113915215848,1.0,0.0,0.0,0.0,2.0
12970,0.000259709223747692,0.056097192329501465,1.0,0.1,302.00456018980145,850.575166242637,1.0,0.0,0.0,0.0,2.0
12971,0.0006887840520868371,0.1487773552507568,0.0,0.1,301.3487164951698,849.0325371133401,1.0,0.0,0.0,0.0,2.0
12972,0.00022964706040056352,0.049603765046521725,1.0,0.1,300.47086087511104,846.7829911984124,1.0,0.0,0.0,0.0,2.0
12973,0.0003106170053629885,0.06709327315840552,1.0,0.1,299.9211587225424,845.9078598653833,1.0,0.0,0.0,0.0,2.0
12974,0.0002594603370629228,0.05604343280559133,1.0,0.1,298.7507798956823,846.1907772848584,1.0,0.0,0.0,0.0,2.0
12975,0.000382675443248758,0.08265789574173173,1.0,0.1,298.3858460806303,845.804200244499,1.0,0.0,0.0,0.0,2.0
12976,0.00016984820156288458,0.036687211537583066,1.0,0.1,298.54372545578883,845.5273718804112,1.0,0.0,0.0,0.0,2.0
12977,0.00015312576652989798,0.03307516557045796,1.0,0.1,297.95585729454575,846.2331737276891,1.0,0.0,0.0,0.0,2.0
12978,0.0001772383769017546,0.03828348941077899,1.0,0.1,298.3010315138422,846.0312753095589,1.0,0.0,0.0,0.0,2.0
12979,0.0004620698228860841,0.09980708174339417,1.0,0.1,298.5035240247532,845.6438845505512,1.0,0.0,0.0,0.0,2.0
12980,5.861809859108615e-05,0.01266150929567461,1.0,0.1,298.46940043323934,845.2552767884184,1.0,0.0,0.0,0.0,2.0
12981,4.642922112564334e-05,0.010028711763138961,1.0,0.1,298.9686322031684,845.0636325345945,1.0,0.0,0.0,0.0,2.0
12982,9.601803342736682e-05,0.020739895220311232,1.0,0.1,298.84292195170605,844.439092953262,1.0,0.0,0.0,0.0,2.0
12983,0.0007587001882733853,0.16387924066705123,0.0,0.1,299.4496174950314,844.9286537547515,1.0,0.0,0.0,0.0,2.0
12984,0.00020135367296345144,0.04349239336010551,1.0,0.1,299.2718348168298,844.7010195671954,1.0,0.0,0.0,0.0,2.0
12985,8.597022225227666e-05,0.01856956800649176,1.0,0.1,299.5148927261466,844.4268144598788,1.0,0.0,0.0,0.0,2.0
12986,0.0003687077213987355,0.07964086782212688,1.0,0.1,299.3317853169701,844.4756040194127,1.0,0.0,0.0,0.0,2.0
12987,0.00011050149886869655,0.023868323755638455,1.0,0.1,299.47224739244336,844.4783909885077,1.0,0.0,0.0,0.0,2.0
12988,0.00026041494595344653,0.05624962832594445,1.0,0.1,299.3679705735092,844.61098616299,1.0,0.0,0.0,0.0,2.0
12989,0.0002447226840519656,0.05286009975522457,1.0,0.1,299.4518587736595,845.1790132078618,1.0,0.0,0.0,0.0,2.0
12990,3.7622955679747646e-05,0.008126558426825492,1.0,0.1,299.08328313287745,845.287480115586,1.0,0.0,0.0,0.0,2.0
12991,4.85579539849054e-06,0.0010488518060739567,1.0,0.1,298.69289042746345,845.14069843189,1.0,0.0,0.0,0.0,2.0
12992,0.0003130676417810151,0.06762261062469926,1.0,0.1,299.25647868471776,844.2467969066781,1.0,0.0,0.0,0.0,2.0
12993,0.00022052251315125143,0.04763286284067031,1.0,0.1,299.7223339269305,843.1192485778517,1.0,0.0,0.0,0.0,2.0
12994,0.00022982016045320215,0.049641154657891665,1.0,0.1,300.4379616250398,844.0516322642702,1.0,0.0,0.0,0.0,2.0
12995,0.0005498890472999971,0.11877603421679937,0.0,0.1,299.51856742107157,843.2553597627768,1.0,0.0,0.0,0.0,2.0
12996,0.0001749265189319354,0.03778412808929805,1.0,0.1,292.0037396186771,839.1617562990284,1.0,0.0,0.0,0.0,2.0
12997,0.0009007877125459742,0.19457014590993044,0.0,0.1,286.3094319249196,839.4852672809028,1.0,0.0,0.0,0.0,2.0
12998,0.0007584597241135695,0.16382730040853102,0.0,0.1,279.7545864154163,838.9661098936018,1.0,0.0,0.0,0.0,2.0
12999,0.00020648109545428107,0.044599916618124714,1.0,0.1,268.928299599389,846.3076769857087,1.0,0.0,0.0,0.0,2.0
13000,0.0008356088501356639,0.1804915116293034,0.0,0.1,262.6707218004844,855.5677856263684,1.0,0.0,0.0,0.0,2.0
13001,0.00015292702926171384,0.03303223832053019,1.0,0.1,260.38031879869396,864.5320522082045,1.0,0.0,0.0,0.0,2.0
13002,0.0009219167833391866,0.1991340252012643,0.0,0.1,258.2562866575307,866.3261118951059,1.0,0.0,0.0,0.0,2.0
13003,0.00162279045963107,0.35052273928031114,0.0,0.1,253.60522516893556,870.5153630771217,1.0,0.0,0.0,0.0,2.0
13004,0.0009847176339993365,0.21269900894385668,0.0,0.1,248.59287738462575,872.3656720826215,1.0,0.0,0.0,0.0,2.0
13005,0.00025113739917655977,0.05424567822213691,1.0,0.1,243.03118601160415,874.9953315935874,1.0,0.0,0.0,0.0,2.0
13006,0.0011073596071982056,0.2391896751548124,0.0,0.1,241.85817116626387,877.4657074965545,1.0,0.0,0.0,0.0,2.0
13007,0.0009354563858899306,0.20205857935222502,0.0,0.1,243.69460078307395,884.9189828222858,1.0,0.0,0.0,0.0,2.0
13008,0.0019391443972646676,0.4188551898091682,0.0,0.1,247.0330137743136,893.5964573814027,1.0,0.0,0.0,0.0,2.0
13009,0.00249281360363025,0.538447738384134,0.0,0.1,251.05737482775777,905.7308200927373,1.0,0.0,0.0,0.0,2.0
13010,0.0007253977682696465,0.15668591794624365,0.0,0.1,252.9153869237731,919.8467215973849,1.0,0.0,0.0,0.0,2.0
13011,0.0035213766710851177,0.7606173609543855,0.0,0.1,255.92497578255484,927.715573615193,1.0,0.0,0.0,0.0,2.0
13012,0.0013479360866194968,0.2911541947098113,0.0,0.1,262.46591455644085,941.7276918708926,1.0,0.0,0.0,0.0,2.0
13013,0.0034263258723888157,0.7400863884359842,0.0,0.1,268.7295282485158,954.2222002890674,1.0,0.0,0.0,0.0,2.0
13014,0.0011037216867513192,0.238403884338285,0.0,0.1,273.7562241014414,963.0852929378005,1.0,0.0,0.0,0.0,2.0
13015,0.0037328077648970596,0.8062864772177649,0.0,0.1,276.2890753001414,967.8891088552456,1.0,0.0,0.0,0.0,2.0
13016,0.004479291554992269,0.9675269758783301,0.0,0.1,288.00369406657666,984.9220823047493,1.0,0.0,0.0,0.0,2.0
13017,0.005213505950856311,1.126117285384963,0.0,0.1,298.8932359085991,999.2976609002233,1.0,0.0,0.0,0.0,2.0
13018,0.003421285422570807,0.7389976512752943,0.0,0.1,304.7742698606168,1010.7363617309928,1.0,0.0,0.0,0.0,2.0
13019,0.0019305984277589268,0.41700926039592817,0.0,0.1,310.3859356281834,1018.904757989216,1.0,0.0,0.0,0.0,2.0
13020,0.0020714252490405876,0.44742785379276695,0.0,0.1,315.2250987921013,1022.5107398818045,1.0,0.0,0.0,0.0,2.0
13021,0.0034645365034264557,0.7483398847401145,0.0,0.1,323.673493732795,1030.801606669568,1.0,0.0,0.0,0.0,2.0
13022,0.0021908459641750513,0.4732227282618111,0.0,0.1,329.35381347182835,1037.5828481285425,1.0,0.0,0.0,0.0,2.0
13023,0.002731718688512924,0.5900512367187917,0.0,0.1,333.9051749764438,1044.405740160597,1.0,0.0,0.0,0.0,2.0
13024,0.0016203991469283397,0.3500062157365214,0.0,0.1,337.2705530865245,1051.7335213491215,1.0,0.0,0.0,0.0,2.0
13025,0.002403831376408263,0.5192275773041849,0.0,0.1,337.39103346360116,1053.5122879382575,1.0,0.0,0.0,0.0,2.0
13026,0.001728036600751202,0.3732559057622597,0.0,0.1,337.0215585568764,1058.2235068342152,1.0,0.0,0.0,0.0,2.0
13027,0.001169013576075067,0.2525069324322145,0.0,0.1,333.2756342949849,1062.8705452706615,1.0,0.0,0.0,0.0,2.0
13028,9.130677796443018e-05,0.019722264040316916,1.0,0.1,332.10676258287833,1064.8560705369964,1.0,0.0,0.0,0.0,2.0
13029,0.0013491420851649261,0.29141469039562407,0.0,0.1,332.03449897146476,1065.576215187692,1.0,0.0,0.0,0.0,2.0
13030,0.0013965887601351922,0.3016631721892015,0.0,0.1,333.7494949324958,1068.2713917205572,1.0,0.0,0.0,0.0,2.0
13031,0.0012788969701668458,0.2762417455560387,0.0,0.1,335.57107257722106,1072.2739644550375,1.0,0.0,0.0,0.0,2.0
13032,0.0006396381870681977,0.1381618484067307,0.0,0.1,337.1300193179997,1076.534747160624,1.0,0.0,0.0,0.0,2.0
13033,0.00044265162879620945,0.09561275181998125,1.0,0.1,336.1633122303157,1078.4741838240839,1.0,0.0,0.0,0.0,2.0
13034,0.0012291636313531283,0.26549934437227574,0.0,0.1,330.6536333952569,1080.3099071333395,1.0,0.0,0.0,0.0,2.0
13035,0.0010772476874934044,0.23268550049857534,0.0,0.1,322.85156595587944,1080.4875074985987,1.0,0.0,0.0,0.0,2.0
13036,0.0008340430534493064,0.1801532995450502,0.0,0.1,314.9578249974299,1079.2441849028146,1.0,0.0,0.0,0.0,2.0
13037,0.0005685444883559129,0.12280560948487719,0.0,0.1,307.2561179860379,1077.6771001589325,1.0,0.0,0.0,0.0,2.0
13038,0.0009008043036973564,0.19457372959862898,0.0,0.1,302.0726409067327,1075.32248930087,1.0,0.0,0.0,0.0,2.0
13039,0.0004658782293508358,0.10062969753978054,0.0,0.1,291.46252075156895,1068.9412017357001,1.0,0.0,0.0,0.0,2.0
13040,0.00017195577919234368,0.037142448305546236,1.0,0.1,274.39069840779075,1058.2403110001246,1.0,0.0,0.0,0.0,2.0
13041,0.00026675858808121634,0.05761985502554273,1.0,0.1,256.0465569906797,1046.6628220412015,1.0,0.0,0.0,0.0,2.0
13042,0.0007198174545190821,0.15548057017612174,0.0,0.1,248.7238294095745,1042.0759251844352,1.0,0.0,0.0,0.0,2.0
13043,0.0005816849232840357,0.12564394342935173,0.0,0.1,230.06928581165783,1030.3340985949872,1.0,0.0,0.0,0.0,2.0
13044,0.00030951672842291516,0.06685561333934968,1.0,0.1,217.725545401393,1021.7818459646268,1.0,0.0,0.0,0.0,2.0
13045,0.0006817823348976581,0.14726498433789414,0.0,0.1,210.59847707478602,1016.3004834121923,1.0,0.0,0.0,0.0,2.0
13046,0.00024502966177413155,0.05292640694321241,1.0,0.1,199.39195280367778,1009.3016447534501,1.0,0.0,0.0,0.0,2.0
13047,0.0002493050500794358,0.05384989081715813,1.0,0.1,195.84103528116393,1008.5155945508798,1.0,0.0,0.0,0.0,2.0
13048,0.0005544884755883274,0.11976951072707871,0.0,0.1,187.7317277314987,1002.4149074401802,1.0,0.0,0.0,0.0,2.0
13049,0.0009245656594327851,0.1997061824374816,0.0,0.1,181.41114318741256,997.8399178844992,1.0,0.0,0.0,0.0,2.0
13050,0.0007444439726951765,0.1607998981021581,0.0,0.1,177.2313977496706,993.7468873094185,1.0,0.0,0.0,0.0,2.0
13051,0.0009972453211563766,0.21540498936977734,0.0,0.1,176.10582712870524,992.8145929343849,1.0,0.0,0.0,0.0,2.0
13052,0.0010424098719408414,0.22516053233922176,0.0,0.1,173.87513137013008,991.2785554736771,1.0,0.0,0.0,0.0,2.0
13053,0.001228883883813185,0.26543891890364796,0.0,0.1,163.52277340727247,985.4948960296748,1.0,0.0,0.0,0.0,2.0
13054,0.0013167110366233187,0.28440958391063687,0.0,0.1,155.79465970556478,983.7978703839226,1.0,0.0,0.0,0.0,2.0
13055,0.0003606061185615074,0.07789092160928561,1.0,0.1,151.93831128185204,985.6909167486523,1.0,0.0,0.0,0.0,2.0
13056,0.0013811394692083707,0.2983261253490081,0.0,0.1,152.2620522990679,986.6782065995602,1.0,0.0,0.0,0.0,2.0
13057,0.0009272963338646494,0.2002960081147643,0.0,0.1,151.4139483411531,989.6545391322757,1.0,0.0,0.0,0.0,2.0
13058,0.00203696900313493,0.43998530467714486,0.0,0.1,149.8923832216536,991.9650067583942,1.0,0.0,0.0,0.0,2.0
13059,0.0006333287666508546,0.1367990135965846,0.0,0.1,149.18680714990512,997.0941046929264,1.0,0.0,0.0,0.0,2.0
13060,0.0012460197383189148,0.26914026347688563,0.0,0.1,151.81191245182228,1002.1898923808086,1.0,0.0,0.0,0.0,2.0
13061,0.001577525742528275,0.3407455603861074,0.0,0.1,153.3011287742285,1008.2899762299024,1.0,0.0,0.0,0.0,2.0
13062,0.0031150823214160105,0.6728577814258583,0.0,0.1,154.81082653263292,1012.1239391737245,1.0,0.0,0.0,0.0,2.0
13063,0.0008531878167293537,0.18428856841354038,0.0,0.1,157.53622841228673,1017.2669739322389,1.0,0.0,0.0,0.0,2.0
13064,0.0009399912284745873,0.20303810535051084,0.0,0.1,157.51151144058684,1020.4757726380656,1.0,0.0,0.0,0.0,2.0
13065,0.0018631934856242866,0.40244979289484595,0.0,0.1,157.6577489196503,1022.0744755189806,1.0,0.0,0.0,0.0,2.0
13066,0.0007622818856292434,0.16465288729591657,0.0,0.1,162.10315234999842,1028.4741226120007,1.0,0.0,0.0,0.0,2.0
13067,0.0020678133366082304,0.4466476807073778,0.0,0.1,164.5287404911328,1032.122270334631,1.0,0.0,0.0,0.0,2.0
13068,0.00046554430172023357,0.10055756917157045,0.0,0.1,165.55157678366956,1033.7399976267384,1.0,0.0,0.0,0.0,2.0
13069,0.0014869332577263801,0.3211775836688981,0.0,0.1,166.86089178012725,1036.0558720601027,1.0,0.0,0.0,0.0,2.0
13070,0.0008045666096623746,0.1737863876870729,0.0,0.1,170.52751437615737,1041.232042651776,1.0,0.0,0.0,0.0,2.0
13071,0.0010820505438706022,0.23372291747605006,0.0,0.1,177.70920913346765,1048.901878788284,1.0,0.0,0.0,0.0,2.0
13072,0.0016017129770577365,0.3459700030444711,0.0,0.1,178.39884561555078,1049.8853198544778,1.0,0.0,0.0,0.0,2.0
13073,0.0007935738364786769,0.17141194867939422,0.0,0.1,179.10387572373378,1050.7033703618245,1.0,0.0,0.0,0.0,2.0
13074,0.0020515057358910893,0.4431252389524753,0.0,0.1,180.00426756114837,1051.6996221023703,1.0,0.0,0.0,0.0,2.0
13075,0.001694385055173315,0.36598717191743607,0.0,0.1,184.1133235617306,1056.1124655817234,1.0,0.0,0.0,0.0,2.0
13076,0.0011413158350066844,0.2465242203614438,0.0,0.1,188.75798961111371,1060.4272152995309,1.0,0.0,0.0,0.0,2.0
13077,0.0006266548876247272,0.13535745572694108,0.0,0.1,192.38940394178388,1063.8582875824795,1.0,0.0,0.0,0.0,2.0
13078,0.001027388930861271,0.22191600906603456,0.0,0.1,193.81749587880552,1064.988758352432,1.0,0.0,0.0,0.0,2.0
13079,0.00031846009821451493,0.06878738121433522,1.0,0.1,194.70763280409258,1064.9330845304098,1.0,0.0,0.0,0.0,2.0
13080,0.0002643011137345314,0.05708904056665878,1.0,0.1,197.28334319648275,1063.545395730756,1.0,0.0,0.0,0.0,2.0
13081,,,,0.1,203.46599970159733,1065.723931301492,1.0,0.0,0.0,0.0,2.0
13082,,,,0.1,204.05274233575,1065.5328415088209,,,0.0,0.0,2.0
13083,,,,0.1,205.8977879079303,1066.8990456575623,,,0.0,0.0,2.0
13084,0.00031596947468350966,0.0682494065316381,1.0,0.1,207.68622937044125,1068.1262429270962,1.0,0.0,0.0,0.0,2.0
13085,0.00021844344827726497,0.04718378482788923,1.0,0.1,207.2418739777697,1067.8647150839229,1.0,0.0,0.0,0.0,2.0
13086,0.00011391670834315242,0.02460600900212092,1.0,0.1,209.3538542395133,1068.7177703716761,1.0,0.0,0.0,0.0,2.0
13087,0.00014793347019972157,0.031953629563139865,1.0,0.1,210.96911642216457,1069.5666135434537,1.0,0.0,0.0,0.0,2.0
13088,0.0003559384315928924,0.07688270122406476,1.0,0.1,213.79840328275577,1068.6644218204583,1.0,0.0,0.0,0.0,2.0
13089,0.0002558413039999302,0.05526172166398492,1.0,0.1,218.92174397311769,1070.7549547770648,1.0,0.0,0.0,0.0,2.0
13090,0.0008181794321272932,0.17672675733949533,0.0,0.1,221.12741356717902,1071.0470630754576,1.0,0.0,0.0,0.0,2.0
13091,0.00045518187340602657,0.09831928465570174,1.0,0.1,222.89375111163346,1072.6036622535248,1.0,0.0,0.0,0.0,2.0
13092,0.0001576690375043243,0.03405651210093405,1.0,0.1,223.04428721997152,1072.5375647345545,1.0,0.0,0.0,0.0,2.0
13093,0.00022982049825458353,0.049641227622990045,1.0,0.1,223.58094231574177,1071.965357692552,1.0,0.0,0.0,0.0,2.0
13094,0.0004583324594589386,0.09899981124313074,1.0,0.1,227.15535678518708,1070.1371790928176,1.0,0.0,0.0,0.0,2.0
13095,0.00036469442362086374,0.07877399550210658,1.0,0.1,236.86337457157526,1070.207705703806,1.0,0.0,0.0,0.0,2.0
13096,0.000811446718526929,0.17527249120181665,0.0,0.1,240.04728089024013,1070.4716877798346,1.0,0.0,0.0,0.0,2.0
13097,,,,0.1,247.54922750294946,1072.2889757576834,1.0,0.0,0.0,0.0,2.0
13098,,,,0.1,253.54213616514846,1076.1282291418727,,,0.0,0.0,2.0
13099,0.0010198658173384103,0.2202910165450966,0.0,0.1,264.73509081473765,1081.6372083126653,1.0,0.0,0.0,0.0,2.0
13100,0.0003949867923534785,0.08531714714835135,1.0,0.1,273.8961253419376,1084.8189673036895,1.0,0.0,0.0,0.0,2.0
13101,0.0010510755110296004,0.22703231038239371,0.0,0.1,278.2173672293536,1086.2632806850972,1.0,0.0,0.0,0.0,2.0
13102,0.0003760834208163942,0.08123401889634115,1.0,0.1,284.80612760637405,1088.996758585039,1.0,0.0,0.0,0.0,2.0
13103,0.000629541027992722,0.13598086204642795,0.0,0.1,286.3017730945423,1083.1928370764049,1.0,0.0,0.0,0.0,2.0
13104,0.00038565898116625196,0.08330233993191043,1.0,0.1,289.84665427035753,1080.1625478146605,1.0,0.0,0.0,0.0,2.0
13105,0.0007029854746204274,0.15184486251801232,0.0,0.1,295.16456347208793,1082.6594157135162,1.0,0.0,0.0,0.0,2.0
13106,0.00048140884080636036,0.10398430961417385,0.0,0.1,298.96672357165835,1081.706178371606,1.0,0.0,0.0,0.0,2.0
13107,0.00043044354886604183,0.09297580655506503,1.0,0.1,300.37172196244757,1081.7582163405634,1.0,0.0,0.0,0.0,2.0
13108,0.00042648864458899013,0.09212154723122187,1.0,0.1,308.71736056691213,1088.2416134826872,1.0,0.0,0.0,0.0,2.0
13109,0.001114368714376852,0.24070364230540003,0.0,0.1,314.968662469915,1093.7981299404346,1.0,0.0,0.0,0.0,2.0
13110,0.0008004432272436305,0.1728957370846242,0.0,0.1,,,1.0,0.0,,,2.0
13111,0.000390416037024978,0.08432986399739525,1.0,0.1,324.2897079618698,1101.2411597702278,1.0,0.0,0.0,0.0,2.0
13112,0.00030649172115651985,0.0662022117698083,1.0,0.1,,,1.0,0.0,,,2.0
13113,0.00021963936279168592,0.04744210236300416,1.0,0.1,328.6758318529659,1106.0874229570138,1.0,0.0,0.0,0.0,2.0
13114,0.00021271755564956923,0.045946992020306957,1.0,0.1,328.9024910173975,1106.1781079804202,1.0,0.0,0.0,0.0,2.0
13115,0.000498820514364503,0.10774523110273265,0.0,0.1,328.2684953610308,1105.9700543565077,1.0,0.0,0.0,0.0,2.0
13116,0.00013352705848047508,0.028841844631782618,1.0,0.1,327.6786467512911,1105.4297044962466,1.0,0.0,0.0,0.0,2.0
13117,0.00031661555150106104,0.06838895912422918,1.0,0.1,327.7984924387705,1106.3511199846191,1.0,0.0,0.0,0.0,2.0
13118,0.0002479838322833745,0.0535645077732089,1.0,0.1,,,1.0,0.0,,,2.0
13119,0.00013801784720669002,0.029811854996645043,1.0,0.1,,,1.0,0.0,,,2.0
13120,0.0007970173674074092,0.1721557513600004,0.0,0.1,,,1.0,0.0,,,2.0
13121,0.0005526648907399919,0.11937561639983825,0.0,0.1,,,1.0,0.0,,,2.0
13122,0.00025650151792285544,0.05540432787133678,1.0,0.1,,,1.0,0.0,,,2.0
13123,0.0007102315313799824,0.1534100107780762,0.0,0.1,,,1.0,0.0,,,2.0
13124,0.0009672250982423866,0.2089206212203555,0.0,0.1,,,1.0,0.0,,,2.0
13125,0.0020870948052385697,0.45081247793153106,0.0,0.1,,,1.0,0.0,,,2.0
13126,0.0009587206818853512,0.20708366728723585,0.0,0.1,,,1.0,0.0,,,2.0
13127,0.0002962813436624709,0.06399677023109372,1.0,0.1,,,1.0,0.0,,,2.0
13128,0.0024969742626310947,0.5393464407283165,0.0,0.1,,,1.0,0.0,,,2.0
13129,0.001313290637243703,0.2836707776446399,0.0,0.1,,,1.0,0.0,,,2.0
13130,0.001414222827888979,0.30547213082401947,0.0,0.1,,,1.0,0.0,,,2.0
13131,0.0005705880214829628,0.12324701264031995,0.0,0.1,,,1.0,0.0,,,2.0
13132,0.0025243089940214167,0.5452507427086261,0.0,0.1,,,1.0,0.0,,,2.0
13133,0.0017750539777513434,0.38341165919429016,0.0,0.1,,,1.0,0.0,,,2.0
13134,0.0029077901219224617,0.6280826663352518,0.0,0.1,,,1.0,0.0,,,2.0
13135,0.0016809345590975474,0.3630818647650702,0.0,0.1,,,1.0,0.0,,,2.0
13136,0.0005948287091475397,0.12848300117586858,0.0,0.1,,,1.0,0.0,,,2.0
13137,0.0007237637582397617,0.15633297177978853,0.0,0.1,,,1.0,0.0,,,2.0
13138,0.0005516353297446483,0.11915323122484404,0.0,0.1,,,1.0,0.0,,,2.0
13139,0.0011446199829954298,0.2472379163270128,0.0,0.1,,,1.0,0.0,,,2.0
13140,0.0002567027265389379,0.055447788932410584,1.0,0.1,,,1.0,0.0,,,2.0
13141,0.0008824239612773653,0.19060357563591093,0.0,0.1,,,1.0,0.0,,,2.0
13142,0.0014507434298605705,0.3133605808498832,0.0,0.1,,,1.0,0.0,,,2.0
13143,0.0010198312986019111,0.22028356049801281,0.0,0.1,,,1.0,0.0,,,2.0
13144,0.0007333007370051156,0.15839295919310495,0.0,0.1,,,1.0,0.0,,,2.0
13145,0.0006257628372984523,0.1351647728564657,0.0,0.1,,,1.0,0.0,,,2.0
13146,0.001755802154743981,0.3792532654246999,0.0,0.1,,,1.0,0.0,,,2.0
13147,0.001270091852307263,0.2743398400983688,0.0,0.1,,,1.0,0.0,,,2.0
13148,0.0017512760457374806,0.37827562587929586,0.0,0.1,,,1.0,0.0,,,2.0
13149,0.0009329531683514051,0.2015178843639035,0.0,0.1,,,1.0,0.0,,,2.0
13150,0.0013542980911520801,0.2925283876888493,0.0,0.1,,,1.0,0.0,,,2.0
13151,0.0006564611942546057,0.1417956179589948,0.0,0.1,,,1.0,0.0,,,2.0
13152,0.0006987602482792835,0.15093221362832523,0.0,0.1,,,1.0,0.0,,,2.0
13153,0.00038999670123144746,0.08423928746599266,1.0,0.1,,,1.0,0.0,,,2.0
13154,0.00024154465091990132,0.052173644598698686,1.0,0.1,,,1.0,0.0,,,2.0
13155,0.0004193314576266014,0.0905755948473459,1.0,0.1,,,1.0,0.0,,,2.0
13156,0.0006367182491461471,0.13753114181556775,0.0,0.1,,,1.0,0.0,,,2.0
13157,0.0003030214264348753,0.06545262810993308,1.0,0.1,,,1.0,0.0,,,2.0
13158,0.0003311955513371509,0.0715382390888246,1.0,0.1,,,1.0,0.0,,,2.0
13159,0.0006941688214212325,0.14994046542698622,0.0,0.1,,,1.0,0.0,,,2.0
13160,0.0005843289267045503,0.12621504816818288,0.0,0.1,,,1.0,0.0,,,2.0
13161,0.0010842420003780904,0.23419627208166754,0.0,0.1,,,1.0,0.0,,,2.0
13162,0.0005087535187742905,0.10989076005524674,0.0,0.1,,,1.0,0.0,,,2.0
13163,0.000123190504995882,0.026609149079110512,1.0,0.1,,,1.0,0.0,,,2.0
13164,0.00021545028960001344,0.0465372625536029,1.0,0.1,,,1.0,0.0,,,2.0
13165,0.0010674533476454386,0.23056992309141472,0.0,0.1,,,1.0,0.0,,,2.0
13166,0.00029220719470941943,0.0631167540572346,1.0,0.1,,,1.0,0.0,,,2.0
13167,0.00024402120949053467,0.05270858124995549,1.0,0.1,,,1.0,0.0,,,2.0
13168,0.0008586320281497997,0.18546451808035672,0.0,0.1,,,1.0,0.0,,,2.0
13169,0.00015477611980252342,0.033431641877345056,1.0,0.1,,,1.0,0.0,,,2.0
13170,0.00034803226291313464,0.07517496878923709,1.0,0.1,,,1.0,0.0,,,2.0
13171,0.0004101907070823251,0.08860119272978222,1.0,0.1,,,1.0,0.0,,,2.0
13172,0.00039003008311647765,0.08424649795315918,1.0,0.1,,,1.0,0.0,,,2.0
13173,0.0009096766769027145,0.19649016221098634,0.0,0.1,,,1.0,0.0,,,2.0
13174,0.0013959170709949705,0.30151808733491364,0.0,0.1,,,1.0,0.0,,,2.0
13175,0.0012550303293439057,0.2710865511382836,0.0,0.1,,,1.0,0.0,,,2.0
13176,0.00048448435674107465,0.10464862105607213,0.0,0.1,,,1.0,0.0,,,2.0
13177,0.0012436640058920828,0.2686314252726899,0.0,0.1,354.92327865163725,1188.5302520425025,1.0,0.0,0.0,0.0,2.0
13178,0.0015028404447067706,0.3246135360566625,0.0,0.1,,,1.0,0.0,,,2.0
13179,0.0016463615790393963,0.3556141010725096,0.0,0.1,,,1.0,0.0,,,2.0
13180,0.001329760243416816,0.2872282125780322,0.0,0.1,,,1.0,0.0,,,2.0
13181,0.00013158907953049096,0.02842324117858605,1.0,0.1,,,1.0,0.0,,,2.0
13182,0.0015885585125694724,0.34312863871500604,0.0,0.1,,,1.0,0.0,,,2.0
13183,0.0024985053547694116,0.5396771566301929,0.0,0.1,,,1.0,0.0,,,2.0
13184,0.0009020381455048893,0.1948402394290561,0.0,0.1,,,1.0,0.0,,,2.0
13185,0.000533545076085489,0.11524573643446563,0.0,0.1,,,1.0,0.0,,,2.0
13186,0.0004532243556978713,0.09789646083074019,1.0,0.1,275.62214109577957,1131.8098361393745,1.0,0.0,0.0,0.0,2.0
13187,0.0006253246156652177,0.135070116983687,0.0,0.1,269.00507355517715,1125.3580676999047,1.0,0.0,0.0,0.0,2.0
13188,0.001413166117933272,0.3052438814735868,0.0,0.1,257.9873278822399,1115.5792218739257,1.0,0.0,0.0,0.0,2.0
13189,0.0007007265521049113,0.15135693525466085,0.0,0.1,249.68633788517275,1109.327803512313,1.0,0.0,0.0,0.0,2.0
13190,0.0004292501796304294,0.09271803880017275,1.0,0.1,237.54044444269186,1098.7419690034371,1.0,0.0,0.0,0.0,2.0
13191,0.0007408596843258327,0.1600256918143799,0.0,0.1,234.7922663135466,1097.309657312809,1.0,0.0,0.0,0.0,2.0
13192,0.0004727186985772436,0.10210723889268462,0.0,0.1,226.73285388098648,1090.2148413325256,1.0,0.0,0.0,0.0,2.0
13193,0.0004435230261694781,0.09580097365260727,1.0,0.1,216.45413894278323,1080.4695151517083,1.0,0.0,0.0,0.0,2.0
13194,0.001550419757216748,0.3348906675588176,0.0,0.1,200.78887830039852,1065.9954040849557,1.0,0.0,0.0,0.0,2.0
13195,0.00041756367732443035,0.09019375430207696,1.0,0.1,192.58922069349083,1058.6231754444768,1.0,0.0,0.0,0.0,2.0
13196,0.0004630323678323503,0.10001499145178767,0.0,0.1,181.72656431220054,1048.657765673722,1.0,0.0,0.0,0.0,2.0
13197,5.734327372336626e-05,0.012386147124247113,1.0,0.1,173.1335236934254,1040.6786757358752,1.0,0.0,0.0,0.0,2.0
13198,0.00041322953840840324,0.0892575802962151,1.0,0.1,160.60126627829015,1028.218862511626,1.0,0.0,0.0,0.0,2.0
13199,0.0005639207585534983,0.12180688384755564,0.0,0.1,158.41378916300752,1026.5500395739612,1.0,0.0,0.0,0.0,2.0
13200,0.0012096235316867627,0.26127868284434075,0.0,0.1,150.7901174561186,1019.1469015239295,1.0,0.0,0.0,0.0,2.0
13201,0.0006631789774884264,0.14324665913750012,0.0,0.1,148.1209696618928,1017.3910729353937,1.0,0.0,0.0,0.0,2.0
13202,0.0009231277002665726,0.1993955832575797,0.0,0.1,147.25121520230186,1016.9142003289626,1.0,0.0,0.0,0.0,2.0
13203,0.0006069429500512675,0.1310996772110738,0.0,0.1,143.82791462650536,1014.2311425529629,1.0,0.0,0.0,0.0,2.0
13204,0.00042013458569229177,0.09074907050953503,1.0,0.1,140.9141944454486,1012.0206292230906,1.0,0.0,0.0,0.0,2.0
13205,,,,0.1,142.2468604733579,1014.3420786360598,1.0,0.0,0.0,0.0,2.0
13206,,,,0.1,145.8128009204611,1017.9769715731683,,,0.0,0.0,2.0
13207,0.0010126072386638704,0.218723163551396,0.0,0.1,147.38175191899563,1019.9274011162358,1.0,0.0,0.0,0.0,2.0
13208,0.00010613292801107667,0.02292471245039256,1.0,0.1,146.6272051644462,1019.3663181626364,1.0,0.0,0.0,0.0,2.0
13209,0.000524652476687555,0.11332493496451189,0.0,0.1,144.48781274747333,1017.3644159053806,1.0,0.0,0.0,0.0,2.0
13210,0.00034333072000000713,0.07415943552000155,1.0,0.1,140.0472103181729,1013.1357524777503,1.0,0.0,0.0,0.0,2.0
13211,0.0010326458558080627,0.22305150485454156,0.0,0.1,132.85468151703034,1006.3053037153659,1.0,0.0,0.0,0.0,2.0
13212,,,,0.1,126.74481908738517,1000.3675618898255,1.0,0.0,0.0,0.0,2.0
13213,,,,0.1,124.25176293801623,997.7076732469966,,,0.0,0.0,2.0
13214,,,,0.1,112.7761001467643,985.6726994379134,,,0.0,0.0,2.0
13215,0.0015015398814730953,0.3243326143981886,0.0,0.1,105.25133740749503,976.7387549070623,1.0,0.0,0.0,0.0,2.0
13216,0.002793058622708892,0.6033006625051207,0.0,0.1,99.10705313128973,969.5313193077693,1.0,0.0,0.0,0.0,2.0
13217,0.0012533802743491126,0.27073013925940836,0.0,0.1,98.22900092708731,965.181999164703,1.0,0.0,0.0,0.0,2.0
13218,0.0031486637496923047,0.6801113699335378,0.0,0.1,94.5251150423378,959.8752026860155,1.0,0.0,0.0,0.0,2.0
13219,0.00238000403498235,0.5140808715561876,0.0,0.1,94.24464296356837,954.9584543385395,1.0,0.0,0.0,0.0,2.0
13220,,,,0.1,95.58578441850808,951.4184631082576,1.0,0.0,0.0,0.0,2.0
13221,,,,0.1,98.03656939678818,950.5872711591651,,,0.0,0.0,2.0
13222,,,,0.1,98.2535853578222,950.3968943249268,,,0.0,0.0,2.0
13223,,,,0.1,102.30046507087978,952.0271827193474,1.0,0.0,0.0,0.0,2.0
13224,,,,0.1,108.30219036372306,953.0690722076149,,,0.0,0.0,2.0
13225,,,,0.1,114.21771613910778,956.4597519546966,1.0,0.0,0.0,0.0,2.0
13226,,,,0.1,119.98200596978566,961.8627098288748,,,0.0,0.0,2.0
13227,,,,0.1,122.0141005403264,963.5091779353768,1.0,0.0,0.0,0.0,2.0
13228,,,,0.1,123.1648930260289,962.8992250655992,,,0.0,0.0,2.0
13229,,,,0.1,129.7102832448128,964.7031889390659,,,0.0,0.0,2.0
13230,,,,0.1,133.6968753752801,963.3401354795634,1.0,0.0,0.0,0.0,2.0
13231,,,,0.1,139.3706536310805,963.9184462333401,,,0.0,0.0,2.0
13232,0.0009059512411953414,0.19568546809819373,0.0,0.1,146.02392732941894,961.716965151703,1.0,0.0,0.0,0.0,2.0
13233,,,,0.1,153.87428142594771,961.6064075106314,1.0,0.0,0.0,0.0,2.0
13234,,,,0.1,158.95955736818556,958.6074935325606,,,0.0,0.0,2.0
13235,,,,0.1,168.80848223572085,957.0843178263793,,,0.0,0.0,2.0
13236,,,,0.1,175.20900039965557,958.3846694213986,1.0,0.0,0.0,0.0,2.0
13237,,,,0.1,182.5851814496901,956.6108512978174,,,0.0,0.0,2.0
13238,,,,0.1,192.9335017532916,957.8077186316114,,,0.0,0.0,2.0
13239,0.003794364353230672,0.8195827002978251,0.0,0.1,205.18285929038257,958.6272684188654,1.0,0.0,0.0,0.0,2.0
13240,0.0028427208454677283,0.6140277026210293,0.0,0.1,211.20583813148548,959.4068946350543,1.0,0.0,0.0,0.0,2.0
13241,0.0027514137838035484,0.5943053773015664,0.0,0.1,224.03307560219986,962.38421120493,1.0,0.0,0.0,0.0,2.0
13242,0.0015151120623347592,0.327264205464308,0.0,0.1,235.64650886043523,966.033321417862,1.0,0.0,0.0,0.0,2.0
13243,,,,0.1,239.60682409029076,967.4190092708716,1.0,0.0,0.0,0.0,2.0
13244,,,,0.1,237.8098141011893,965.6436518441028,,,0.0,0.0,2.0
13245,,,,0.1,235.96609808966707,964.2358845719217,,,0.0,0.0,2.0
13246,0.00015995184088730505,0.034549597631657894,1.0,0.1,229.48008730302635,960.0098510331601,1.0,0.0,0.0,0.0,2.0
13247,0.0008776776259396248,0.18957836720295895,0.0,0.1,219.91320212404523,955.4113995735734,1.0,0.0,0.0,0.0,2.0
13248,0.0002040138843576726,0.04406699902125729,1.0,0.1,209.0218132113571,949.6588013429438,1.0,0.0,0.0,0.0,2.0
13249,0.00023680077479937956,0.051148967356665985,1.0,0.1,204.86871358066452,946.4558665558608,1.0,0.0,0.0,0.0,2.0
13250,0.000500254933858782,0.1080550657134969,0.0,0.1,203.06136922233986,944.6880382126687,1.0,0.0,0.0,0.0,2.0
13251,0.0004904042691185867,0.10592732212961474,0.0,0.1,201.3182357894385,943.4011422598353,1.0,0.0,0.0,0.0,2.0
13252,0.001748889741526426,0.377760184169708,0.0,0.1,194.5609728427072,941.3447700745731,1.0,0.0,0.0,0.0,2.0
13253,0.00117963598683407,0.25480137315615914,0.0,0.1,188.9482434232871,941.2715230036607,1.0,0.0,0.0,0.0,2.0
13254,0.0006667139146593306,0.14401020556641542,0.0,0.1,187.31878661193807,941.0266150011144,1.0,0.0,0.0,0.0,2.0
13255,0.00019023820425049942,0.04109145211810788,1.0,0.1,187.1481271053066,941.0598543628369,1.0,0.0,0.0,0.0,2.0
13256,9.560727900087718e-05,0.02065117226418947,1.0,0.1,193.20760365922555,943.1582817437578,1.0,0.0,0.0,0.0,2.0
13257,0.0006595626990100576,0.14246554298617245,0.0,0.1,199.01688246798815,947.7899028579209,1.0,0.0,0.0,0.0,2.0
13258,0.00028060442874333315,0.06061055660855997,1.0,0.1,200.88429230118408,949.9637137879964,1.0,0.0,0.0,0.0,2.0
13259,0.00036613381099585894,0.07908490317510553,1.0,0.1,202.6152313747304,951.1971601866076,1.0,0.0,0.0,0.0,2.0
13260,0.0002020052819834986,0.043633140908435696,1.0,0.1,203.56168469662032,950.939863760377,1.0,0.0,0.0,0.0,2.0
13261,0.0003634107497101034,0.07849672193738233,1.0,0.1,207.24450749246205,951.8163387668368,1.0,0.0,0.0,0.0,2.0
13262,9.655559191333185e-05,0.020856007853279682,1.0,0.1,208.6198751388231,950.6008599026336,1.0,0.0,0.0,0.0,2.0
13263,0.0006471317551925091,0.13978045912158196,0.0,0.1,208.03706628417532,949.5998394414796,1.0,0.0,0.0,0.0,2.0
13264,0.0002571335743001635,0.05554085204883532,1.0,0.1,211.15950217340784,950.3004962091757,1.0,0.0,0.0,0.0,2.0
13265,0.0004687339935011672,0.10124654259625213,0.0,0.1,213.35384594528162,952.3658618814925,1.0,0.0,0.0,0.0,2.0
13266,0.0001478696708216871,0.03193984889748441,1.0,0.1,214.44919623844527,956.3437378389501,1.0,0.0,0.0,0.0,2.0
13267,8.591642501177966e-05,0.018557947802544408,1.0,0.1,213.42428199500824,958.6522587688212,1.0,0.0,0.0,0.0,2.0
13268,0.0002372765106024258,0.05125172629012397,1.0,0.1,215.9426737143658,964.8247273607061,1.0,0.0,0.0,0.0,2.0
13269,0.0004218092353640575,0.09111079483863642,1.0,0.1,217.10435070633753,966.9092844236768,1.0,0.0,0.0,0.0,2.0
13270,0.0005193275536122209,0.11217475158023972,0.0,0.1,219.47919115387904,967.6388342257658,1.0,0.0,0.0,0.0,2.0
13271,0.000256285999490974,0.055357775890050386,1.0,0.1,221.66841339711812,967.1430904308644,1.0,0.0,0.0,0.0,2.0
13272,0.0003032951214236343,0.06551174622750501,1.0,0.1,221.96818870066377,967.4094991962567,1.0,0.0,0.0,0.0,2.0
13273,0.0009481748326086514,0.20480576384346869,0.0,0.1,222.423185340715,969.1058121494242,1.0,0.0,0.0,0.0,2.0
13274,7.771696852051628e-05,0.01678686520043152,1.0,0.1,221.41733856083772,970.77594453282,1.0,0.0,0.0,0.0,2.0
13275,0.00027780912546556525,0.060006771100562094,1.0,0.1,220.23741156728505,970.4188755445933,1.0,0.0,0.0,0.0,2.0
13276,0.0002361337535509382,0.05100489076700265,1.0,0.1,220.24990701703896,970.0075977843373,1.0,0.0,0.0,0.0,2.0
13277,0.0005545036589049211,0.11977279032346295,0.0,0.1,222.45605198579815,970.6729411786032,1.0,0.0,0.0,0.0,2.0
13278,0.0010557286260898106,0.22803738323539907,0.0,0.1,226.42388317245994,971.4319991858612,1.0,0.0,0.0,0.0,2.0
13279,0.0015096677971677362,0.326088244188231,0.0,0.1,234.3430404744943,968.7464312172823,1.0,0.0,0.0,0.0,2.0
13280,0.0011283505377727477,0.24372371615891353,0.0,0.1,245.04168832542032,970.9388028230519,1.0,0.0,0.0,0.0,2.0
13281,0.0012238973245635777,0.2643618221057328,0.0,0.1,249.5364578880773,971.8089007925513,1.0,0.0,0.0,0.0,2.0
13282,0.0012903137639567873,0.27870777301466604,0.0,0.1,259.72490644320175,973.6541889805266,1.0,0.0,0.0,0.0,2.0
13283,0.004265032793137333,0.9212470833176639,0.0,0.1,271.62334793647915,973.9801430146972,1.0,0.0,0.0,0.0,2.0
13284,0.0021155765793562753,0.4569645411409555,0.0,0.1,281.9752938133817,974.6367118270008,1.0,0.0,0.0,0.0,2.0
13285,0.0011666312169154513,0.2519923428537375,0.0,0.1,285.31765793493037,974.3219600796594,1.0,0.0,0.0,0.0,2.0
13286,0.0030875921770736666,0.666919910247912,0.0,0.1,292.73765234609164,975.050638411356,1.0,0.0,0.0,0.0,2.0
13287,0.002660974291873026,0.5747704470445736,0.0,0.1,303.51393086323293,973.663271963405,1.0,0.0,0.0,0.0,2.0
13288,0.0031994743142027995,0.6910864518678047,0.0,0.1,313.5689584986725,970.8739838675822,1.0,0.0,0.0,0.0,2.0
13289,0.0013772923781259715,0.2974951536752099,0.0,0.1,320.95680598139234,971.3789918228272,1.0,0.0,0.0,0.0,2.0
13290,0.0013145074690113438,0.2839336133064503,0.0,0.1,324.32423069876006,972.052367479905,1.0,0.0,0.0,0.0,2.0
13291,0.0031721234869682394,0.6851786731851397,0.0,0.1,330.04048606926403,969.3877574479259,1.0,0.0,0.0,0.0,2.0
13292,0.0020676401926708276,0.4466102816168988,0.0,0.1,338.0613689701325,965.4612019524919,1.0,0.0,0.0,0.0,2.0
13293,0.0013199936225553024,0.28511862247194536,0.0,0.1,341.3609661191729,960.3205776135272,1.0,0.0,0.0,0.0,2.0
13294,0.001472772245842684,0.31811880510201973,0.0,0.1,341.1821455132574,957.2333148381043,1.0,0.0,0.0,0.0,2.0
13295,0.0006840292953020122,0.14775032778523461,0.0,0.1,342.35430107189273,954.3236079865792,1.0,0.0,0.0,0.0,2.0
13296,0.0021446179498588167,0.4632374771695044,0.0,0.1,341.0980454097372,950.4412782933672,1.0,0.0,0.0,0.0,2.0
13297,0.0015216050040655978,0.32866668087816914,0.0,0.1,,,1.0,0.0,,,2.0
13298,0.00026667193681837543,0.0576011383527691,1.0,0.1,340.6291985878593,930.2505346178049,1.0,0.0,0.0,0.0,2.0
13299,0.0013748880371387874,0.2969758160219781,0.0,0.1,340.64060816554377,923.0268978092918,1.0,0.0,0.0,0.0,2.0
13300,0.002576952922097202,0.5566218311729956,0.0,0.1,341.3596125310824,919.2911090247777,1.0,0.0,0.0,0.0,2.0
13301,0.0007125302636813102,0.15390653695516301,0.0,0.1,341.00352080538573,910.9915664926367,1.0,0.0,0.0,0.0,2.0
13302,0.00041922911461494283,0.09055348875682766,1.0,0.1,335.89746739695704,900.1284253924199,1.0,0.0,0.0,0.0,2.0
13303,0.001123141132448549,0.24259848460888656,0.0,0.1,329.3827126339287,890.8331883910631,1.0,0.0,0.0,0.0,2.0
13304,0.0016660670039947737,0.35987047286287116,0.0,0.1,324.86189191865657,875.6939020710366,1.0,0.0,0.0,0.0,2.0
13305,0.001179357382041355,0.2547411945209327,0.0,0.1,323.26149908227967,862.5536881258148,1.0,0.0,0.0,0.0,2.0
13306,0.0027457765260114,0.5930877296184625,0.0,0.1,321.30892603288305,849.7634365594587,1.0,0.0,0.0,0.0,2.0
13307,0.0020314377029087964,0.4387905438283,0.0,0.1,322.4382176016565,842.8000830133495,1.0,0.0,0.0,0.0,2.0
13308,0.0018332824239082805,0.3959890035641886,0.0,0.1,322.4389954451587,839.5247553118535,1.0,0.0,0.0,0.0,2.0
13309,0.0018175300237010753,0.3925864851194323,0.0,0.1,322.57919482397216,827.8620491772783,1.0,0.0,0.0,0.0,2.0
13310,0.0013968351698618409,0.3017163966901576,0.0,0.1,324.4442458097747,813.7256319215934,1.0,0.0,0.0,0.0,2.0
13311,0.0009264978319499996,0.20012353170119992,0.0,0.1,328.86594592380675,803.9020451016022,1.0,0.0,0.0,0.0,2.0
13312,0.0027711083375655445,0.5985594009141576,0.0,0.1,333.7221498061796,800.4077167752832,1.0,0.0,0.0,0.0,2.0
13313,0.002236510442053289,0.4830862554835105,0.0,0.1,337.7056316386433,794.839311345658,1.0,0.0,0.0,0.0,2.0
13314,0.003685258276422088,0.7960157877071711,0.0,0.1,341.3631429190439,786.0687851014274,1.0,0.0,0.0,0.0,2.0
13315,0.0032173582162870647,0.694949374718006,0.0,0.1,343.24564444812864,769.9831983609512,1.0,0.0,0.0,0.0,2.0
13316,0.0014430545047896494,0.31169977303456425,0.0,0.1,344.9946278251067,752.8108980844268,1.0,0.0,0.0,0.0,2.0
13317,0.0028314159430368117,0.6115858436959514,0.0,0.1,346.4540874040696,744.7755958610867,1.0,0.0,0.0,0.0,2.0
13318,0.004069009622795287,0.878906078523782,0.0,0.1,349.9039628030272,734.555181083436,1.0,0.0,0.0,0.0,2.0
13319,0.0017536392840173582,0.3787860853477494,0.0,0.1,353.2232628560045,728.7480274784155,1.0,0.0,0.0,0.0,2.0
13320,0.0014985785348724866,0.3236929635324571,0.0,0.1,363.9180449616157,721.4248316956337,1.0,0.0,0.0,0.0,2.0
13321,0.002077916524413308,0.4488299692732745,0.0,0.1,369.931917705168,717.8183988873772,1.0,0.0,0.0,0.0,2.0
13322,0.0033244014382074506,0.7180707106528094,0.0,0.1,379.32932863747016,709.0999462424327,1.0,0.0,0.0,0.0,2.0
13323,0.005020703019046469,1.0844718521140373,0.0,0.1,384.9994288572712,702.6494662498989,1.0,0.0,0.0,0.0,2.0
13324,0.0016625055325660435,0.35910119503426535,0.0,0.1,390.94935697067586,698.8298991941621,1.0,0.0,0.0,0.0,2.0
13325,0.0017396368592587546,0.375761561599891,0.0,0.1,396.610307752453,688.8533445071346,1.0,0.0,0.0,0.0,2.0
13326,0.004070010333428291,0.8791222320205109,0.0,0.1,400.64252052406135,683.4694408260474,1.0,0.0,0.0,0.0,2.0
13327,0.0014898984273001457,0.32181806029683147,0.0,0.1,404.8129446940855,669.3524652897308,1.0,0.0,0.0,0.0,2.0
13328,0.001930502511601725,0.4169885425059726,0.0,0.1,407.9964378073609,659.3712126858613,1.0,0.0,0.0,0.0,2.0
13329,0.0006083151990697151,0.13139608299905847,0.0,0.1,407.1767830732024,653.4858995059147,1.0,0.0,0.0,0.0,2.0
13330,0.0015529828163810275,0.335444288338302,0.0,0.1,406.1496565208865,648.7961428186052,1.0,0.0,0.0,0.0,2.0
13331,0.0013344758914270497,0.28824679254824276,0.0,0.1,406.76974648961044,634.3100773195645,1.0,0.0,0.0,0.0,2.0
13332,0.0018199181006404894,0.39310230973834576,0.0,0.1,406.8461799345237,622.5476507392674,1.0,0.0,0.0,0.0,2.0
13333,0.0012036960023302508,0.25999833650333415,0.0,0.1,409.86577776669697,616.2590497046169,1.0,0.0,0.0,0.0,2.0
13334,0.000692684410475078,0.14961983266261686,0.0,0.1,410.92802786786126,615.9650351364639,1.0,0.0,0.0,0.0,2.0
13335,0.0008940609370224113,0.19311716239684085,0.0,0.1,411.890675934861,616.6078446707221,1.0,0.0,0.0,0.0,2.0
13336,0.0017996345645358547,0.38872106593974465,0.0,0.1,414.94702671116335,612.5027395129163,1.0,0.0,0.0,0.0,2.0
13337,0.000289157284874229,0.06245797353283346,1.0,0.1,420.3533892824262,606.0548136211601,1.0,0.0,0.0,0.0,2.0
13338,0.0010081201075779725,0.21775394323684208,0.0,0.1,424.23450391967907,600.3263487057524,1.0,0.0,0.0,0.0,2.0
13339,0.0024679917604782443,0.5330862202633008,0.0,0.1,426.2712743860022,595.3002808056299,1.0,0.0,0.0,0.0,2.0
13340,0.0018230419964525213,0.3937770712337446,0.0,0.1,425.311005054696,587.8297097768692,1.0,0.0,0.0,0.0,2.0
13341,0.002436557759825382,0.5262964761222826,0.0,0.1,426.49219149868213,579.2759569052043,1.0,0.0,0.0,0.0,2.0
13342,0.0022090012530884564,0.47714427066710663,0.0,0.1,433.69017138042705,569.6276941141618,1.0,0.0,0.0,0.0,2.0
13343,0.0008347582852465797,0.18030778961326122,0.0,0.1,439.92261192113324,562.8853055884243,1.0,0.0,0.0,0.0,2.0
13344,0.0024984178457327956,0.5396582546782839,0.0,0.1,441.77556771847753,558.4160262885385,1.0,0.0,0.0,0.0,2.0
13345,0.0028364526586061234,0.6126737742589227,0.0,0.1,447.51207446787816,550.8508604487037,1.0,0.0,0.0,0.0,2.0
13346,0.0019506527484518877,0.42134099366560773,0.0,0.1,455.4940123093883,538.6454288256781,1.0,0.0,0.0,0.0,2.0
13347,0.001349094724881793,0.2914044605744673,0.0,0.1,462.1951503677654,527.3628992758402,1.0,0.0,0.0,0.0,2.0
13348,0.003913894626561872,0.8454012393373643,0.0,0.1,465.60304456888076,521.051329366048,1.0,0.0,0.0,0.0,2.0
13349,0.003255460746388071,0.7031795212198234,0.0,0.1,469.17508825792413,514.1445958892341,1.0,0.0,0.0,0.0,2.0
13350,0.002526667330978031,0.5457601434912547,0.0,0.1,474.43715007333014,505.9550952136439,1.0,0.0,0.0,0.0,2.0
13351,0.0018749794233618264,0.4049955554461545,0.0,0.1,482.29677758386345,495.4578148746607,1.0,0.0,0.0,0.0,2.0
13352,0.0030666723846406725,0.6624012350823852,0.0,0.1,487.0139890839495,489.893751635865,1.0,0.0,0.0,0.0,2.0
13353,0.001729620801393767,0.37359809310105363,0.0,0.1,494.87361084262477,477.39412612446444,1.0,0.0,0.0,0.0,2.0
13354,0.0028774850932184784,0.6215367801351913,0.0,0.1,499.98303575067257,469.7177357556738,1.0,0.0,0.0,0.0,2.0
13355,0.0019806081655928055,0.427811363768046,0.0,0.1,502.50144532866756,466.4541961004942,1.0,0.0,0.0,0.0,2.0
13356,0.0007976200480733196,0.17228593038383702,0.0,0.1,505.37894393720967,462.43645968322113,1.0,0.0,0.0,0.0,2.0
13357,0.0013705646123894845,0.29604195627612867,0.0,0.1,507.3845881568582,457.20231815022714,1.0,0.0,0.0,0.0,2.0
13358,0.001061396531953452,0.22926165090194564,0.0,0.1,514.0267926348072,447.9805498646114,1.0,0.0,0.0,0.0,2.0
13359,0.0011848795474376029,0.25593398224652225,0.0,0.1,522.013457381056,442.2340028119392,1.0,0.0,0.0,0.0,2.0
13360,0.0011562767135527732,0.24975577012739902,0.0,0.1,525.32595693795,440.74427258689195,1.0,0.0,0.0,0.0,2.0
13361,0.002083196999626232,0.4499705519192661,0.0,0.1,527.3364525367853,440.93062317510663,1.0,0.0,0.0,0.0,2.0
13362,0.0016681509359617842,0.3603206021677454,0.0,0.1,536.32478601252,439.73696490939864,1.0,0.0,0.0,0.0,2.0
13363,0.002712166822119342,0.5858280335777779,0.0,0.1,548.9683496569768,436.3634801220181,1.0,0.0,0.0,0.0,2.0
13364,0.002828322328708409,0.6109176230010164,0.0,0.1,560.4276516043763,432.1336819417737,1.0,0.0,0.0,0.0,2.0
13365,0.0022630130061713576,0.4888108093330133,0.0,0.1,574.1050972584763,427.66811214780955,1.0,0.0,0.0,0.0,2.0
13366,0.004269963964673235,0.9223122163694188,0.0,0.1,579.1954429308669,425.2917529193873,1.0,0.0,0.0,0.0,2.0
13367,0.0039037917690153347,0.8432190221073124,0.0,0.1,590.1221114357033,418.97267555685187,1.0,0.0,0.0,0.0,2.0
13368,0.003701924731833231,0.799615742075978,0.0,0.1,604.0787624243432,411.0526182933719,1.0,0.0,0.0,0.0,2.0
13369,0.003770052482969662,0.814331336321447,0.0,0.1,619.5789230304655,401.79037887957077,1.0,0.0,0.0,0.0,2.0
13370,0.0021112740393607215,0.4560351925019159,0.0,0.1,636.8060327347266,394.48550173845626,1.0,0.0,0.0,0.0,2.0
13371,0.003215799392366321,0.6946126687511254,0.0,0.1,642.6852000960232,390.2551524870405,1.0,0.0,0.0,0.0,2.0
13372,0.004200747961226066,0.9073615596248303,0.0,0.1,653.6328843888016,385.2496035094088,1.0,0.0,0.0,0.0,2.0
13373,0.006010873067427731,1.29834858256439,0.0,0.1,668.3728580003584,375.5396514710761,1.0,0.0,0.0,0.0,2.0
13374,0.0024592103594339087,0.5311894376377243,0.0,0.1,682.5628364868742,362.46105250045366,0.0,1.0,0.0,0.0,2.0
13375,0.0035798683009619584,0.773251553007783,0.0,0.1,689.1992003412612,356.35136247687024,0.0,1.0,0.0,0.0,2.0
13376,0.00400301620235052,0.8646514997077123,0.0,0.1,699.9970928991038,347.082258302851,0.0,1.0,0.0,0.0,2.0
13377,0.004349072809474555,0.939399726846504,0.0,0.1,710.8091980651878,341.54050718943125,0.0,1.0,0.0,0.0,2.0
13378,0.004082125394418426,0.8817390851943799,0.0,0.1,728.0327398930373,330.5190324098693,0.0,1.0,0.0,0.0,2.0
13379,0.0020961773670147552,0.45277431127518714,0.0,0.1,743.7880051810445,320.012274306571,0.0,1.0,0.0,0.0,2.0
13380,0.0034367959219840996,0.7423479191485656,0.0,0.1,749.6182895221731,318.0196028443402,0.0,1.0,0.0,0.0,2.0
13381,0.003581391010967799,0.7735804583690445,0.0,0.1,759.0682531094155,313.0764113794548,0.0,1.0,0.0,0.0,2.0
13382,0.0045131045511088855,0.9748305830395193,0.0,0.1,767.9202713667798,306.70748616088065,0.0,1.0,0.0,0.0,2.0
13383,0.0022144887744354057,0.47832957527804765,0.0,0.1,777.9737484935906,295.0835517124366,0.0,1.0,0.0,0.0,2.0
13384,0.0035699365521886677,0.7711062952727523,0.0,0.1,783.0486865645361,287.38310810638177,0.0,1.0,0.0,0.0,2.0
13385,0.00140980655413029,0.30451821569214266,0.0,0.1,793.7497691600968,274.53615321765244,0.0,1.0,0.0,0.0,2.0
13386,0.0033853093542312858,0.7312268205139577,0.0,0.1,799.8553103299176,267.1890718126632,0.0,1.0,0.0,0.0,2.0
13387,0.002432506338313253,0.5254213690756626,0.0,0.1,804.0087644844386,263.67734047801895,0.0,1.0,0.0,0.0,2.0
13388,0.0009988279569717738,0.21574683870590317,0.0,0.1,812.4100632545681,256.0457958859803,0.0,1.0,0.0,0.0,2.0
13389,0.0027349730972690083,0.5907541890101058,0.0,0.1,818.0529938368705,252.65343563027386,0.0,1.0,0.0,0.0,2.0
13390,0.0007542102031387383,0.16290940387796748,0.0,0.1,824.6949079796938,243.3935576766903,0.0,1.0,0.0,0.0,2.0
13391,0.004065155290132995,0.878073542668727,0.0,0.1,826.143931458986,241.54995700952122,0.0,1.0,0.0,0.0,2.0
13392,0.0011145499025003531,0.2407427789400763,0.0,0.1,828.2199581556364,235.45622109005427,0.0,1.0,0.0,0.0,2.0
13393,0.001459904302550895,0.31533932935099335,0.0,0.1,833.6018871482964,231.71718837415557,0.0,1.0,0.0,0.0,2.0
13394,0.003541965742754524,0.7650646004349771,0.0,0.1,844.8021856067702,223.59335176038107,0.0,1.0,0.0,0.0,2.0
13395,0.0034020962789041748,0.7348527962433017,0.0,0.1,852.9294775417713,216.08417295521275,0.0,1.0,0.0,0.0,2.0
13396,0.0025254537859127767,0.5454980177571598,0.0,0.1,859.001128095506,212.87314862216002,0.0,1.0,0.0,0.0,2.0
13397,0.0016354108298845006,0.3532487392550521,0.0,0.1,867.2402760411601,208.91098375069927,0.0,1.0,0.0,0.0,2.0
13398,0.0031663773354177038,0.683937504450224,0.0,0.1,873.0154899916516,207.24187000264368,0.0,1.0,0.0,0.0,2.0
13399,0.003017843489318359,0.6518541936927655,0.0,0.1,885.9878480942392,202.94273695574765,0.0,1.0,0.0,0.0,2.0
13400,0.0029932589700020175,0.6465439375204358,0.0,0.1,896.2654952810724,200.78266832633707,0.0,1.0,0.0,0.0,2.0
13401,0.0017797514927889592,0.3844263224424152,0.0,0.1,901.8434490607398,198.9609986903876,0.0,1.0,0.0,0.0,2.0
13402,0.003093393878158505,0.6681730776822371,0.0,0.1,904.5889241319504,198.4888806448421,0.0,1.0,0.0,0.0,2.0
13403,0.002168660188457514,0.468430600706823,0.0,0.1,916.1252763950042,196.6439072280863,0.0,1.0,0.0,0.0,2.0
13404,,,,0.1,925.4026470661526,193.6311301028914,0.0,1.0,0.0,0.0,2.0
13405,,,,0.1,933.3672133896783,193.41898992223477,,,0.0,0.0,2.0
13406,,,,0.1,939.8812595064726,192.5774240871097,,,0.0,0.0,2.0
13407,0.001596460518904854,0.3448354720834485,0.0,0.1,941.4911984694725,192.0807958738372,0.0,1.0,0.0,0.0,2.0
13408,0.0018268255900771458,0.3945943274566635,0.0,0.1,949.2678025234094,188.30138454307226,0.0,1.0,0.0,0.0,2.0
13409,0.002857315149291528,0.61718007224697,0.0,0.1,957.4682804636177,187.35097075487957,0.0,1.0,0.0,0.0,2.0
13410,0.0009573367958934725,0.20678474791299006,0.0,0.1,961.3373879062681,183.92807485054558,0.0,1.0,0.0,0.0,2.0
13411,0.003384896726675187,0.7311376929618404,0.0,0.1,963.9246649649905,184.2611796351147,0.0,1.0,0.0,0.0,2.0
13412,0.0018240548179563063,0.3939958406785622,0.0,0.1,968.978470098176,182.89600105976837,0.0,1.0,0.0,0.0,2.0
13413,,,,0.1,977.9386653091839,181.27795748465508,0.0,1.0,0.0,0.0,2.0
13414,,,,0.1,981.3543905539417,179.8016743237917,,,0.0,0.0,2.0
13415,0.0009438028480096345,0.20386141517008105,0.0,0.1,984.6249460331117,181.6355166680855,0.0,1.0,0.0,0.0,2.0
13416,0.0015317227905112748,0.3308521227504354,0.0,0.1,985.560482286426,181.35260084438804,0.0,1.0,0.0,0.0,2.0
13417,0.002140031728885838,0.462246853439341,0.0,0.1,991.7656869273487,183.6352723392951,0.0,1.0,0.0,0.0,2.0
13418,,,,0.1,995.4873920226435,182.32827834650197,0.0,1.0,0.0,0.0,2.0
13419,,,,0.1,999.1761620658859,180.85379997384246,,,0.0,0.0,2.0
13420,0.003815857623880062,0.8242252467580934,0.0,0.1,1001.0638889720166,181.36666914688956,0.0,1.0,0.0,0.0,2.0
13421,0.0023724872088801644,0.5124572371181155,0.0,0.1,1003.5049812555483,181.39086776081191,0.0,1.0,0.0,0.0,2.0
13422,0.0014521207573075445,0.3136580835784296,0.0,0.1,1001.8573483119301,173.32577149018172,0.0,1.0,0.0,0.0,2.0
13423,0.0009607751337707614,0.20752742889448447,0.0,0.1,996.8126496445376,165.27773733827925,0.0,1.0,0.0,0.0,2.0
13424,0.00018128427425761443,0.03915740323964472,1.0,0.1,993.143917813058,160.3004192375473,0.0,1.0,0.0,0.0,2.0
13425,0.0010598773255338994,0.22893350231532228,0.0,0.1,991.3449630066102,158.78384004692236,0.0,1.0,0.0,0.0,2.0
13426,0.0005448396864234532,0.11768537226746591,0.0,0.1,985.781663625561,154.64709514621958,0.0,1.0,0.0,0.0,2.0
13427,0.0003959389222615281,0.08552280720849008,1.0,0.1,976.370132715912,144.08596900044213,0.0,1.0,0.0,0.0,2.0
13428,0.0006183323037234867,0.13355977760427312,0.0,0.1,971.7755092960705,136.8097080534128,0.0,1.0,0.0,0.0,2.0
13429,0.00023015907344756375,0.04971435986467377,1.0,0.1,972.7987317020702,137.3900604128022,0.0,1.0,0.0,0.0,2.0
13430,0.000581365371890466,0.12557492032834067,0.0,0.1,976.1151347034985,138.07017670319684,0.0,1.0,0.0,0.0,2.0
13431,0.0012924841356506502,0.27917657330054046,0.0,0.1,980.2472647295513,137.34859533991906,0.0,1.0,0.0,0.0,2.0
13432,0.00024904013905592727,0.05379267003608029,1.0,0.1,982.4495526790505,135.00562516696516,0.0,1.0,0.0,0.0,2.0
13433,0.002327809964276082,0.5028069522836337,0.0,0.1,983.0555328856386,134.2239911018804,0.0,1.0,0.0,0.0,2.0
13434,0.0017736229870230894,0.3831025651969873,0.0,0.1,986.5422452097374,133.78689982952326,0.0,1.0,0.0,0.0,2.0
13435,0.0014331109521570115,0.3095519656659145,0.0,0.1,989.3526977024615,132.6037634823816,0.0,1.0,0.0,0.0,2.0
13436,0.0026356013868958166,0.5692898995694964,0.0,0.1,994.9200211519393,134.78848204513727,0.0,1.0,0.0,0.0,2.0
13437,0.0011581158226135172,0.2501530176845197,0.0,0.1,1000.4631641532214,138.30479794981716,0.0,1.0,0.0,0.0,2.0
13438,0.0010934805133726354,0.23619179088848924,0.0,0.1,1001.8921371759158,138.58019670545866,0.0,1.0,0.0,0.0,2.0
13439,0.0026843895840073136,0.5798281501455798,0.0,0.1,1005.1559128876675,139.83980946190235,0.0,1.0,0.0,0.0,2.0
13440,0.002026060823299936,0.43762913783278623,0.0,0.1,1014.4531850262151,147.87078554210504,0.0,1.0,0.0,0.0,2.0
13441,0.0023818003792482095,0.5144688819176132,0.0,0.1,1025.7450927927773,157.26494953415047,0.0,1.0,0.0,0.0,2.0
13442,0.0012525280366763843,0.270546055922099,0.0,0.1,1033.2748909990532,163.39679307519395,0.0,1.0,0.0,0.0,2.0
13443,0.002811896199449536,0.6073695790810998,0.0,0.1,1036.9644623375466,166.62503653585466,0.0,1.0,0.0,0.0,2.0
13444,0.002219499011663707,0.4794117865193608,0.0,0.1,1040.6730892081584,170.1676187121327,0.0,1.0,0.0,0.0,2.0
13445,0.0019341507909196149,0.41777657083863684,0.0,0.1,1047.1243234964359,175.31267329980278,0.0,1.0,0.0,0.0,2.0
13446,0.00045815487233141116,0.09896145242358481,1.0,0.1,1052.208105423863,179.45660572185682,0.0,1.0,0.0,0.0,2.0
13447,0.0006525674831588908,0.1409545763623204,0.0,0.1,1055.7018292493638,182.8328874770292,0.0,1.0,0.0,0.0,2.0
13448,0.000366452530975382,0.07915374669068251,1.0,0.1,1058.9878642397705,186.12187700477884,0.0,1.0,0.0,0.0,2.0
13449,0.0002784492105781559,0.06014502948488167,1.0,0.1,1059.830884729306,187.36436871388307,0.0,1.0,0.0,0.0,2.0
13450,0.0001940553756170363,0.04191596113327984,1.0,0.1,1056.7933264762532,185.11581045984073,0.0,1.0,0.0,0.0,2.0
13451,0.0006838944990874817,0.14772121180289605,0.0,0.1,1056.9702939235196,186.46870838106963,0.0,1.0,0.0,0.0,2.0
13452,0.00037490268431635416,0.0809789798123325,1.0,0.1,1056.6955620409824,186.28957180258334,0.0,1.0,0.0,0.0,2.0
13453,0.0007614869818744299,0.16448118808487686,0.0,0.1,1058.3058950677694,188.0287905118307,0.0,1.0,0.0,0.0,2.0
13454,0.0012525440853668544,0.2705495224392406,0.0,0.1,1059.1338540702272,188.84505360075627,0.0,1.0,0.0,0.0,2.0
13455,0.0010529695606184926,0.22744142509359438,0.0,0.1,1057.8453164269795,187.41557180449172,0.0,1.0,0.0,0.0,2.0
13456,0.001158920212060676,0.25032676580510604,0.0,0.1,1057.3295474575161,186.92075410641704,0.0,1.0,0.0,0.0,2.0
13457,0.000695677323417624,0.15026630185820677,0.0,0.1,1056.864522374783,186.5109390056277,0.0,1.0,0.0,0.0,2.0
13458,0.0009778301988397579,0.21121132294938771,0.0,0.1,1056.275368995158,186.54128408410193,0.0,1.0,0.0,0.0,2.0
13459,0.0004276761441077052,0.09237804712726433,1.0,0.1,1057.1093231524965,187.18550513081996,0.0,1.0,0.0,0.0,2.0
13460,0.00015552129388280708,0.03359259947868633,1.0,0.1,1061.5226462916696,191.79938277161855,0.0,1.0,0.0,0.0,2.0
13461,0.0003929734846941585,0.08488227269393823,1.0,0.1,1062.6836660532547,192.93378287200463,0.0,1.0,0.0,0.0,2.0
13462,0.00011314943741468006,0.024440278481570894,1.0,0.1,1063.0548560187908,193.5017234005719,0.0,1.0,0.0,0.0,2.0
13463,0.00021506915381131682,0.04645493722324443,1.0,0.1,1064.9957402497969,195.56821016153813,0.0,1.0,0.0,0.0,2.0
13464,0.00024203120912001265,0.05227874116992273,1.0,0.1,1066.4755573422449,197.13780083206174,0.0,1.0,0.0,0.0,2.0
13465,0.000521166497695076,0.11257196350213641,0.0,0.1,1067.0756359870657,197.6650804767036,0.0,1.0,0.0,0.0,2.0
13466,0.00015313058615268863,0.03307620660898075,1.0,0.1,1065.526236671215,196.22969669947824,0.0,1.0,0.0,0.0,2.0
13467,0.00022737835409704195,0.04911372448496106,1.0,0.1,1061.095671931546,192.65255167367727,0.0,1.0,0.0,0.0,2.0
13468,0.00022870134793501735,0.04939949115396375,1.0,0.1,1057.687054976251,190.03273882170555,0.0,1.0,0.0,0.0,2.0
13469,0.0001651164862848917,0.035665161037536613,1.0,0.1,1057.8766821979582,190.78637265463746,0.0,1.0,0.0,0.0,2.0
13470,0.0003965988494086929,0.08566535147227766,1.0,0.1,1058.5675484189283,191.6829880266907,0.0,1.0,0.0,0.0,2.0
13471,0.000368118933679078,0.07951368967468085,1.0,0.1,1060.1867574844598,193.6842109450864,0.0,1.0,0.0,0.0,2.0
13472,0.0005470555395130706,0.11816399653482325,0.0,0.1,1059.8556104468473,193.4073245912807,0.0,1.0,0.0,0.0,2.0
13473,0.00010318545656836495,0.02228805861876683,1.0,0.1,1062.099147657494,196.9263658501451,0.0,1.0,0.0,0.0,2.0
13474,0.0007575304002956155,0.16362656646385296,0.0,0.1,1062.1221170233716,198.19172730628404,0.0,1.0,0.0,0.0,2.0
13475,0.001281953588978415,0.2769019752193377,0.0,0.1,1059.0162396020853,198.66524933733476,0.0,1.0,0.0,0.0,2.0
13476,0.000400391264462104,0.08648451312381447,1.0,0.1,1057.9573982090542,205.0947820391243,0.0,1.0,0.0,0.0,2.0
13477,0.0008249763651191903,0.1781948948657451,0.0,0.1,1050.7805845379978,205.60296496139574,0.0,1.0,0.0,0.0,2.0
13478,0.0010912122508242566,0.2357018461780394,0.0,0.1,,,0.0,1.0,,,2.0
13479,0.0019192288850835009,0.41455343917803616,0.0,0.1,1042.9421919801139,204.92473743370746,0.0,1.0,0.0,0.0,2.0
13480,0.0007410837325340232,0.160074086227349,0.0,0.1,1038.1246053974544,210.8867697399761,0.0,1.0,0.0,0.0,2.0
13481,0.00030317321955698317,0.06548541542430837,1.0,0.1,1035.894702726137,214.29496095599305,0.0,1.0,0.0,0.0,2.0
13482,0.0005521732057775439,0.11926941244794947,0.0,0.1,,,0.0,1.0,,,2.0
13483,0.0005007701723722088,0.1081663572323971,0.0,0.1,,,0.0,1.0,,,2.0
13484,0.00025534830614424827,0.05515523412715763,1.0,0.1,1037.7033253987518,225.5310744696872,0.0,1.0,0.0,0.0,2.0
13485,0.0010639003028338656,0.229802465412115,0.0,0.1,1042.8529769160155,233.9991199125614,0.0,1.0,0.0,0.0,2.0
13486,0.0005496016933796012,0.11871396576999386,0.0,0.1,1046.0676934858934,238.45510342434633,0.0,1.0,0.0,0.0,2.0
13487,0.0007631284579099621,0.16483574690855182,0.0,0.1,1046.9922817409088,240.56716022404467,0.0,1.0,0.0,0.0,2.0
13488,0.0006344752521728503,0.13704665446933567,0.0,0.1,1051.3828068970367,245.46053473869114,0.0,1.0,0.0,0.0,2.0
13489,0.0011871531619831851,0.256425082988368,0.0,0.1,1061.9855410272714,257.43075325441293,0.0,1.0,0.0,0.0,2.0
13490,0.0018932125902801863,0.4089339195005202,0.0,0.1,1068.0162186619016,265.3042665700534,0.0,1.0,0.0,0.0,2.0
13491,0.00035665349624242586,0.07703715518836399,1.0,0.1,1070.7620966099032,267.19941823549794,0.0,1.0,0.0,0.0,2.0
13492,0.0006691297553504188,0.14453202715569047,0.0,0.1,1072.6723567293388,268.5831527662983,0.0,1.0,0.0,0.0,2.0
13493,0.0005999909685143446,0.12959804919909843,0.0,0.1,,,0.0,1.0,,,2.0
13494,0.0005274149910830928,0.11392163807394805,0.0,0.1,1098.5634720541525,291.1777425135025,0.0,1.0,0.0,0.0,2.0
13495,0.0004458989723107845,0.09631417801912945,1.0,0.1,,,0.0,1.0,,,2.0
13496,0.0006081532455531582,0.13136110103948218,0.0,0.1,,,0.0,1.0,,,2.0
13497,0.0008223560174026433,0.17762889975897098,0.0,0.1,,,0.0,1.0,,,2.0
13498,0.0005285045235704121,0.11415697709120903,0.0,0.1,,,0.0,1.0,,,2.0
13499,0.0011630219282522311,0.25121273650248194,0.0,0.1,,,0.0,1.0,,,2.0
13500,0.0020675871598006997,0.44659882651695115,0.0,0.1,,,0.0,1.0,,,2.0
13501,0.00045719060402799326,0.09875317047004654,1.0,0.1,,,0.0,1.0,,,2.0
13502,0.0016025292695261396,0.3461463222176462,0.0,0.1,,,0.0,1.0,,,2.0
13503,0.0011476613015028924,0.24789484112462476,0.0,0.1,,,0.0,1.0,,,2.0
13504,0.00024695422456825236,0.05334211250674251,1.0,0.1,,,0.0,1.0,,,2.0
13505,0.002937619026648939,0.6345257097561708,0.0,0.1,,,0.0,1.0,,,2.0
13506,0.0016989468333989347,0.3669725160141699,0.0,0.1,,,0.0,1.0,,,2.0
13507,0.0017540875182044304,0.37888290393215696,0.0,0.1,,,0.0,1.0,,,2.0
13508,0.002227159565919475,0.4810664662386066,0.0,0.1,,,0.0,1.0,,,2.0
13509,0.000895305883359937,0.1933860708057464,0.0,0.1,,,0.0,1.0,,,2.0
13510,0.0021726689233653707,0.46929648744692004,0.0,0.1,,,0.0,1.0,,,2.0
13511,0.0012201511862717674,0.26355265623470175,0.0,0.1,,,0.0,1.0,,,2.0
13512,,,,0.1,,,0.0,1.0,,,2.0
13513,,,,0.1,,,,,,,2.0
13514,0.0005279564227581201,0.11403858731575395,0.0,0.1,,,0.0,1.0,,,2.0
13515,0.0021419026549479945,0.4626509734687668,0.0,0.1,,,0.0,1.0,,,2.0
13516,0.0013959009412078435,0.3015146033008942,0.0,0.1,,,0.0,1.0,,,2.0
13517,0.000776837269167315,0.16779685014014004,0.0,0.1,,,0.0,1.0,,,2.0
13518,0.0012426079424482101,0.2684033155688134,0.0,0.1,,,0.0,1.0,,,2.0
13519,0.0014032491117912324,0.30310180814690624,0.0,0.1,,,0.0,1.0,,,2.0
13520,0.0013798001419487774,0.29803683066093595,0.0,0.1,,,0.0,1.0,,,2.0
13521,0.0016682497516782653,0.3603419463625053,0.0,0.1,,,0.0,1.0,,,2.0
13522,0.0011876518322198309,0.25653279575948346,0.0,0.1,,,0.0,1.0,,,2.0
13523,0.0007083087300189622,0.15299468568409585,0.0,0.1,,,0.0,1.0,,,2.0
13524,0.0008858969128046995,0.1913537331658151,0.0,0.1,,,0.0,1.0,,,2.0
13525,0.0016717527588059626,0.3610985959020879,0.0,0.1,,,0.0,1.0,,,2.0
13526,0.00020504623034381178,0.04428998575426334,1.0,0.1,,,0.0,1.0,,,2.0
13527,0.00041252880585575003,0.089106222064842,1.0,0.1,,,0.0,1.0,,,2.0
13528,0.0010229740986311166,0.22096240530432118,0.0,0.1,,,0.0,1.0,,,2.0
13529,0.0005937771928208886,0.12825587364931196,0.0,0.1,,,0.0,1.0,,,2.0
13530,0.00012910819127065997,0.027887369314462552,1.0,0.1,1170.046846646267,367.36305664958684,0.0,1.0,0.0,0.0,2.0
13531,9.475565091914393e-05,0.02046722059853509,1.0,0.1,1169.1049946458488,366.2843335047674,0.0,1.0,0.0,0.0,2.0
13532,0.00023243076836514397,0.050205045966871094,1.0,0.1,1167.6014922606767,362.9577200804985,0.0,1.0,0.0,0.0,2.0
13533,0.00037298597416969727,0.08056497042065461,1.0,0.1,1167.3241589165161,363.87902620651073,0.0,1.0,0.0,0.0,2.0
13534,0.0004134486535761264,0.0893049091724433,1.0,0.1,,,0.0,1.0,,,2.0
13535,0.0008189993047213352,0.17690384981980842,0.0,0.1,,,0.0,1.0,,,2.0
13536,0.00023481841117924544,0.05072077681471701,1.0,0.1,,,0.0,1.0,,,2.0
13537,0.001036810690564833,0.22395110916200392,0.0,0.1,,,0.0,1.0,,,2.0
13538,0.0004622929949407507,0.09985528690720215,1.0,0.1,,,0.0,1.0,,,2.0
13539,0.0001583587561586499,0.03420549133026838,1.0,0.1,,,0.0,1.0,,,2.0
13540,0.0004128701167407936,0.08917994521601143,1.0,0.1,,,0.0,1.0,,,2.0
13541,0.00031591917645069017,0.06823854211334908,1.0,0.1,,,0.0,1.0,,,2.0
13542,0.00014973500293965453,0.032342760634965384,1.0,0.1,,,0.0,1.0,,,2.0
13543,9.302302045985991e-05,0.02009297241932974,1.0,0.1,,,0.0,1.0,,,2.0
13544,0.0004372670232521816,0.09444967702247124,1.0,0.1,,,0.0,1.0,,,2.0
13545,0.000340051218566352,0.07345106321033204,1.0,0.1,,,0.0,1.0,,,2.0
13546,0.0003866179521885726,0.08350947767273167,1.0,0.1,,,0.0,1.0,,,2.0
13547,0.00012920896626419072,0.027909136713065198,1.0,0.1,,,0.0,1.0,,,2.0
13548,0.00019226152768391452,0.04152848997972554,1.0,0.1,,,0.0,1.0,,,2.0
13549,,,,0.1,,,0.0,1.0,,,2.0
13550,,,,0.1,,,,,,,2.0
13551,0.0005809299226245731,0.1254808632869078,0.0,0.1,,,0.0,1.0,,,2.0
13552,,,,0.1,,,0.0,1.0,,,2.0
13553,,,,0.1,,,,,,,2.0
13554,0.0014022529666506695,0.30288664079654465,0.0,0.1,,,0.0,1.0,,,2.0
13555,0.0012914572837887453,0.278954773298369,0.0,0.1,,,0.0,1.0,,,2.0
13556,0.0020164411560523988,0.43555128970731816,0.0,0.1,,,0.0,1.0,,,2.0
13557,0.0014618864644184992,0.31576747631439583,0.0,0.1,,,0.0,1.0,,,2.0
13558,0.0015906378012138336,0.34357776506218807,0.0,0.1,,,0.0,1.0,,,2.0
13559,0.0005560574418472349,0.12010840743900275,0.0,0.1,,,0.0,1.0,,,2.0
13560,0.0023367596138149298,0.5047400765840249,0.0,0.1,,,0.0,1.0,,,2.0
13561,0.0019610213410487577,0.42358060966653166,0.0,0.1,,,0.0,1.0,,,2.0
13562,0.002126409453924913,0.4593044420477812,0.0,0.1,,,0.0,1.0,,,2.0
13563,0.0007292228613208426,0.157512138045302,0.0,0.1,,,0.0,1.0,,,2.0
13564,0.0017375519909641356,0.3753112300482533,0.0,0.1,,,0.0,1.0,,,2.0
13565,0.0011345041180703278,0.2450528895031908,0.0,0.1,,,0.0,1.0,,,2.0
13566,0.0027875730137812936,0.6021157709767594,0.0,0.1,,,0.0,1.0,,,2.0
13567,0.00022238874907623844,0.0480359698004675,1.0,0.1,1029.4356143360221,314.3112957044427,0.0,1.0,0.0,0.0,2.0
13568,0.0007597071146127547,0.16409673675635503,0.0,0.1,1006.4936355644257,314.9318006963943,0.0,1.0,0.0,0.0,2.0
13569,0.0005340517958457092,0.1153551879026732,0.0,0.1,998.6512932875083,313.6524631525568,0.0,1.0,0.0,0.0,2.0
13570,0.0006926626263802188,0.14961512729812726,0.0,0.1,984.5949808785789,308.1405524029486,0.0,1.0,0.0,0.0,2.0
13571,0.00046917239909891485,0.10134123820536561,0.0,0.1,970.9490839226502,303.5969260152214,0.0,1.0,0.0,0.0,2.0
13572,0.0002659250108672865,0.05743980234733388,1.0,0.1,960.1687879278144,299.20416293516416,0.0,1.0,0.0,0.0,2.0
13573,0.0006765581800532946,0.14613656689151164,0.0,0.1,957.3307162514506,299.6511407992117,0.0,1.0,0.0,0.0,2.0
13574,0.0010837327359702134,0.2340862709695661,0.0,0.1,951.6312376322368,299.6314493388068,0.0,1.0,0.0,0.0,2.0
13575,0.0018165270607787898,0.3923698451282186,0.0,0.1,948.5099056902686,302.35286964656166,0.0,1.0,0.0,0.0,2.0
13576,0.0007965380628269675,0.172052221570625,0.0,0.1,943.0693544041447,302.78696919752315,0.0,1.0,0.0,0.0,2.0
13577,0.0006798907361273605,0.14685639900350986,0.0,0.1,936.0808705605124,301.01273358444166,0.0,1.0,0.0,0.0,2.0
13578,0.0007309119203931749,0.15787697480492577,0.0,0.1,933.1009969675016,301.8532391851668,0.0,1.0,0.0,0.0,2.0
13579,0.0006615848322826419,0.14290232377305065,0.0,0.1,926.9966187182122,303.63906778441145,0.0,1.0,0.0,0.0,2.0
13580,0.001162820756763631,0.2511692834609443,0.0,0.1,922.952893023097,304.14993422800563,0.0,1.0,0.0,0.0,2.0
13581,0.00010550420148936242,0.022788907521702283,1.0,0.1,918.8280978709133,304.1817438243376,0.0,1.0,0.0,0.0,2.0
13582,0.0005011373568329799,0.10824566907592365,0.0,0.1,916.6135003879479,304.6311627380813,0.0,1.0,0.0,0.0,2.0
13583,0.0004340338403096722,0.0937513095068892,1.0,0.1,911.7758707398492,303.68217137440746,0.0,1.0,0.0,0.0,2.0
13584,,,,0.1,907.2152879646351,302.87457095999116,0.0,1.0,0.0,0.0,2.0
13585,,,,0.1,899.6788492350946,301.4121612720892,,,0.0,0.0,2.0
13586,0.0006920260306331552,0.1494776226167615,0.0,0.1,895.1183463800122,301.3911521771458,0.0,1.0,0.0,0.0,2.0
13587,0.0006027037519802845,0.13018401042774144,0.0,0.1,893.7924833034705,299.406403287828,0.0,1.0,0.0,0.0,2.0
13588,0.0008860442522756554,0.19138555849154157,0.0,0.1,890.3040327279925,296.95029765218635,0.0,1.0,0.0,0.0,2.0
13589,0.0009029403024843638,0.19503510533662258,0.0,0.1,890.6712518480998,297.87707683252944,0.0,1.0,0.0,0.0,2.0
13590,0.0012695158838234128,0.2742154309058572,0.0,0.1,889.426757281461,301.8086556503912,0.0,1.0,0.0,0.0,2.0
13591,0.0019275966636751233,0.41636087935382665,0.0,0.1,888.5066402802474,305.7378335281245,0.0,1.0,0.0,0.0,2.0
13592,0.0013736388042417075,0.2967059817162088,0.0,0.1,887.5560316626438,312.578438881215,0.0,1.0,0.0,0.0,2.0
13593,0.0030350901416484263,0.6555794705960601,0.0,0.1,888.1620301998727,323.2642035057458,0.0,1.0,0.0,0.0,2.0
13594,0.0015624317966491724,0.33748526807622126,0.0,0.1,890.2984439523075,335.67392471530053,0.0,1.0,0.0,0.0,2.0
13595,0.001537928676328906,0.33219259408704366,0.0,0.1,889.2415250238815,338.22441101663173,0.0,1.0,0.0,0.0,2.0
13596,0.0013194331178620676,0.2849975534582066,0.0,0.1,885.979995936829,345.0099410136349,0.0,1.0,0.0,0.0,2.0
13597,0.0014005448964761653,0.3025176976388517,0.0,0.1,885.8395278156416,349.29177741557316,0.0,1.0,0.0,0.0,2.0
13598,0.0006346894169870852,0.13709291406921043,0.0,0.1,885.490405291017,354.02076401624544,0.0,1.0,0.0,0.0,2.0
13599,0.0006140072455805115,0.13262556504539047,0.0,0.1,880.038882551078,354.0653316318658,0.0,1.0,0.0,0.0,2.0
13600,0.0004823827329395642,0.10419467031494586,0.0,0.1,875.7303237364952,355.3074615240175,0.0,1.0,0.0,0.0,2.0
13601,0.0018595827650817408,0.40166987725765607,0.0,0.1,872.8383669245228,360.27802887822895,0.0,1.0,0.0,0.0,2.0
13602,0.0014172332662615182,0.30612238551248794,0.0,0.1,871.4346821191891,365.10370272586584,0.0,1.0,0.0,0.0,2.0
13603,0.0007602585404435661,0.16421584473581027,0.0,0.1,865.850941742776,368.16880962508935,0.0,1.0,0.0,0.0,2.0
13604,0.00018306027856284998,0.0395410201695756,1.0,0.1,858.2982984989202,368.3882525908689,0.0,1.0,0.0,0.0,2.0
13605,0.0016287892264453413,0.35181847291219376,0.0,0.1,849.0046841167776,364.9672844453604,0.0,1.0,0.0,0.0,2.0
13606,0.00143823092455763,0.3106578797044481,0.0,0.1,829.117895478936,361.0485949019687,0.0,1.0,0.0,0.0,2.0
13607,0.0018441265383664696,0.39833133228715745,0.0,0.1,810.5250526933137,354.9067425515243,0.0,1.0,0.0,0.0,2.0
13608,0.00039734568329003584,0.08582666759064773,1.0,0.1,797.7208007143353,356.0611549863317,0.0,1.0,0.0,0.0,2.0
13609,0.002783886656207989,0.6013195177409256,0.0,0.1,,,0.0,1.0,,,2.0
13610,0.002199907398419925,0.47517999805870387,0.0,0.1,,,0.0,1.0,,,2.0
13611,0.0023522481100948277,0.5080855917804827,0.0,0.1,,,0.0,1.0,,,2.0
13612,0.003255198392860015,0.7031228528577632,0.0,0.1,,,0.0,1.0,,,2.0
13613,0.0008321374275550859,0.17974168435189858,0.0,0.1,,,0.0,1.0,,,2.0
13614,0.003941617109163827,0.8513892955793867,0.0,0.1,,,0.0,1.0,,,2.0
13615,0.0017797282075842408,0.38442129283819604,0.0,0.1,728.0584699131335,392.89448841694946,0.0,1.0,0.0,0.0,2.0
13616,0.005434901604262118,1.1739387465206175,0.0,0.1,718.3136468682017,400.96172366799556,0.0,1.0,0.0,0.0,2.0
13617,0.0022285373147233217,0.4813640599802375,0.0,0.1,710.973630723001,407.9530606907541,0.0,1.0,0.0,0.0,2.0
13618,0.003740572275328128,0.8079636114708757,0.0,0.1,708.2868757006263,413.5318577337556,0.0,1.0,0.0,0.0,2.0
13619,0.0028152667346980015,0.6080976146947683,0.0,0.1,700.9709395976739,424.8492885879774,0.0,1.0,0.0,0.0,2.0
13620,0.0036992312125913615,0.7990339419197341,0.0,0.1,689.2763102879068,435.94835558326685,0.0,1.0,0.0,0.0,2.0
13621,0.0035159147980360155,0.7594375963757793,0.0,0.1,681.8975093308466,444.60908045634557,0.0,1.0,0.0,0.0,2.0
13622,0.0018213023788824728,0.3934013138386141,0.0,0.1,674.6942013136749,450.78169047321836,0.0,1.0,0.0,0.0,2.0
13623,0.0032181251463564717,0.6951150316129979,0.0,0.1,667.8562872173507,453.8658295507028,0.0,1.0,0.0,0.0,2.0
13624,0.0031382352764366904,0.6778588197103251,0.0,0.1,657.2525972157424,464.45181804689656,0.0,1.0,0.0,0.0,2.0
13625,0.0038931545538324307,0.840921383627805,0.0,0.1,645.2228577672236,473.8596095477559,0.0,1.0,0.0,0.0,2.0
13626,0.002252808146718736,0.48660655969124694,0.0,0.1,635.3710443566171,482.13224560400084,0.0,1.0,0.0,0.0,2.0
13627,0.0022344313418450907,0.4826371698385396,0.0,0.1,629.5338364813463,484.2151000617584,0.0,1.0,0.0,0.0,2.0
13628,0.0036425856556867105,0.7867985016283295,0.0,0.1,613.2612633774065,487.82571031687837,0.0,1.0,0.0,0.0,2.0
13629,0.002679204516699911,0.5787081756071808,0.0,0.1,596.7228665189782,491.9709870020307,0.0,1.0,0.0,0.0,2.0
13630,0.0021289215307174693,0.4598470506349734,0.0,0.1,583.8519290956107,495.3968912937554,0.0,1.0,0.0,0.0,2.0
13631,0.0012195248706678532,0.2634173720642563,0.0,0.1,570.6157477390434,503.98507768745884,0.0,1.0,0.0,0.0,2.0
13632,0.003390460430131572,0.7323394529084195,0.0,0.1,566.1330657670632,509.50952263246313,0.0,1.0,0.0,0.0,2.0
13633,0.004093690490540963,0.8842371459568481,0.0,0.1,554.7383909448508,521.1464759770103,0.0,1.0,0.0,0.0,2.0
13634,0.00416997347908604,0.9007142714825848,0.0,0.1,543.6623777525189,531.2264839290931,0.0,1.0,0.0,0.0,2.0
13635,0.001877572076969067,0.4055555686253185,0.0,0.1,531.7393017665294,541.439926214489,0.0,1.0,0.0,0.0,2.0
13636,0.0032023167302896055,0.6917004137425549,0.0,0.1,525.871152755315,547.395082796276,0.0,1.0,0.0,0.0,2.0
13637,0.004046139527454112,0.8739661379300883,0.0,0.1,511.5428661545954,561.5671625449802,0.0,1.0,0.0,0.0,2.0
13638,0.005924052087706962,1.279595250944704,0.0,0.1,498.8993267465517,573.3480580521463,0.0,1.0,0.0,0.0,2.0
13639,0.0063210909682997205,1.3653556491527397,0.0,0.1,489.4373659283641,586.043810684054,0.0,1.0,0.0,0.0,2.0
13640,0.0020985191757134417,0.4532801419541034,0.0,0.1,478.7915176602104,598.1141827740227,0.0,1.0,0.0,0.0,2.0
13641,0.0032784467159933297,0.7081444906545592,0.0,0.1,474.0309944843251,603.7262181291213,0.0,1.0,0.0,0.0,2.0
13642,0.0038887935348176314,0.8399794035206084,0.0,0.1,467.0206369775029,616.52669421059,0.0,1.0,0.0,0.0,2.0
13643,0.0037166203437487668,0.8027899942497336,0.0,0.1,459.60741451568964,631.4805108203844,0.0,1.0,0.0,0.0,2.0
13644,0.002056214496660856,0.44414233127874486,0.0,0.1,,,0.0,1.0,,,2.0
13645,0.002903652038145437,0.6271888402394143,0.0,0.1,,,0.0,1.0,,,2.0
13646,0.004448366347008738,0.9608471309538875,0.0,0.1,,,0.0,1.0,,,2.0
13647,0.0031543051531437265,0.6813299130790449,0.0,0.1,,,0.0,1.0,,,2.0
13648,0.002021283827140438,0.43659730666233465,0.0,0.1,,,0.0,1.0,,,2.0
13649,0.0031014126097208155,0.6699051236996962,0.0,0.1,,,0.0,1.0,,,2.0
13650,0.0030422427184778186,0.6571244271912088,0.0,0.1,,,0.0,1.0,,,2.0
13651,0.003911790315946663,0.8449467082444793,0.0,0.1,,,0.0,1.0,,,2.0
13652,0.0036501891985937494,0.7884408668962498,0.0,0.1,,,1.0,0.0,,,2.0
13653,0.00289868730908298,0.6261164587619238,0.0,0.1,479.50782376668684,776.2083035707238,1.0,0.0,0.0,0.0,2.0
13654,0.0036613776460942137,0.7908575715563502,0.0,0.1,478.8033506679855,780.0962570781303,1.0,0.0,0.0,0.0,2.0
13655,0.0040082530344897425,0.8657826554497844,0.0,0.1,478.015415865678,792.0069715839662,1.0,0.0,0.0,0.0,2.0
13656,0.0034443273533816756,0.743974708330442,0.0,0.1,473.3535364258853,797.9414506421195,1.0,0.0,0.0,0.0,2.0
13657,0.00325345266768861,0.7027457762207399,0.0,0.1,465.94761108369624,799.4460831534125,1.0,0.0,0.0,0.0,2.0
13658,0.0014293388542138982,0.308737192510202,0.0,0.1,,,1.0,0.0,,,2.0
13659,0.0038570482194371946,0.8331224153984341,0.0,0.1,403.949945272563,778.7155121514731,1.0,0.0,0.0,0.0,2.0
13660,0.0023098920630725975,0.4989366856236811,0.0,0.1,,,1.0,0.0,,,2.0
13661,0.0029779604922762276,0.6432394663316652,0.0,0.1,394.88587196524134,795.3268533604019,1.0,0.0,0.0,0.0,2.0
13662,0.0014417839601609619,0.31142533539476774,0.0,0.1,394.95579012008284,803.907791906615,1.0,0.0,0.0,0.0,2.0
13663,0.0021946448475007986,0.47404328706017246,0.0,0.1,394.93590523805955,810.9048777884216,1.0,0.0,0.0,0.0,2.0
13664,0.0022860517759253113,0.49378718359986723,0.0,0.1,,,1.0,0.0,,,2.0
13665,0.003073608007076425,0.6638993295285078,0.0,0.1,384.39354195206545,827.1492980651523,1.0,0.0,0.0,0.0,2.0
13666,0.0030454440471777157,0.6578159141903867,0.0,0.1,373.897545691464,835.4631379217807,1.0,0.0,0.0,0.0,2.0
13667,0.0013776323042980982,0.29756857772838924,0.0,0.1,367.1762726549384,846.4069928674539,1.0,0.0,0.0,0.0,2.0
13668,0.0028678158919982146,0.6194482326716144,0.0,0.1,366.7768681668851,854.1693573523397,1.0,0.0,0.0,0.0,2.0
13669,,,,0.1,367.01008844253187,869.4126731611251,1.0,0.0,0.0,0.0,2.0
13670,,,,0.1,366.2776232592116,881.921839485209,,,0.0,0.0,2.0
13671,0.0017903493107323967,0.38671545111819766,0.0,0.1,363.2426278783806,893.1403738872657,1.0,0.0,0.0,0.0,2.0
13672,0.005220226263326195,1.127568872878458,0.0,0.1,361.27976164216534,900.6485738340009,1.0,0.0,0.0,0.0,2.0
13673,0.00455131045542685,0.9830830583721997,0.0,0.1,360.03993520976513,915.1411050894518,1.0,0.0,0.0,0.0,2.0
13674,0.004033476461460259,0.871230915675416,0.0,0.1,,,1.0,0.0,,,2.0
13675,0.004486408232488474,0.9690641782175103,0.0,0.1,,,1.0,0.0,,,2.0
13676,0.002343078401286133,0.5061049346778047,0.0,0.1,365.63107148070975,950.1865500342462,1.0,0.0,0.0,0.0,2.0
13677,0.0022312610883196064,0.48195239507703497,0.0,0.1,365.10305822778304,954.3735565048946,1.0,0.0,0.0,0.0,2.0
13678,0.002550077488480054,0.5508167375116917,0.0,0.1,,,1.0,0.0,,,2.0
13679,0.0036425128862485234,0.786782783429681,0.0,0.1,,,1.0,0.0,,,2.0
13680,0.0012756129268549714,0.2755323922006739,0.0,0.1,,,1.0,0.0,,,2.0
13681,0.0037067480061470713,0.8006575693277674,0.0,0.1,,,1.0,0.0,,,2.0
13682,0.001876133472436547,0.4052448300462942,0.0,0.1,,,1.0,0.0,,,2.0
13683,0.003212942694878244,0.6939956220937007,0.0,0.1,,,1.0,0.0,,,2.0
13684,0.0028727008097498815,0.6205033749059744,0.0,0.1,,,1.0,0.0,,,2.0
13685,0.0011083760290807973,0.23940922228145223,0.0,0.1,,,1.0,0.0,,,2.0
13686,0.002221018885529385,0.4797400792743472,0.0,0.1,,,1.0,0.0,,,2.0
13687,0.0029127239961566536,0.6291483831698371,0.0,0.1,,,1.0,0.0,,,2.0
13688,0.0029546639807882967,0.6382074198502722,0.0,0.1,,,1.0,0.0,,,2.0
13689,0.001330354105590994,0.28735648680765474,0.0,0.1,383.5552705777882,1047.7458640756745,1.0,0.0,0.0,0.0,2.0
13690,0.002119017564795271,0.4577077939957785,0.0,0.1,386.3218796760343,1047.9481093036693,1.0,0.0,0.0,0.0,2.0
13691,0.0029668380670411997,0.6408370224808991,0.0,0.1,,,1.0,0.0,,,2.0
13692,0.0025903662901056042,0.5595191186628106,0.0,0.1,,,1.0,0.0,,,2.0
13693,0.0017692100360360494,0.38214936778378666,0.0,0.1,,,1.0,0.0,,,2.0
13694,0.0005970259406946278,0.12895760319003963,0.0,0.1,,,1.0,0.0,,,2.0
13695,0.0011914115247259095,0.25734488934079647,0.0,0.1,,,1.0,0.0,,,2.0
13696,,,,0.1,,,1.0,0.0,,,2.0
13697,,,,0.1,,,,,,,2.0
13698,0.0009733766203983819,0.2102493500060505,0.0,0.1,,,1.0,0.0,,,2.0
13699,0.0013588358337644011,0.29350854009311067,0.0,0.1,,,1.0,0.0,,,2.0
13700,0.0004934754958794873,0.10659070710996926,0.0,0.1,428.5883049356061,1076.5485721472244,1.0,0.0,0.0,0.0,2.0
13701,0.000979633333131088,0.211600799956315,0.0,0.1,431.2058299281068,1077.6428714264212,1.0,0.0,0.0,0.0,2.0
13702,0.00148419328518598,0.32058574960017167,0.0,0.1,431.899214416774,1075.148699218378,1.0,0.0,0.0,0.0,2.0
13703,0.0003955045255512562,0.08542897751907134,1.0,0.1,430.3679920070012,1066.8697607306212,1.0,0.0,0.0,0.0,2.0
13704,0.0007160774464815042,0.15467272844000493,0.0,0.1,433.33344577594636,1065.6362536579059,1.0,0.0,0.0,0.0,2.0
13705,0.0009226018939250437,0.19928200908780944,0.0,0.1,,,1.0,0.0,,,2.0
13706,0.00030532607491014723,0.0659504321805918,1.0,0.1,,,1.0,0.0,,,2.0
13707,0.0007607191794510081,0.16431534276141774,0.0,0.1,,,1.0,0.0,,,2.0
13708,0.001071577682327367,0.23146077938271128,0.0,0.1,,,1.0,0.0,,,2.0
13709,0.0005521579797887012,0.11926612363435947,0.0,0.1,,,1.0,0.0,,,2.0
13710,0.0002665710692376728,0.05757935095533732,1.0,0.1,,,1.0,0.0,,,2.0
13711,0.0003261291465235701,0.07044389564909115,1.0,0.1,,,1.0,0.0,,,2.0
13712,0.0008723181832596385,0.18842072758408193,0.0,0.1,,,1.0,0.0,,,2.0
13713,0.0012056630058436732,0.26042320926223345,0.0,0.1,,,1.0,0.0,,,2.0
13714,0.0021494943475481847,0.4642907790704079,0.0,0.1,,,1.0,0.0,,,2.0
13715,0.0012649187255241263,0.2732224447132113,0.0,0.1,,,1.0,0.0,,,2.0
13716,0.0004003235992159967,0.0864698974306553,1.0,0.1,,,1.0,0.0,,,2.0
13717,0.0012579201802679519,0.2717107589378776,0.0,0.1,,,1.0,0.0,,,2.0
13718,0.0022250989972571198,0.4806213834075379,0.0,0.1,,,1.0,0.0,,,2.0
13719,0.0013203461523769704,0.2851947689134256,0.0,0.1,,,1.0,0.0,,,2.0
13720,,,,0.1,,,1.0,0.0,,,2.0
13721,,,,0.1,,,,,,,2.0
13722,,,,0.1,,,,,,,2.0
13723,,,,0.1,,,,,,,2.0
13724,,,,0.1,,,,,,,2.0
13725,,,,0.1,,,,,,,2.0
13726,,,,0.1,,,,,,,2.0
13727,,,,0.1,,,,,,,2.0
13728,,,,0.1,,,,,,,2.0
13729,,,,0.1,,,,,,,2.0
13730,,,,0.1,,,,,,,2.0
13731,,,,0.1,,,,,,,2.0
13732,,,,0.1,,,,,,,2.0
13733,,,,0.1,,,,,,,2.0
13734,,,,0.1,,,,,,,2.0
13735,,,,0.1,,,,,,,2.0
13736,,,,0.1,,,,,,,2.0
13737,,,,0.1,,,,,,,2.0
13738,0.0038835882492425917,0.8388550618363998,0.0,0.1,,,1.0,0.0,,,2.0
13739,0.002163032753904989,0.4672150748434776,0.0,0.1,,,1.0,0.0,,,2.0
13740,0.001689744544162363,0.36498482153907036,0.0,0.1,,,1.0,0.0,,,2.0
13741,0.0011610606233603657,0.250789094645839,0.0,0.1,,,1.0,0.0,,,2.0
13742,0.0033975610383549827,0.7338731842846763,0.0,0.1,381.7635368681976,1005.7929190573979,1.0,0.0,0.0,0.0,2.0
13743,0.00122786847639338,0.2652195909009701,0.0,0.1,370.70907130789334,997.222193881408,1.0,0.0,0.0,0.0,2.0
13744,0.003061682882301203,0.66132350257706,0.0,0.1,370.2819037576139,987.169383230808,1.0,0.0,0.0,0.0,2.0
13745,,,,0.1,,,1.0,0.0,,,2.0
13746,,,,0.1,,,,,,,2.0
13747,,,,0.1,,,,,,,2.0
13748,,,,0.1,,,,,,,2.0
13749,,,,0.1,,,,,,,2.0
13750,0.0006177676864253462,0.1334378202678748,0.0,0.1,,,1.0,0.0,,,2.0
13751,0.001342168666836025,0.2899084320365814,0.0,0.1,390.11485333131134,855.1497318162141,1.0,0.0,0.0,0.0,2.0
13752,0.00093612579704045,0.20220317216073722,0.0,0.1,,,1.0,0.0,,,2.0
13753,0.0017942136629659003,0.38755015120063446,0.0,0.1,,,1.0,0.0,,,2.0
13754,0.0014090475321455844,0.30435426694344625,0.0,0.1,,,1.0,0.0,,,2.0
13755,0.0017842975565804152,0.3854082722213697,0.0,0.1,,,1.0,0.0,,,2.0
13756,0.001531743963447233,0.33085669610460233,0.0,0.1,,,1.0,0.0,,,2.0
13757,0.0012076348855960964,0.26084913528875686,0.0,0.1,,,1.0,0.0,,,2.0
13758,0.002376151534089403,0.5132487313633111,0.0,0.1,,,1.0,0.0,,,2.0
13759,0.0013528061473356556,0.2922061278245016,0.0,0.1,,,1.0,0.0,,,2.0
13760,0.001189265492071262,0.2568813462873926,0.0,0.1,,,1.0,0.0,,,2.0
13761,0.0008336537691997461,0.18006921414714516,0.0,0.1,,,1.0,0.0,,,2.0
13762,0.00118171281580953,0.2552499682148585,0.0,0.1,,,1.0,0.0,,,2.0
13763,0.001530440201341387,0.33057508348973963,0.0,0.1,,,1.0,0.0,,,2.0
13764,0.0008723943040828915,0.18843716968190458,0.0,0.1,,,1.0,0.0,,,2.0
13765,0.0005585118536901965,0.12063856039708244,0.0,0.1,436.7899644384736,705.1067672264885,1.0,0.0,0.0,0.0,2.0
13766,0.00028128858429486264,0.06075833420769033,1.0,0.1,437.9004781055208,695.6233921645226,1.0,0.0,0.0,0.0,2.0
13767,0.0006082273775828084,0.13137711355788662,0.0,0.1,439.65566855065094,691.3178717160138,1.0,0.0,0.0,0.0,2.0
13768,0.001589758140035067,0.3433877582475745,0.0,0.1,443.36260591518345,683.442074010541,1.0,0.0,0.0,0.0,2.0
13769,0.0016509498837776753,0.35660517489597787,0.0,0.1,,,1.0,0.0,,,2.0
13770,0.0008397972659582768,0.18139620944698778,0.0,0.1,,,1.0,0.0,,,2.0
13771,0.0025238908387244887,0.5451604211644896,0.0,0.1,,,1.0,0.0,,,2.0
13772,0.002008894615182673,0.43392123687945733,0.0,0.1,,,1.0,0.0,,,2.0
13773,0.0016451125822166135,0.35534431775878855,0.0,0.1,,,1.0,0.0,,,2.0
13774,0.001899619739306522,0.4103178636902088,0.0,0.1,,,1.0,0.0,,,2.0
13775,0.0012565901803738156,0.2714234789607442,0.0,0.1,,,1.0,0.0,,,2.0
13776,0.0014787623018514464,0.3194126571999124,0.0,0.1,468.9067648555751,636.4832505362942,1.0,0.0,0.0,0.0,2.0
13777,0.0016598741092229885,0.35853280759216555,0.0,0.1,469.982888205922,624.5316073804422,1.0,0.0,0.0,0.0,2.0
13778,0.0012974263419632775,0.28024408986406796,0.0,0.1,471.4587608922266,614.2095346209713,1.0,0.0,0.0,0.0,2.0
13779,0.0004937199692389002,0.10664351335560245,0.0,0.1,475.372182336322,601.1299702934668,1.0,0.0,0.0,0.0,2.0
13780,0.0022536616030989134,0.4867909062693653,0.0,0.1,476.96594628585603,594.9496693011025,1.0,0.0,0.0,0.0,2.0
13781,0.0019462860264849767,0.420397781720755,0.0,0.1,479.26486810353816,583.7519864725128,1.0,0.0,0.0,0.0,2.0
13782,0.001399612262653235,0.3023162487330988,0.0,0.1,479.3292965911352,575.1522998106334,1.0,0.0,0.0,0.0,2.0
13783,0.0016311427017076797,0.3523268235688588,0.0,0.1,481.4363695012813,566.8471192465475,1.0,0.0,0.0,0.0,2.0
13784,0.0015465172917110157,0.33404773500957935,0.0,0.1,485.3158705690817,557.3724765597763,1.0,0.0,0.0,0.0,2.0
13785,0.002252062592158341,0.48644551990620166,0.0,0.1,488.2660067625135,552.4806617469227,1.0,0.0,0.0,0.0,2.0
13786,0.0037626081225511764,0.8127233544710541,0.0,0.1,495.147600541478,544.0067139639831,1.0,0.0,0.0,0.0,2.0
13787,0.002705472651168315,0.5843820926523561,0.0,0.1,501.867212731633,536.9604677375683,1.0,0.0,0.0,0.0,2.0
13788,0.0009673713304953246,0.2089522073869901,0.0,0.1,509.815152839508,527.2316074011203,1.0,0.0,0.0,0.0,2.0
13789,0.0029212777059726782,0.6309959844900985,0.0,0.1,512.1248147600346,524.3347475561005,1.0,0.0,0.0,0.0,2.0
13790,0.0028970454428435535,0.6257618156542075,0.0,0.1,517.9873344787142,517.5928040674277,1.0,0.0,0.0,0.0,2.0
13791,0.0037343130746109337,0.8066116241159618,0.0,0.1,524.2022997970798,510.618575158505,1.0,0.0,0.0,0.0,2.0
13792,0.0040978828943313466,0.8851427051755708,0.0,0.1,531.8595715491787,501.7974191977806,1.0,0.0,0.0,0.0,2.0
13793,0.0008415021962854089,0.1817644743976483,0.0,0.1,540.0556275153328,495.72264406597253,1.0,0.0,0.0,0.0,2.0
13794,0.002704056669568772,0.5840762406268548,0.0,0.1,545.1747236324767,492.2298344965753,1.0,0.0,0.0,0.0,2.0
13795,0.002224727329651852,0.48054110320480004,0.0,0.1,551.8599178633217,485.9235376662931,1.0,0.0,0.0,0.0,2.0
13796,0.0028852528679997433,0.6232146194879445,0.0,0.1,559.7188801350586,478.985784783885,1.0,0.0,0.0,0.0,2.0
13797,0.0014744232214449547,0.3184754158321102,0.0,0.1,568.4640531959799,471.1735908979046,1.0,0.0,0.0,0.0,2.0
13798,0.003105347107642803,0.6707549752508455,0.0,0.1,573.2557077669956,466.6389033757066,1.0,0.0,0.0,0.0,2.0
13799,0.0037598990595621804,0.812138196865431,0.0,0.1,583.8451726503706,456.72806006887765,1.0,0.0,0.0,0.0,2.0
13800,0.0033049735051566727,0.7138742771138413,0.0,0.1,596.9023703605129,447.2385788788501,1.0,0.0,0.0,0.0,2.0
13801,0.0031424533231766342,0.678769917806153,0.0,0.1,610.7437741653583,435.6258093830092,1.0,0.0,0.0,0.0,2.0
13802,0.0008410785236752682,0.18167296111385792,0.0,0.1,622.1778842719696,426.039813996937,1.0,0.0,0.0,0.0,2.0
13803,0.0031480674110541678,0.6799825607877003,0.0,0.1,627.8807005300632,421.1751626556362,1.0,0.0,0.0,0.0,2.0
13804,0.005360050586972362,1.15777092678603,0.0,0.1,638.5693271888429,413.7295042077414,1.0,0.0,0.0,0.0,2.0
13805,0.004091054121925,0.8836676903358,0.0,0.1,646.7622512416186,408.13450566384665,1.0,0.0,0.0,0.0,2.0
13806,0.0007005803032504974,0.15132534550210747,0.0,0.1,653.966870666151,401.07298838003385,1.0,0.0,0.0,0.0,2.0
13807,0.0024720394384092474,0.5339605186963974,0.0,0.1,656.5800809462193,398.18318342925164,1.0,0.0,0.0,0.0,2.0
13808,0.0026658594161752796,0.5758256338938604,0.0,0.1,,,1.0,0.0,,,2.0
13809,0.0015708898416616564,0.3393122057989178,0.0,0.1,666.3516707917431,393.0443399165969,1.0,0.0,0.0,0.0,2.0
13810,0.001127845752153619,0.24361468246518173,0.0,0.1,,,1.0,0.0,,,2.0
13811,0.0010721047728302125,0.23157463093132588,0.0,0.1,,,1.0,0.0,,,2.0
13812,0.0009023761468477762,0.19491324771911966,0.0,0.1,,,1.0,0.0,,,2.0
13813,0.0016375108730076356,0.35370234856964927,0.0,0.1,,,1.0,0.0,,,2.0
13814,0.0015662280475645493,0.33830525827394264,0.0,0.1,,,1.0,0.0,,,2.0
13815,0.00011904591102202593,0.0257139167807576,1.0,0.1,,,1.0,0.0,,,2.0
13816,0.0005424166182659125,0.1171619895454371,0.0,0.1,,,1.0,0.0,,,2.0
13817,0.0011947068641196767,0.2580566826498502,0.0,0.1,,,1.0,0.0,,,2.0
13818,0.001261453771181491,0.27247401457520204,0.0,0.1,,,0.0,1.0,,,2.0
13819,0.0014948361145671215,0.3228846007464982,0.0,0.1,674.9684832565616,370.85075555588855,0.0,1.0,0.0,0.0,2.0
13820,0.0003272609731793359,0.07068837020673656,1.0,0.1,676.3812861405468,367.9932024835592,0.0,1.0,0.0,0.0,2.0
13821,0.000653225193460469,0.1410966417874613,0.0,0.1,,,0.0,1.0,,,2.0
13822,0.0006017149336688308,0.12997042567246744,0.0,0.1,,,0.0,1.0,,,2.0
13823,0.0012946953378952708,0.2796541929853785,0.0,0.1,,,0.0,1.0,,,2.0
13824,0.00023568134254052593,0.0509071699887536,1.0,0.1,,,0.0,1.0,,,2.0
13825,0.0004807254693648674,0.10383670138281136,0.0,0.1,,,0.0,1.0,,,2.0
13826,0.001123586405086176,0.24269466349861402,0.0,0.1,,,0.0,1.0,,,2.0
13827,0.0017708460657134269,0.3825027501941002,0.0,0.1,,,0.0,1.0,,,2.0
13828,0.0002276668671131472,0.04917604329643979,1.0,0.1,,,0.0,1.0,,,2.0
13829,0.00043902966693890977,0.09483040805880451,1.0,0.1,,,0.0,1.0,,,2.0
13830,0.0009837592136242158,0.21249199014283063,0.0,0.1,,,0.0,1.0,,,2.0
13831,0.0007695978933974025,0.16623314497383893,0.0,0.1,,,1.0,0.0,,,2.0
13832,0.0006731879699238646,0.14540860150355478,0.0,0.1,,,1.0,0.0,,,2.0
13833,0.0005305375832443274,0.11459611798077472,0.0,0.1,,,1.0,0.0,,,2.0
13834,0.0006739058799860517,0.14556367007698717,0.0,0.1,,,1.0,0.0,,,2.0
13835,,,,0.1,,,1.0,0.0,,,2.0
13836,,,,0.1,,,,,,,2.0
13837,,,,0.1,,,,,,,2.0
13838,0.00022064415847016015,0.047659138229554594,1.0,0.1,,,0.0,1.0,,,2.0
13839,,,,0.1,533.9381790090542,404.32387097648547,0.0,1.0,0.0,0.0,2.0
13840,,,,0.1,535.7715568916518,402.3091551072617,,,0.0,0.0,2.0
13841,,,,0.1,,,,,,,2.0
13842,0.0007592574309655475,0.16399960508855826,0.0,0.1,,,0.0,1.0,,,2.0
13843,0.0018954939994192687,0.4094267038745621,0.0,0.1,,,0.0,1.0,,,2.0
13844,0.0008114390599443888,0.17527083694798798,0.0,0.1,,,0.0,1.0,,,2.0
13845,0.0014926667201825366,0.32241601155942795,0.0,0.1,,,0.0,1.0,,,2.0
13846,0.00019732261136648366,0.04262168405516047,1.0,0.1,,,0.0,1.0,,,2.0
13847,0.0006184090748267328,0.1335763601625743,0.0,0.1,,,0.0,1.0,,,2.0
13848,0.0006523783325790365,0.1409137198370719,0.0,0.1,701.8595925346358,417.6092713677539,0.0,1.0,0.0,0.0,2.0
13849,0.0009369230087601815,0.2023753698921992,0.0,0.1,705.4485004483024,414.50688812134854,0.0,1.0,0.0,0.0,2.0
13850,0.0007291722253753467,0.15750120068107487,0.0,0.1,707.4497796255573,412.95263491595824,0.0,1.0,0.0,0.0,2.0
13851,0.00017086742076983578,0.036907362886284524,1.0,0.1,708.0612071286279,412.9222519109213,0.0,1.0,0.0,0.0,2.0
13852,0.0006513312552879905,0.14068755114220596,0.0,0.1,707.8799485375265,412.5544528425769,0.0,1.0,0.0,0.0,2.0
13853,0.0006919595522763439,0.1494632632916903,0.0,0.1,711.2463579974183,415.36573194394015,0.0,1.0,0.0,0.0,2.0
13854,0.000944738019464179,0.20406341220426266,0.0,0.1,714.2101125377802,415.24402826062476,0.0,1.0,0.0,0.0,2.0
13855,0.0008580139678640598,0.18533101705863692,0.0,0.1,715.1190404328926,416.2064585075567,0.0,1.0,0.0,0.0,2.0
13856,0.00010514813896997526,0.022711998017514657,1.0,0.1,714.2844968070622,416.80523799409445,0.0,1.0,0.0,0.0,2.0
13857,0.00079541720714957,0.17181011674430713,0.0,0.1,713.9915427319128,418.4058729718093,0.0,1.0,0.0,0.0,2.0
13858,0.0004799500111283577,0.10366920240372526,0.0,0.1,711.7203250058399,422.21532850792124,0.0,1.0,0.0,0.0,2.0
13859,0.001242727441805208,0.2684291274299249,0.0,0.1,709.7592730765055,424.2009657368365,0.0,1.0,0.0,0.0,2.0
13860,0.0002948805702181188,0.06369420316711366,1.0,0.1,709.5953577090596,421.95116392369687,0.0,1.0,0.0,0.0,2.0
13861,0.0008906182818639708,0.1923735488826177,0.0,0.1,710.2220571677523,420.2537410899407,0.0,1.0,0.0,0.0,2.0
13862,0.0007126895093343482,0.15394093401621922,0.0,0.1,708.7246141670704,415.5349242416405,0.0,1.0,0.0,0.0,2.0
13863,0.0006523390167590403,0.1409052276199527,0.0,0.1,706.0829585016162,412.9511754726768,0.0,1.0,0.0,0.0,2.0
13864,0.0006813257936096089,0.14716637141967553,0.0,0.1,,,0.0,1.0,,,2.0
13865,0.00010686874078791859,0.023083648010190416,1.0,0.1,,,0.0,1.0,,,2.0
13866,0.0007397535443934115,0.1597867655889769,0.0,0.1,,,0.0,1.0,,,2.0
13867,0.0020614722938311573,0.44527801546753,0.0,0.1,,,0.0,1.0,,,2.0
13868,0.0005489758213170884,0.11857877740449109,0.0,0.1,,,0.0,1.0,,,2.0
13869,0.0005706870835287526,0.12326841004221056,0.0,0.1,662.0331880766291,450.476707410088,0.0,1.0,0.0,0.0,2.0
13870,0.0006357470682648179,0.13732136674520068,0.0,0.1,657.9009732839326,454.7814868880638,0.0,1.0,0.0,0.0,2.0
13871,0.0012132912052784145,0.2620709003401375,0.0,0.1,652.1440924536224,468.8392816266255,0.0,1.0,0.0,0.0,2.0
13872,0.00036506129056895667,0.07885323876289464,1.0,0.1,,,0.0,1.0,,,2.0
13873,0.0003510764302181141,0.07583250892711264,1.0,0.1,,,0.0,1.0,,,2.0
13874,0.00012058730196305259,0.02604685722401936,1.0,0.1,642.2796979801503,502.0422284580504,0.0,1.0,0.0,0.0,2.0
13875,0.00033156672655400814,0.07161841293566576,1.0,0.1,,,0.0,1.0,,,2.0
13876,0.0011209702094198534,0.24212956523468837,0.0,0.1,,,0.0,1.0,,,2.0
13877,0.0014854583006088115,0.32085899293150333,0.0,0.1,647.0883409228068,517.3025281753364,0.0,1.0,0.0,0.0,2.0
13878,0.0007083184771702956,0.15299679106878383,0.0,0.1,,,0.0,1.0,,,2.0
13879,0.00218497039909003,0.4719536062034465,0.0,0.1,,,0.0,1.0,,,2.0
13880,0.001524079269857875,0.329201122289301,0.0,0.1,,,0.0,1.0,,,2.0
13881,0.0020521882670892005,0.44327266569126733,0.0,0.1,,,0.0,1.0,,,2.0
13882,0.0009089804451234755,0.19633977614667072,0.0,0.1,,,0.0,1.0,,,2.0
13883,0.003741967772107995,0.808265038775327,0.0,0.1,,,0.0,1.0,,,2.0
13884,0.0022819370502334966,0.4928984028504353,0.0,0.1,,,0.0,1.0,,,2.0
13885,0.0023299590346239486,0.5032711514787729,0.0,0.1,665.8279822166573,556.1263140379716,0.0,1.0,0.0,0.0,2.0
13886,0.002277393293114327,0.49191695131269464,0.0,0.1,672.3725043111388,557.3383708348813,0.0,1.0,0.0,0.0,2.0
13887,0.0009019158675247801,0.1948138273853525,0.0,0.1,,,0.0,1.0,,,2.0
13888,0.0012990663815605754,0.2805983384170843,0.0,0.1,,,0.0,1.0,,,2.0
13889,0.001130159027241401,0.24411434988414257,0.0,0.1,,,0.0,1.0,,,2.0
13890,0.0025295562959321296,0.54638415992134,0.0,0.1,,,0.0,1.0,,,2.0
13891,0.0009379653614611397,0.20260051807560617,0.0,0.1,,,0.0,1.0,,,2.0
13892,0.0005909806544957401,0.12765182137107986,0.0,0.1,,,0.0,1.0,,,2.0
13893,0.001327618028874195,0.2867654942368261,0.0,0.1,,,0.0,1.0,,,2.0
13894,0.001264251280528424,0.2730782765941396,0.0,0.1,,,0.0,1.0,,,2.0
13895,0.002133642165212139,0.460866707685822,0.0,0.1,,,0.0,1.0,,,2.0
13896,0.00048247428765162896,0.10421444613275185,0.0,0.1,639.8770048796032,563.2969571090389,0.0,1.0,0.0,0.0,2.0
13897,0.0004269202740761644,0.09221477920045151,1.0,0.1,641.148344225266,563.0192975564152,0.0,1.0,0.0,0.0,2.0
13898,0.0001737467769266159,0.03752930381614904,1.0,0.1,641.203170458242,563.2871202089881,0.0,1.0,0.0,0.0,2.0
13899,0.0003710731559663604,0.08015180168873386,1.0,0.1,,,0.0,1.0,,,2.0
13900,0.0004123489747547181,0.08906737854701913,1.0,0.1,,,0.0,1.0,,,2.0
13901,0.0005688899387649224,0.12288022677322323,0.0,0.1,,,0.0,1.0,,,2.0
13902,0.0006594354573637832,0.14243805879057717,0.0,0.1,,,0.0,1.0,,,2.0
13903,0.0013400971343009657,0.28946098100900863,0.0,0.1,,,0.0,1.0,,,2.0
13904,,,,0.1,,,0.0,1.0,,,2.0
13905,,,,0.1,,,,,,,2.0
13906,,,,0.1,638.7358825982245,558.2370210512245,,,0.0,0.0,2.0
13907,0.0009889112782620008,0.21360483610459216,0.0,0.1,,,0.0,1.0,,,2.0
13908,,,,0.1,,,0.0,1.0,,,2.0
13909,,,,0.1,,,,,,,2.0
13910,,,,0.1,,,,,,,2.0
13911,,,,0.1,,,,,,,2.0
13912,,,,0.1,,,,,,,2.0
13913,,,,0.1,,,0.0,1.0,,,2.0
13914,,,,0.1,,,,,,,2.0
13915,,,,0.1,,,,,,,2.0
13916,0.00024114126218479685,0.052086512631916125,1.0,0.1,,,0.0,1.0,,,2.0
13917,0.0016593794023503604,0.35842595090767787,0.0,0.1,,,0.0,1.0,,,2.0
13918,0.0013793428907095402,0.2979380643932607,0.0,0.1,,,0.0,1.0,,,2.0
13919,1.949591849349998e-05,0.0042111183945959954,1.0,0.1,,,0.0,1.0,,,2.0
13920,0.0005517202155208847,0.1191715665525111,0.0,0.1,,,0.0,1.0,,,2.0
13921,0.0013133295883622645,0.28367919108624917,0.0,0.1,604.9451538338191,605.6513349601281,0.0,1.0,0.0,0.0,2.0
13922,0.0015244349545229265,0.3292779501769521,0.0,0.1,602.1773710537658,617.702601506582,0.0,1.0,0.0,0.0,2.0
13923,0.0005052439271307853,0.10913268826024962,0.0,0.1,597.4374991658813,624.6094113712649,0.0,1.0,0.0,0.0,2.0
13924,0.0011216070639979408,0.2422671258235552,0.0,0.1,596.0847867854093,629.123139072415,0.0,1.0,0.0,0.0,2.0
13925,0.00041549249636842233,0.08974637921557924,1.0,0.1,,,0.0,1.0,,,2.0
13926,0.00023894696966750056,0.05161254544818012,1.0,0.1,,,0.0,1.0,,,2.0
13927,0.0008300389037649527,0.17928840321322978,0.0,0.1,,,0.0,1.0,,,2.0
13928,0.0009189148358059815,0.198485604534092,0.0,0.1,,,0.0,1.0,,,2.0
13929,0.0019265823692347396,0.4161417917547038,0.0,0.1,,,0.0,1.0,,,2.0
13930,0.0016659560935756571,0.3598465162123419,0.0,0.1,,,0.0,1.0,,,2.0
13931,0.000985517081615688,0.2128716896289886,0.0,0.1,,,0.0,1.0,,,2.0
13932,0.0008833911962798121,0.19081249839643943,0.0,0.1,,,0.0,1.0,,,2.0
13933,0.0006649791228025212,0.14363549052534458,0.0,0.1,,,0.0,1.0,,,2.0
13934,0.0007208077939651466,0.15569448349647166,0.0,0.1,,,0.0,1.0,,,2.0
13935,0.0017663246609104504,0.38152612675665726,0.0,0.1,,,0.0,1.0,,,2.0
13936,0.0016206539746932132,0.35006125853373404,0.0,0.1,,,0.0,1.0,,,2.0
13937,0.0004782706800894953,0.10330646689933098,0.0,0.1,,,0.0,1.0,,,2.0
13938,0.0013968478868801454,0.3017191435661114,0.0,0.1,,,0.0,1.0,,,2.0
13939,0.0014463472857035545,0.3124110137119678,0.0,0.1,,,0.0,1.0,,,2.0
13940,0.0006350759504945477,0.1371764053068223,0.0,0.1,,,0.0,1.0,,,2.0
13941,0.0004006048736304505,0.08653065270417731,1.0,0.1,,,0.0,1.0,,,2.0
13942,,,,0.1,,,0.0,1.0,,,2.0
13943,,,,0.1,,,,,,,2.0
13944,0.00028392658378796593,0.06132814209820064,1.0,0.1,,,0.0,1.0,,,2.0
13945,0.0004072766868396147,0.08797176435735678,1.0,0.1,,,0.0,1.0,,,2.0
13946,0.0005971921651499861,0.128993507672397,0.0,0.1,,,0.0,1.0,,,2.0
13947,0.0011612149804515405,0.25082243577753277,0.0,0.1,,,0.0,1.0,,,2.0
13948,0.0008642377533819738,0.18667535473050634,0.0,0.1,,,0.0,1.0,,,2.0
13949,0.0006307602257260511,0.13624420875682702,0.0,0.1,,,0.0,1.0,,,2.0
13950,0.0003206096878243558,0.06925169257006085,1.0,0.1,559.3207920749534,708.1116941254801,0.0,1.0,0.0,0.0,2.0
13951,0.0008201579269894718,0.1771541122297259,0.0,0.1,,,0.0,1.0,,,2.0
13952,0.0005114150734479568,0.11046565586475866,0.0,0.1,,,0.0,1.0,,,2.0
13953,0.0010685280567857653,0.2308020602657253,0.0,0.1,,,0.0,1.0,,,2.0
13954,0.0003481797551562105,0.07520682711374146,1.0,0.1,,,1.0,0.0,,,2.0
13955,0.00011899377272978568,0.025702654909633707,1.0,0.1,,,1.0,0.0,,,2.0
13956,,,,0.1,,,1.0,0.0,,,2.0
13957,,,,0.1,,,,,,,2.0
13958,,,,0.1,,,,,,,2.0
13959,,,,0.1,,,,,,,2.0
13960,,,,0.1,,,,,,,2.0
13961,,,,0.1,,,,,,,2.0
13962,,,,0.1,,,,,,,2.0
13963,,,,0.1,,,,,,,2.0
13964,0.000819492039292777,0.17701028048723985,0.0,0.1,,,0.0,1.0,,,2.0
13965,0.0020520542338835377,0.44324371451884415,0.0,0.1,,,0.0,1.0,,,2.0
13966,0.0024686932057501484,0.5332377324420321,0.0,0.1,,,0.0,1.0,,,2.0
13967,0.00149538168791314,0.3230024445892382,0.0,0.1,,,0.0,1.0,,,2.0
13968,0.0006618625201377717,0.14296230434975868,0.0,0.1,,,0.0,1.0,,,2.0
13969,0.0008309851777767583,0.1794927983997798,0.0,0.1,,,0.0,1.0,,,2.0
13970,0.0027550138101254482,0.5950829829870968,0.0,0.1,,,0.0,1.0,,,2.0
13971,0.002219351593241046,0.47937994414006596,0.0,0.1,,,0.0,1.0,,,2.0
13972,0.0015269063745785832,0.32981177690897395,0.0,0.1,,,0.0,1.0,,,2.0
13973,0.0030997703513760675,0.6695503958972305,0.0,0.1,,,0.0,1.0,,,2.0
13974,0.0027311004551941864,0.5899176983219443,0.0,0.1,,,0.0,1.0,,,2.0
13975,0.0026506112167430105,0.5725320228164903,0.0,0.1,,,0.0,1.0,,,2.0
13976,0.0016715275572762678,0.3610499523716738,0.0,0.1,,,0.0,1.0,,,2.0
13977,0.0006362608784860359,0.13743234975298377,0.0,0.1,583.8400042568634,584.119248426372,0.0,1.0,0.0,0.0,2.0
13978,0.0016816580993841686,0.3632381494669804,0.0,0.1,587.8884511802506,577.1569315238501,0.0,1.0,0.0,0.0,2.0
13979,0.0014771369653188817,0.31906158450887845,0.0,0.1,594.758763318472,558.9461071608534,0.0,1.0,0.0,0.0,2.0
13980,0.0014441050178174348,0.3119266838485659,0.0,0.1,,,0.0,1.0,,,2.0
13981,0.0017659302651303152,0.3814409372681481,0.0,0.1,,,0.0,1.0,,,2.0
13982,0.002289976194036095,0.49463485791179657,0.0,0.1,604.605565662515,521.8983819975202,0.0,1.0,0.0,0.0,2.0
13983,0.003080209309877606,0.665325210933563,0.0,0.1,606.2373381094235,519.0827395668921,0.0,1.0,0.0,0.0,2.0
13984,0.0024930552827743405,0.5384999410792576,0.0,0.1,606.5511170622146,504.5734001788156,0.0,1.0,0.0,0.0,2.0
13985,0.0024932724275184706,0.5385468443439897,0.0,0.1,606.0436894795552,497.86651581824316,0.0,1.0,0.0,0.0,2.0
13986,0.0010532633411303404,0.2275048816841535,0.0,0.1,600.2722399194192,494.5836689356722,0.0,1.0,0.0,0.0,2.0
13987,0.0016535976096865074,0.3571770836922856,0.0,0.1,599.4052889142738,491.23104571285586,0.0,1.0,0.0,0.0,2.0
13988,0.001646981368891263,0.3557479756805128,0.0,0.1,,,0.0,1.0,,,2.0
13989,0.0021110658851367582,0.4559902311895398,0.0,0.1,,,0.0,1.0,,,2.0
13990,0.002100930235828104,0.45380093093887053,0.0,0.1,,,0.0,1.0,,,2.0
13991,0.0006051056204050629,0.13070281400749362,0.0,0.1,,,0.0,1.0,,,2.0
13992,0.002124063717392538,0.45879776295678826,0.0,0.1,560.5238919329989,505.90077308462276,0.0,1.0,0.0,0.0,2.0
13993,0.0010048667148715405,0.21705121041225275,0.0,0.1,,,0.0,1.0,,,2.0
13994,0.0027718799899179936,0.5987260778222866,0.0,0.1,,,0.0,1.0,,,2.0
13995,0.0009661311398163048,0.20868432620032185,0.0,0.1,521.9158036793893,521.0943517401446,0.0,1.0,0.0,0.0,2.0
13996,0.0032554300681805716,0.7031728947270035,0.0,0.1,,,0.0,1.0,,,2.0
13997,0.0013512251423844915,0.2918646307550502,0.0,0.1,509.71044184265094,521.6532738428376,0.0,1.0,0.0,0.0,2.0
13998,0.0035090481734106125,0.7579544054566923,0.0,0.1,501.69920756726634,523.8372963019058,0.0,1.0,0.0,0.0,2.0
13999,0.002302195979577405,0.4972743315887194,0.0,0.1,481.76179764699316,532.2806430686485,0.0,1.0,0.0,0.0,2.0
14000,0.0012688441075812387,0.2740703272375476,0.0,0.1,458.54707006990253,544.542905537849,0.0,1.0,0.0,0.0,2.0
14001,0.001527579656844955,0.3299572058785103,0.0,0.1,448.23437094981483,550.580559356357,0.0,1.0,0.0,0.0,2.0
14002,0.001357173924120182,0.2931495676099593,0.0,0.1,429.2918813243623,562.0409738152125,0.0,1.0,0.0,0.0,2.0
14003,0.0007805810855837036,0.16860551448607997,0.0,0.1,411.4603652649717,571.9273570165262,0.0,1.0,0.0,0.0,2.0
14004,0.0006276020197043165,0.1355620362561324,0.0,0.1,390.61952333712026,580.7069989851875,0.0,1.0,0.0,0.0,2.0
14005,0.00035249242148900167,0.07613836304162436,1.0,0.1,377.3831165784952,584.4445044699489,0.0,1.0,0.0,0.0,2.0
14006,0.0005594776391558132,0.12084717005765566,0.0,0.1,,,0.0,1.0,,,2.0
14007,0.0004676110181380416,0.10100397991781698,0.0,0.1,,,0.0,1.0,,,2.0
14008,0.00026526632199966625,0.05729752555192791,1.0,0.1,,,0.0,1.0,,,2.0
14009,0.00023928691238788132,0.05168597307578236,1.0,0.1,,,0.0,1.0,,,2.0
14010,0.0003726920852053304,0.08050149040435137,1.0,0.1,,,0.0,1.0,,,2.0
14011,0.0009068964792903588,0.19588963952671753,0.0,0.1,,,0.0,1.0,,,2.0
14012,0.0008600303859356219,0.18576656336209435,0.0,0.1,,,0.0,1.0,,,2.0
14013,0.000719518828555562,0.1554160669680014,0.0,0.1,,,0.0,1.0,,,2.0
14014,0.0015787316665302102,0.3410060399705254,0.0,0.1,,,0.0,1.0,,,2.0
14015,0.0015213236680378553,0.32860591229617675,0.0,0.1,312.28373306540493,607.6168906963615,0.0,1.0,0.0,0.0,2.0
14016,0.001381360034053938,0.2983737673556506,0.0,0.1,308.4473783427995,609.8479963996025,0.0,1.0,0.0,0.0,2.0
14017,0.0008218450615778556,0.17751853330081682,0.0,0.1,305.3780071441373,609.211703597906,1.0,0.0,0.0,0.0,2.0
14018,0.0007407379630296643,0.1599994000144075,0.0,0.1,299.8915658026861,609.7500074289719,1.0,0.0,0.0,0.0,2.0
14019,0.0011772110191695963,0.2542775801406328,0.0,0.1,298.40131025221746,608.3694195610506,1.0,0.0,0.0,0.0,2.0
14020,0.0010445599259671693,0.2256249440089086,0.0,0.1,299.440198331678,605.3045755664141,1.0,0.0,0.0,0.0,2.0
14021,0.00013459511332603678,0.029072544478423945,1.0,0.1,300.877870010901,602.9775242380422,1.0,0.0,0.0,0.0,2.0
14022,0.0007134514561880724,0.15410551453662363,0.0,0.1,303.96708997669083,597.0627974443022,1.0,0.0,0.0,0.0,2.0
14023,0.000397218804349817,0.08579926173956047,1.0,0.1,305.49955149223564,595.0109960419155,1.0,0.0,0.0,0.0,2.0
14024,0.0007979487060151578,0.1723569204992741,0.0,0.1,309.21673586039077,591.0541508580102,1.0,0.0,0.0,0.0,2.0
14025,0.0007456352844255296,0.1610572214359144,0.0,0.1,311.19039814567935,589.6333375712557,1.0,0.0,0.0,0.0,2.0
14026,0.00017887913502070225,0.038637893164471686,1.0,0.1,314.1009758977856,588.9880321107885,1.0,0.0,0.0,0.0,2.0
14027,0.0003116631665866155,0.06731924398270894,1.0,0.1,321.7789938369563,583.6513237366453,1.0,0.0,0.0,0.0,2.0
14028,0.0008617052532868231,0.1861283347099538,0.0,0.1,323.4895698370899,583.0975025132379,1.0,0.0,0.0,0.0,2.0
14029,0.0009269829428396382,0.20022831565336185,0.0,0.1,323.37867570474907,586.0673930888546,1.0,0.0,0.0,0.0,2.0
14030,0.0007816474099400112,0.16883584054704243,0.0,0.1,325.2759991749388,585.9099952521891,1.0,0.0,0.0,0.0,2.0
14031,0.0003560499339642016,0.07690678573626754,1.0,0.1,325.91246356144427,586.3954006139035,1.0,0.0,0.0,0.0,2.0
14032,0.00024889802925559117,0.0537619743192077,1.0,0.1,321.21118873843744,590.3554156748811,1.0,0.0,0.0,0.0,2.0
14033,0.001020301162905035,0.2203850511874876,0.0,0.1,316.38206492895176,597.1851532540312,1.0,0.0,0.0,0.0,2.0
14034,0.0005527488695489364,0.11939375582257025,0.0,0.1,310.7684985026902,604.1550773342481,1.0,0.0,0.0,0.0,2.0
14035,0.001851728417414994,0.3999733381616387,0.0,0.1,307.14712693855864,609.2685790161694,1.0,0.0,0.0,0.0,2.0
14036,0.0005860636757075798,0.12658975395283725,0.0,0.1,302.4589565305233,614.6934839438962,1.0,0.0,0.0,0.0,2.0
14037,0.0021935784138289774,0.4738129373870591,0.0,0.1,297.76229343987274,619.8475520586306,1.0,0.0,0.0,0.0,2.0
14038,0.0022533648175592624,0.48672680059280066,0.0,0.1,286.37563315296285,632.6644060483252,1.0,0.0,0.0,0.0,2.0
14039,0.002337495313317821,0.5048989876766494,0.0,0.1,276.4679036599366,644.9199780353788,1.0,0.0,0.0,0.0,2.0
14040,0.0015927091169269099,0.3440251692562125,0.0,0.1,266.6336499667508,657.2333981844495,1.0,0.0,0.0,0.0,2.0
14041,0.0019813495685181487,0.42797150679992013,0.0,0.1,262.9223050746956,661.4425855940929,1.0,0.0,0.0,0.0,2.0
14042,0.00024263789388029774,0.05240978507814431,1.0,0.1,259.83043832826473,665.5154273204987,1.0,0.0,0.0,0.0,2.0
14043,0.0003813470130420247,0.08237095481707733,1.0,0.1,253.3882882917291,667.0654188072602,1.0,0.0,0.0,0.0,2.0
14044,0.0003231652137214946,0.06980368616384283,1.0,0.1,245.43844556215,669.3629139166217,1.0,0.0,0.0,0.0,2.0
14045,0.0006875080769854816,0.148501744628864,0.0,0.1,241.1409490198097,671.1617918543495,1.0,0.0,0.0,0.0,2.0
14046,0.00048152469653557666,0.10400933445168456,0.0,0.1,236.89210399656108,673.2091665386844,1.0,0.0,0.0,0.0,2.0
14047,0.00039528108692563643,0.08538071477593746,1.0,0.1,235.74195739973678,673.2460811429364,1.0,0.0,0.0,0.0,2.0
14048,0.0005639611715637673,0.12181561305777375,0.0,0.1,236.63622510220148,667.9147903967124,1.0,0.0,0.0,0.0,2.0
14049,0.0002569950056609684,0.05551092122276918,1.0,0.1,236.39154206954936,660.319111672123,1.0,0.0,0.0,0.0,2.0
14050,0.0007462059431782615,0.1611804837265045,0.0,0.1,236.75529823492886,656.7161847726169,1.0,0.0,0.0,0.0,2.0
14051,0.0003061100958735751,0.06611978070869223,1.0,0.1,237.73810387194052,652.5196242036604,1.0,0.0,0.0,0.0,2.0
14052,0.00094295940918343,0.20367923238362087,0.0,0.1,239.81783612230927,647.7222024698416,1.0,0.0,0.0,0.0,2.0
14053,0.001194402823784493,0.2579910099374505,0.0,0.1,245.10148332310965,640.7772904953604,1.0,0.0,0.0,0.0,2.0
14054,0.0010983823750513842,0.237250593011099,0.0,0.1,255.5112380421509,629.6083822271206,1.0,0.0,0.0,0.0,2.0
14055,0.00133779141323582,0.2889629452589371,0.0,0.1,261.7449285193571,623.1207111853009,1.0,0.0,0.0,0.0,2.0
14056,0.00089294558702389,0.19287624679716026,0.0,0.1,274.42687613865155,609.2081929540125,1.0,0.0,0.0,0.0,2.0
14057,0.0006677312599532895,0.14422995214991055,0.0,0.1,286.88215917495387,597.2687892578638,1.0,0.0,0.0,0.0,2.0
14058,0.00014375197116086428,0.031050425770746688,1.0,0.1,297.4532635239613,587.8631337862565,1.0,0.0,0.0,0.0,2.0
14059,0.00021578394100914397,0.046609331257975097,1.0,0.1,300.8798658001007,585.2316051286764,1.0,0.0,0.0,0.0,2.0
14060,0.0002812623303495212,0.060752663355496575,1.0,0.1,306.9810305068296,581.2312579827203,1.0,0.0,0.0,0.0,2.0
14061,0.0002390668363477268,0.05163843665110899,1.0,0.1,,,1.0,0.0,,,2.0
14062,0.0005685668988581768,0.12281045015336618,0.0,0.1,,,1.0,0.0,,,2.0
14063,4.321469878911153e-05,0.009334374938448091,1.0,0.1,,,1.0,0.0,,,2.0
14064,0.0009552498395786491,0.2063339653489882,0.0,0.1,,,1.0,0.0,,,2.0
14065,0.001276274539725224,0.2756753005806484,0.0,0.1,,,1.0,0.0,,,2.0
14066,0.0008273921388269696,0.17871670198662543,0.0,0.1,,,1.0,0.0,,,2.0
14067,0.0005629470112658752,0.12159655443342905,0.0,0.1,,,1.0,0.0,,,2.0
14068,0.000612689616254897,0.13234095711105776,0.0,0.1,,,1.0,0.0,,,2.0
14069,0.00037205206700076994,0.0803632464721663,1.0,0.1,323.4403374490576,572.3295889909285,1.0,0.0,0.0,0.0,2.0
14070,0.000420093048582738,0.09074009849387141,1.0,0.1,320.3395238719415,574.8886344995276,1.0,0.0,0.0,0.0,2.0
14071,0.00040674952149434204,0.08785789664277788,1.0,0.1,316.67089693756526,577.5984847124214,1.0,0.0,0.0,0.0,2.0
14072,0.0005616980591254902,0.12132678077110588,0.0,0.1,309.82179728578774,583.264008236803,1.0,0.0,0.0,0.0,2.0
14073,0.00038526947639311483,0.0832182069009128,1.0,0.1,307.56880098565244,585.0318566262745,1.0,0.0,0.0,0.0,2.0
14074,0.00037361155215572125,0.08070009526563579,1.0,0.1,302.45919326606054,587.7257551263328,1.0,0.0,0.0,0.0,2.0
14075,0.0005264036506336994,0.11370318853687908,0.0,0.1,297.9195423268228,589.7220359635221,1.0,0.0,0.0,0.0,2.0
14076,0.0003522042783514578,0.07607612412391489,1.0,0.1,294.04940770486314,590.9976517825135,1.0,0.0,0.0,0.0,2.0
14077,0.00046066949391939494,0.0995046106865893,1.0,0.1,291.9706588612618,591.6387926316671,1.0,0.0,0.0,0.0,2.0
14078,0.0005070807657723442,0.10952944540682635,0.0,0.1,289.5197741439089,592.4928205585702,1.0,0.0,0.0,0.0,2.0
14079,0.0004183194339658741,0.09035699773662881,1.0,0.1,292.7253856118213,587.511498132871,1.0,0.0,0.0,0.0,2.0
14080,0.0005986498802771445,0.1293083741398632,0.0,0.1,302.1144343573321,577.1408140654214,1.0,0.0,0.0,0.0,2.0
14081,6.671179854463705e-05,0.014409748485641603,1.0,0.1,311.14397582398146,567.8041545489835,1.0,0.0,0.0,0.0,2.0
14082,0.0008867745746365808,0.19154330812150147,0.0,0.1,314.2620261793623,563.6331156933505,1.0,0.0,0.0,0.0,2.0
14083,0.00023205853619673883,0.05012464381849559,1.0,0.1,322.2094914558101,553.8924680007847,1.0,0.0,0.0,0.0,2.0
14084,0.0006987530542257909,0.15093065971277086,0.0,0.1,329.6124326215159,544.8064835439169,1.0,0.0,0.0,0.0,2.0
14085,0.00013321305225586427,0.028774019287266684,1.0,0.1,334.79753243032457,538.9788035342563,1.0,0.0,0.0,0.0,2.0
14086,0.0015329548376076356,0.3311182449232493,0.0,0.1,335.19751177139534,538.4700338927777,1.0,0.0,0.0,0.0,2.0
14087,0.0015175122926943394,0.3277826552219773,0.0,0.1,336.9289148534425,536.7882208215796,1.0,0.0,0.0,0.0,2.0
14088,0.0013352132515230123,0.28840606232897065,0.0,0.1,337.60744224367977,536.6360632602435,1.0,0.0,0.0,0.0,2.0
14089,0.0025425677457167296,0.5491946330748136,0.0,0.1,335.4579134779337,540.0067531613942,1.0,0.0,0.0,0.0,2.0
14090,0.0011080266144706684,0.2393337487256644,0.0,0.1,333.57521584086663,543.8821272186872,1.0,0.0,0.0,0.0,2.0
14091,0.0018324088515587424,0.39580031193668835,0.0,0.1,331.718884432137,547.1013555150749,1.0,0.0,0.0,0.0,2.0
14092,0.0026136773804782323,0.5645543141832982,0.0,0.1,328.1504530585487,553.4398142791625,1.0,0.0,0.0,0.0,2.0
14093,0.0025637440743501104,0.5537687200596239,0.0,0.1,325.00400304626095,561.7393182066587,1.0,0.0,0.0,0.0,2.0
14094,0.0010356034015726236,0.22369033473968672,0.0,0.1,324.90908226504496,568.1370691851168,1.0,0.0,0.0,0.0,2.0
14095,0.0024264920288062375,0.5241222782221473,0.0,0.1,323.09564184492365,573.1698914376796,1.0,0.0,0.0,0.0,2.0
14096,0.0025584312139094473,0.5526211422044407,0.0,0.1,319.52830522498294,580.8314132194857,1.0,0.0,0.0,0.0,2.0
14097,0.00311449754812636,0.6727314703952939,0.0,0.1,314.9188885403628,588.7556354576107,1.0,0.0,0.0,0.0,2.0
14098,0.0033640711486224942,0.7266393681024588,0.0,0.1,314.73225029518215,592.8084985312088,1.0,0.0,0.0,0.0,2.0
14099,0.002107405520731755,0.45519959247805913,0.0,0.1,319.1223368080017,595.5952321012426,1.0,0.0,0.0,0.0,2.0
14100,0.003525162015974383,0.7614349954504668,0.0,0.1,321.6151181620026,596.0529060146213,1.0,0.0,0.0,0.0,2.0
14101,0.003537184015126894,0.7640317472674092,0.0,0.1,323.58023397204386,597.5302528405279,1.0,0.0,0.0,0.0,2.0
14102,0.002143000179874922,0.46288803885298324,0.0,0.1,333.9417809805164,589.992381520925,1.0,0.0,0.0,0.0,2.0
14103,0.001326082776460976,0.2864338797155708,0.0,0.1,355.2813909262289,575.7701013271501,1.0,0.0,0.0,0.0,2.0
14104,0.0010128482918391284,0.21877523103725174,0.0,0.1,364.690302884799,570.0205933970898,1.0,0.0,0.0,0.0,2.0
14105,0.0007770936783595909,0.16785223452567166,0.0,0.1,382.6809501585843,558.8464540495233,1.0,0.0,0.0,0.0,2.0
14106,0.0020520065490563983,0.44323341459618204,0.0,0.1,397.64396804017235,547.9536822721642,1.0,0.0,0.0,0.0,2.0
14107,0.002103669399256332,0.4543925902393677,0.0,0.1,406.05879241080413,542.1540516593569,1.0,0.0,0.0,0.0,2.0
14108,0.0013997173799381955,0.30233895406665023,0.0,0.1,419.62891976347385,532.4896313513137,1.0,0.0,0.0,0.0,2.0
14109,0.0025595630922363704,0.552865627923056,0.0,0.1,426.9806511016217,527.5721150302442,1.0,0.0,0.0,0.0,2.0
14110,0.002915916738672526,0.6298380155532657,0.0,0.1,442.37637187552235,517.2941495909029,1.0,0.0,0.0,0.0,2.0
14111,0.0030105327849359095,0.6502750815461564,0.0,0.1,453.57333090572115,512.9280102190748,1.0,0.0,0.0,0.0,2.0
14112,0.0007747556781714736,0.1673472264850383,0.0,0.1,460.8485081549838,513.6758056036829,1.0,0.0,0.0,0.0,2.0
14113,0.003922660381150928,0.8472946423286005,0.0,0.1,464.186057886906,514.1775726855963,1.0,0.0,0.0,0.0,2.0
14114,0.0036263669907821146,0.7832952700089367,0.0,0.1,473.53945686439147,515.4181470688598,1.0,0.0,0.0,0.0,2.0
14115,0.003742142076212867,0.8083026884619793,0.0,0.1,482.66824567429165,519.7418303714775,1.0,0.0,0.0,0.0,2.0
14116,0.004390274031614743,0.9482991908287847,0.0,0.1,489.1851958473647,527.1328503557228,1.0,0.0,0.0,0.0,2.0
14117,0.001121129550028889,0.24216398280624002,0.0,0.1,492.15587759732404,535.0893584704879,1.0,0.0,0.0,0.0,2.0
14118,0.0033454232829775725,0.7226114291231557,0.0,0.1,494.46566328486153,537.4143161860009,1.0,0.0,0.0,0.0,2.0
14119,0.0030045019770466087,0.6489724270420675,0.0,0.1,498.09590044332003,543.1717387575709,1.0,0.0,0.0,0.0,2.0
14120,0.0026734704995560474,0.5774696279041063,0.0,0.1,503.4036286539671,549.4609214671088,1.0,0.0,0.0,0.0,2.0
14121,0.001372596533990292,0.2964808513419031,0.0,0.1,511.38249544812015,552.9537450953826,1.0,0.0,0.0,0.0,2.0
14122,,,,0.1,513.1984554411081,555.079703755855,1.0,0.0,0.0,0.0,2.0
14123,,,,0.1,516.8794451360292,556.7249848577436,,,0.0,0.0,2.0
14124,0.0013126651748220958,0.2835356777615727,0.0,0.1,519.2186617135137,558.9747138731033,1.0,0.0,0.0,0.0,2.0
14125,0.0015832546439610296,0.3419830030955824,0.0,0.1,523.4723601989185,563.9995277011705,1.0,0.0,0.0,0.0,2.0
14126,0.0005372383535234997,0.11604348436107595,0.0,0.1,530.5448800550846,566.6132052270605,1.0,0.0,0.0,0.0,2.0
14127,0.0009658421981169787,0.20862191479326742,0.0,0.1,531.1596622214081,568.5387994528352,1.0,0.0,0.0,0.0,2.0
14128,0.00024608000715263187,0.053153281544968484,1.0,0.1,534.9575148941314,568.8140085983339,1.0,0.0,0.0,0.0,2.0
14129,0.0010725505159235127,0.23167091143947874,0.0,0.1,537.2908536152675,567.0508660289337,1.0,0.0,0.0,0.0,2.0
14130,0.0004557738063454209,0.09844714217061093,1.0,0.1,536.880741911033,565.6046136254305,1.0,0.0,0.0,0.0,2.0
14131,0.0009636004483936429,0.20813769685302685,0.0,0.1,536.5395528190766,565.1752769061309,1.0,0.0,0.0,0.0,2.0
14132,0.0018713084581314986,0.4042026269564037,0.0,0.1,535.121321672704,564.1961686641424,1.0,0.0,0.0,0.0,2.0
14133,0.0007224300926224432,0.15604490000644772,0.0,0.1,534.4137240959159,562.6051802609556,1.0,0.0,0.0,0.0,2.0
14134,0.0017378432551843652,0.37537414311982287,0.0,0.1,533.776478892594,559.616190453127,1.0,0.0,0.0,0.0,2.0
14135,0.00015811566884694648,0.034152984470940444,1.0,0.1,531.522083501324,555.7380709063104,1.0,0.0,0.0,0.0,2.0
14136,0.00035145246092791973,0.07591373156043067,1.0,0.1,530.7690054409136,554.3964080633233,1.0,0.0,0.0,0.0,2.0
14137,0.0007044358345093436,0.15215814025401822,0.0,0.1,528.8396467099753,553.3463019472961,1.0,0.0,0.0,0.0,2.0
14138,2.4515768127417817e-05,0.005295405915522249,1.0,0.1,527.5323179784019,553.3967034575508,1.0,0.0,0.0,0.0,2.0
14139,4.446118186844805e-05,0.00960361528358478,1.0,0.1,526.8287023102793,554.5188659041025,1.0,0.0,0.0,0.0,2.0
14140,6.953585645217351e-05,0.01501974499366948,1.0,0.1,526.6179286069388,554.8186911430702,1.0,0.0,0.0,0.0,2.0
14141,0.00027477092086081244,0.059350518905935484,1.0,0.1,526.5961833123121,554.7860086738372,1.0,0.0,0.0,0.0,2.0
14142,0.0003344350802667597,0.07223797733762011,1.0,0.1,527.739901645817,554.3391432284078,1.0,0.0,0.0,0.0,2.0
14143,9.158693585210115e-05,0.01978277814405385,1.0,0.1,528.2858313557625,554.464585303471,1.0,0.0,0.0,0.0,2.0
14144,9.306994082275167e-05,0.020103107217714362,1.0,0.1,528.3930340779333,554.305909969914,1.0,0.0,0.0,0.0,2.0
14145,0.00029713757376384443,0.0641817159329904,1.0,0.1,527.955995580762,554.3624408427161,1.0,0.0,0.0,0.0,2.0
14146,8.742055902978478e-05,0.018882840750433512,1.0,0.1,527.855259259365,554.2382505445596,1.0,0.0,0.0,0.0,2.0
14147,0.0008295336708784077,0.17917927290973606,0.0,0.1,527.4393852568974,554.2630308598178,1.0,0.0,0.0,0.0,2.0
14148,0.00011775139205255077,0.02543430068335097,1.0,0.1,527.3004822963028,554.188210735536,1.0,0.0,0.0,0.0,2.0
14149,0.00011356380058055496,0.024529780925399872,1.0,0.1,526.966881900894,554.3582403554095,1.0,0.0,0.0,0.0,2.0
14150,0.00013477602945243146,0.029111622361725195,1.0,0.1,527.7438066805349,554.053488553634,1.0,0.0,0.0,0.0,2.0
14151,0.0002641382586673345,0.05705386387214425,1.0,0.1,527.5112164719139,554.146510153392,1.0,0.0,0.0,0.0,2.0
14152,0.000281779849622355,0.06086444751842868,1.0,0.1,527.4824491041735,554.4186974137892,1.0,0.0,0.0,0.0,2.0
14153,0.00027954166432389376,0.06038099949396105,1.0,0.1,527.5416469287698,554.0042320202664,1.0,0.0,0.0,0.0,2.0
14154,0.00011603578453976309,0.02506372946058883,1.0,0.1,527.6655653849139,553.852580177892,1.0,0.0,0.0,0.0,2.0
14155,0.000130400031831239,0.028166406875547622,1.0,0.1,527.6631233066594,554.0489867766892,1.0,0.0,0.0,0.0,2.0
14156,3.3729997933428535e-05,0.007285679553620564,1.0,0.1,528.0455047915013,553.9486804207987,1.0,0.0,0.0,0.0,2.0
14157,0.00021850036182329433,0.047196078153831575,1.0,0.1,527.9056317159226,553.9848815265424,1.0,0.0,0.0,0.0,2.0
14158,0.00041245891774971036,0.08909112623393743,1.0,0.1,527.7534261087123,554.1884319514007,1.0,0.0,0.0,0.0,2.0
14159,0.0007299346641548803,0.15766588745745416,0.0,0.1,527.6677443951165,553.5176165502118,1.0,0.0,0.0,0.0,2.0
14160,0.00025848349778327575,0.055832435521187565,1.0,0.1,527.6824163573716,553.7005377994776,1.0,0.0,0.0,0.0,2.0
14161,5.0029872670795935e-05,0.010806452496891923,1.0,0.1,527.405920118716,553.3959687914855,1.0,0.0,0.0,0.0,2.0
14162,0.00014446638362437152,0.031204738862864248,1.0,0.1,527.0464671777768,553.0394783596812,1.0,0.0,0.0,0.0,2.0
14163,0.00018494566273219857,0.03994826315015489,1.0,0.1,526.9877938376075,552.8764458917093,1.0,0.0,0.0,0.0,2.0
14164,0.00040610856995580474,0.08771945111045383,1.0,0.1,526.8436153843793,552.8778255209172,1.0,0.0,0.0,0.0,2.0
14165,0.00034346262885909896,0.07418792783356538,1.0,0.1,526.5416291802322,552.9462573336225,1.0,0.0,0.0,0.0,2.0
14166,0.00012041945552986013,0.026010602394449786,1.0,0.1,526.5182428994975,552.7915373631621,1.0,0.0,0.0,0.0,2.0
14167,2.139067267517893e-05,0.004620385297838649,1.0,0.1,526.200363659058,552.758228509933,1.0,0.0,0.0,0.0,2.0
14168,0.0002946316238928924,0.06364043076086476,1.0,0.1,526.3325909113138,552.9949372603999,1.0,0.0,0.0,0.0,2.0
14169,0.0003072998923017252,0.06637677673717265,1.0,0.1,526.8045290032287,552.566745979491,1.0,0.0,0.0,0.0,2.0
14170,1.1837024016154009e-05,0.002556797187489266,1.0,0.1,526.6191633543476,552.3675350059577,1.0,0.0,0.0,0.0,2.0
14171,0.00017457689072758473,0.037708608397158304,1.0,0.1,526.4510274046202,552.3910895293262,1.0,0.0,0.0,0.0,2.0
14172,0.00015613279653130347,0.03372468405076155,1.0,0.1,526.2349602610318,552.8421069473051,1.0,0.0,0.0,0.0,2.0
14173,4.372214585091224e-05,0.009443983503797044,1.0,0.1,526.7550049699732,552.4677177710402,1.0,0.0,0.0,0.0,2.0
14174,0.00022311084423641607,0.048191942355065874,1.0,0.1,527.442492235348,551.8836641729118,1.0,0.0,0.0,0.0,2.0
14175,8.675486426781658e-05,0.01873905068184838,1.0,0.1,527.6689114809611,552.0246117404221,1.0,0.0,0.0,0.0,2.0
14176,4.349712080252011e-05,0.009395378093344344,1.0,0.1,527.5379131855885,552.0305224724843,1.0,0.0,0.0,0.0,2.0
14177,0.00019162955957172686,0.041391984867493,1.0,0.1,527.2707444594182,552.4910477338325,1.0,0.0,0.0,0.0,2.0
14178,0.0001423135426814206,0.030739725219186855,1.0,0.1,527.0246381467184,552.5067524701373,1.0,0.0,0.0,0.0,2.0
14179,0.00013844693799118388,0.02990453860609572,1.0,0.1,526.2788651752819,552.722147094228,1.0,0.0,0.0,0.0,2.0
14180,0.0003519117283815783,0.07601293333042092,1.0,0.1,526.0678344660275,552.6989848560958,1.0,0.0,0.0,0.0,2.0
14181,1.3736909991759941e-05,0.0029671725582201473,1.0,0.1,526.1518782936604,552.5868122050498,1.0,0.0,0.0,0.0,2.0
14182,0.0005117014723843986,0.1105275180350301,0.0,0.1,526.2788195127407,552.3845420777717,1.0,0.0,0.0,0.0,2.0
14183,0.00032630727835109897,0.07048237212383739,1.0,0.1,526.682995737702,551.8279765252807,1.0,0.0,0.0,0.0,2.0
14184,0.00030895526009899884,0.06673433618138375,1.0,0.1,525.7975414425737,552.3333451961837,1.0,0.0,0.0,0.0,2.0
14185,0.00011302484014388966,0.024413365471080167,1.0,0.1,525.782956595666,552.1178526056951,1.0,0.0,0.0,0.0,2.0
14186,0.00047139983564927076,0.10182236450024248,0.0,0.1,525.121598220791,552.7907152967971,1.0,0.0,0.0,0.0,2.0
14187,0.00029483543909274287,0.06368445484403246,1.0,0.1,526.1091875207869,554.8277143923785,1.0,0.0,0.0,0.0,2.0
14188,0.0006658577815341342,0.143825280811373,0.0,0.1,523.9252722236635,563.4192280563859,1.0,0.0,0.0,0.0,2.0
14189,0.00012430277193652985,0.02684939873829045,1.0,0.1,518.9325187609257,574.2920017780344,1.0,0.0,0.0,0.0,2.0
14190,6.739720184000293e-05,0.014557795597440634,1.0,0.1,513.2290058000633,578.3649174402811,1.0,0.0,0.0,0.0,2.0
14191,0.0003520799667475027,0.07604927281746059,1.0,0.1,501.00379049281713,588.1961938102148,1.0,0.0,0.0,0.0,2.0
14192,0.0008861480099958842,0.191407970159111,0.0,0.1,488.80863931145205,597.6895067612645,1.0,0.0,0.0,0.0,2.0
14193,0.0003544865921280686,0.07656910389966282,1.0,0.1,478.41973498525886,607.4218783475256,1.0,0.0,0.0,0.0,2.0
14194,0.0009347983369834138,0.20191644078841736,0.0,0.1,474.09701853521534,610.1737486858618,1.0,0.0,0.0,0.0,2.0
14195,0.00046255232462154153,0.09991130211825298,1.0,0.1,463.77779398678643,618.3284844140207,1.0,0.0,0.0,0.0,2.0
14196,2.8265645798835142e-05,0.006105379492548391,1.0,0.1,459.8398787499166,621.7352014556361,1.0,0.0,0.0,0.0,2.0
14197,0.000417546966652275,0.0901901447968914,1.0,0.1,454.7716102124362,625.0013205317763,1.0,0.0,0.0,0.0,2.0
14198,0.00026107095181290276,0.056391325591586994,1.0,0.1,446.95426043946486,629.6337332181861,1.0,0.0,0.0,0.0,2.0
14199,0.0010286275454951712,0.222183549826957,0.0,0.1,445.7789647290179,631.0068848196877,1.0,0.0,0.0,0.0,2.0
14200,0.000264015366932739,0.05702731925747163,1.0,0.1,445.24765010725565,633.3297302750437,1.0,0.0,0.0,0.0,2.0
14201,0.0003190278386053739,0.06891001313876076,1.0,0.1,443.29222505827727,636.5695463917122,1.0,0.0,0.0,0.0,2.0
14202,0.00021976955230148507,0.04747022329712077,1.0,0.1,440.2464397523503,640.4022645604471,1.0,0.0,0.0,0.0,2.0
14203,0.0006033702214361847,0.1303279678302159,0.0,0.1,438.44881240892545,642.5211105456507,1.0,0.0,0.0,0.0,2.0
14204,0.001292522689786712,0.27918490099392984,0.0,0.1,434.9445903796338,647.8490613146743,1.0,0.0,0.0,0.0,2.0
14205,0.0008864271866867325,0.19146827232433425,0.0,0.1,431.73788479382756,652.9549115831875,1.0,0.0,0.0,0.0,2.0
14206,0.0005207477751331446,0.11248151942875924,0.0,0.1,432.0013860684866,654.7976341586447,1.0,0.0,0.0,0.0,2.0
14207,0.00024253407364594086,0.052387359907523225,1.0,0.1,431.1973583009385,660.6593181875772,1.0,0.0,0.0,0.0,2.0
14208,0.0012148381441557433,0.26240503913764057,0.0,0.1,430.7356462208937,664.4119479165329,1.0,0.0,0.0,0.0,2.0
14209,0.0015262480268685573,0.3296695738036084,0.0,0.1,427.6641220781903,671.8088986443198,1.0,0.0,0.0,0.0,2.0
14210,0.0011453562274854234,0.24739694513685148,0.0,0.1,429.27134620829406,676.4671663276866,1.0,0.0,0.0,0.0,2.0
14211,0.000800752338342718,0.1729625050820271,0.0,0.1,430.7027116272906,681.7173359270881,1.0,0.0,0.0,0.0,2.0
14212,0.0010793535326138973,0.23314036304460187,0.0,0.1,431.13796555299706,685.0845921011662,1.0,0.0,0.0,0.0,2.0
14213,0.0011623210742182724,0.2510613520311469,0.0,0.1,429.232106137509,692.6417399792389,1.0,0.0,0.0,0.0,2.0
14214,0.002229970849728851,0.4816737035414318,0.0,0.1,427.9505323432267,697.2649199244463,1.0,0.0,0.0,0.0,2.0
14215,0.0007185257421135303,0.15520156029652254,0.0,0.1,425.1740401299733,702.7572424830464,1.0,0.0,0.0,0.0,2.0
14216,0.0005340166639181969,0.11534759940633053,0.0,0.1,422.8358360287842,706.0364228677282,1.0,0.0,0.0,0.0,2.0
14217,0.0007476593955158249,0.16149442943141817,0.0,0.1,423.8431271029401,706.0572199276663,1.0,0.0,0.0,0.0,2.0
14218,0.00018087709944160648,0.039069453479387,1.0,0.1,423.7027608162596,705.5745561515736,1.0,0.0,0.0,0.0,2.0
14219,0.0008502477227007953,0.1836535081033718,0.0,0.1,422.02356792546465,706.8766178373907,1.0,0.0,0.0,0.0,2.0
14220,0.00017493807162321671,0.03778662347061481,1.0,0.1,423.0708143038862,705.8224406229552,1.0,0.0,0.0,0.0,2.0
14221,0.0004685786619395974,0.10121299097895305,0.0,0.1,422.9011248367053,705.0123210049863,1.0,0.0,0.0,0.0,2.0
14222,0.0002997107708780196,0.06473752650965224,1.0,0.1,422.1023478982168,704.6376166717773,1.0,0.0,0.0,0.0,2.0
14223,0.0003992664429555825,0.08624155167840582,1.0,0.1,422.18820959214827,702.6458264520318,1.0,0.0,0.0,0.0,2.0
14224,0.0005298335926297598,0.11444405600802811,0.0,0.1,425.4764037638345,699.2586368998992,1.0,0.0,0.0,0.0,2.0
14225,0.00018507888415123335,0.0399770389766664,1.0,0.1,426.75382281335334,698.1942640328584,1.0,0.0,0.0,0.0,2.0
14226,0.00046636642246348267,0.10073514725211226,0.0,0.1,427.22459937946724,697.0809550445291,1.0,0.0,0.0,0.0,2.0
14227,7.647068134605692e-05,0.016517667170748294,1.0,0.1,427.4314534844864,695.9661158015518,1.0,0.0,0.0,0.0,2.0
14228,0.00031426651075394234,0.06788156632285156,1.0,0.1,428.357055239516,695.4892814635733,1.0,0.0,0.0,0.0,2.0
14229,0.00024132182924416684,0.05212551511674004,1.0,0.1,428.6577438023258,695.5418821244142,1.0,0.0,0.0,0.0,2.0
14230,0.0003386089065853903,0.0731395238224443,1.0,0.1,429.0807024228328,694.8507328161239,1.0,0.0,0.0,0.0,2.0
14231,0.0006329801160576506,0.13672370506845252,0.0,0.1,429.4228807264564,694.105518777215,1.0,0.0,0.0,0.0,2.0
14232,9.705486381363005e-05,0.02096385058374409,1.0,0.1,430.20078390867144,693.5054233762776,1.0,0.0,0.0,0.0,2.0
14233,0.00031341153154984335,0.06769689081476617,1.0,0.1,431.917230210065,693.0854104541181,1.0,0.0,0.0,0.0,2.0
14234,0.0001844387988092535,0.03983878054279876,1.0,0.1,432.04032666603314,693.32687764714,1.0,0.0,0.0,0.0,2.0
14235,0.00018676343889587556,0.04034090280150912,1.0,0.1,432.23383699859625,693.162603843645,1.0,0.0,0.0,0.0,2.0
14236,4.690559092760823e-05,0.010131607640363378,1.0,0.1,433.2205987671409,692.0138101122035,1.0,0.0,0.0,0.0,2.0
14237,0.0004349843813433403,0.09395662637016151,1.0,0.1,432.6173689210567,692.5524986561204,1.0,0.0,0.0,0.0,2.0
14238,0.0003350060064209208,0.0723612973869189,1.0,0.1,431.85123082886764,692.1440443261016,1.0,0.0,0.0,0.0,2.0
14239,0.00040441937981292535,0.08735458603959187,1.0,0.1,431.9732496573587,692.2522200743491,1.0,0.0,0.0,0.0,2.0
14240,0.00026428282189023476,0.05708508952829071,1.0,0.1,432.0488616143413,692.0490490049734,1.0,0.0,0.0,0.0,2.0
14241,0.00026972960017070325,0.05826159363687191,1.0,0.1,432.21810450909754,692.1858395343976,1.0,0.0,0.0,0.0,2.0
14242,7.69505073020304e-05,0.016621309577238567,1.0,0.1,432.9884245193043,691.993824314897,1.0,0.0,0.0,0.0,2.0
14243,0.0009162373900153432,0.19790727624331414,0.0,0.1,432.1498512061156,692.9050369770356,1.0,0.0,0.0,0.0,2.0
14244,0.00038583169768308443,0.08333964669954623,1.0,0.1,432.6592861515751,692.010154493685,1.0,0.0,0.0,0.0,2.0
14245,0.00014744697115030378,0.031848545768465616,1.0,0.1,432.7701736971213,692.1341152825669,1.0,0.0,0.0,0.0,2.0
14246,1.292014555740087e-05,0.0027907514403985876,1.0,0.1,433.7108846070229,691.978121054106,1.0,0.0,0.0,0.0,2.0
14247,0.00011342398902155798,0.024499581628656526,1.0,0.1,435.95829559286136,690.9811495424655,1.0,0.0,0.0,0.0,2.0
14248,6.158064992097387e-05,0.013301420382930355,1.0,0.1,435.7578970520673,690.9339901475956,1.0,0.0,0.0,0.0,2.0
14249,1.5321460026207e-05,0.0033094353656607117,1.0,0.1,436.4630293244756,691.0484995548304,1.0,0.0,0.0,0.0,2.0
14250,7.42680029277149e-05,0.016041888632386418,1.0,0.1,436.3653953108823,690.7998637402087,1.0,0.0,0.0,0.0,2.0
14251,0.00023760101397086113,0.05132181901770601,1.0,0.1,434.85950463966117,691.9212958996145,1.0,0.0,0.0,0.0,2.0
14252,0.0003042832301167386,0.06572517770521555,1.0,0.1,434.9024564481082,692.4248928766042,1.0,0.0,0.0,0.0,2.0
14253,0.0002781200867201257,0.06007393873154715,1.0,0.1,434.72939772290624,692.0212635166732,1.0,0.0,0.0,0.0,2.0
14254,0.00024215709200737045,0.05230593187359202,1.0,0.1,434.65983377534883,692.4180412426354,1.0,0.0,0.0,0.0,2.0
14255,3.757800344131123e-05,0.008116848743323225,1.0,0.1,434.5522420357892,692.0306329618589,1.0,0.0,0.0,0.0,2.0
14256,0.0003530132925791269,0.07625087119709141,1.0,0.1,434.58458636565945,691.7428724125135,1.0,0.0,0.0,0.0,2.0
14257,5.559271749430084e-05,0.012008026978768982,1.0,0.1,434.2530305401402,691.4830850411435,1.0,0.0,0.0,0.0,2.0
14258,1.7281397399963295e-05,0.0037327818383920716,1.0,0.1,436.4373340490289,690.8280892276459,1.0,0.0,0.0,0.0,2.0
14259,0.0002544559126270909,0.05496247712745164,1.0,0.1,436.4929367256132,690.6449136310066,1.0,0.0,0.0,0.0,2.0
14260,0.00021357863869039606,0.04613298595712555,1.0,0.1,436.95911503594095,690.9676745836065,1.0,0.0,0.0,0.0,2.0
14261,0.000695963023437691,0.15032801306254126,0.0,0.1,436.49171726730503,690.7413014614716,1.0,0.0,0.0,0.0,2.0
14262,0.00013884456148624175,0.029990425281028223,1.0,0.1,436.4798602791643,690.1823293980432,1.0,0.0,0.0,0.0,2.0
14263,0.0007170700086281514,0.1548871218636807,0.0,0.1,435.98374406761627,690.1752827563743,1.0,0.0,0.0,0.0,2.0
14264,0.000498477514120581,0.10767114305004549,0.0,0.1,435.9599907882615,690.0690764774803,1.0,0.0,0.0,0.0,2.0
14265,4.7171630015137396e-05,0.010189072083269678,1.0,0.1,436.07685880656754,689.9615366197315,1.0,0.0,0.0,0.0,2.0
14266,0.0005287730389690438,0.11421497641731347,0.0,0.1,435.87087439256607,689.626501996338,1.0,0.0,0.0,0.0,2.0
14267,0.0004952151630411361,0.10696647521688539,0.0,0.1,436.262163783332,685.0642721669569,1.0,0.0,0.0,0.0,2.0
14268,0.0016227468030480725,0.35051330945838366,0.0,0.1,430.5769353580569,677.7070548457282,1.0,0.0,0.0,0.0,2.0
14269,0.0007623225078657606,0.16466166169900429,0.0,0.1,435.45081574391617,667.4010227350856,1.0,0.0,0.0,0.0,2.0
14270,0.0009546313871691231,0.2062003796285306,0.0,0.1,439.02487289356725,663.2570522122647,1.0,0.0,0.0,0.0,2.0
14271,0.0011106355237314133,0.23989727312598524,0.0,0.1,438.16166983551227,664.0140871555358,1.0,0.0,0.0,0.0,2.0
14272,0.0011735993719311976,0.2534974643371387,0.0,0.1,437.32585945989064,663.540769768806,1.0,0.0,0.0,0.0,2.0
14273,0.000555877321459292,0.12006950143520709,0.0,0.1,440.213675557813,659.05479692538,1.0,0.0,0.0,0.0,2.0
14274,0.00017022794862402456,0.036769236902789305,1.0,0.1,445.29946350452497,653.8198270221739,1.0,0.0,0.0,0.0,2.0
14275,0.000201864115914561,0.043602649037545176,1.0,0.1,446.63937356363004,652.1877222776205,1.0,0.0,0.0,0.0,2.0
14276,0.0010214880608912416,0.2206414211525082,0.0,0.1,449.1833037602302,649.0826738300127,1.0,0.0,0.0,0.0,2.0
14277,0.0006593985085521728,0.14243007784726933,0.0,0.1,455.0284980066317,642.5782809319727,1.0,0.0,0.0,0.0,2.0
14278,0.0007653259823083898,0.1653104121786122,0.0,0.1,457.65752604488756,638.9520009034262,1.0,0.0,0.0,0.0,2.0
14279,0.00023130859196946653,0.04996265586540477,1.0,0.1,464.41802102907855,626.8693901603096,1.0,0.0,0.0,0.0,2.0
14280,0.0008296170126613647,0.17919727473485478,0.0,0.1,468.9135778790774,618.1608544208422,1.0,0.0,0.0,0.0,2.0
14281,0.0007097066942670858,0.15329664596169054,0.0,0.1,481.3081602783575,595.8942889595754,1.0,0.0,0.0,0.0,2.0
14282,0.00023802177550166813,0.051412703508360316,1.0,0.1,489.86146131265417,576.9707832039364,1.0,0.0,0.0,0.0,2.0
14283,0.00043940156013994844,0.09491073699022887,1.0,0.1,496.8731529381185,562.8749383879772,1.0,0.0,0.0,0.0,2.0
14284,5.9490734681469125e-05,0.012849998691197332,1.0,0.1,499.66168325144014,557.7157484575147,1.0,0.0,0.0,0.0,2.0
14285,0.000259556064248714,0.05606410987772223,1.0,0.1,503.92583623316364,547.4184284849869,1.0,0.0,0.0,0.0,2.0
14286,0.0005985494752068488,0.12928668664467935,0.0,0.1,509.6576874400508,543.0358691227369,1.0,0.0,0.0,0.0,2.0
14287,0.0007275330352843676,0.1571471356214234,0.0,0.1,514.6060285419325,537.292002670067,1.0,0.0,0.0,0.0,2.0
14288,0.0005274840698928404,0.11393655909685353,0.0,0.1,521.5759269097023,531.5838670438827,1.0,0.0,0.0,0.0,2.0
14289,0.0015463346724970488,0.3340082892593626,0.0,0.1,526.5713513228773,528.799503514673,1.0,0.0,0.0,0.0,2.0
14290,0.002165393138063422,0.46772491782169917,0.0,0.1,534.9971865779477,521.7105694546923,1.0,0.0,0.0,0.0,2.0
14291,0.0020329824632897803,0.43912421207059255,0.0,0.1,545.5824631043632,512.0165434846049,1.0,0.0,0.0,0.0,2.0
14292,0.0009382488261893654,0.20266174645690294,0.0,0.1,554.3866940856518,503.5483376645016,1.0,0.0,0.0,0.0,2.0
14293,0.0033401872400011653,0.7214804438402517,0.0,0.1,558.4801022182959,501.5531626306518,1.0,0.0,0.0,0.0,2.0
14294,0.003174349710172911,0.6856595373973488,0.0,0.1,572.0095098297377,498.1189588656216,1.0,0.0,0.0,0.0,2.0
14295,0.0041178237466330736,0.8894499292727439,0.0,0.1,585.7139138121709,495.2332306412514,1.0,0.0,0.0,0.0,2.0
14296,0.0023004651002710343,0.4969004616585434,0.0,0.1,601.1933569089446,495.14245250112094,1.0,0.0,0.0,0.0,2.0
14297,0.001960113795378586,0.4233845798017745,0.0,0.1,615.5429824463218,497.41130803865343,1.0,0.0,0.0,0.0,2.0
14298,0.0026628335566633897,0.5751720482392921,0.0,0.1,621.1779192530281,498.74652831989374,1.0,0.0,0.0,0.0,2.0
14299,0.0022370991469787623,0.48321341574741267,0.0,0.1,629.600355061327,499.3289215154383,1.0,0.0,0.0,0.0,2.0
14300,0.0024597624233189046,0.5313086834368834,0.0,0.1,638.7535340948123,496.969510985515,1.0,0.0,0.0,0.0,2.0
14301,0.0013176367730891596,0.2846095429872585,0.0,0.1,648.2485151672737,490.3389908835335,1.0,0.0,0.0,0.0,2.0
14302,0.0018350406488595588,0.39636878015366467,0.0,0.1,654.3416791996494,487.8552785389367,1.0,0.0,0.0,0.0,2.0
14303,0.0026884457449724754,0.5807042809140547,0.0,0.1,663.2882696271639,483.9303929602467,1.0,0.0,0.0,0.0,2.0
14304,,,,0.1,671.2539627770849,477.53491277262714,1.0,0.0,0.0,0.0,2.0
14305,,,,0.1,678.2366487444089,466.8054983340891,,,0.0,0.0,2.0
14306,0.0008232160638197179,0.17781466978505908,0.0,0.1,683.8594716591352,453.3726897217798,0.0,1.0,0.0,0.0,2.0
14307,0.0009616575309854014,0.2077180266928467,0.0,0.1,684.9739405172894,442.6708695247413,0.0,1.0,0.0,0.0,2.0
14308,0.00323880896021927,0.6995827354073624,0.0,0.1,683.538032584645,426.2764892801148,0.0,1.0,0.0,0.0,2.0
14309,0.0031612142228799617,0.6828222721420718,0.0,0.1,685.6254747389321,418.0812964632217,0.0,1.0,0.0,0.0,2.0
14310,,,,0.1,686.7747606496388,414.7778042890393,0.0,1.0,0.0,0.0,2.0
14311,,,,0.1,687.4925955713198,411.9484437923044,,,0.0,0.0,2.0
14312,,,,0.1,687.3530381427923,404.70983747286095,0.0,1.0,0.0,0.0,2.0
14313,,,,0.1,687.5651028286354,397.8537375567743,,,0.0,0.0,2.0
14314,0.0012338293321446263,0.2665071357432393,0.0,0.1,687.272690931826,391.1992338933969,0.0,1.0,0.0,0.0,2.0
14315,0.0003938876296362973,0.08507972800144023,1.0,0.1,687.2790863907256,385.86501804059935,0.0,1.0,0.0,0.0,2.0
14316,0.001654463891070029,0.35736420047112627,0.0,0.1,687.5810878422639,382.6226344795511,0.0,1.0,0.0,0.0,2.0
14317,0.0008660436652999016,0.18706543170477874,0.0,0.1,688.7470057529956,374.7368927956269,0.0,1.0,0.0,0.0,2.0
14318,0.0018039527907967126,0.3896538028120899,0.0,0.1,692.7514829246439,366.8546776198264,0.0,1.0,0.0,0.0,2.0
14319,0.0006269155723959406,0.13541376363752317,0.0,0.1,702.2935901165874,361.94323459457695,0.0,1.0,0.0,0.0,2.0
14320,0.000976593631954898,0.21094422450225794,0.0,0.1,708.1045758737247,358.6534330390036,0.0,1.0,0.0,0.0,2.0
14321,0.002418008956586215,0.5222899346226225,0.0,0.1,716.3194659387078,355.12446534027447,0.0,1.0,0.0,0.0,2.0
14322,0.0024649455576231756,0.532428240446606,0.0,0.1,724.7505979549992,353.85543649705255,0.0,1.0,0.0,0.0,2.0
14323,0.0011320541798638787,0.24452370285059782,0.0,0.1,730.8382865539116,351.8540348699301,0.0,1.0,0.0,0.0,2.0
14324,0.00047470215480188835,0.10253566543720788,0.0,0.1,741.1867015241985,348.77838922057003,0.0,1.0,0.0,0.0,2.0
14325,0.0021433057866549828,0.4629540499174763,0.0,0.1,745.5208224032211,347.7387644912381,0.0,1.0,0.0,0.0,2.0
14326,0.0016594769716447837,0.3584470258752733,0.0,0.1,755.4984394964417,347.08778483451107,0.0,1.0,0.0,0.0,2.0
14327,0.0031830286813143865,0.6875341951639076,0.0,0.1,763.7510887257836,346.45512707948603,0.0,1.0,0.0,0.0,2.0
14328,0.0008584167584646327,0.18541801982836068,0.0,0.1,768.2540125184436,345.9408064721252,0.0,1.0,0.0,0.0,2.0
14329,0.002835121637421862,0.6123862736831223,0.0,0.1,773.0233900567301,346.0974739812154,0.0,1.0,0.0,0.0,2.0
14330,0.002648361568888374,0.5720460988798888,0.0,0.1,784.9863310838836,344.72060344731045,0.0,1.0,0.0,0.0,2.0
14331,0.0035087245599102587,0.7578845049406159,0.0,0.1,797.7004142904907,339.0025293574674,0.0,1.0,0.0,0.0,2.0
14332,0.0022954012099913944,0.49580666135814117,0.0,0.1,805.5867578576004,333.6913136936201,0.0,1.0,0.0,0.0,2.0
14333,0.0005881646402529499,0.12704356229463717,0.0,0.1,812.9468389283401,330.2218288197058,0.0,1.0,0.0,0.0,2.0
14334,0.0036902387828505264,0.7970915770957138,0.0,0.1,817.0378412874161,328.46155798037205,0.0,1.0,0.0,0.0,2.0
14335,0.003173567332557675,0.6854905438324578,0.0,0.1,830.3915169321891,325.66667374924356,0.0,1.0,0.0,0.0,2.0
14336,0.002607707763155559,0.5632648768416008,0.0,0.1,841.2644660364942,319.51654166846527,0.0,1.0,0.0,0.0,2.0
14337,0.0015304369466999398,0.330574380487187,0.0,0.1,852.1844474268927,313.4864045008128,0.0,1.0,0.0,0.0,2.0
14338,0.002836775050441953,0.6127434108954618,0.0,0.1,857.0995246609974,311.7828097396493,0.0,1.0,0.0,0.0,2.0
14339,0.0037236837883209057,0.8043156982773156,0.0,0.1,866.1765694091312,309.8473233648662,0.0,1.0,0.0,0.0,2.0
14340,0.0033888431895873487,0.7319901289508673,0.0,0.1,872.8005151653967,308.42524078658823,0.0,1.0,0.0,0.0,2.0
14341,0.0040530372327711285,0.8754560422785638,0.0,0.1,886.7747899931613,310.10599985803026,0.0,1.0,0.0,0.0,2.0
14342,0.002312448827520567,0.4994889467444425,0.0,0.1,902.0188845823182,311.5167851296586,0.0,1.0,0.0,0.0,2.0
14343,0.004346282959062823,0.9387971191575698,0.0,0.1,908.8937963561798,314.9828655996236,0.0,1.0,0.0,0.0,2.0
14344,0.003700807901419779,0.7993745067066723,0.0,0.1,922.8861679735015,317.84874970390615,0.0,1.0,0.0,0.0,2.0
14345,0.0004775062304508578,0.10314134577738529,0.0,0.1,932.2162381651175,321.4341204484549,0.0,1.0,0.0,0.0,2.0
14346,0.0019852866083422795,0.4288219074019324,0.0,0.1,936.7659482706111,323.2831455784034,0.0,1.0,0.0,0.0,2.0
14347,0.0014787937275930032,0.3194194451600887,0.0,0.1,937.0289067703268,325.71397238369235,0.0,1.0,0.0,0.0,2.0
14348,0.00128842362715742,0.27829950346600274,0.0,0.1,935.0324057191146,329.4910500211647,0.0,1.0,0.0,0.0,2.0
14349,0.0003526598145814203,0.07617451994958678,1.0,0.1,929.9980472894295,329.52425150857897,0.0,1.0,0.0,0.0,2.0
14350,0.0005987886089171315,0.1293383395261004,0.0,0.1,924.5786354015751,326.82790995886916,0.0,1.0,0.0,0.0,2.0
14351,0.0009376289556564515,0.20252785442179352,0.0,0.1,921.1499182124165,327.8303262457715,0.0,1.0,0.0,0.0,2.0
14352,0.00038519462080605684,0.08320203809410828,1.0,0.1,918.8757129208516,325.1757697319752,0.0,1.0,0.0,0.0,2.0
14353,0.001500022599068265,0.3240048813987453,0.0,0.1,913.345167820448,329.74229560487584,0.0,1.0,0.0,0.0,2.0
14354,0.00254350503981841,0.5493970886007766,0.0,0.1,908.042419309951,339.55405779267863,0.0,1.0,0.0,0.0,2.0
14355,0.001384188907642944,0.2989848040508759,0.0,0.1,897.9710591606388,350.39678662535437,0.0,1.0,0.0,0.0,2.0
14356,0.0017512897581544243,0.37827858776135564,0.0,0.1,890.7426595373304,354.93051425853776,0.0,1.0,0.0,0.0,2.0
14357,0.0019792235763318577,0.42751229248768124,0.0,0.1,876.1752996181087,369.69610591105663,0.0,1.0,0.0,0.0,2.0
14358,0.0021212189362949134,0.45818329023970134,0.0,0.1,861.8024127883798,380.00019371565884,0.0,1.0,0.0,0.0,2.0
14359,0.0007571646439938941,0.16354756310268112,0.0,0.1,848.0077290572931,387.43317814298496,0.0,1.0,0.0,0.0,2.0
14360,0.0008122027682950774,0.17543579795173672,0.0,0.1,,,0.0,1.0,,,2.0
14361,0.0023060773363147123,0.49811270464397783,0.0,0.1,,,0.0,1.0,,,2.0
14362,0.0015829347560136402,0.3419139072989463,0.0,0.1,,,0.0,1.0,,,2.0
14363,0.0012888464685443962,0.27839083720558955,0.0,0.1,,,0.0,1.0,,,2.0
14364,0.0015775680785741042,0.3407547049720065,0.0,0.1,,,0.0,1.0,,,2.0
14365,0.0012384419415059935,0.26750345936529457,0.0,0.1,,,0.0,1.0,,,2.0
14366,0.0007761197704488455,0.1676418704169506,0.0,0.1,,,0.0,1.0,,,2.0
14367,0.00048364512473074016,0.10446734694183987,0.0,0.1,,,0.0,1.0,,,2.0
14368,0.000733335782869074,0.15840052909972,0.0,0.1,,,0.0,1.0,,,2.0
14369,9.633913012623456e-05,0.020809252107266665,1.0,0.1,,,0.0,1.0,,,2.0
14370,0.00032635674407352326,0.07049305671988103,1.0,0.1,,,0.0,1.0,,,2.0
14371,0.00036920366000978735,0.07974799056211407,1.0,0.1,,,0.0,1.0,,,2.0
14372,0.0006192400848115453,0.1337558583192938,0.0,0.1,,,0.0,1.0,,,2.0
14373,9.574637390787222e-05,0.0206812167641004,1.0,0.1,,,0.0,1.0,,,2.0
14374,0.00023780910514780936,0.051366766711926824,1.0,0.1,,,0.0,1.0,,,2.0
14375,0.0006713423635247862,0.14500995052135382,0.0,0.1,,,0.0,1.0,,,2.0
14376,0.00047951550901920154,0.10357534994814753,0.0,0.1,,,0.0,1.0,,,2.0
14377,9.510788678004491e-05,0.020543303544489702,1.0,0.1,,,0.0,1.0,,,2.0
14378,0.0006077399699191115,0.1312718335025281,0.0,0.1,,,0.0,1.0,,,2.0
14379,0.0004950999579042405,0.10694159090731593,0.0,0.1,,,0.0,1.0,,,2.0
14380,0.0007167924874821096,0.15482717729613568,0.0,0.1,,,0.0,1.0,,,2.0
14381,0.0010541306613091046,0.2276922228427666,0.0,0.1,830.258253180802,379.86482796515685,0.0,1.0,0.0,0.0,2.0
14382,0.0002875237451754305,0.06210512895789299,1.0,0.1,836.082087075758,376.66189409414375,0.0,1.0,0.0,0.0,2.0
14383,0.00011195047417686959,0.02418130242220383,1.0,0.1,840.6456266820928,373.82638535684237,0.0,1.0,0.0,0.0,2.0
14384,0.00060776698462156,0.13127766867825696,0.0,0.1,848.358019913432,369.9316431504331,0.0,1.0,0.0,0.0,2.0
14385,0.000885571921343012,0.1912835350100906,0.0,0.1,855.9750658535937,365.20537180873595,0.0,1.0,0.0,0.0,2.0
14386,0.0008234551513750027,0.17786631269700057,0.0,0.1,862.6742540995581,360.385115299328,0.0,1.0,0.0,0.0,2.0
14387,0.0011027132113768823,0.23818605365740658,0.0,0.1,868.0050140342357,356.28772118912656,0.0,1.0,0.0,0.0,2.0
14388,0.0010587728710929865,0.2286949401560851,0.0,0.1,871.3897702680983,353.29110822722004,0.0,1.0,0.0,0.0,2.0
14389,0.0011083297009962679,0.2393992154151939,0.0,0.1,878.5787256053401,350.92381096072495,0.0,1.0,0.0,0.0,2.0
14390,0.00048709192510778615,0.10521185582328181,0.0,0.1,884.2492693817694,345.8530054751026,0.0,1.0,0.0,0.0,2.0
14391,0.0004142751966296533,0.08948344247200511,1.0,0.1,892.7576996974873,340.9427282151256,0.0,1.0,0.0,0.0,2.0
14392,0.0012852438532208715,0.27761267229570824,0.0,0.1,894.2195618855399,339.80162905237444,0.0,1.0,0.0,0.0,2.0
14393,0.0018221014537470395,0.39357391400936054,0.0,0.1,892.4850475976295,333.710951832509,0.0,1.0,0.0,0.0,2.0
14394,0.0004632211094773585,0.10005575964710943,0.0,0.1,893.8668448182256,329.7497439727357,0.0,1.0,0.0,0.0,2.0
14395,0.001300480800677765,0.28090385294639725,0.0,0.1,894.6882729783589,325.64163643042724,0.0,1.0,0.0,0.0,2.0
14396,0.000895534207824317,0.1934353888900525,0.0,0.1,898.2406490428815,323.02240712715275,0.0,1.0,0.0,0.0,2.0
14397,0.0012018759209882978,0.25960519893347234,0.0,0.1,901.4052937190947,322.38325790384675,0.0,1.0,0.0,0.0,2.0
14398,0.002642109719551374,0.5706956994230968,0.0,0.1,906.2790182179954,318.46032566330615,0.0,1.0,0.0,0.0,2.0
14399,0.001953551881654569,0.42196720643738694,0.0,0.1,914.7727887298871,318.38302268123306,0.0,1.0,0.0,0.0,2.0
14400,0.0014907988849855477,0.3220125591568783,0.0,0.1,925.4232182547845,320.4157782077802,0.0,1.0,0.0,0.0,2.0
14401,0.002461629091433426,0.5317118837496201,0.0,0.1,933.1297787181478,322.7771843879193,0.0,1.0,0.0,0.0,2.0
14402,0.0020438641825178405,0.44147466342385355,0.0,0.1,944.3795625054961,325.9032828551655,0.0,1.0,0.0,0.0,2.0
14403,0.001934090636432322,0.4177635774693816,0.0,0.1,952.2768846307182,327.9335847100986,0.0,1.0,0.0,0.0,2.0
14404,0.0017548997332620085,0.37905834238459385,0.0,0.1,957.9655934547961,328.44924519725816,0.0,1.0,0.0,0.0,2.0
14405,0.0008252826871197159,0.17826106041785866,0.0,0.1,966.6313526981412,328.1581518550045,0.0,1.0,0.0,0.0,2.0
14406,0.001493515506378985,0.3225993493778608,0.0,0.1,971.9724275770429,328.8377528611439,0.0,1.0,0.0,0.0,2.0
14407,0.0014817019321681283,0.3200476173483157,0.0,0.1,982.797861374941,331.73379820071597,0.0,1.0,0.0,0.0,2.0
14408,0.001412877644989772,0.3051815713177907,0.0,0.1,990.3703318750092,334.5551838062618,0.0,1.0,0.0,0.0,2.0
14409,0.00040556751609983845,0.08760258347756511,1.0,0.1,998.5269234323696,336.38501723179814,0.0,1.0,0.0,0.0,2.0
14410,0.0026469950176920983,0.5717509238214933,0.0,0.1,1004.0038023481509,338.59451424942523,0.0,1.0,0.0,0.0,2.0
14411,0.002695580579671899,0.5822454052091303,0.0,0.1,1018.127115280852,347.23596415686376,0.0,1.0,0.0,0.0,2.0
14412,0.003292873027202292,0.7112605738756951,0.0,0.1,1031.3432270966898,353.63281409222424,0.0,1.0,0.0,0.0,2.0
14413,0.003426399160056697,0.7401022185722466,0.0,0.1,1038.8843185706125,356.61778665738865,0.0,1.0,0.0,0.0,2.0
14414,0.001268094680774843,0.27390845104736605,0.0,0.1,1042.548625142338,354.7509956207959,0.0,1.0,0.0,0.0,2.0
14415,0.0022709125669123182,0.4905171144530608,0.0,0.1,1043.4111105290838,353.415175359211,0.0,1.0,0.0,0.0,2.0
14416,0.0022974045644617767,0.4962393859237437,0.0,0.1,1053.2774362250664,354.9385858386293,0.0,1.0,0.0,0.0,2.0
14417,0.001937616697210361,0.41852520659743797,0.0,0.1,1065.6963115216286,358.3434730827326,0.0,1.0,0.0,0.0,2.0
14418,0.0017780153056374999,0.3840513060177,0.0,0.1,1076.3239899591413,360.2400310820051,0.0,1.0,0.0,0.0,2.0
14419,0.0017393748566196332,0.37570496902984074,0.0,0.1,1083.2711878733596,366.06801868967045,0.0,1.0,0.0,0.0,2.0
14420,0.001241618010647663,0.2681894902998952,0.0,0.1,,,0.0,1.0,,,2.0
14421,0.0034263739680654944,0.7400967771021468,0.0,0.1,,,0.0,1.0,,,2.0
14422,0.0022473496229282394,0.4854275185524997,0.0,0.1,1118.986317708217,391.6478976797727,0.0,1.0,0.0,0.0,2.0
14423,0.0021247218172918926,0.45893991253504884,0.0,0.1,1122.5502944154252,394.1547695173278,0.0,1.0,0.0,0.0,2.0
14424,0.0018935112719140827,0.4089984347334419,0.0,0.1,1121.9200114068008,394.1527582287822,0.0,1.0,0.0,0.0,2.0
14425,0.0014100660443146413,0.30457426557196254,0.0,0.1,1123.3011275301421,396.8008997260962,0.0,1.0,0.0,0.0,2.0
14426,0.0012594503158679532,0.27204126822747793,0.0,0.1,1126.5491613427032,400.917596258981,0.0,1.0,0.0,0.0,2.0
14427,0.0005304189078626612,0.11457048409833481,0.0,0.1,1128.916107062144,403.4797777253922,0.0,1.0,0.0,0.0,2.0
14428,0.0012034276567058021,0.2599403738484533,0.0,0.1,1129.1700214885664,403.79807583690086,0.0,1.0,0.0,0.0,2.0
14429,0.0009088991592657284,0.19632221840139735,0.0,0.1,1129.8453598896876,406.42779300369074,0.0,1.0,0.0,0.0,2.0
14430,0.001367688301771267,0.2954206731825937,0.0,0.1,1131.2130778049168,408.17875570604906,0.0,1.0,0.0,0.0,2.0
14431,0.0015352703824660292,0.3316184026126623,0.0,0.1,1133.5772376210155,408.456817013003,0.0,1.0,0.0,0.0,2.0
14432,9.962140389851617e-05,0.02151822324207949,1.0,0.1,,,0.0,1.0,,,2.0
14433,0.0012798867446943525,0.27645553685398017,0.0,0.1,,,0.0,1.0,,,2.0
14434,0.002107448715969885,0.45520892264949514,0.0,0.1,,,0.0,1.0,,,2.0
14435,0.0016762457930701588,0.36206909130315434,0.0,0.1,,,0.0,1.0,,,2.0
14436,0.0003245608940799347,0.07010515312126589,1.0,0.1,,,0.0,1.0,,,2.0
14437,0.0013369822434404531,0.2887881645831379,0.0,0.1,,,0.0,1.0,,,2.0
14438,0.0014338884215666175,0.3097198990583894,0.0,0.1,,,0.0,1.0,,,2.0
14439,0.0017142978661122115,0.37028833908023767,0.0,0.1,,,0.0,1.0,,,2.0
14440,0.0023794272383646006,0.5139562834867537,0.0,0.1,,,0.0,1.0,,,2.0
14441,0.0008083651089419352,0.17460686353145802,0.0,0.1,,,0.0,1.0,,,2.0
14442,0.0018699557904931592,0.4039104507465224,0.0,0.1,,,0.0,1.0,,,2.0
14443,0.001603201484620115,0.34629152067794483,0.0,0.1,,,0.0,1.0,,,2.0
14444,0.0018841767944557024,0.4069821876024317,0.0,0.1,,,0.0,1.0,,,2.0
14445,0.0009352740022921965,0.20201918449511447,0.0,0.1,1192.3165018840277,472.78593429121054,0.0,1.0,0.0,0.0,2.0
14446,0.00037516543209668786,0.08103573333288458,1.0,0.1,1193.9042396264713,473.0630874101622,0.0,1.0,0.0,0.0,2.0
14447,0.0016388283724640723,0.3539869284522396,0.0,0.1,1195.3018719326385,472.93333782718105,0.0,1.0,0.0,0.0,2.0
14448,0.0010265110225596151,0.22172638087287688,0.0,0.1,,,0.0,1.0,,,2.0
14449,0.0009669423737766167,0.2088595527357492,0.0,0.1,,,0.0,1.0,,,2.0
14450,0.001994359936447351,0.4307817462726278,0.0,0.1,,,0.0,1.0,,,2.0
14451,0.0016461768148325734,0.3555741920038359,0.0,0.1,,,0.0,1.0,,,2.0
14452,0.0014950934234003676,0.32294017945447945,0.0,0.1,,,0.0,1.0,,,2.0
14453,0.002260433746650016,0.48825368927640345,0.0,0.1,,,0.0,1.0,,,2.0
14454,0.0010886735855060619,0.23515349446930936,0.0,0.1,,,0.0,1.0,,,2.0
14455,0.002000471389974869,0.4321018202345717,0.0,0.1,1237.4134479284285,508.9819006904073,0.0,1.0,0.0,0.0,2.0
14456,0.0016172033513942815,0.3493159239011648,0.0,0.1,1244.1117590546796,514.4172563129024,0.0,1.0,0.0,0.0,2.0
14457,0.0021420296208722,0.4626783981083953,0.0,0.1,1250.4234242519183,520.8744389873963,0.0,1.0,0.0,0.0,2.0
14458,0.002828461707535701,0.6109477288277114,0.0,0.1,1258.7043248036302,528.8751400260312,0.0,1.0,0.0,0.0,2.0
14459,0.001689472904768307,0.36492614742995433,0.0,0.1,1266.957768465647,537.3966972974355,0.0,1.0,0.0,0.0,2.0
14460,0.0014132384378453616,0.3052595025745981,0.0,0.1,1273.194504815798,544.5902007184977,0.0,1.0,0.0,0.0,2.0
14461,0.002326574974981972,0.5025401945961059,0.0,0.1,1283.0084729655987,554.0139002530298,0.0,1.0,0.0,0.0,2.0
14462,0.0007606138648210883,0.16429259480135508,0.0,0.1,1290.2019656548796,561.7089343387527,0.0,1.0,0.0,0.0,2.0
14463,0.00030230405664171225,0.06529767623460986,1.0,0.1,1291.4766814799834,564.0472587696428,0.0,1.0,0.0,0.0,2.0
14464,0.001228611435391059,0.2653800700444688,0.0,0.1,1289.8380222753703,562.7604942746843,0.0,1.0,0.0,0.0,2.0
14465,0.001002775578265367,0.21659952490531928,0.0,0.1,,,0.0,1.0,,,2.0
14466,0.00047015277670617024,0.10155299976853277,0.0,0.1,,,0.0,1.0,,,2.0
14467,0.000528720909741171,0.11420371650409293,0.0,0.1,,,0.0,1.0,,,2.0
14468,6.557372642626303e-05,0.014163924908072814,1.0,0.1,,,0.0,1.0,,,2.0
14469,0.00041217173670658817,0.08902909512862305,1.0,0.1,,,0.0,1.0,,,2.0
14470,0.00041237059358299613,0.08907204821392717,1.0,0.1,,,0.0,1.0,,,2.0
14471,0.00031613120611006444,0.06828434051977392,1.0,0.1,,,0.0,1.0,,,2.0
14472,0.0002595947576294276,0.05607246764795636,1.0,0.1,,,0.0,1.0,,,2.0
14473,0.00032559227773223726,0.07032793199016325,1.0,0.1,,,0.0,1.0,,,2.0
14474,0.0012053974462158648,0.26036584838262683,0.0,0.1,,,0.0,1.0,,,2.0
14475,7.645201858428303e-05,0.016513636014205135,1.0,0.1,,,0.0,1.0,,,2.0
14476,0.000659253693143984,0.14239879771910055,0.0,0.1,,,0.0,1.0,,,2.0
14477,0.0006236843296160749,0.13471581519707218,0.0,0.1,,,0.0,1.0,,,2.0
14478,0.0004283219652164166,0.09251754448674598,1.0,0.1,,,0.0,1.0,,,2.0
14479,4.601539695937546e-05,0.009939325743225098,1.0,0.1,,,0.0,1.0,,,2.0
14480,0.000614632010562227,0.13276051428144103,0.0,0.1,,,0.0,1.0,,,2.0
14481,0.0004853050187991011,0.10482588406060583,0.0,0.1,,,0.0,1.0,,,2.0
14482,0.00025672455055047457,0.05545250291890251,1.0,0.1,,,0.0,1.0,,,2.0
14483,0.00018531095351545705,0.04002716595933872,1.0,0.1,1276.0277650123976,577.2826246942616,0.0,1.0,0.0,0.0,2.0
14484,0.0002422688052707182,0.052330061938475135,1.0,0.1,,,0.0,1.0,,,2.0
14485,0.0006737854937489664,0.14553766664977674,0.0,0.1,,,0.0,1.0,,,2.0
14486,0.00010038457967066796,0.02168306920886428,1.0,0.1,,,0.0,1.0,,,2.0
14487,0.0006288689960567725,0.13583570314826288,0.0,0.1,,,0.0,1.0,,,2.0
14488,0.000266011021364918,0.057458380614822294,1.0,0.1,,,0.0,1.0,,,2.0
14489,0.0002696237369477671,0.0582387271807177,1.0,0.1,1254.0254356489397,570.380164228646,0.0,1.0,0.0,0.0,2.0
14490,0.00017138173433929406,0.03701845461728752,1.0,0.1,,,0.0,1.0,,,2.0
14491,0.001145577553559284,0.24744475156880535,0.0,0.1,,,0.0,1.0,,,2.0
14492,0.0006123690605690232,0.132271717082909,0.0,0.1,1251.6892508584522,569.1479614087009,0.0,1.0,0.0,0.0,2.0
14493,0.0012228543969648948,0.2641365497444173,0.0,0.1,1252.3560586811525,568.9946637223452,0.0,1.0,0.0,0.0,2.0
14494,0.0022952745726272186,0.49577930768747924,0.0,0.1,1249.6361161902296,567.6507244700518,0.0,1.0,0.0,0.0,2.0
14495,0.000887591949747544,0.19171986114546952,0.0,0.1,1244.340501603401,563.0707526113122,0.0,1.0,0.0,0.0,2.0
14496,0.0019381059027763152,0.4186308749996841,0.0,0.1,1240.0268609346133,560.1832034147808,0.0,1.0,0.0,0.0,2.0
14497,0.002147170399483803,0.4637888062885015,0.0,0.1,1228.5479223815578,554.4687645514914,0.0,1.0,0.0,0.0,2.0
14498,0.002365851689238057,0.5110239648754202,0.0,0.1,,,0.0,1.0,,,2.0
14499,0.0014663575086164393,0.3167332218611509,0.0,0.1,,,0.0,1.0,,,2.0
14500,0.0007817647357131729,0.16886118291404534,0.0,0.1,1198.1407627374733,533.9035056501558,0.0,1.0,0.0,0.0,2.0
14501,0.0004692666184084712,0.10136158957622979,0.0,0.1,,,0.0,1.0,,,2.0
14502,0.0012188229712845277,0.26326576179745803,0.0,0.1,1183.5040691899108,530.0298843758137,0.0,1.0,0.0,0.0,2.0
14503,6.726007064889498e-05,0.014528175260161317,1.0,0.1,,,0.0,1.0,,,2.0
14504,0.0005634017097200899,0.12169476929953943,0.0,0.1,,,0.0,1.0,,,2.0
14505,0.001672918355867642,0.3613503648674107,0.0,0.1,,,0.0,1.0,,,2.0
14506,0.00046828045800795194,0.10114857892971763,0.0,0.1,,,0.0,1.0,,,2.0
14507,0.001126134134602855,0.24324497307421666,0.0,0.1,,,0.0,1.0,,,2.0
14508,0.0003362986585366984,0.07264051024392684,1.0,0.1,,,0.0,1.0,,,2.0
14509,0.0002970565762880549,0.06416422047821986,1.0,0.1,,,0.0,1.0,,,2.0
14510,0.0005666226951236991,0.122390502146719,0.0,0.1,,,0.0,1.0,,,2.0
14511,0.00038412883743516913,0.08297182888599654,1.0,0.1,1122.6112491002768,504.63742558156457,0.0,1.0,0.0,0.0,2.0
14512,0.00010941772539507082,0.0236342286853353,1.0,0.1,,,0.0,1.0,,,2.0
14513,9.233907628369167e-05,0.0199452404772774,1.0,0.1,,,0.0,1.0,,,2.0
14514,0.00033486854930540465,0.0723316066499674,1.0,0.1,1114.5683552203795,499.7631432292783,0.0,1.0,0.0,0.0,2.0
14515,0.00029416642366138825,0.06353994751085987,1.0,0.1,1114.9816412958378,497.20493545870113,0.0,1.0,0.0,0.0,2.0
14516,0.0003007922474013456,0.06497112543869066,1.0,0.1,1115.434324819946,496.43028670169633,0.0,1.0,0.0,0.0,2.0
14517,0.0001962843626457433,0.04239742233148055,1.0,0.1,1111.2820809788827,492.73213772142964,0.0,1.0,0.0,0.0,2.0
14518,,,,0.1,1110.2654583296894,490.8666322455828,0.0,1.0,0.0,0.0,2.0
14519,,,,0.1,1102.991169893121,481.2890104449877,,,0.0,0.0,2.0
14520,,,,0.1,,,,,,,2.0
14521,,,,0.1,1098.5814259495041,475.99929836148556,,,0.0,0.0,2.0
14522,,,,0.1,,,,,,,2.0
14523,,,,0.1,,,,,,,2.0
14524,,,,0.1,1102.8331891776133,481.25314990753327,,,0.0,0.0,2.0
14525,0.0001846539028193648,0.039885243008982794,1.0,0.1,1104.2122241951702,483.58447976343615,0.0,1.0,0.0,0.0,2.0
14526,8.982220177344242e-05,0.019401595583063563,1.0,0.1,1110.9547991227385,489.0805908964362,0.0,1.0,0.0,0.0,2.0
14527,0.00022077029533525456,0.04768638379241499,1.0,0.1,1111.2863412253541,489.0984093092625,0.0,1.0,0.0,0.0,2.0
14528,0.0002948032500908256,0.06367750201961833,1.0,0.1,1106.0297959642269,484.7469142819764,0.0,1.0,0.0,0.0,2.0
14529,,,,0.1,1103.3855515996368,484.0337096418195,0.0,1.0,0.0,0.0,2.0
14530,,,,0.1,1101.5879590267482,482.69062244586434,,,0.0,0.0,2.0
14531,0.00166736551443967,0.3601509511189687,0.0,0.1,1099.44404695875,479.93980791144946,0.0,1.0,0.0,0.0,2.0
14532,0.0025161610940651873,0.5434907963180805,0.0,0.1,1096.9861810193026,476.98102350653056,0.0,1.0,0.0,0.0,2.0
14533,,,,0.1,1091.049446262314,469.3460712923643,0.0,1.0,0.0,0.0,2.0
14534,,,,0.1,,,,,,,2.0
14535,0.0006000681025420246,0.12961471014907733,0.0,0.1,,,0.0,1.0,,,2.0
14536,0.0012803099786064963,0.2765469553790032,0.0,0.1,,,0.0,1.0,,,2.0
14537,0.0005441945995105102,0.11754603349427019,0.0,0.1,1097.4220989869,459.5527456299748,0.0,1.0,0.0,0.0,2.0
14538,0.0019389348763341177,0.41880993328816946,0.0,0.1,1104.7248309761342,462.71640078816944,0.0,1.0,0.0,0.0,2.0
14539,0.0017432020878190015,0.37653165096890434,0.0,0.1,1092.3491672773953,455.7790888591595,0.0,1.0,0.0,0.0,2.0
14540,0.002184454454448298,0.47184216216083236,0.0,0.1,,,0.0,1.0,,,2.0
14541,0.0004394320360941865,0.09491731979634428,1.0,0.1,1076.4140275984187,446.9028679553106,0.0,1.0,0.0,0.0,2.0
14542,0.00132730930507575,0.286698809896362,0.0,0.1,1069.2448398237332,444.2651308105486,0.0,1.0,0.0,0.0,2.0
14543,0.0019851885638987633,0.4288007298021329,0.0,0.1,1064.1842928313251,444.2662296470538,0.0,1.0,0.0,0.0,2.0
14544,0.0007916733100056751,0.17100143496122583,0.0,0.1,1054.3948604815228,440.70660900566116,0.0,1.0,0.0,0.0,2.0
14545,0.0011907706005949558,0.2572064497285104,0.0,0.1,1050.468810712924,439.17805021950437,0.0,1.0,0.0,0.0,2.0
14546,0.0009388205198500931,0.2027852322876201,0.0,0.1,1034.46528836371,435.5166578692419,0.0,1.0,0.0,0.0,2.0
14547,0.0007234250434492469,0.15625980938503733,0.0,0.1,1023.540666786927,433.7869334883789,0.0,1.0,0.0,0.0,2.0
14548,0.00034560169543344647,0.07464996621362445,1.0,0.1,1012.5797877387914,432.57444365974493,0.0,1.0,0.0,0.0,2.0
14549,0.00020572744883628783,0.044437128948638174,1.0,0.1,1001.3817489625865,432.16991723534176,0.0,1.0,0.0,0.0,2.0
14550,0.0008273118716008027,0.17869936426577337,0.0,0.1,994.7199066567196,432.8022991144792,0.0,1.0,0.0,0.0,2.0
14551,0.0005106654183689004,0.11030373036768248,0.0,0.1,,,0.0,1.0,,,2.0
14552,0.0007383526720051636,0.15948417715311533,0.0,0.1,,,0.0,1.0,,,2.0
14553,0.0006003081616270295,0.12966656291143835,0.0,0.1,,,0.0,1.0,,,2.0
14554,0.0014095256055927357,0.3044575308080309,0.0,0.1,952.2557893022838,437.0105703781,0.0,1.0,0.0,0.0,2.0
14555,0.0013453302285522334,0.2905913293672824,0.0,0.1,936.0006360546336,436.6775525414331,0.0,1.0,0.0,0.0,2.0
14556,0.001033181769690893,0.22316726225323288,0.0,0.1,926.8688014100371,444.29339338291845,0.0,1.0,0.0,0.0,2.0
14557,0.0017728573104414391,0.38293717905535085,0.0,0.1,918.0674519623087,444.5892200599872,0.0,1.0,0.0,0.0,2.0
14558,0.0013566844368506342,0.29304383835973696,0.0,0.1,904.4085100523679,441.90706606870185,0.0,1.0,0.0,0.0,2.0
14559,0.0013446241308071394,0.29043881225434215,0.0,0.1,898.747346911252,441.11645008874035,0.0,1.0,0.0,0.0,2.0
14560,0.0011927428192497706,0.25763244895795046,0.0,0.1,887.5568359716059,443.70053933739666,0.0,1.0,0.0,0.0,2.0
14561,0.0009633615212917744,0.20808608859902328,0.0,0.1,877.1770118777187,447.0238302787132,0.0,1.0,0.0,0.0,2.0
14562,0.0008615961487431173,0.18610476812851334,0.0,0.1,873.9865804886881,449.0299391999382,0.0,1.0,0.0,0.0,2.0
14563,0.0017743686530527856,0.3832636290594017,0.0,0.1,870.359291748971,447.62244625528297,0.0,1.0,0.0,0.0,2.0
14564,0.001257089038270731,0.27153123226647796,0.0,0.1,861.9552013159592,444.3494348788319,0.0,1.0,0.0,0.0,2.0
14565,0.001163664933178029,0.25135162556645424,0.0,0.1,855.0778713365464,446.1205722458087,0.0,1.0,0.0,0.0,2.0
14566,0.0002426051246712328,0.052402706928986284,1.0,0.1,848.5173084082899,447.6021250605163,0.0,1.0,0.0,0.0,2.0
14567,0.0007802007355748162,0.1685233588841603,0.0,0.1,852.8210433716565,448.30381191605596,0.0,1.0,0.0,0.0,2.0
14568,0.0005183039548499008,0.11195365424757857,0.0,0.1,853.4112854477413,447.9170754443016,0.0,1.0,0.0,0.0,2.0
14569,6.824129195832542e-05,0.01474011906299829,1.0,0.1,856.4941340701774,452.22800091003313,0.0,1.0,0.0,0.0,2.0
14570,0.0007721295150277956,0.16677997524600383,0.0,0.1,859.4875368267712,454.6076263031127,0.0,1.0,0.0,0.0,2.0
14571,0.000685285540192992,0.14802167668168628,0.0,0.1,860.5423801867868,457.12873984472975,0.0,1.0,0.0,0.0,2.0
14572,0.0010563425570975233,0.22816999233306506,0.0,0.1,859.824015788041,458.1130053170403,0.0,1.0,0.0,0.0,2.0
14573,0.0007804175488519575,0.16857019055202282,0.0,0.1,860.5757023346561,461.449994059487,0.0,1.0,0.0,0.0,2.0
14574,0.0016472248171920765,0.3558005605134885,0.0,0.1,860.935509307954,461.78188548650115,0.0,1.0,0.0,0.0,2.0
14575,0.001736738708420686,0.37513556101886825,0.0,0.1,859.6934391234936,463.7217269439216,0.0,1.0,0.0,0.0,2.0
14576,0.0012800986841799084,0.27650131578286025,0.0,0.1,858.1351899727883,466.69352785399576,0.0,1.0,0.0,0.0,2.0
14577,0.001048921105670124,0.2265669588247468,0.0,0.1,857.747405467233,466.74800572376085,0.0,1.0,0.0,0.0,2.0
14578,0.0004939059504319348,0.10668368529329791,0.0,0.1,858.0812538909333,468.18739376618237,0.0,1.0,0.0,0.0,2.0
14579,0.0006624463592968398,0.14308841360811742,0.0,0.1,859.9753568089452,469.5424258343733,0.0,1.0,0.0,0.0,2.0
14580,0.0003877543512109929,0.08375493986157447,1.0,0.1,861.3702953656851,466.70207426147476,0.0,1.0,0.0,0.0,2.0
14581,0.0006404132606048578,0.1383292642906493,0.0,0.1,861.7779771291333,466.2021103112577,0.0,1.0,0.0,0.0,2.0
14582,0.0015201241398959575,0.3283468142175268,0.0,0.1,860.2363866141869,467.4099387877252,0.0,1.0,0.0,0.0,2.0
14583,0.0014003370822548006,0.30247280976703694,0.0,0.1,855.0383295549805,470.4232818452203,0.0,1.0,0.0,0.0,2.0
14584,0.00024401624271741155,0.0527075084269609,1.0,0.1,850.7239162820758,472.5761392192872,0.0,1.0,0.0,0.0,2.0
14585,0.00010215658008865397,0.022065821299149257,1.0,0.1,845.7751793465341,475.56119763417854,0.0,1.0,0.0,0.0,2.0
14586,0.0003000177068750411,0.06480382468500889,1.0,0.1,841.7734711236794,478.35440420622484,0.0,1.0,0.0,0.0,2.0
14587,0.000198426519073856,0.04286012811995289,1.0,0.1,841.4211844036199,481.0340078729365,0.0,1.0,0.0,0.0,2.0
14588,0.000852157264124302,0.18406596905084927,0.0,0.1,840.5551898047441,480.56541401806595,0.0,1.0,0.0,0.0,2.0
14589,0.00032715604005506847,0.0706657046518948,1.0,0.1,840.2090541089746,480.0641919919549,0.0,1.0,0.0,0.0,2.0
14590,0.001314358453641827,0.28390142598663465,0.0,0.1,837.365317662957,481.1843195143081,0.0,1.0,0.0,0.0,2.0
14591,0.0007131415074929709,0.1540385656184817,0.0,0.1,835.3563154223635,486.97839562223504,0.0,1.0,0.0,0.0,2.0
14592,0.0006256548639308399,0.1351414506090614,0.0,0.1,833.5005021251111,487.8899256054689,0.0,1.0,0.0,0.0,2.0
14593,0.0016399486473166794,0.3542289078204028,0.0,0.1,831.9888319346092,488.60741239310215,0.0,1.0,0.0,0.0,2.0
14594,0.00018026857746808545,0.03893801273310646,1.0,0.1,827.4807196011052,489.31676262436497,0.0,1.0,0.0,0.0,2.0
14595,0.0005641595943364132,0.12185847237666524,0.0,0.1,825.3794491464799,490.0901687323488,0.0,1.0,0.0,0.0,2.0
14596,0.0007788356945529309,0.16822851002343306,0.0,0.1,823.1036682021886,490.3688915917231,0.0,1.0,0.0,0.0,2.0
14597,0.0011422772745973274,0.24673189131302273,0.0,0.1,820.7602106316319,493.4246530634961,0.0,1.0,0.0,0.0,2.0
14598,0.00047848955246492815,0.10335374333242447,0.0,0.1,818.5226584571449,495.2102240268874,0.0,1.0,0.0,0.0,2.0
14599,0.0006182956493114442,0.13355186025127194,0.0,0.1,817.9778867260753,497.2621593669258,0.0,1.0,0.0,0.0,2.0
14600,0.0011348386168006529,0.24512514122894105,0.0,0.1,812.1953302432191,499.59299526486353,0.0,1.0,0.0,0.0,2.0
14601,0.0008285612710949298,0.17896923455650485,0.0,0.1,809.1360141425012,503.74642835709307,0.0,1.0,0.0,0.0,2.0
14602,0.00018520833955639412,0.04000500134418113,1.0,0.1,811.1998387245445,502.38772968589507,0.0,1.0,0.0,0.0,2.0
14603,0.0014525929859507635,0.3137600849653649,0.0,0.1,815.2603772018989,499.3104799184054,0.0,1.0,0.0,0.0,2.0
14604,0.0014405839487358723,0.3111661329269484,0.0,0.1,817.4683397232495,495.96385857923286,0.0,1.0,0.0,0.0,2.0
14605,0.003413083658500449,0.737226070236097,0.0,0.1,823.5273024933853,493.80425291359353,0.0,1.0,0.0,0.0,2.0
14606,0.0032847055190475204,0.7094963921142644,0.0,0.1,822.6660947823418,493.3012642608689,0.0,1.0,0.0,0.0,2.0
14607,0.0004932788549314914,0.10654823266520214,0.0,0.1,823.0832069350345,493.35081572350333,0.0,1.0,0.0,0.0,2.0
14608,0.0016635482453840693,0.35932642100295903,0.0,0.1,824.3687941207019,492.97059100288294,0.0,1.0,0.0,0.0,2.0
14609,0.0003613801990624193,0.07805812299748258,1.0,0.1,827.9324083823143,486.09762926439424,0.0,1.0,0.0,0.0,2.0
14610,0.0003408170859309169,0.07361649056107805,1.0,0.1,828.7425634275011,483.299139778281,0.0,1.0,0.0,0.0,2.0
14611,0.00034736686068717815,0.07503124190843048,1.0,0.1,828.5643080772373,483.913379668419,0.0,1.0,0.0,0.0,2.0
14612,0.00028936979738594453,0.06250387623536402,1.0,0.1,827.719640754918,485.4240003773024,0.0,1.0,0.0,0.0,2.0
14613,0.0008452459163759561,0.18257311793720654,0.0,0.1,827.1494528222839,486.1185572897395,0.0,1.0,0.0,0.0,2.0
14614,0.00029623637459532266,0.0639870569125897,1.0,0.1,825.1226359636328,488.9739356218873,0.0,1.0,0.0,0.0,2.0
14615,0.0004463501624520248,0.09641163508963736,1.0,0.1,824.3822288165084,490.83122565888857,0.0,1.0,0.0,0.0,2.0
14616,0.00026853795525656537,0.05800419833541812,1.0,0.1,824.4632629908183,493.77935801336423,0.0,1.0,0.0,0.0,2.0
14617,0.0006434550913306704,0.13898629972742482,0.0,0.1,824.3329676973183,493.98052298282477,0.0,1.0,0.0,0.0,2.0
14618,0.0003338057057938523,0.07210203245147209,1.0,0.1,824.7776174662879,492.0135487542035,0.0,1.0,0.0,0.0,2.0
14619,0.00016360615701467367,0.035338929915169515,1.0,0.1,826.5380503985175,488.7110007347279,0.0,1.0,0.0,0.0,2.0
14620,0.0003175892011425587,0.06859926744679268,1.0,0.1,830.285737177467,487.5191411461382,0.0,1.0,0.0,0.0,2.0
14621,4.529376577786316e-05,0.009783453408018443,1.0,0.1,834.4792286788321,489.13636947422157,0.0,1.0,0.0,0.0,2.0
14622,0.0005181386421715141,0.11191794670904705,0.0,0.1,834.6844794689067,489.69175331232276,0.0,1.0,0.0,0.0,2.0
14623,0.00047795749411492263,0.10323881872882329,0.0,0.1,832.2852349587699,491.13600505581053,0.0,1.0,0.0,0.0,2.0
14624,0.00022112277428453075,0.04776251924545864,1.0,0.1,832.3668735779686,491.4911801064641,0.0,1.0,0.0,0.0,2.0
14625,0.00029012515636848984,0.06266703377559381,1.0,0.1,832.3252805318933,491.170474943618,0.0,1.0,0.0,0.0,2.0
14626,0.0004321881905239414,0.09335264915317135,1.0,0.1,831.0331536574532,490.61404828670237,0.0,1.0,0.0,0.0,2.0
14627,0.000671311072473157,0.14500319165420192,0.0,0.1,832.5339963433091,492.4172351966304,0.0,1.0,0.0,0.0,2.0
14628,0.0008731241504547815,0.18859481649823281,0.0,0.1,,,0.0,1.0,,,2.0
14629,,,,0.1,,,0.0,1.0,,,2.0
14630,,,,0.1,835.1291302075562,500.525530538986,,,0.0,0.0,2.0
14631,0.000788058321968909,0.17022059754528435,0.0,0.1,836.5179340746306,502.2381594263487,0.0,1.0,0.0,0.0,2.0
14632,0.0011063329272979136,0.23896791229634934,0.0,0.1,,,0.0,1.0,,,2.0
14633,0.0008947079739749564,0.19325692237859057,0.0,0.1,,,0.0,1.0,,,2.0
14634,0.0006719342517949833,0.1451377983877164,0.0,0.1,,,0.0,1.0,,,2.0
14635,,,,0.1,,,0.0,1.0,,,2.0
14636,,,,0.1,,,,,,,2.0
14637,,,,0.1,,,,,,,2.0
14638,,,,0.1,,,,,,,2.0
14639,,,,0.1,,,,,,,2.0
14640,,,,0.1,,,,,,,2.0
14641,,,,0.1,,,,,,,2.0
14642,,,,0.1,,,,,,,2.0
14643,,,,0.1,,,,,,,2.0
14644,,,,0.1,,,,,,,2.0
14645,,,,0.1,,,,,,,2.0
14646,,,,0.1,,,,,,,2.0
14647,,,,0.1,,,,,,,2.0
14648,,,,0.1,,,,,,,2.0
14649,,,,0.1,,,,,,,2.0
14650,,,,0.1,802.2920949041214,505.2814626344881,,,0.0,0.0,2.0
14651,,,,0.1,801.3879049205975,500.20067076170255,,,0.0,0.0,2.0
14652,,,,0.1,803.7886357520028,497.69619389436787,,,0.0,0.0,2.0
14653,,,,0.1,,,,,,,2.0
14654,,,,0.1,,,,,,,2.0
14655,,,,0.1,,,,,,,2.0
14656,9.402983423038431e-05,0.020310444193763013,1.0,0.1,,,0.0,1.0,,,2.0
14657,0.0006020523324013908,0.1300433037987004,0.0,0.1,,,0.0,1.0,,,2.0
14658,0.0026960079882503924,0.5823377254620847,0.0,0.1,791.9901867127011,507.86681258707324,0.0,1.0,0.0,0.0,2.0
14659,0.0019173021348814333,0.4141372611343896,0.0,0.1,786.9563460090718,505.42014731955953,0.0,1.0,0.0,0.0,2.0
14660,0.002055470637198312,0.44398165763483544,0.0,0.1,780.1978239171941,505.3598357132864,0.0,1.0,0.0,0.0,2.0
14661,0.0014015044150635016,0.3027249536537163,0.0,0.1,774.8092383496338,501.7432821637085,0.0,1.0,0.0,0.0,2.0
14662,0.001098143869915654,0.2371990759017813,0.0,0.1,768.0945916338873,498.5031992745311,0.0,1.0,0.0,0.0,2.0
14663,0.002912453968001721,0.6290900570883717,0.0,0.1,750.2087635805422,495.1532032278712,0.0,1.0,0.0,0.0,2.0
14664,0.0007485437438158166,0.16168544866421639,0.0,0.1,,,0.0,1.0,,,2.0
14665,0.0005099629741542387,0.11015200241731556,0.0,0.1,,,0.0,1.0,,,2.0
14666,0.0005411806109881239,0.11689501197343476,0.0,0.1,,,0.0,1.0,,,2.0
14667,,,,0.1,704.1575305276502,490.99291758889916,0.0,1.0,0.0,0.0,2.0
14668,,,,0.1,694.4734310257427,488.49778541158634,,,0.0,0.0,2.0
14669,0.0015079760276309874,0.3257228219682933,0.0,0.1,685.6880417391304,487.20623194407784,0.0,1.0,0.0,0.0,2.0
14670,0.0006751134374805043,0.14582450249578893,0.0,0.1,677.8321920325624,486.37956049621306,0.0,1.0,0.0,0.0,2.0
14671,0.0013470110665968595,0.29095439038492166,0.0,0.1,673.9453242184285,485.9742553207313,0.0,1.0,0.0,0.0,2.0
14672,0.0011085351807447676,0.23944359904086981,0.0,0.1,669.1232394343799,486.05281772342795,0.0,1.0,0.0,0.0,2.0
14673,0.001187942292082121,0.2565955350897382,0.0,0.1,661.7430937581253,482.89870676573554,0.0,1.0,0.0,0.0,2.0
14674,0.0009031691296566663,0.19508453200583992,0.0,0.1,655.5773940191733,481.11743858584447,0.0,1.0,0.0,0.0,2.0
14675,0.0005090304988237353,0.10995058774592682,0.0,0.1,649.0280358264865,481.8659577272745,0.0,1.0,0.0,0.0,2.0
14676,0.0005700141762884056,0.12312306207829561,0.0,0.1,645.7819956366321,480.9207029509513,0.0,1.0,0.0,0.0,2.0
14677,0.0005148191875650372,0.11120094451404804,0.0,0.1,639.386646251011,476.3693924306638,0.0,1.0,0.0,0.0,2.0
14678,0.000671510827150946,0.14504633866460434,0.0,0.1,634.7940192879831,473.7148956043188,0.0,1.0,0.0,0.0,2.0
14679,0.0005158701712277416,0.11142795698519219,0.0,0.1,633.4533821701061,472.4769763076823,0.0,1.0,0.0,0.0,2.0
14680,0.0002214498296321442,0.04783316320054315,1.0,0.1,634.3052611145653,472.40217189241173,0.0,1.0,0.0,0.0,2.0
14681,0.00075374358581331,0.16280861453567497,0.0,0.1,636.3242006566788,472.8020403325909,0.0,1.0,0.0,0.0,2.0
14682,0.0002857940439035243,0.061731513483161256,1.0,0.1,641.8698674692517,473.36832699184697,0.0,1.0,0.0,0.0,2.0
14683,0.0005061506091371836,0.10932853157363166,0.0,0.1,645.9973919691563,472.00793374735287,0.0,1.0,0.0,0.0,2.0
14684,0.0003647330284756715,0.07878233415074504,1.0,0.1,648.6597199770225,471.35288805268846,0.0,1.0,0.0,0.0,2.0
14685,0.0007174997417549943,0.15497994421907876,0.0,0.1,650.4322607828599,470.74811355291547,0.0,1.0,0.0,0.0,2.0
14686,0.0009961463129669612,0.21516760360086362,0.0,0.1,651.9768735740593,469.2919907399067,0.0,1.0,0.0,0.0,2.0
14687,0.0011591098685117668,0.25036773159854164,0.0,0.1,,,0.0,1.0,,,2.0
14688,0.0003278390254383366,0.07081322949468072,1.0,0.1,,,0.0,1.0,,,2.0
14689,0.00038630860344039415,0.08344265834312514,1.0,0.1,,,0.0,1.0,,,2.0
14690,0.0003512899258070012,0.07587862397431226,1.0,0.1,,,0.0,1.0,,,2.0
14691,0.0011242631228528715,0.24284083453622024,0.0,0.1,,,0.0,1.0,,,2.0
14692,0.0006880913692202044,0.14862773575156416,0.0,0.1,,,0.0,1.0,,,2.0
14693,0.0009120142002635696,0.19699506725693103,0.0,0.1,,,0.0,1.0,,,2.0
14694,0.0008489334118003983,0.18336961694888604,0.0,0.1,683.9555922604089,456.30160967083236,0.0,1.0,0.0,0.0,2.0
14695,0.0012542446644725825,0.2709168475260778,0.0,0.1,,,0.0,1.0,,,2.0
14696,0.001279724528580057,0.2764204981732923,0.0,0.1,,,0.0,1.0,,,2.0
14697,0.0007696794371168184,0.16625075841723277,0.0,0.1,,,0.0,1.0,,,2.0
14698,0.0006948392449191819,0.1500852769025433,0.0,0.1,,,0.0,1.0,,,2.0
14699,0.0010556691485321401,0.22802453608294226,0.0,0.1,,,0.0,1.0,,,2.0
14700,0.0012068199317357602,0.2606731052549242,0.0,0.1,694.2159999833324,452.991182351505,0.0,1.0,0.0,0.0,2.0
14701,0.00014520776155846712,0.031364876496628905,1.0,0.1,687.8880305950543,453.4269528930383,0.0,1.0,0.0,0.0,2.0
14702,0.0003821247587100282,0.08253894788136609,1.0,0.1,678.8356611188603,448.3979812991657,0.0,1.0,0.0,0.0,2.0
14703,0.00023467943441759522,0.050690757834200566,1.0,0.1,673.1900904499129,446.1098911954948,0.0,1.0,0.0,0.0,2.0
14704,0.0004286841116236224,0.09259576811070244,1.0,0.1,658.447537734799,441.02237760756674,0.0,1.0,0.0,0.0,2.0
14705,0.0006145837202397829,0.1327500835717931,0.0,0.1,644.990175821384,435.4803874817617,0.0,1.0,0.0,0.0,2.0
14706,0.00015040415317574504,0.03248729708596093,1.0,0.1,635.57475763988,431.8151210882641,0.0,1.0,0.0,0.0,2.0
14707,0.00018119087698441572,0.0391372294286338,1.0,0.1,630.857117799875,431.51907435971145,0.0,1.0,0.0,0.0,2.0
14708,0.001033665517414626,0.2232717517615592,0.0,0.1,622.3826212501723,430.28968099735664,0.0,1.0,0.0,0.0,2.0
14709,0.0009282426709550993,0.20050041692630147,0.0,0.1,613.8208031129673,430.01068851322617,0.0,1.0,0.0,0.0,2.0
14710,0.0007857172830001626,0.16971493312803512,0.0,0.1,606.8301438756434,429.62750841014275,0.0,1.0,0.0,0.0,2.0
14711,0.0009522205583770516,0.20567964060944313,0.0,0.1,596.234397281137,429.49728158413114,0.0,1.0,0.0,0.0,2.0
14712,0.0017519345404949514,0.37841786074690953,0.0,0.1,589.4638065726986,431.0200144734612,0.0,1.0,0.0,0.0,2.0
14713,0.002536544401911886,0.5478935908129674,0.0,0.1,579.3638093035725,434.5647759344401,0.0,1.0,0.0,0.0,2.0
14714,,,,0.1,568.9554997079575,438.5886573719569,0.0,1.0,0.0,0.0,2.0
14715,,,,0.1,562.6314993358416,439.6130084558646,,,0.0,0.0,2.0
14716,0.0018315167314203692,0.3956076139867997,0.0,0.1,559.2945947109187,441.37143051050276,0.0,1.0,0.0,0.0,2.0
14717,0.001600573051931349,0.3457237792171714,0.0,0.1,548.0169926715819,447.0703081819593,0.0,1.0,0.0,0.0,2.0
14718,0.0017838342612880433,0.38530820043821734,0.0,0.1,536.0801737359658,452.34614997107275,0.0,1.0,0.0,0.0,2.0
14719,0.0020738195493184564,0.4479450226527866,0.0,0.1,522.8575271711958,458.88261620814,0.0,1.0,0.0,0.0,2.0
14720,0.0015219860544547286,0.3287489877622214,0.0,0.1,510.9442788960098,465.5013258319382,0.0,1.0,0.0,0.0,2.0
14721,0.0018039844371658166,0.3896606384278164,0.0,0.1,508.37621362600635,467.88358726968625,0.0,1.0,0.0,0.0,2.0
14722,0.0025368873502124526,0.5479676676458898,0.0,0.1,502.03634695666295,470.16797231855145,0.0,1.0,0.0,0.0,2.0
14723,0.0027428193509642673,0.5924489798082818,0.0,0.1,492.5752996983262,474.83723375251566,0.0,1.0,0.0,0.0,2.0
14724,0.0010242779457326412,0.22124403627825048,0.0,0.1,476.2555171022353,484.23619796873857,0.0,1.0,0.0,0.0,2.0
14725,0.002753418528995763,0.5947384022630848,0.0,0.1,471.63651571581903,486.1657780061034,0.0,1.0,0.0,0.0,2.0
14726,0.0040592960430727845,0.8768079453037214,0.0,0.1,459.9897632670405,490.84473199710305,0.0,1.0,0.0,0.0,2.0
14727,0.0023537222254549593,0.5084040006982712,0.0,0.1,452.8785998591689,490.5165500421813,0.0,1.0,0.0,0.0,2.0
14728,0.003084795200910451,0.6663157633966574,0.0,0.1,445.02661561368126,492.1903497210346,0.0,1.0,0.0,0.0,2.0
14729,,,,0.1,432.66012132801063,495.77766558221236,0.0,1.0,0.0,0.0,2.0
14730,,,,0.1,427.3495174855671,498.0539157497409,,,0.0,0.0,2.0
14731,0.0020112991162269233,0.4344406091050154,0.0,0.1,415.1782684776399,505.02771895533067,0.0,1.0,0.0,0.0,2.0
14732,0.0034816824334559793,0.7520434056264915,0.0,0.1,404.72991063390634,511.1481252661908,0.0,1.0,0.0,0.0,2.0
14733,0.001949856947428543,0.4211691006445653,0.0,0.1,396.0796640985629,515.6755396617677,0.0,1.0,0.0,0.0,2.0
14734,0.0026148779473939565,0.5648136366370946,0.0,0.1,393.2248244846098,516.3025039335425,0.0,1.0,0.0,0.0,2.0
14735,0.0028351846660502112,0.6123998878668456,0.0,0.1,383.935176370644,523.9813258583907,0.0,1.0,0.0,0.0,2.0
14736,0.002223710366739545,0.48032143921574166,0.0,0.1,372.52296061138077,532.3706857513247,0.0,1.0,0.0,0.0,2.0
14737,0.0027249500177142796,0.5885892038262844,0.0,0.1,364.4037165083053,536.4667509654981,0.0,1.0,0.0,0.0,2.0
14738,0.0016219260865546709,0.3503360346958089,0.0,0.1,356.9325455205844,543.281769179748,0.0,1.0,0.0,0.0,2.0
14739,0.0018691402893479072,0.40373430249914793,0.0,0.1,355.23149690441613,544.6490902168276,0.0,1.0,0.0,0.0,2.0
14740,0.0012004795745323414,0.25930358809898574,0.0,0.1,351.66871558676326,547.0051320163702,0.0,1.0,0.0,0.0,2.0
14741,0.0015836637218721737,0.3420713639243895,0.0,0.1,348.5346165402542,546.2303333657574,0.0,1.0,0.0,0.0,2.0
14742,0.0003583460644441656,0.07740274991993977,1.0,0.1,343.8835591017133,548.8603676411868,0.0,1.0,0.0,0.0,2.0
14743,0.0027670546167895063,0.5976837972265334,0.0,0.1,341.26042517636654,550.9632606766805,0.0,1.0,0.0,0.0,2.0
14744,0.0009553984377271807,0.20636606254907103,0.0,0.1,335.4674684990666,554.3292449775263,0.0,1.0,0.0,0.0,2.0
14745,0.0011509695482572566,0.24860942242356743,0.0,0.1,330.2649159722533,557.6034197597265,0.0,1.0,0.0,0.0,2.0
14746,0.0017142049262899724,0.37026826407863406,0.0,0.1,323.9251220970704,563.3642907851225,0.0,1.0,0.0,0.0,2.0
14747,0.0004968714542744941,0.10732423412329072,0.0,0.1,313.85635781482404,573.3563561421406,0.0,1.0,0.0,0.0,2.0
14748,0.0015938316900500724,0.34426764505081564,0.0,0.1,309.73355168178466,576.9310226505694,0.0,1.0,0.0,0.0,2.0
14749,0.0010463107737468495,0.2260031271293195,0.0,0.1,300.6314737350373,584.6268598638045,0.0,1.0,0.0,0.0,2.0
14750,0.003189191467482373,0.6888653569761927,0.0,0.1,296.51458749983726,588.2247067755319,0.0,1.0,0.0,0.0,2.0
14751,0.0012895172893937447,0.27853573450904884,0.0,0.1,289.7579228735746,595.4989285242248,0.0,1.0,0.0,0.0,2.0
14752,0.002097382394391349,0.45303459718853145,0.0,0.1,285.32345650611063,600.9216444216215,0.0,1.0,0.0,0.0,2.0
14753,0.0025291637568748307,0.5462993714849634,0.0,0.1,,,0.0,1.0,,,2.0
14754,0.002691810892422963,0.58143115276336,0.0,0.1,269.5656304154521,617.8721517550763,0.0,1.0,0.0,0.0,2.0
14755,0.00193576185115283,0.41812455984901126,0.0,0.1,266.77130827603673,619.9579778373871,0.0,1.0,0.0,0.0,2.0
14756,0.0007296370363553493,0.15760159985275546,0.0,0.1,265.6980804572559,620.5296372924976,0.0,1.0,0.0,0.0,2.0
14757,0.0008821559195664868,0.19054567862636115,0.0,0.1,265.23926419667015,621.4908742674671,0.0,1.0,0.0,0.0,2.0
14758,0.0009107706675227262,0.19672646418490886,0.0,0.1,266.5818345191574,621.4140203805349,0.0,1.0,0.0,0.0,2.0
14759,0.0009515635698858286,0.205537731095339,0.0,0.1,265.8823791406277,624.0323577400064,0.0,1.0,0.0,0.0,2.0
14760,0.0006844907824782296,0.1478500090152976,0.0,0.1,264.4692834641457,626.9544643262896,0.0,1.0,0.0,0.0,2.0
14761,0.0007298437758493429,0.15764625558345807,0.0,0.1,263.2857393492781,628.8648045120528,0.0,1.0,0.0,0.0,2.0
14762,0.0004616835290960015,0.09972364228473633,1.0,0.1,265.15807336606446,631.4905036372403,0.0,1.0,0.0,0.0,2.0
14763,0.0012959756825376113,0.27993074742812407,0.0,0.1,267.52812942048246,634.4831477380352,0.0,1.0,0.0,0.0,2.0
14764,,,,0.1,266.5724917426742,641.5793768055645,0.0,1.0,0.0,0.0,2.0
14765,,,,0.1,265.78960043905374,645.8166239408367,,,0.0,0.0,2.0
14766,0.0006576062377880565,0.14204294736222023,0.0,0.1,264.75047081619203,647.5825345628338,1.0,0.0,0.0,0.0,2.0
14767,0.0007043109440370871,0.15213116391201081,0.0,0.1,262.32509512541543,651.798916696102,1.0,0.0,0.0,0.0,2.0
14768,0.0009704874462038295,0.20962528838002717,0.0,0.1,262.43744917593494,654.2070350492797,1.0,0.0,0.0,0.0,2.0
14769,0.0005137154183478187,0.11096253036312885,0.0,0.1,260.3052431424315,659.4576711717963,1.0,0.0,0.0,0.0,2.0
14770,0.0006426232182798831,0.13880661514845474,0.0,0.1,258.45388090154756,661.1374551757858,1.0,0.0,0.0,0.0,2.0
14771,0.0010082401056621924,0.21777986282303355,0.0,0.1,258.98011351796225,663.1299847083652,1.0,0.0,0.0,0.0,2.0
14772,0.0008042871163775643,0.17372601713755387,0.0,0.1,256.32916598852006,666.3099234397649,1.0,0.0,0.0,0.0,2.0
14773,0.0012139478629448097,0.2622127383960789,0.0,0.1,255.67430697438843,668.9454567406938,1.0,0.0,0.0,0.0,2.0
14774,0.00022388339435786646,0.04835881318129916,1.0,0.1,255.04030762094024,671.9872016026875,1.0,0.0,0.0,0.0,2.0
14775,0.0011432889489864156,0.24695041298106576,0.0,0.1,254.87707977224102,673.9102299731953,1.0,0.0,0.0,0.0,2.0
14776,0.0012044269550664703,0.2601562222943576,0.0,0.1,252.7780523412781,678.8038964858079,1.0,0.0,0.0,0.0,2.0
14777,0.0007277192404878089,0.15718735594536673,0.0,0.1,250.5213088605142,684.5438397804106,1.0,0.0,0.0,0.0,2.0
14778,0.00019336300019670856,0.041766408042489045,1.0,0.1,248.92597628886236,687.6765488426678,1.0,0.0,0.0,0.0,2.0
14779,0.0008717844073105064,0.18830543197906938,0.0,0.1,249.14985565875264,687.52835693899,1.0,0.0,0.0,0.0,2.0
14780,0.001165044019423738,0.25164950819552745,0.0,0.1,247.23371476033287,690.6408448848911,1.0,0.0,0.0,0.0,2.0
14781,0.001741822291461854,0.37623361495576046,0.0,0.1,245.02240100337806,693.8120663779611,1.0,0.0,0.0,0.0,2.0
14782,0.0021828136617465833,0.4714877509372621,0.0,0.1,243.2907830835665,697.4588653429437,1.0,0.0,0.0,0.0,2.0
14783,0.0014797231609120361,0.3196202027569998,0.0,0.1,241.47799570823418,699.6124767857604,1.0,0.0,0.0,0.0,2.0
14784,0.0013722107117544128,0.2963975137389532,0.0,0.1,240.16583846751163,700.6120408703694,1.0,0.0,0.0,0.0,2.0
14785,0.0013228006774020232,0.28572494631883705,0.0,0.1,235.3173579824313,705.9325020256126,1.0,0.0,0.0,0.0,2.0
14786,0.0011685622225831502,0.25240944007796046,0.0,0.1,232.83628424808182,708.6534894710611,1.0,0.0,0.0,0.0,2.0
14787,0.0009796019068122922,0.21159401187145513,0.0,0.1,230.47408057512186,711.1185990055542,1.0,0.0,0.0,0.0,2.0
14788,0.0019251361003802348,0.4158293976821307,0.0,0.1,229.40374032360208,711.6833771187142,1.0,0.0,0.0,0.0,2.0
14789,0.001002615711793199,0.21656499374733096,0.0,0.1,234.46673004367713,708.5914306500281,1.0,0.0,0.0,0.0,2.0
14790,0.0010734797583186618,0.231871627796831,0.0,0.1,242.4036501819441,703.1506420471529,1.0,0.0,0.0,0.0,2.0
14791,0.0010486122598570658,0.2265002481291262,0.0,0.1,,,1.0,0.0,,,2.0
14792,0.00043788921545651126,0.09458407053860643,1.0,0.1,255.12725535906543,696.448730632164,1.0,0.0,0.0,0.0,2.0
14793,7.304909725028829e-05,0.015778605006062273,1.0,0.1,255.89643453199338,694.9665348145337,1.0,0.0,0.0,0.0,2.0
14794,0.00023946085640382884,0.05172354498322703,1.0,0.1,256.3460155056498,693.2936065296916,1.0,0.0,0.0,0.0,2.0
14795,0.0014506506201501558,0.31334053395243366,0.0,0.1,261.20917342326766,689.2770379648463,1.0,0.0,0.0,0.0,2.0
14796,0.0007820242446031271,0.16891723683427545,0.0,0.1,273.70883539541876,682.4305114449671,1.0,0.0,0.0,0.0,2.0
14797,0.0008012991823976581,0.17308062339789415,0.0,0.1,281.48971876583,679.5404657678531,1.0,0.0,0.0,0.0,2.0
14798,0.00045263458400564006,0.09776907014521825,1.0,0.1,286.9564551189563,678.7390842258349,1.0,0.0,0.0,0.0,2.0
14799,0.00026787091561175213,0.05786011777213846,1.0,0.1,292.4758785769897,677.0164779071508,1.0,0.0,0.0,0.0,2.0
14800,0.0007014316740625551,0.15150924159751192,0.0,0.1,294.9348768054874,675.889529808061,1.0,0.0,0.0,0.0,2.0
14801,0.0004534123543412369,0.09793706853770717,1.0,0.1,297.9396396418318,671.7333360605766,1.0,0.0,0.0,0.0,2.0
14802,0.0007703819813989148,0.1664025079821656,0.0,0.1,299.42303890501734,669.59239841197,1.0,0.0,0.0,0.0,2.0
14803,0.00036106540292833164,0.07799012703251963,1.0,0.1,299.5855368196929,668.8797738823866,1.0,0.0,0.0,0.0,2.0
14804,0.0003337032922652979,0.07207991112930434,1.0,0.1,298.5447475713225,670.0133186184632,1.0,0.0,0.0,0.0,2.0
14805,0.00014335371119384368,0.030964401617870237,1.0,0.1,299.2054885994776,669.4494496556948,1.0,0.0,0.0,0.0,2.0
14806,0.0005659282605582597,0.1222405042805841,0.0,0.1,299.1738918431472,670.2917201859534,1.0,0.0,0.0,0.0,2.0
14807,0.0010267553843986469,0.22177916303010772,0.0,0.1,301.85673566340097,667.7349547932988,1.0,0.0,0.0,0.0,2.0
14808,0.0006404207834401068,0.13833088922306305,0.0,0.1,298.6370151421404,669.7564993090024,1.0,0.0,0.0,0.0,2.0
14809,0.0008070124993405906,0.1743146998575676,0.0,0.1,297.2447255025953,670.9886415088222,1.0,0.0,0.0,0.0,2.0
14810,0.0005119740571482933,0.11058639634403135,0.0,0.1,297.7929077777111,670.5127453852855,1.0,0.0,0.0,0.0,2.0
14811,0.0007134699865248081,0.15410951708935858,0.0,0.1,298.15728258460507,670.6065362343237,1.0,0.0,0.0,0.0,2.0
14812,0.0005831145303371239,0.12595273855281874,0.0,0.1,299.44453525572345,669.3664970323847,1.0,0.0,0.0,0.0,2.0
14813,0.00096610797572811,0.20867932275727175,0.0,0.1,301.6052063724737,666.9655541691997,1.0,0.0,0.0,0.0,2.0
14814,0.000234699221624392,0.05069503187086868,1.0,0.1,303.3939000015522,664.1676209365698,1.0,0.0,0.0,0.0,2.0
14815,8.612356463311891e-05,0.018602689960753684,1.0,0.1,301.2476606417306,665.3257160960023,1.0,0.0,0.0,0.0,2.0
14816,0.0011741285877146796,0.2536117749463708,0.0,0.1,299.36496708840735,666.5288761687319,1.0,0.0,0.0,0.0,2.0
14817,0.0008433843030799061,0.18217100946525971,0.0,0.1,301.0726799840144,664.4232293608776,1.0,0.0,0.0,0.0,2.0
14818,0.0011105101259897621,0.2398701872137886,0.0,0.1,299.47365981451134,657.1344635033856,1.0,0.0,0.0,0.0,2.0
14819,0.00023941556937300676,0.05171376298456946,1.0,0.1,297.44101358739465,652.3332643676316,1.0,0.0,0.0,0.0,2.0
14820,0.0007753592265137632,0.16747759292697287,0.0,0.1,293.57405935454074,654.2296505205328,1.0,0.0,0.0,0.0,2.0
14821,0.00044584756346893246,0.09630307370928942,1.0,0.1,288.38598920346806,653.723951625869,1.0,0.0,0.0,0.0,2.0
14822,0.00031052825931649744,0.06707410401236345,1.0,0.1,289.2238152245641,650.9897323429088,1.0,0.0,0.0,0.0,2.0
14823,0.00020648811296033456,0.04460143239943227,1.0,0.1,285.2896498115633,653.4263424494978,1.0,0.0,0.0,0.0,2.0
14824,0.0009959559429401023,0.2151264836750621,0.0,0.1,278.66911167203614,657.9635603532499,1.0,0.0,0.0,0.0,2.0
14825,0.0011905652254501102,0.2571620886972238,0.0,0.1,265.89643600204994,663.6820369279744,1.0,0.0,0.0,0.0,2.0
14826,,,,0.1,256.2212170744947,668.2202552714729,1.0,0.0,0.0,0.0,2.0
14827,,,,0.1,247.92093601254547,672.1993232731137,,,0.0,0.0,2.0
14828,0.0007850019514777779,0.16956042151920003,0.0,0.1,246.31733378231726,671.1371426910016,1.0,0.0,0.0,0.0,2.0
14829,0.0025305755661320438,0.5466043222845215,0.0,0.1,246.10396007514964,670.2862541075745,1.0,0.0,0.0,0.0,2.0
14830,0.0007117959913913397,0.15374793414052937,0.0,0.1,245.98381966908806,670.5846296420332,1.0,0.0,0.0,0.0,2.0
14831,0.0014574179401696415,0.31480227507664255,0.0,0.1,245.35230303104314,670.9765633881714,1.0,0.0,0.0,0.0,2.0
14832,0.0005593650178381088,0.12082284385303152,0.0,0.1,244.80894468772973,672.7081563272079,1.0,0.0,0.0,0.0,2.0
14833,0.0011160377375622535,0.24106415131344675,0.0,0.1,242.3450138583575,675.7547578686928,1.0,0.0,0.0,0.0,2.0
14834,0.0008267550770933985,0.17857909665217409,0.0,0.1,241.29957030577143,677.1223907916376,1.0,0.0,0.0,0.0,2.0
14835,0.0007173874956491886,0.15495569906022474,0.0,0.1,241.8221860137896,675.3690987856226,1.0,0.0,0.0,0.0,2.0
14836,0.000888136616167845,0.19183750909225453,0.0,0.1,240.50205149817748,677.3593499983376,1.0,0.0,0.0,0.0,2.0
14837,0.0002647765001461795,0.05719172403157478,1.0,0.1,237.13034466590844,681.8549132316024,1.0,0.0,0.0,0.0,2.0
14838,0.0008764185861109911,0.18930641459997408,0.0,0.1,235.71383369719578,683.2577030204653,1.0,0.0,0.0,0.0,2.0
14839,0.00019113148501728874,0.041284400763734366,1.0,0.1,235.3703794856539,683.6939876992195,1.0,0.0,0.0,0.0,2.0
14840,9.314982536743875e-05,0.020120362279366772,1.0,0.1,232.43177415812607,687.283142677525,1.0,0.0,0.0,0.0,2.0
14841,0.00042514868772321564,0.09183211654821459,1.0,0.1,225.6418357759859,695.2455974280974,1.0,0.0,0.0,0.0,2.0
14842,0.0005637315411887413,0.12176601289676814,0.0,0.1,223.79432067241189,697.2056126841927,1.0,0.0,0.0,0.0,2.0
14843,0.0009384171214144256,0.20269809822551593,0.0,0.1,221.3647826336084,699.7519115298943,1.0,0.0,0.0,0.0,2.0
14844,0.00023749089281610857,0.05129803284827945,1.0,0.1,222.8901403802005,698.0095704624157,1.0,0.0,0.0,0.0,2.0
14845,0.00017118887644417788,0.03697679731194243,1.0,0.1,224.97447016393264,696.1187598738694,1.0,0.0,0.0,0.0,2.0
14846,0.0001529924066329731,0.03304635983272219,1.0,0.1,228.63901440480132,692.2982607910474,1.0,0.0,0.0,0.0,2.0
14847,0.0002795698782312207,0.060387093697943664,1.0,0.1,228.83564764387978,692.38329718823,1.0,0.0,0.0,0.0,2.0
14848,0.00028657126739409054,0.061899393757123555,1.0,0.1,229.34510560665055,692.2921371571225,1.0,0.0,0.0,0.0,2.0
14849,0.00016430679725363726,0.03549026820678565,1.0,0.1,231.28343799774228,690.5847315671119,1.0,0.0,0.0,0.0,2.0
14850,8.677273835875629e-05,0.01874291148549136,1.0,0.1,233.69307782435743,688.6186072809288,1.0,0.0,0.0,0.0,2.0
14851,0.0004709308212093634,0.1017210573812225,0.0,0.1,235.3699899807912,687.2889548831465,1.0,0.0,0.0,0.0,2.0
14852,0.0002586225714684058,0.05586247543717566,1.0,0.1,241.42363118039128,680.7457317264409,1.0,0.0,0.0,0.0,2.0
14853,0.00029317215744689994,0.06332518600853039,1.0,0.1,247.23607818650248,674.3091120710653,1.0,0.0,0.0,0.0,2.0
14854,0.00048298678863979136,0.10432514634619494,0.0,0.1,249.1394439472197,672.5432266217332,1.0,0.0,0.0,0.0,2.0
14855,0.000623817177115887,0.1347445102570316,0.0,0.1,249.60754074464458,672.7516099614471,1.0,0.0,0.0,0.0,2.0
14856,0.00040882655248648765,0.08830653533708134,1.0,0.1,248.46582478374066,674.6488579554907,1.0,0.0,0.0,0.0,2.0
14857,0.00037863824695020273,0.08178586134124378,1.0,0.1,243.47930662909778,680.8897068458957,1.0,0.0,0.0,0.0,2.0
14858,0.000637483031095647,0.13769633471665976,0.0,0.1,237.70681291198468,688.4568840916982,1.0,0.0,0.0,0.0,2.0
14859,0.00028885778474254124,0.062393281504388914,1.0,0.1,236.01191972914881,692.2666496382549,1.0,0.0,0.0,0.0,2.0
14860,0.0004894317575083612,0.10571725962180602,0.0,0.1,234.98516452231357,694.4890328425004,1.0,0.0,0.0,0.0,2.0
14861,0.00032972144545408177,0.07121983221808167,1.0,0.1,234.66274932001045,696.3820988780822,1.0,0.0,0.0,0.0,2.0
14862,0.0004341240429650012,0.09377079328044026,1.0,0.1,231.8753806183209,700.239208037712,1.0,0.0,0.0,0.0,2.0
14863,0.00010987352553914035,0.023732681516454315,1.0,0.1,227.61321285235613,705.4072886618826,1.0,0.0,0.0,0.0,2.0
14864,0.00024157771828309114,0.05218078714914769,1.0,0.1,224.5337331691614,707.5243576456154,1.0,0.0,0.0,0.0,2.0
14865,0.00033314050004717256,0.07195834801018927,1.0,0.1,222.43094734261047,709.3931650231191,1.0,0.0,0.0,0.0,2.0
14866,0.0004731126137662322,0.10219232457350616,0.0,0.1,220.8920436350332,710.0745415151413,1.0,0.0,0.0,0.0,2.0
14867,0.00039484225911794803,0.08528592796947677,1.0,0.1,220.3624214650795,710.4644873830064,1.0,0.0,0.0,0.0,2.0
14868,0.0002983861844396965,0.06445141583897446,1.0,0.1,219.6066664650254,710.1709876679512,1.0,0.0,0.0,0.0,2.0
14869,0.0002574490086935897,0.05560898587781538,1.0,0.1,220.10697824532537,709.1214781408571,1.0,0.0,0.0,0.0,2.0
14870,0.0004213474764915936,0.09101105492218423,1.0,0.1,221.1382123854299,707.2317965693056,1.0,0.0,0.0,0.0,2.0
14871,0.00012405273409836574,0.026795390565247,1.0,0.1,221.15107906270177,706.7034980420777,1.0,0.0,0.0,0.0,2.0
14872,0.000246509486196405,0.053246049018423475,1.0,0.1,221.4385355679787,706.088942852329,1.0,0.0,0.0,0.0,2.0
14873,0.0001420066594281741,0.030673438436485605,1.0,0.1,221.73137145598497,706.0723123758039,1.0,0.0,0.0,0.0,2.0
14874,0.00021872727988320233,0.0472450924547717,1.0,0.1,222.05678573521553,705.6998566359589,1.0,0.0,0.0,0.0,2.0
14875,8.084970501405642e-05,0.017463536283036186,1.0,0.1,223.18404919329237,704.9671367636962,1.0,0.0,0.0,0.0,2.0
14876,0.00015827935353763045,0.03418834036412818,1.0,0.1,223.25732799531954,704.7215905544829,1.0,0.0,0.0,0.0,2.0
14877,0.00010109698967908247,0.02183694977068181,1.0,0.1,223.51565804801265,704.8833807091552,1.0,0.0,0.0,0.0,2.0
14878,0.0004806891721233887,0.10382886117865196,0.0,0.1,223.168734757604,705.1930070211918,1.0,0.0,0.0,0.0,2.0
14879,0.0004273150694567648,0.0923000550026612,1.0,0.1,223.7021209409234,704.4648429841648,1.0,0.0,0.0,0.0,2.0
14880,0.0002938665359570032,0.0634751717667127,1.0,0.1,223.78871883444017,703.747868652151,1.0,0.0,0.0,0.0,2.0
14881,0.0001373853581219365,0.029675237354338285,1.0,0.1,224.61324106505717,701.9983164074799,1.0,0.0,0.0,0.0,2.0
14882,0.0005075203540063062,0.10962439646536214,0.0,0.1,227.20851818308273,698.6923787389197,1.0,0.0,0.0,0.0,2.0
14883,3.9444353379781584e-05,0.008519980330032822,1.0,0.1,228.41729784723876,696.8261998897154,1.0,0.0,0.0,0.0,2.0
14884,0.00011179807529252597,0.02414838426318561,1.0,0.1,229.49304821507178,691.7496747626287,1.0,0.0,0.0,0.0,2.0
14885,0.00038162512223291646,0.08243102640230995,1.0,0.1,227.34637394026632,684.0704234976678,1.0,0.0,0.0,0.0,2.0
14886,5.149752836540756e-05,0.011123466126928034,1.0,0.1,225.75497008969984,680.9475040262279,1.0,0.0,0.0,0.0,2.0
14887,0.0005249766103481785,0.11339494783520657,0.0,0.1,223.23907534769572,682.0420378446992,1.0,0.0,0.0,0.0,2.0
14888,0.0006679964750561073,0.14428723861211917,0.0,0.1,218.00661251775608,682.8313305931728,1.0,0.0,0.0,0.0,2.0
14889,0.00033400455178248916,0.07214498318501766,1.0,0.1,213.19499960517345,687.9812447431742,1.0,0.0,0.0,0.0,2.0
14890,0.0006970485697151977,0.1505624910584827,0.0,0.1,203.35525840758547,699.6697079720005,1.0,0.0,0.0,0.0,2.0
14891,0.0008321888177639806,0.17975278463701982,0.0,0.1,190.83923005704324,710.7682894801893,1.0,0.0,0.0,0.0,2.0
14892,0.0006970860346067326,0.15057058347505425,0.0,0.1,185.9259202632524,715.9341077408094,1.0,0.0,0.0,0.0,2.0
14893,0.0017694545080271216,0.3822021737338583,0.0,0.1,172.66861086636618,728.9448659693132,1.0,0.0,0.0,0.0,2.0
14894,0.003301189906979693,0.7130570199076137,0.0,0.1,161.45517081226467,740.1525515927988,1.0,0.0,0.0,0.0,2.0
14895,0.0012420709367482576,0.26828732233762365,0.0,0.1,151.77763104588925,751.0501657118853,1.0,0.0,0.0,0.0,2.0
14896,0.0035945741923666696,0.7764280255512007,0.0,0.1,145.14441385892468,755.817937876706,1.0,0.0,0.0,0.0,2.0
14897,0.0029257020027568625,0.6319516325954824,0.0,0.1,130.40793688080947,770.5847577322739,1.0,0.0,0.0,0.0,2.0
14898,0.0021396978741382577,0.46217474081386367,0.0,0.1,115.23595666123192,787.102479936988,1.0,0.0,0.0,0.0,2.0
14899,0.004266218833921161,0.9215032681269708,0.0,0.1,102.688764255926,801.5856199253859,1.0,0.0,0.0,0.0,2.0
14900,0.0015566673383199073,0.3362401450771,0.0,0.1,91.28655404601615,815.4921990470807,1.0,0.0,0.0,0.0,2.0
14901,0.0032395831569825536,0.6997499619082316,0.0,0.1,86.88804956247559,823.4597817149188,1.0,0.0,0.0,0.0,2.0
14902,0.0038072580006606915,0.8223677281427093,0.0,0.1,,,1.0,0.0,,,2.0
14903,0.004791655615771392,1.0349976130066205,0.0,0.1,69.55846689735598,847.5788775397024,1.0,0.0,0.0,0.0,2.0
14904,0.000999641060988266,0.21592246917346547,0.0,0.1,,,1.0,0.0,,,2.0
14905,0.00490803461308698,1.0601354764267878,0.0,0.1,60.11066641475729,860.5711486347585,1.0,0.0,1.0,0.0,2.0
14906,0.0034229561448164197,0.7393585272803467,0.0,0.1,55.14649588316427,870.2148960656433,1.0,0.0,1.0,0.0,2.0
14907,0.004193955805982737,0.9058944540922712,0.0,0.1,50.241010252339535,876.9156161505554,1.0,0.0,1.0,0.0,2.0
14908,0.0027944231352258725,0.6035953972087885,0.0,0.1,47.51515901526631,871.2529605166818,1.0,0.0,1.0,0.0,2.0
14909,0.0007809495077191225,0.16868509366733045,0.0,0.1,49.26070159971088,863.2158211187763,1.0,0.0,1.0,0.0,2.0
14910,0.001876547673286866,0.4053342974299631,0.0,0.1,47.50882846084389,859.6873652004344,1.0,0.0,1.0,0.0,2.0
14911,0.0009529486655957941,0.20583691176869154,0.0,0.1,48.495639968551146,855.7004278867271,1.0,0.0,1.0,0.0,2.0
14912,0.0022999266982739394,0.4967841668271709,0.0,0.1,53.56660949789759,854.1547243442893,1.0,0.0,1.0,0.0,2.0
14913,0.0002746575840310578,0.059326038150708485,1.0,0.1,54.957619441365765,855.1298296651585,1.0,0.0,1.0,0.0,2.0
14914,0.0009494791133824921,0.2050874884906183,0.0,0.1,54.292292517143494,857.6057471334462,1.0,0.0,1.0,0.0,2.0
14915,0.0006984161690079408,0.1508578925057152,0.0,0.1,54.49460111714491,866.3982325448876,1.0,0.0,1.0,0.0,2.0
14916,0.0010875618067525056,0.2349133502585412,0.0,0.1,52.90080758519006,873.2416745909104,1.0,0.0,1.0,0.0,2.0
14917,0.00018160866382727149,0.03922747138669064,1.0,0.1,50.69473316371872,877.3949577593257,1.0,0.0,1.0,0.0,2.0
14918,0.0021603157222838364,0.4666281960133086,0.0,0.1,46.44309537988126,881.6505720389899,1.0,0.0,1.0,0.0,2.0
14919,0.0006191311408488895,0.13373232642336014,0.0,0.1,46.34617435294209,888.6816488369154,1.0,0.0,1.0,0.0,2.0
14920,0.0008419604774081284,0.18186346312015575,0.0,0.1,44.679960764167525,896.2865098607602,1.0,0.0,1.0,0.0,2.0
14921,0.0003230002969211183,0.06976806413496156,1.0,0.1,,,1.0,0.0,,,2.0
14922,0.0019704048634902297,0.4256074505138896,0.0,0.1,57.05013042733013,917.2886942257875,1.0,0.0,1.0,0.0,2.0
14923,0.001257489895309711,0.27161781738689755,0.0,0.1,58.856473704166675,919.8517529239037,1.0,0.0,1.0,0.0,2.0
14924,0.0018064160745614231,0.3901858721052674,0.0,0.1,59.61967060028512,921.9168890421421,1.0,0.0,1.0,0.0,2.0
14925,0.0008748664815868197,0.18897116002275305,0.0,0.1,59.24792570699384,922.8943682138249,1.0,0.0,1.0,0.0,2.0
14926,0.0031670953084025634,0.6840925866149538,0.0,0.1,62.581733550160166,928.7293111498591,1.0,0.0,1.0,0.0,2.0
14927,0.000961901437542164,0.20777071050910745,0.0,0.1,68.56557497694078,935.2404315445027,1.0,0.0,1.0,0.0,2.0
14928,0.0016954551287575246,0.36621830781162534,0.0,0.1,71.91205017150918,939.0007500416054,1.0,0.0,0.0,0.0,2.0
14929,0.0012457904921018385,0.26909074629399715,0.0,0.1,76.47108934507249,945.3144138532863,1.0,0.0,0.0,0.0,2.0
14930,0.0012454735671179884,0.2690222904974855,0.0,0.1,83.32625711416696,953.2087916181814,1.0,0.0,0.0,0.0,2.0
14931,0.0009805150478564614,0.21179125033699567,0.0,0.1,92.42487865091272,963.0294908283038,1.0,0.0,0.0,0.0,2.0
14932,0.0009630588043510226,0.20802070173982087,0.0,0.1,96.99449507222482,967.6939998627699,1.0,0.0,0.0,0.0,2.0
14933,0.00036453937597935067,0.07874050521153975,1.0,0.1,100.93966906500773,972.440725603302,1.0,0.0,0.0,0.0,2.0
14934,0.001692326829274442,0.36554259512327947,0.0,0.1,104.72627024785875,976.602560432477,1.0,0.0,0.0,0.0,2.0
14935,0.0008780505718013609,0.18965892350909397,0.0,0.1,109.43108316973404,980.9356285355809,1.0,0.0,0.0,0.0,2.0
14936,0.000674360632260396,0.14566189656824555,0.0,0.1,118.34515777438818,989.718298376533,1.0,0.0,0.0,0.0,2.0
14937,0.0009392276623790601,0.20287317507387698,0.0,0.1,119.30317309307515,990.8190072686141,1.0,0.0,0.0,0.0,2.0
14938,0.0004021311468085261,0.08686032771064164,1.0,0.1,123.62572089937123,995.7707770775698,1.0,0.0,0.0,0.0,2.0
14939,0.0020487799862672065,0.4425364770337166,0.0,0.1,124.48132739907177,996.7559917754819,1.0,0.0,0.0,0.0,2.0
14940,0.0003378849661818751,0.07298315269528503,1.0,0.1,124.56791569114024,996.8028622496784,1.0,0.0,0.0,0.0,2.0
14941,0.0012459945799541182,0.2691348292700895,0.0,0.1,122.97138403542851,995.0433028340062,1.0,0.0,0.0,0.0,2.0
14942,0.0018872445861889025,0.40764483061680296,0.0,0.1,121.57763602215574,993.3388313844205,1.0,0.0,0.0,0.0,2.0
14943,0.0011426082573876709,0.24680338359573692,0.0,0.1,122.4969169882454,994.0901993344155,1.0,0.0,0.0,0.0,2.0
14944,0.0006761598775506502,0.14605053355094044,0.0,0.1,124.05635022647282,995.3432235411448,1.0,0.0,0.0,0.0,2.0
14945,0.0007924045737397064,0.17115938792777657,0.0,0.1,125.80876299503846,997.2380637876463,1.0,0.0,0.0,0.0,2.0
14946,0.0007384927414752664,0.15951443215865754,0.0,0.1,125.39417504328374,996.6801217726539,1.0,0.0,0.0,0.0,2.0
14947,0.0007034597171066071,0.15194729889502714,0.0,0.1,123.88262935846093,995.183543956649,1.0,0.0,0.0,0.0,2.0
14948,0.0005099260527875329,0.1101440274021071,0.0,0.1,125.07535816095263,996.365509671534,1.0,0.0,0.0,0.0,2.0
14949,0.0002146027445298594,0.04635419281844963,1.0,0.1,127.92438435608302,998.8973593072582,1.0,0.0,0.0,0.0,2.0
14950,0.0003646337903003128,0.07876089870486758,1.0,0.1,129.08570334055435,1000.179941312475,1.0,0.0,0.0,0.0,2.0
14951,0.0004726712085709729,0.10209698105133015,0.0,0.1,129.7441040721488,1000.9283822381609,1.0,0.0,0.0,0.0,2.0
14952,0.0010017870203091383,0.2163859963867739,0.0,0.1,128.79247402849518,999.8733641267289,1.0,0.0,0.0,0.0,2.0
14953,0.00044076158731456955,0.09520450285994703,1.0,0.1,128.3836753826576,998.5169009315008,1.0,0.0,0.0,0.0,2.0
14954,0.00028122264878631956,0.060744092137845034,1.0,0.1,129.68282290852105,998.7748729192031,1.0,0.0,0.0,0.0,2.0
14955,0.0004934473797254617,0.10658463402069973,0.0,0.1,129.70886512910897,998.3019509348474,1.0,0.0,0.0,0.0,2.0
14956,0.0007298411087806727,0.1576456794966253,0.0,0.1,128.87408453150974,997.7893262807333,1.0,0.0,0.0,0.0,2.0
14957,0.0007078821108678954,0.15290253594746542,0.0,0.1,125.92301743837156,995.1278449326855,1.0,0.0,0.0,0.0,2.0
14958,0.00022136965427088073,0.047815845322510236,1.0,0.1,128.2857057339178,996.462315405256,1.0,0.0,0.0,0.0,2.0
14959,0.0005645085041173464,0.12193383688934682,0.0,0.1,127.44750107732969,994.4956968209729,1.0,0.0,0.0,0.0,2.0
14960,0.00036514423171864446,0.0788711540512272,1.0,0.1,126.96198525966774,993.4255994434387,1.0,0.0,0.0,0.0,2.0
14961,0.00046325701834538984,0.1000635159626042,0.0,0.1,128.19300411470388,993.1672870030322,1.0,0.0,0.0,0.0,2.0
14962,0.00032910890924271524,0.07108752439642649,1.0,0.1,128.73331529559022,992.6756928340293,1.0,0.0,0.0,0.0,2.0
14963,0.0007652432709328672,0.1652925465214993,0.0,0.1,130.1355918443453,993.5208998286558,1.0,0.0,0.0,0.0,2.0
14964,0.00105495504735867,0.22787029022947272,0.0,0.1,130.3364328367584,993.5056041396963,1.0,0.0,0.0,0.0,2.0
14965,0.0004980679605499292,0.10758267947878472,0.0,0.1,132.63501118807994,996.0738392613581,1.0,0.0,0.0,0.0,2.0
14966,0.0017696030255298118,0.38223425351443935,0.0,0.1,130.2051214184593,993.5300609079807,1.0,0.0,0.0,0.0,2.0
14967,0.0006513821930754377,0.14069855370429454,0.0,0.1,128.70380154836567,992.148409025522,1.0,0.0,0.0,0.0,2.0
14968,0.0002210647751065336,0.04774999142301126,1.0,0.1,128.0311133244107,991.9769308003425,1.0,0.0,0.0,0.0,2.0
14969,0.0004792750565874803,0.10352341222289574,0.0,0.1,128.98048146865108,994.6219264846461,1.0,0.0,0.0,0.0,2.0
14970,0.0008353742951908991,0.1804408477612342,0.0,0.1,134.81365933467816,1001.6638069756716,1.0,0.0,0.0,0.0,2.0
14971,0.0006756145873317652,0.1459327508636613,0.0,0.1,138.05090519237666,1005.070367568593,1.0,0.0,0.0,0.0,2.0
14972,0.001558571297888982,0.33665140034402014,0.0,0.1,142.80210929347516,1010.7590895459454,1.0,0.0,0.0,0.0,2.0
14973,0.0010056411547329969,0.21721848942232733,0.0,0.1,145.87081070374748,1014.4427211399518,1.0,0.0,0.0,0.0,2.0
14974,0.0007321653929995211,0.15814772488789655,0.0,0.1,150.7956734780767,1020.4307453630978,1.0,0.0,0.0,0.0,2.0
14975,0.0010472624889308333,0.22620869760905998,0.0,0.1,158.35871192759964,1028.8850165838262,1.0,0.0,0.0,0.0,2.0
14976,0.0011944681805340952,0.2580051269953646,0.0,0.1,165.28554431174786,1036.9289829382305,1.0,0.0,0.0,0.0,2.0
14977,0.0017438635298917555,0.3766745224566192,0.0,0.1,167.16913783798861,1039.1429024458182,1.0,0.0,0.0,0.0,2.0
14978,0.0009861246196479964,0.21300291784396724,0.0,0.1,170.1632857379617,1042.5083613523782,1.0,0.0,0.0,0.0,2.0
14979,0.0010866461799789904,0.23471557487546194,0.0,0.1,,,1.0,0.0,,,2.0
14980,0.0015624003298288767,0.33747847124303737,0.0,0.1,177.55350354395776,1050.4729280384163,1.0,0.0,0.0,0.0,2.0
14981,0.0010142285170372067,0.21907335968003666,0.0,0.1,,,1.0,0.0,,,2.0
14982,0.0014656080307894515,0.3165713346505215,0.0,0.1,,,1.0,0.0,,,2.0
14983,0.002388294097055798,0.5158715249640523,0.0,0.1,182.66415716377608,1056.0919949877634,1.0,0.0,0.0,0.0,2.0
14984,0.0012376735449090234,0.2673374857003491,0.0,0.1,,,1.0,0.0,,,2.0
14985,0.000673029856528604,0.14537444901017849,0.0,0.1,184.47159205332446,1058.1075826682406,1.0,0.0,0.0,0.0,2.0
14986,0.0012809823393868367,0.27669218530755674,0.0,0.1,,,1.0,0.0,,,2.0
14987,8.48777265944988e-05,0.018333588944411738,1.0,0.1,,,1.0,0.0,,,2.0
14988,0.001117585199898899,0.24139840317816216,0.0,0.1,,,1.0,0.0,,,2.0
14989,0.0007548293651704222,0.16304314287681118,0.0,0.1,,,1.0,0.0,,,2.0
14990,0.00010163330533813978,0.02195279395303819,1.0,0.1,196.14297199740807,1069.7805887564252,1.0,0.0,0.0,0.0,2.0
14991,0.0009198393897692721,0.19868530819016275,0.0,0.1,196.89224875927127,1070.5353122662814,1.0,0.0,0.0,0.0,2.0
14992,0.0024799854118920392,0.5356768489686805,0.0,0.1,200.0048187926386,1073.6229878723666,1.0,0.0,0.0,0.0,2.0
14993,0.00035412062476645144,0.07649005494955351,1.0,0.1,202.11292958563294,1075.6468059194785,1.0,0.0,0.0,0.0,2.0
14994,0.000788534976933346,0.17032355501760274,0.0,0.1,205.9514090283004,1079.4476763789214,1.0,0.0,0.0,0.0,2.0
14995,0.0017112037534912196,0.36962001075410345,0.0,0.1,207.7050856420555,1081.0709485973582,1.0,0.0,0.0,0.0,2.0
14996,0.0015407238456646307,0.3327963506635603,0.0,0.1,211.390695102613,1084.7525509183995,1.0,0.0,0.0,0.0,2.0
14997,0.0017383362158165225,0.3754806226163689,0.0,0.1,213.60546961929282,1086.9887368802938,1.0,0.0,0.0,0.0,2.0
14998,0.001968079864134853,0.42510525065312826,0.0,0.1,215.2449462652976,1088.2985283257394,1.0,0.0,0.0,0.0,2.0
14999,0.0013977216847287424,0.3019078839014084,0.0,0.1,220.43453050089786,1092.8986078073794,1.0,0.0,0.0,0.0,2.0
15000,0.001888665160739078,0.40795167471964083,0.0,0.1,221.95424573476936,1094.3356387736176,1.0,0.0,0.0,0.0,2.0
15001,0.0008749095126707964,0.18898045473689204,0.0,0.1,221.02749338468226,1093.3844235608856,1.0,0.0,0.0,0.0,2.0
15002,0.0006626596645024876,0.14313448753253732,0.0,0.1,217.0418112741847,1089.3568722139673,1.0,0.0,0.0,0.0,2.0
15003,0.0003157160951473753,0.06819467655183307,1.0,0.1,214.5315892903486,1086.7005717577379,1.0,0.0,0.0,0.0,2.0
15004,0.000278937324203255,0.06025046202790307,1.0,0.1,213.33704222403873,1085.5976334164418,1.0,0.0,0.0,0.0,2.0
15005,0.0017053822054271487,0.3683625563722641,0.0,0.1,209.92249820469962,1082.3982700371068,1.0,0.0,0.0,0.0,2.0
15006,0.0010182730700629998,0.21994698313360794,0.0,0.1,205.79648394392188,1078.2321542569568,1.0,0.0,0.0,0.0,2.0
15007,0.0017313757831288875,0.37397716915583973,0.0,0.1,196.79577805319437,1068.968393410854,1.0,0.0,0.0,0.0,2.0
15008,0.0002021897527489121,0.04367298659376502,1.0,0.1,187.11779197747177,1059.1908611198949,1.0,0.0,0.0,0.0,2.0
15009,0.0009134879839953456,0.19731340454299465,0.0,0.1,182.46791235777613,1054.4243915646787,1.0,0.0,0.0,0.0,2.0
15010,7.965853940179834e-05,0.01720624451078844,1.0,0.1,175.71487898268188,1047.7715491489985,1.0,0.0,0.0,0.0,2.0
15011,0.0003987143853474778,0.08612230723505522,1.0,0.1,173.9411174641172,1046.174031545038,1.0,0.0,0.0,0.0,2.0
15012,0.002378258604397994,0.5137038585499668,0.0,0.1,172.3473757020066,1044.8408408219602,1.0,0.0,0.0,0.0,2.0
15013,0.0010240293477280233,0.22119033910925306,0.0,0.1,171.67108910271102,1044.1897808792785,1.0,0.0,0.0,0.0,2.0
15014,0.00036521275600851443,0.07888595529783912,1.0,0.1,170.04713764343077,1042.765831004366,1.0,0.0,0.0,0.0,2.0
15015,0.00012689759513202068,0.027409880548516466,1.0,0.1,170.6180252460264,1043.4874441398122,1.0,0.0,0.0,0.0,2.0
15016,0.0003671402164606775,0.07930228675550634,1.0,0.1,171.55436294707934,1044.8521090612978,1.0,0.0,0.0,0.0,2.0
15017,0.0006076101070475029,0.13124378312226062,0.0,0.1,172.71432480080028,1046.1326394670587,1.0,0.0,0.0,0.0,2.0
15018,0.0005993506675801231,0.1294597441973066,0.0,0.1,173.5241035550366,1046.7692818826395,1.0,0.0,0.0,0.0,2.0
15019,0.0002196713176965452,0.047449004622453765,1.0,0.1,177.71740427274327,1050.726349182191,1.0,0.0,0.0,0.0,2.0
15020,0.00023257809172511987,0.050236867812625895,1.0,0.1,180.19937716770076,1053.2055966243881,1.0,0.0,0.0,0.0,2.0
15021,0.0003582042207683831,0.07737211168597076,1.0,0.1,183.08426098638907,1056.12369297647,1.0,0.0,0.0,0.0,2.0
15022,0.0002755422696407974,0.05951713024241224,1.0,0.1,185.44099618628684,1058.4612636895938,1.0,0.0,0.0,0.0,2.0
15023,0.000871528812280861,0.18825022345266598,0.0,0.1,187.40767928726729,1060.384896609112,1.0,0.0,0.0,0.0,2.0
15024,0.00022980706356445977,0.049638325729923306,1.0,0.1,187.70975230649714,1060.7408020159987,1.0,0.0,0.0,0.0,2.0
15025,0.000269675979764581,0.05825001162914951,1.0,0.1,187.97316617171037,1061.185518077094,1.0,0.0,0.0,0.0,2.0
15026,0.00023388251452856055,0.05051862313816908,1.0,0.1,191.83240222709824,1065.2772963388495,1.0,0.0,0.0,0.0,2.0
15027,0.000629753523534896,0.13602676108353753,0.0,0.1,195.4729121763734,1069.0588870590632,1.0,0.0,0.0,0.0,2.0
15028,0.0010675365541583215,0.23058789569819746,0.0,0.1,196.82993932974452,1070.2820738648868,1.0,0.0,0.0,0.0,2.0
15029,0.0005182438906718,0.1119406803851088,0.0,0.1,197.20719808725815,1069.800822011619,1.0,0.0,0.0,0.0,2.0
15030,0.00038070707743235045,0.0822327287253877,1.0,0.1,199.5969103816747,1071.58341778841,1.0,0.0,0.0,0.0,2.0
15031,0.0009301593183065211,0.20091441275420854,0.0,0.1,197.30154592969575,1068.9614326293024,1.0,0.0,0.0,0.0,2.0
15032,0.0008081304300862127,0.17455617289862196,0.0,0.1,192.11211321206122,1062.903402769322,1.0,0.0,0.0,0.0,2.0
15033,0.00020678084685686737,0.044664662921083356,1.0,0.1,189.25210710042526,1059.0976956738923,1.0,0.0,0.0,0.0,2.0
15034,0.00048367380750945736,0.10447354242204279,0.0,0.1,187.774626810402,1056.2282119537438,1.0,0.0,0.0,0.0,2.0
15035,0.0003077998838349473,0.06648477490834863,1.0,0.1,187.00682468674984,1054.6786061210169,1.0,0.0,0.0,0.0,2.0
15036,0.00154509295874491,0.3337400790889005,0.0,0.1,186.72231426715646,1054.0771267111754,1.0,0.0,0.0,0.0,2.0
15037,0.0005961193185543788,0.12876177280774584,0.0,0.1,186.30576579695978,1053.076545672692,1.0,0.0,0.0,0.0,2.0
15038,0.0008176640503553379,0.176615434876753,0.0,0.1,183.72385204920522,1050.10882531138,1.0,0.0,0.0,0.0,2.0
15039,5.6779442487663745e-05,0.01226435957733537,1.0,0.1,181.57899297335962,1047.787023444222,1.0,0.0,0.0,0.0,2.0
15040,0.00017274803479214428,0.03731357551510316,1.0,0.1,181.32871604997322,1047.6848189102966,1.0,0.0,0.0,0.0,2.0
15041,0.0006216939711723357,0.1342858977732245,0.0,0.1,182.53098042611842,1049.0468922043462,1.0,0.0,0.0,0.0,2.0
15042,0.0004505421126454121,0.09731709633140902,1.0,0.1,184.51281167474423,1051.1185841161325,1.0,0.0,0.0,0.0,2.0
15043,0.0002368144247998099,0.05115191575675894,1.0,0.1,185.99308611938838,1053.4549444266297,1.0,0.0,0.0,0.0,2.0
15044,0.00019220448283090765,0.04151616829147605,1.0,0.1,186.4980594168875,1053.8721640321546,1.0,0.0,0.0,0.0,2.0
15045,0.0004542148456946916,0.09811040667005339,1.0,0.1,186.2976958977875,1053.9082261751225,1.0,0.0,0.0,0.0,2.0
15046,0.000511336133537187,0.11044860484403239,0.0,0.1,186.0455861600243,1053.6426389587937,1.0,0.0,0.0,0.0,2.0
15047,0.0002839477046771783,0.06133270421027052,1.0,0.1,186.1121559860084,1053.8775978097829,1.0,0.0,0.0,0.0,2.0
15048,0.00020214572082237665,0.04366347569763336,1.0,0.1,185.85360957854817,1054.0060797718681,1.0,0.0,0.0,0.0,2.0
15049,0.00018562727775603847,0.04009549199530431,1.0,0.1,185.68446274311586,1054.075362538524,1.0,0.0,0.0,0.0,2.0
15050,0.0005089271561256224,0.10992826572313444,0.0,0.1,186.27916591116974,1054.3579479670814,1.0,0.0,0.0,0.0,2.0
15051,0.00029368175952286117,0.06343526005693802,1.0,0.1,185.56682395471486,1053.7378057879007,1.0,0.0,0.0,0.0,2.0
15052,0.0007568985119690881,0.16349007858532305,0.0,0.1,187.0340208967426,1055.4248802654035,1.0,0.0,0.0,0.0,2.0
15053,0.00044040710725356174,0.09512793516676935,1.0,0.1,187.79949947398967,1057.1673643274366,1.0,0.0,0.0,0.0,2.0
15054,0.0005796382286387962,0.12520185738598,0.0,0.1,188.06562371082,1057.6459016705303,1.0,0.0,0.0,0.0,2.0
15055,0.0013100051380958962,0.2829611098287136,0.0,0.1,,,1.0,0.0,,,2.0
15056,0.0006479755138439178,0.13996271099028626,0.0,0.1,186.38780251208846,1056.0812157144485,1.0,0.0,0.0,0.0,2.0
15057,0.00014354665786537558,0.031006078098921128,1.0,0.1,185.25202354919315,1055.0069972506597,1.0,0.0,0.0,0.0,2.0
15058,0.0002994259663448737,0.06467600873049273,1.0,0.1,184.875973368865,1054.7260888430283,1.0,0.0,0.0,0.0,2.0
15059,0.00012927016688462625,0.02792235604707927,1.0,0.1,184.61751187977939,1054.5718284127556,1.0,0.0,0.0,0.0,2.0
15060,8.826113050750278e-05,0.0190644041896206,1.0,0.1,185.95725338227388,1056.0084911819783,1.0,0.0,0.0,0.0,2.0
15061,0.00012144362156104863,0.026231822257186503,1.0,0.1,186.64624163607488,1057.3928764407935,1.0,0.0,0.0,0.0,2.0
15062,8.831147966586054e-05,0.019075279607825877,1.0,0.1,186.3144965806768,1056.9217169099327,1.0,0.0,0.0,0.0,2.0
15063,0.0001378629718360364,0.029778401916583864,1.0,0.1,186.59759292673536,1057.0555434980085,1.0,0.0,0.0,0.0,2.0
15064,0.0003476320002960728,0.07508851206395173,1.0,0.1,,,1.0,0.0,,,2.0
15065,0.00030405307818312966,0.065675464887556,1.0,0.1,,,1.0,0.0,,,2.0
15066,0.00010113919167055715,0.021846065400840345,1.0,0.1,188.47162211397827,1058.953381274096,1.0,0.0,0.0,0.0,2.0
15067,0.00014651824206064258,0.0316479402850988,1.0,0.1,,,1.0,0.0,,,2.0
15068,0.00020578111552414956,0.0444487209532163,1.0,0.1,188.4387625860568,1058.9945423133167,1.0,0.0,0.0,0.0,2.0
15069,6.313448274082288e-05,0.013637048272017744,1.0,0.1,,,1.0,0.0,,,2.0
15070,0.0006322585583035193,0.13656784859356016,0.0,0.1,189.2055358801268,1059.778584786848,1.0,0.0,0.0,0.0,2.0
15071,0.0008444076647064854,0.18239205557660085,0.0,0.1,189.01846025541474,1059.6212865225382,1.0,0.0,0.0,0.0,2.0
15072,0.00047181910382012004,0.10191292642514593,0.0,0.1,,,1.0,0.0,,,2.0
15073,0.0006015679010772734,0.12993866663269105,0.0,0.1,186.57540722030728,1056.6281654712059,1.0,0.0,0.0,0.0,2.0
15074,0.0005436401791386829,0.11742627869395551,0.0,0.1,184.7210167752459,1054.3557692251538,1.0,0.0,0.0,0.0,2.0
15075,0.00047804172102110254,0.10325701174055815,0.0,0.1,185.10454148759834,1055.0594802924702,1.0,0.0,0.0,0.0,2.0
15076,0.00024571413999082813,0.05307425423801888,1.0,0.1,184.39820835701937,1054.1484468650422,1.0,0.0,0.0,0.0,2.0
15077,0.0008057268276304259,0.174036994768172,0.0,0.1,181.24542190557796,1050.5436153575051,1.0,0.0,0.0,0.0,2.0
15078,0.0002090433142409434,0.04515335587604377,1.0,0.1,178.35408329305997,1047.5310391827777,1.0,0.0,0.0,0.0,2.0
15079,0.0004448097798141558,0.09607891243985765,1.0,0.1,176.82963665683454,1046.3610048294993,1.0,0.0,0.0,0.0,2.0
15080,0.00019068802736658608,0.041188613911182594,1.0,0.1,172.75296477919252,1042.77614588085,1.0,0.0,0.0,0.0,2.0
15081,0.0006403678532933435,0.1383194563113622,0.0,0.1,172.40364694845027,1042.0677113311085,1.0,0.0,0.0,0.0,2.0
15082,0.0005210423386845616,0.1125451451558653,0.0,0.1,169.99441384861242,1039.285084307127,1.0,0.0,0.0,0.0,2.0
15083,0.0005041286823904272,0.10889179539633227,0.0,0.1,166.693128506219,1035.6040293805772,1.0,0.0,0.0,0.0,2.0
15084,0.0004090922797612232,0.0883639324284242,1.0,0.1,158.45328521068004,1027.1588773788128,1.0,0.0,0.0,0.0,2.0
15085,0.0007920954111163401,0.17109260880112948,0.0,0.1,156.14730989828266,1024.7038626072563,1.0,0.0,0.0,0.0,2.0
15086,0.0005999851162883083,0.1295967851182746,0.0,0.1,152.9429544519755,1022.1050533916549,1.0,0.0,0.0,0.0,2.0
15087,0.0007351308478624818,0.15878826313829605,0.0,0.1,150.0409195078913,1019.8348312872405,1.0,0.0,0.0,0.0,2.0
15088,0.0007322080582198845,0.15815694057549504,0.0,0.1,151.4800780675128,1021.6639314716415,1.0,0.0,0.0,0.0,2.0
15089,0.0002447892934995002,0.05287448739589204,1.0,0.1,153.55767858749144,1023.9449432113493,1.0,0.0,0.0,0.0,2.0
15090,0.0011767450427794287,0.2541769292403566,0.0,0.1,154.46133540673765,1024.895325577203,1.0,0.0,0.0,0.0,2.0
15091,0.0009578020606977984,0.20688524511072445,0.0,0.1,158.86768913916765,1029.4684976458193,1.0,0.0,0.0,0.0,2.0
15092,0.0010181748553389832,0.21992576875322037,0.0,0.1,159.18587045674522,1029.2974825043998,1.0,0.0,0.0,0.0,2.0
15093,7.600664083004845e-05,0.016417434419290465,1.0,0.1,163.28807523482436,1031.439386755841,1.0,0.0,0.0,0.0,2.0
15094,0.0007520468041976317,0.16244210970668846,0.0,0.1,166.48723474122505,1033.658417080143,1.0,0.0,0.0,0.0,2.0
15095,0.001809162834359109,0.39077917222156755,0.0,0.1,167.47256350296155,1033.7637270608777,1.0,0.0,0.0,0.0,2.0
15096,0.0006574093574272947,0.14200042120429565,0.0,0.1,165.3751397414904,1031.5597058720668,1.0,0.0,0.0,0.0,2.0
15097,,,,0.1,161.12988834594606,1025.8207504241384,1.0,0.0,0.0,0.0,2.0
15098,,,,0.1,157.94829589943973,1020.6333453301063,,,0.0,0.0,2.0
15099,0.0007849611775618468,0.16955161435335891,0.0,0.1,157.83382483634134,1019.0973231133403,1.0,0.0,0.0,0.0,2.0
15100,0.0003888523544053277,0.08399210855155079,1.0,0.1,157.94240271169733,1017.8221273963818,1.0,0.0,0.0,0.0,2.0
15101,0.0005927424415750965,0.12803236738022086,0.0,0.1,159.46956162686328,1018.0548875825097,1.0,0.0,0.0,0.0,2.0
15102,0.00018083886536552138,0.039061194918952616,1.0,0.1,163.72240848167328,1019.4200401917032,1.0,0.0,0.0,0.0,2.0
15103,0.0004400622528542703,0.09505344661652239,1.0,0.1,165.40441624201821,1020.2411421326449,1.0,0.0,0.0,0.0,2.0
15104,0.0013272726936408386,0.2866909018264211,0.0,0.1,166.57851944191614,1019.096528222959,1.0,0.0,0.0,0.0,2.0
15105,0.00047595035957417555,0.10280527766802193,0.0,0.1,168.60106194911128,1017.7783438363991,1.0,0.0,0.0,0.0,2.0
15106,0.003586249562995743,0.7746299056070806,0.0,0.1,172.14423761997867,1018.2783985796649,1.0,0.0,0.0,0.0,2.0
15107,0.0018214468961245379,0.3934325295629002,0.0,0.1,173.8846783686146,1018.5736062574592,1.0,0.0,0.0,0.0,2.0
15108,0.001065763353591848,0.2302048843758392,0.0,0.1,174.10728999191156,1018.498925535238,1.0,0.0,0.0,0.0,2.0
15109,0.0001759686060982125,0.0380092189172139,1.0,0.1,174.0986898323045,1017.1174475419541,1.0,0.0,0.0,0.0,2.0
15110,6.144518270058097e-05,0.013272159463325491,1.0,0.1,172.91029428631722,1014.1532675608971,1.0,0.0,0.0,0.0,2.0
15111,0.00012475053800416717,0.02694611620890011,1.0,0.1,173.67965484584525,1012.9359701162073,1.0,0.0,0.0,0.0,2.0
15112,0.0003587435483012143,0.0774886064330623,1.0,0.1,173.7847844730173,1012.3530448645913,1.0,0.0,0.0,0.0,2.0
15113,0.0030605331820490575,0.6610751673225964,0.0,0.1,173.64356385668,1012.2304526071182,1.0,0.0,0.0,0.0,2.0
15114,0.00016773206352845572,0.036230125722146435,1.0,0.1,173.465938597918,1012.2642548761946,1.0,0.0,0.0,0.0,2.0
15115,0.002694981664163579,0.5821160394593331,0.0,0.1,172.98883354670167,1011.4629330182311,1.0,0.0,0.0,0.0,2.0
15116,0.0003047796975159225,0.06583241466343927,1.0,0.1,173.61455310868925,1010.92306167292,1.0,0.0,0.0,0.0,2.0
15117,0.00032992699885163625,0.07126423175195343,1.0,0.1,174.07372921412642,1010.1072015954345,1.0,0.0,0.0,0.0,2.0
15118,0.002664875461836432,0.5756130997566693,0.0,0.1,170.641556413915,1002.9240176212153,1.0,0.0,0.0,0.0,2.0
15119,0.003445942812555486,0.744323647511985,0.0,0.1,165.64223814314767,994.302868441329,1.0,0.0,0.0,0.0,2.0
15120,0.0008781662037539542,0.1896839000108541,0.0,0.1,160.6573987980425,987.8247398559778,1.0,0.0,0.0,0.0,2.0
15121,0.0006416135588834192,0.13858852871881855,0.0,0.1,158.94796897757033,985.4066106511738,1.0,0.0,0.0,0.0,2.0
15122,0.0007782191191231547,0.16809532973060143,0.0,0.1,155.37373644587578,979.8763407718374,1.0,0.0,0.0,0.0,2.0
15123,0.001206437511430537,0.26059050246899595,0.0,0.1,150.0266352557018,972.7161596594761,1.0,0.0,0.0,0.0,2.0
15124,0.0011051358155089834,0.23870933614994042,0.0,0.1,147.49538001673767,968.4081882049848,1.0,0.0,0.0,0.0,2.0
15125,0.0005503779009135524,0.11888162659732732,0.0,0.1,145.47725513991782,964.7865066133612,1.0,0.0,0.0,0.0,2.0
15126,0.000445969522007311,0.09632941675357919,1.0,0.1,145.32213668866228,963.6286570169394,1.0,0.0,0.0,0.0,2.0
15127,0.0007316644846168866,0.15803952867724752,0.0,0.1,148.90000397412962,963.0801932909826,1.0,0.0,0.0,0.0,2.0
15128,0.00020604188388434382,0.044505046919018264,1.0,0.1,152.8365054736552,965.0355136810429,1.0,0.0,0.0,0.0,2.0
15129,0.0003334049608605823,0.07201547154588578,1.0,0.1,153.1864335452657,963.5339015536667,1.0,0.0,0.0,0.0,2.0
15130,0.00024729484927197995,0.05341568744274767,1.0,0.1,152.53018200134719,962.2167492068912,1.0,0.0,0.0,0.0,2.0
15131,0.0012195128691358454,0.2634147797333426,0.0,0.1,147.3348778489423,957.5174343095449,1.0,0.0,0.0,0.0,2.0
15132,0.0010952723590936107,0.23657882956421994,0.0,0.1,143.29191391764124,954.4800482773456,1.0,0.0,0.0,0.0,2.0
15133,0.00037914600782078256,0.08189553768928903,1.0,0.1,140.73711036168697,951.784512019534,1.0,0.0,0.0,0.0,2.0
15134,2.8505843966157037e-05,0.00615726229668992,1.0,0.1,141.92302183167504,952.770945748288,1.0,0.0,0.0,0.0,2.0
15135,0.0002877466165827262,0.062153269181868864,1.0,0.1,143.43905916053535,954.21302703612,1.0,0.0,0.0,0.0,2.0
15136,0.0007189794753030725,0.15529956666546366,0.0,0.1,147.92215278668561,956.3568616147522,1.0,0.0,0.0,0.0,2.0
15137,0.0004230218758593742,0.09137272518562482,1.0,0.1,152.18642795017968,960.2918159057366,1.0,0.0,0.0,0.0,2.0
15138,0.00035072304414628607,0.0757561775355978,1.0,0.1,152.06903835448034,960.8506370797868,1.0,0.0,0.0,0.0,2.0
15139,8.897048623017048e-05,0.019217625025716823,1.0,0.1,149.60718782158335,959.2391633123389,1.0,0.0,0.0,0.0,2.0
15140,0.0005975361109596736,0.1290677999672895,0.0,0.1,140.712014071739,954.5643004218024,1.0,0.0,0.0,0.0,2.0
15141,0.0007111729486641281,0.15361335691145167,0.0,0.1,134.1624119872051,955.8821459973785,1.0,0.0,0.0,0.0,2.0
15142,0.0007125116221605549,0.15390251038667987,0.0,0.1,128.67689625920022,955.6714562231762,1.0,0.0,0.0,0.0,2.0
15143,0.0005134157513660531,0.11089780229506746,0.0,0.1,129.6744351884678,957.0116031640275,1.0,0.0,0.0,0.0,2.0
15144,0.00035072415442345076,0.07575641735546537,1.0,0.1,132.378527431891,958.4021867167173,1.0,0.0,0.0,0.0,2.0
15145,0.0003528867547911743,0.07622353903489365,1.0,0.1,136.8805857928039,961.6784933789462,1.0,0.0,0.0,0.0,2.0
15146,0.0002075227305675785,0.04482490980259695,1.0,0.1,139.98790071530814,962.5729251637221,1.0,0.0,0.0,0.0,2.0
15147,0.00027650549253480723,0.059725186387518364,1.0,0.1,149.1364576367086,966.4872451901439,1.0,0.0,0.0,0.0,2.0
15148,0.00026699542585210755,0.05767101198405523,1.0,0.1,153.6307738350978,969.3917612008445,1.0,0.0,0.0,0.0,2.0
15149,0.0003590486841914103,0.07755451578534463,1.0,0.1,160.6466077616791,973.073582743067,1.0,0.0,0.0,0.0,2.0
15150,0.00033005968818457926,0.07129289264786912,1.0,0.1,163.98331088524583,977.4112125672027,1.0,0.0,0.0,0.0,2.0
15151,0.00018306706447242775,0.039542485926044396,1.0,0.1,164.84387368495874,977.8678875522799,1.0,0.0,0.0,0.0,2.0
15152,0.0003214805702799437,0.06943980318046783,1.0,0.1,169.00343534661238,981.271705540407,1.0,0.0,0.0,0.0,2.0
15153,0.00035132059027727136,0.07588524749989062,1.0,0.1,172.3971027601544,984.2001423206615,1.0,0.0,0.0,0.0,2.0
15154,0.0003438077631891625,0.0742624768488591,1.0,0.1,177.92079249533904,990.1123541297698,1.0,0.0,0.0,0.0,2.0
15155,0.0012924923817210056,0.2791783544517372,0.0,0.1,180.9682103500532,992.87843213422,1.0,0.0,0.0,0.0,2.0
15156,0.00022511914167066925,0.048625734600864556,1.0,0.1,180.75868799507694,993.1817883864803,1.0,0.0,0.0,0.0,2.0
15157,8.311274886100603e-05,0.017952353753977305,1.0,0.1,179.77477150370675,991.572836524369,1.0,0.0,0.0,0.0,2.0
15158,0.0003142002371636924,0.06786725122735757,1.0,0.1,177.39402121128325,989.6462836670028,1.0,0.0,0.0,0.0,2.0
15159,0.00015216396161501713,0.0328674157088437,1.0,0.1,174.07830672551648,986.0500023870566,1.0,0.0,0.0,0.0,2.0
15160,0.00017680495205056512,0.038189869642922064,1.0,0.1,172.3700808912699,984.4670056409697,1.0,0.0,0.0,0.0,2.0
15161,0.00026068908646829925,0.05630884267715264,1.0,0.1,171.03860765321184,983.3138174141428,1.0,0.0,0.0,0.0,2.0
15162,0.00016284511067308626,0.035174543905386636,1.0,0.1,170.60053433355506,983.0955357869615,1.0,0.0,0.0,0.0,2.0
15163,0.00018519040423591967,0.040001127314958654,1.0,0.1,170.13817554483416,982.709498253539,1.0,0.0,0.0,0.0,2.0
15164,0.00010246151074645764,0.022131686321234852,1.0,0.1,170.18120033309475,982.9038055151273,1.0,0.0,0.0,0.0,2.0
15165,0.00016057959221438587,0.03468519191830735,1.0,0.1,170.21782342165238,982.9072102095868,1.0,0.0,0.0,0.0,2.0
15166,6.0076131860439714e-05,0.012976444481854978,1.0,0.1,168.9963805232917,981.9685751744702,1.0,0.0,0.0,0.0,2.0
15167,6.261282279816507e-05,0.013524369724403655,1.0,0.1,167.91160164943435,981.4477345680602,1.0,0.0,0.0,0.0,2.0
15168,0.00010625271787620282,0.02295058706125981,1.0,0.1,167.1706162253974,980.7156816363591,1.0,0.0,0.0,0.0,2.0
15169,2.282197966936578e-05,0.004929547608583009,1.0,0.1,160.95488030022096,976.0616018810358,1.0,0.0,0.0,0.0,2.0
15170,0.00012462169879390585,0.026918286939483664,1.0,0.1,156.97828669398032,973.9479520807649,1.0,0.0,0.0,0.0,2.0
15171,0.00012158132863034645,0.026261566984154834,1.0,0.1,158.20322794476445,975.6274422539874,1.0,0.0,0.0,0.0,2.0
15172,0.00040434785006810726,0.08733913561471117,1.0,0.1,161.9239722643568,977.9583728942227,1.0,0.0,0.0,0.0,2.0
15173,0.0008717493102798864,0.18829785102045546,0.0,0.1,164.5542621066893,979.3840582859048,1.0,0.0,0.0,0.0,2.0
15174,0.0002631802028780962,0.05684692382166878,1.0,0.1,166.37132636192123,980.165806700484,1.0,0.0,0.0,0.0,2.0
15175,0.0004648180822426569,0.10040070576441389,0.0,0.1,165.27508537862366,979.2350829187984,1.0,0.0,0.0,0.0,2.0
15176,0.0007859609485867079,0.1697675648947289,0.0,0.1,162.3045929828488,977.8313122210196,1.0,0.0,0.0,0.0,2.0
15177,0.0005327050893241157,0.11506429929400899,0.0,0.1,162.43370064120768,975.9343547581337,1.0,0.0,0.0,0.0,2.0
15178,0.0003230692141932938,0.06978295026575146,1.0,0.1,164.65282766515585,976.4366539834398,1.0,0.0,0.0,0.0,2.0
15179,0.0003229897169872826,0.06976577886925305,1.0,0.1,172.31550150294277,979.0539130639786,1.0,0.0,0.0,0.0,2.0
15180,0.0018879677062875167,0.40780102455810363,0.0,0.1,177.73521233423247,980.5425315701107,1.0,0.0,0.0,0.0,2.0
15181,0.0012945540020220454,0.2796236644367618,0.0,0.1,191.51548047896506,985.2342578645972,1.0,0.0,0.0,0.0,2.0
15182,0.0025801215781606967,0.5573062608827105,0.0,0.1,206.32015020164113,993.944725875434,1.0,0.0,0.0,0.0,2.0
15183,0.0017028644687712533,0.3678187252545907,0.0,0.1,217.11877337533514,999.6631864940578,1.0,0.0,0.0,0.0,2.0
15184,0.0029092636639089634,0.628400951404336,0.0,0.1,222.93124697244062,1003.7247396666348,1.0,0.0,0.0,0.0,2.0
15185,0.0033207130927155517,0.7172740280265592,0.0,0.1,237.0716019098416,1010.0226736999665,1.0,0.0,0.0,0.0,2.0
15186,0.004006431972002483,0.8653893059525364,0.0,0.1,248.82863163086532,1016.5798859906924,1.0,0.0,0.0,0.0,2.0
15187,0.004498325126792041,0.9716382273870808,0.0,0.1,263.20621539391686,1026.7486872417433,1.0,0.0,0.0,0.0,2.0
15188,0.0016716416187533944,0.3610745896507332,0.0,0.1,274.3986088891544,1033.9337045893644,1.0,0.0,0.0,0.0,2.0
15189,0.004343483031711022,0.9381923348495809,0.0,0.1,281.01846411387595,1038.0073911224138,1.0,0.0,0.0,0.0,2.0
15190,0.004676302724925654,1.0100813885839413,0.0,0.1,288.73323251390224,1042.4929289015672,1.0,0.0,0.0,0.0,2.0
15191,0.003541850609849877,0.7650397317275733,0.0,0.1,296.26083771711455,1048.3100628880773,1.0,0.0,0.0,0.0,2.0
15192,0.0014939653861348113,0.32269652340511923,0.0,0.1,306.3734039683736,1055.3532366948632,1.0,0.0,0.0,0.0,2.0
15193,0.0035448287760926796,0.7656830156360188,0.0,0.1,310.6207711127888,1058.1142689297135,1.0,0.0,0.0,0.0,2.0
15194,0.004070879363578087,0.8793099425328669,0.0,0.1,322.4637528010264,1067.1832605671857,1.0,0.0,0.0,0.0,2.0
15195,0.0027259705561655198,0.5888096401317523,0.0,0.1,331.8276330962911,1071.7579986148603,1.0,0.0,0.0,0.0,2.0
15196,0.0024262355072345206,0.5240668695626565,0.0,0.1,343.9142422211098,1080.7354784700076,1.0,0.0,0.0,0.0,2.0
15197,0.0010231862850819376,0.22100823757769852,0.0,0.1,348.11266995159036,1081.286996520808,1.0,0.0,0.0,0.0,2.0
15198,0.0007502908464749056,0.16206282283857962,0.0,0.1,,,1.0,0.0,,,2.0
15199,0.002145477975133491,0.46342324262883405,0.0,0.1,360.06261391985464,1082.069496264432,1.0,0.0,0.0,0.0,2.0
15200,0.00032195104666425943,0.06954142607948004,1.0,0.1,363.7250888218898,1086.4604027866421,1.0,0.0,0.0,0.0,2.0
15201,0.0006965946846601887,0.15046445188660076,0.0,0.1,365.6616634230356,1084.088951274872,1.0,0.0,0.0,0.0,2.0
15202,0.0014503685455949135,0.31327960584850134,0.0,0.1,366.69514992675687,1083.9078820828408,1.0,0.0,0.0,0.0,2.0
15203,0.0028122183450859503,0.6074391625385652,0.0,0.1,366.21901144298465,1082.1767282699468,1.0,0.0,0.0,0.0,2.0
15204,0.0013748686650793623,0.2969716316571423,0.0,0.1,365.93029128250754,1081.631588013386,1.0,0.0,0.0,0.0,2.0
15205,0.0011430563808030186,0.24690017825345204,0.0,0.1,364.431048863547,1080.4271785699436,1.0,0.0,0.0,0.0,2.0
15206,0.0006129725187556762,0.13240206405122606,0.0,0.1,362.347602391542,1078.0981566818748,1.0,0.0,0.0,0.0,2.0
15207,0.0008501821015485784,0.18363933393449294,0.0,0.1,363.13118808315653,1078.2081995704511,1.0,0.0,0.0,0.0,2.0
15208,0.0005019780756236981,0.10842726433471879,0.0,0.1,359.6628629043934,1072.1798519799304,1.0,0.0,0.0,0.0,2.0
15209,0.00011530975081786184,0.024906906176658156,1.0,0.1,357.0127813491848,1070.244960606083,1.0,0.0,0.0,0.0,2.0
15210,5.3344562406351514e-05,0.011522425479771928,1.0,0.1,355.4924471277721,1069.6695743439263,1.0,0.0,0.0,0.0,2.0
15211,0.0010407311986478463,0.22479793890793479,0.0,0.1,355.2960730474634,1070.2285223321144,1.0,0.0,0.0,0.0,2.0
15212,0.0011462520489105726,0.24759044256468365,0.0,0.1,355.0354845517988,1070.7814012254637,1.0,0.0,0.0,0.0,2.0
15213,0.0014635272094030219,0.31612187723105273,0.0,0.1,355.0652818353284,1070.10942732526,1.0,0.0,0.0,0.0,2.0
15214,0.0002560828251050709,0.05531389022269531,1.0,0.1,355.7461873933803,1073.3200658917126,1.0,0.0,0.0,0.0,2.0
15215,0.0002745462028192524,0.05930197980895852,1.0,0.1,356.70225879885794,1078.360006545349,1.0,0.0,0.0,0.0,2.0
15216,0.00024038772817390266,0.051923749285562974,1.0,0.1,,,1.0,0.0,,,2.0
15217,0.00047342357577792767,0.10225949236803238,0.0,0.1,,,1.0,0.0,,,2.0
15218,0.0012695999972741061,0.2742335994112069,0.0,0.1,,,1.0,0.0,,,2.0
15219,0.00012607999642245008,0.02723327922724922,1.0,0.1,,,1.0,0.0,,,2.0
15220,0.000770920521277255,0.16651883259588707,0.0,0.1,351.8082531582424,1085.9697235610402,1.0,0.0,0.0,0.0,2.0
15221,0.00046100724855449983,0.09957756568777196,1.0,0.1,348.9164598307592,1088.3754385670031,1.0,0.0,0.0,0.0,2.0
15222,0.0010077236512012785,0.21766830865947617,0.0,0.1,349.32798112352907,1089.8597176267003,1.0,0.0,0.0,0.0,2.0
15223,0.0017252809963158072,0.37266069520421435,0.0,0.1,351.67971501460596,1097.5093105162257,1.0,0.0,0.0,0.0,2.0
15224,0.00036450220939791876,0.07873247722995046,1.0,0.1,353.15520804264355,1100.7373524835184,1.0,0.0,0.0,0.0,2.0
15225,0.0009790684917015259,0.2114787942075296,0.0,0.1,353.56135090311335,1101.489770635105,1.0,0.0,0.0,0.0,2.0
15226,0.000776068206143701,0.16763073252703944,0.0,0.1,350.0182241676755,1100.401858161329,1.0,0.0,0.0,0.0,2.0
15227,0.00036121975754145635,0.07802346762895458,1.0,0.1,350.95508376215065,1103.8672145493274,1.0,0.0,0.0,0.0,2.0
15228,0.0002462140226432725,0.053182228890946856,1.0,0.1,348.9096678906054,1102.7603212886554,1.0,0.0,0.0,0.0,2.0
15229,0.00024645548076030355,0.05323438384422557,1.0,0.1,348.17945366143243,1102.6805001265784,1.0,0.0,0.0,0.0,2.0
15230,0.0002966415772354836,0.06407458068286445,1.0,0.1,347.91591891387947,1103.5345484392158,1.0,0.0,0.0,0.0,2.0
15231,0.00039645522936337425,0.08563432954248884,1.0,0.1,349.76906219371557,1105.0039272009449,1.0,0.0,0.0,0.0,2.0
15232,0.00047322707763650725,0.10221704876948556,0.0,0.1,,,1.0,0.0,,,2.0
15233,3.8758525118726806e-05,0.008371841425644991,1.0,0.1,,,1.0,0.0,,,2.0
15234,0.0003693241306375632,0.07977401221771366,1.0,0.1,,,1.0,0.0,,,2.0
15235,7.485391294017152e-05,0.01616844519507705,1.0,0.1,360.1388700774897,1114.288528966925,1.0,0.0,0.0,0.0,2.0
15236,0.00010764508730814,0.023251338858558238,1.0,0.1,,,1.0,0.0,,,2.0
15237,0.00033860196829941467,0.07313802515267358,1.0,0.1,,,1.0,0.0,,,2.0
15238,0.0003136361770393528,0.0677454142405002,1.0,0.1,,,1.0,0.0,,,2.0
15239,0.00032285287054449396,0.0697362200376107,1.0,0.1,,,1.0,0.0,,,2.0
15240,0.00039441872651808517,0.0851944449279064,1.0,0.1,,,1.0,0.0,,,2.0
15241,9.117706650535401e-05,0.019694246365156466,1.0,0.1,,,1.0,0.0,,,2.0
15242,0.00033949877703439194,0.07333173583942866,1.0,0.1,,,1.0,0.0,,,2.0
15243,0.00021701153975383974,0.04687449258682939,1.0,0.1,,,1.0,0.0,,,2.0
15244,0.00035864403105575137,0.0774671107080423,1.0,0.1,370.13733437334446,1118.8609167328032,1.0,0.0,0.0,0.0,2.0
15245,0.0003121286975486637,0.06741979867051136,1.0,0.1,,,1.0,0.0,,,2.0
15246,2.8802376537712617e-05,0.006221313332145925,1.0,0.1,369.9456320215056,1120.7611866233526,1.0,0.0,0.0,0.0,2.0
15247,0.0005222963877801399,0.11281601976051023,0.0,0.1,,,1.0,0.0,,,2.0
15248,0.00042320624860728843,0.09141254969917431,1.0,0.1,,,1.0,0.0,,,2.0
15249,0.00020645534713874895,0.04459435498196977,1.0,0.1,,,1.0,0.0,,,2.0
15250,0.00030818495073242977,0.06656794935820483,1.0,0.1,,,1.0,0.0,,,2.0
15251,0.00029518612421833187,0.06376020283115968,1.0,0.1,,,1.0,0.0,,,2.0
15252,0.0003865261242097364,0.08348964282930307,1.0,0.1,,,1.0,0.0,,,2.0
15253,0.00022589770300927788,0.04879390385000402,1.0,0.1,,,1.0,0.0,,,2.0
15254,0.0003298329515022456,0.07124391752448506,1.0,0.1,,,1.0,0.0,,,2.0
15255,0.00019934277956614607,0.043058040386287556,1.0,0.1,382.25319201650854,1128.7168794833808,1.0,0.0,0.0,0.0,2.0
15256,0.0003130555698823497,0.06762000309458753,1.0,0.1,382.5110301802268,1128.7323962455064,1.0,0.0,0.0,0.0,2.0
15257,0.0003003529453279231,0.06487623619083138,1.0,0.1,383.051330408939,1129.7345020648222,1.0,0.0,0.0,0.0,2.0
15258,9.503521430871775e-05,0.020527606290683034,1.0,0.1,383.4102515270834,1130.8078683139659,1.0,0.0,0.0,0.0,2.0
15259,0.0004553246747228669,0.09835012974013925,1.0,0.1,383.7939695084097,1130.9156086186758,1.0,0.0,0.0,0.0,2.0
15260,0.00026076401002692344,0.05632502616581546,1.0,0.1,383.1519654758733,1130.44970071546,1.0,0.0,0.0,0.0,2.0
15261,0.0006455185420170712,0.13943200507568737,0.0,0.1,382.8494552793839,1128.731796115582,1.0,0.0,0.0,0.0,2.0
15262,0.00012449208532272333,0.02689029042970824,1.0,0.1,377.35388498334964,1121.9082511749243,1.0,0.0,0.0,0.0,2.0
15263,0.0006027341823215246,0.13019058338144932,0.0,0.1,376.816500891435,1121.6168624610063,1.0,0.0,0.0,0.0,2.0
15264,0.0003495292051452049,0.07549830831136427,1.0,0.1,377.53580301586277,1123.517712310026,1.0,0.0,0.0,0.0,2.0
15265,0.00010274421707719206,0.022192750888673486,1.0,0.1,377.6582690366582,1123.3497739656332,1.0,0.0,0.0,0.0,2.0
15266,0.0004570228226124524,0.09871692968428972,1.0,0.1,376.294703832378,1119.5259405642844,1.0,0.0,0.0,0.0,2.0
15267,0.00029535469073349693,0.06379661319843534,1.0,0.1,375.3269048306362,1111.44891696129,1.0,0.0,0.0,0.0,2.0
15268,6.848807800343135e-05,0.01479342484874117,1.0,0.1,375.0198107124314,1107.2575684267515,1.0,0.0,0.0,0.0,2.0
15269,3.5993971010698184e-05,0.007774697738310808,1.0,0.1,375.65795519486863,1104.5150283443088,1.0,0.0,0.0,0.0,2.0
15270,0.0004408110593046755,0.0952151888098099,1.0,0.1,374.24479466237165,1102.8043442449764,1.0,0.0,0.0,0.0,2.0
15271,0.0002854131292678883,0.06164923592186388,1.0,0.1,372.933308873716,1098.9315256055797,1.0,0.0,0.0,0.0,2.0
15272,0.0003341159939585886,0.07216905469505515,1.0,0.1,370.4687880304224,1096.4772447794428,1.0,0.0,0.0,0.0,2.0
15273,0.00014886446755451574,0.0321547249917754,1.0,0.1,370.8612913170612,1097.003391891558,1.0,0.0,0.0,0.0,2.0
15274,0.0012963858917517622,0.2800193526183806,0.0,0.1,369.55265432318913,1093.8212444125645,1.0,0.0,0.0,0.0,2.0
15275,0.0005433008062294299,0.11735297414555686,0.0,0.1,365.7692927306625,1088.049319557729,1.0,0.0,0.0,0.0,2.0
15276,0.00042020699632585174,0.09076471120638398,1.0,0.1,364.1166417802235,1082.2894857017175,1.0,0.0,0.0,0.0,2.0
15277,0.0014151242626800399,0.3056668407388886,0.0,0.1,363.2417581732716,1081.3038724568844,1.0,0.0,0.0,0.0,2.0
15278,0.0008170804341726787,0.17648937378129861,0.0,0.1,364.69130278639517,1081.424246827432,1.0,0.0,0.0,0.0,2.0
15279,0.0012319331581853053,0.26609756216802594,0.0,0.1,367.2944714997966,1082.4246602381472,1.0,0.0,0.0,0.0,2.0
15280,0.00031363326857602195,0.06774478601242073,1.0,0.1,369.91696318503415,1083.706592874072,1.0,0.0,0.0,0.0,2.0
15281,0.000610081837564307,0.13177767691389033,0.0,0.1,370.8303985454142,1083.0201349801407,1.0,0.0,0.0,0.0,2.0
15282,0.0005121289619340907,0.11061985577776359,0.0,0.1,368.1214103837072,1082.150250912319,1.0,0.0,0.0,0.0,2.0
15283,0.0011421761352435646,0.24671004521260995,0.0,0.1,368.8249193103185,1082.8175230241723,1.0,0.0,0.0,0.0,2.0
15284,0.0007398875329827824,0.159815707124281,0.0,0.1,366.0655103721695,1079.6944858186741,1.0,0.0,0.0,0.0,2.0
15285,0.0007013423198254145,0.15148994108228953,0.0,0.1,363.32919598890646,1077.7461662239455,1.0,0.0,0.0,0.0,2.0
15286,0.0006127739447068596,0.13235917205668166,0.0,0.1,365.9291565319052,1079.3614333675364,1.0,0.0,0.0,0.0,2.0
15287,0.00033811639915489605,0.07303314221745755,1.0,0.1,373.9120266328369,1089.1033719784111,1.0,0.0,0.0,0.0,2.0
15288,0.00039010798169672846,0.08426332404649335,1.0,0.1,377.8977780238767,1087.7000669747547,1.0,0.0,0.0,0.0,2.0
15289,0.001307131465849536,0.2823403966234998,0.0,0.1,,,1.0,0.0,,,2.0
15290,0.0006461257505149535,0.13956316211122996,0.0,0.1,381.1736389146121,1087.5045018834965,1.0,0.0,0.0,0.0,2.0
15291,0.00033780070314020396,0.07296495187828406,1.0,0.1,380.60463625104836,1086.1160319956155,1.0,0.0,0.0,0.0,2.0
15292,0.000532331363814859,0.11498357458400955,0.0,0.1,379.5855089761889,1086.567244533911,1.0,0.0,0.0,0.0,2.0
15293,0.0007608654808923384,0.1643469438727451,0.0,0.1,377.1268345776627,1084.67578912457,1.0,0.0,0.0,0.0,2.0
15294,0.001394458254634854,0.30120298300112847,0.0,0.1,379.35928110763604,1086.5361900952876,1.0,0.0,0.0,0.0,2.0
15295,0.00029611467431275753,0.06396076965155563,1.0,0.1,383.9075047135239,1091.2879815136914,1.0,0.0,0.0,0.0,2.0
15296,0.0005382588622589314,0.11626391424792919,0.0,0.1,385.19296851321775,1091.9537488085468,1.0,0.0,0.0,0.0,2.0
15297,0.0005392769691027584,0.11648382532619583,0.0,0.1,384.42519021289576,1092.8035164461044,1.0,0.0,0.0,0.0,2.0
15298,0.00033521979881898187,0.07240747654490008,1.0,0.1,378.44791122948374,1091.0491498991269,1.0,0.0,0.0,0.0,2.0
15299,0.0005478804405730733,0.11834217516378383,0.0,0.1,374.83827222826847,1088.9963212415196,1.0,0.0,0.0,0.0,2.0
15300,6.63149795445658e-05,0.014324035581626213,1.0,0.1,372.4056482521034,1089.5778710501972,1.0,0.0,0.0,0.0,2.0
15301,0.00031729047339903614,0.0685347422541918,1.0,0.1,372.9076843734788,1089.912700839464,1.0,0.0,0.0,0.0,2.0
15302,0.0005331599670886357,0.11516255289114533,0.0,0.1,375.33170622755944,1090.8272540485816,1.0,0.0,0.0,0.0,2.0
15303,0.0001320560947641669,0.02852411646906005,1.0,0.1,379.58374621123903,1095.8150029846306,1.0,0.0,0.0,0.0,2.0
15304,0.0004297404400976929,0.09282393506110166,1.0,0.1,383.89395142877146,1100.134520753639,1.0,0.0,0.0,0.0,2.0
15305,0.00020881867698712138,0.045104834229218224,1.0,0.1,386.49013015075525,1103.4794971168938,1.0,0.0,0.0,0.0,2.0
15306,0.00031655345767603706,0.06837554685802401,1.0,0.1,388.8884646807554,1106.6901435737302,1.0,0.0,0.0,0.0,2.0
15307,0.0002469480157926563,0.05334077141121376,1.0,0.1,392.0931957619828,1110.286879624488,1.0,0.0,0.0,0.0,2.0
15308,0.0003342385564229278,0.0721955281873524,1.0,0.1,394.90999354915385,1111.809606245676,1.0,0.0,0.0,0.0,2.0
15309,0.00017942186366486616,0.03875512255161109,1.0,0.1,397.6528493118327,1114.779548543428,1.0,0.0,0.0,0.0,2.0
15310,0.00016352284424440823,0.03532093435679218,1.0,0.1,399.0860247800369,1116.4839216796204,1.0,0.0,0.0,0.0,2.0
15311,0.0004664413959786814,0.10075134153139519,0.0,0.1,400.7792669559159,1118.8069878579834,1.0,0.0,0.0,0.0,2.0
15312,0.0005062474234380381,0.10934944346261624,0.0,0.1,399.38684278487676,1117.0732577511797,1.0,0.0,0.0,0.0,2.0
15313,8.273329460598882e-05,0.017870391634893585,1.0,0.1,399.7393180972954,1117.6406042226372,1.0,0.0,0.0,0.0,2.0
15314,0.0001476681062554865,0.031896310951185086,1.0,0.1,400.8108507613852,1119.8218702034005,1.0,0.0,0.0,0.0,2.0
15315,0.0004384632205571997,0.09470805564035514,1.0,0.1,401.6061737368159,1121.324711710312,1.0,0.0,0.0,0.0,2.0
15316,0.0004799058670642039,0.10365966728586805,0.0,0.1,405.1335005195108,1127.4062139000685,1.0,0.0,0.0,0.0,2.0
15317,0.0003262652046843063,0.07047328421181016,1.0,0.1,409.67841004636483,1131.8463131905994,1.0,0.0,0.0,0.0,2.0
15318,0.0003130417039684496,0.06761700805718511,1.0,0.1,408.9570771064941,1132.2964553983786,1.0,0.0,0.0,0.0,2.0
15319,0.00023498652966242884,0.05075709040708463,1.0,0.1,409.387526299982,1132.4831872171312,1.0,0.0,0.0,0.0,2.0
15320,0.0004472058243803448,0.09659645806615448,1.0,0.1,412.4971142420797,1134.6288877063364,1.0,0.0,0.0,0.0,2.0
15321,0.00044455296709617687,0.09602344089277422,1.0,0.1,415.30853554894384,1136.726171091769,1.0,0.0,0.0,0.0,2.0
15322,0.000993870827832923,0.21467609881191138,0.0,0.1,416.2251614710638,1139.7952834412563,1.0,0.0,0.0,0.0,2.0
15323,0.0009706932598222542,0.2096697441216069,0.0,0.1,422.2097090598712,1146.47957077746,1.0,0.0,0.0,0.0,2.0
15324,0.0011650149567355042,0.2516432306548689,0.0,0.1,425.17935577086354,1149.06273160333,1.0,0.0,0.0,0.0,2.0
15325,0.002236800225378003,0.4831488486816486,0.0,0.1,425.0416968018216,1147.708073489728,1.0,0.0,0.0,0.0,2.0
15326,0.0018103203635679759,0.3910291985306828,0.0,0.1,430.28760393638584,1150.9363029758804,1.0,0.0,0.0,0.0,2.0
15327,0.0010713287062322134,0.2314070005461581,0.0,0.1,,,1.0,0.0,,,2.0
15328,0.00294164381431675,0.6353950638924181,0.0,0.1,442.8368445658213,1166.1952008120109,1.0,0.0,0.0,0.0,2.0
15329,0.0019841233934633625,0.42857065298808633,0.0,0.1,448.4096155218166,1170.4033722191207,1.0,0.0,0.0,0.0,2.0
15330,0.003101505869460826,0.6699252678035383,0.0,0.1,453.7864418380052,1175.2161685327535,1.0,0.0,0.0,0.0,2.0
15331,0.0033736370961432185,0.7287056127669352,0.0,0.1,,,1.0,0.0,,,2.0
15332,0.0017364203365766936,0.37506679270056587,0.0,0.1,,,1.0,0.0,,,2.0
15333,0.0022601203690923847,0.4881859997239551,0.0,0.1,,,1.0,0.0,,,2.0
15334,0.0009816528677217074,0.2120370194278888,0.0,0.1,,,1.0,0.0,,,2.0
15335,0.0006460354937698858,0.13954366665429532,0.0,0.1,,,1.0,0.0,,,2.0
15336,0.0012109394907481165,0.26156293000159314,0.0,0.1,,,1.0,0.0,,,2.0
15337,0.001289190991368157,0.2784652541355219,0.0,0.1,,,1.0,0.0,,,2.0
15338,0.0019736286662434778,0.4263037919085912,0.0,0.1,,,1.0,0.0,,,2.0
15339,0.002317892576883342,0.500664796606802,0.0,0.1,,,1.0,0.0,,,2.0
15340,0.002375763811893005,0.513164983368889,0.0,0.1,,,1.0,0.0,,,2.0
15341,0.001383446262513796,0.29882439270297995,0.0,0.1,,,1.0,0.0,,,2.0
15342,0.0014077652095101242,0.30407728525418687,0.0,0.1,,,1.0,0.0,,,2.0
15343,0.00019427108683198844,0.04196255475570951,1.0,0.1,,,1.0,0.0,,,2.0
15344,0.00144465712375199,0.31204593873042985,0.0,0.1,,,1.0,0.0,,,2.0
15345,0.0008189134477986421,0.1768853047245067,0.0,0.1,,,1.0,0.0,,,2.0
15346,0.0032593569326745684,0.7040210974577068,0.0,0.1,,,1.0,0.0,,,2.0
15347,0.002300172868486503,0.4968373395930846,0.0,0.1,,,1.0,0.0,,,2.0
15348,0.001411885179187488,0.3049671987044974,0.0,0.1,541.1500339512224,1281.4979690313455,1.0,0.0,0.0,0.0,2.0
15349,0.0008735002937624815,0.188676063452696,0.0,0.1,,,1.0,0.0,,,2.0
15350,5.5154650405578856e-05,0.011913404487605033,1.0,0.1,543.5915617448355,1283.7574252500756,1.0,0.0,0.0,0.0,2.0
15351,0.0003802916520159026,0.08214299683543495,1.0,0.1,543.3114801732729,1283.6776719317265,1.0,0.0,0.0,0.0,2.0
15352,0.0003467488916728457,0.07489776060133467,1.0,0.1,,,1.0,0.0,,,2.0
15353,0.0004866705674782215,0.10512084257529584,0.0,0.1,540.3524007106465,1278.6434244607733,1.0,0.0,0.0,0.0,2.0
15354,0.00016859285438391208,0.03641605654692501,1.0,0.1,537.1563907888157,1274.9286559720622,1.0,0.0,0.0,0.0,2.0
15355,0.0006075793312851679,0.13123713555759628,0.0,0.1,535.714804842145,1273.6881130793024,1.0,0.0,0.0,0.0,2.0
15356,0.0005777974677080268,0.12480425302493381,0.0,0.1,534.5787060055359,1273.4729684402557,1.0,0.0,0.0,0.0,2.0
15357,0.0009044758876651044,0.19536679173566254,0.0,0.1,527.7256947950412,1267.690043506496,1.0,0.0,0.0,0.0,2.0
15358,0.0006826773964896411,0.14745831764176248,0.0,0.1,523.0164419302134,1265.0300378838187,1.0,0.0,0.0,0.0,2.0
15359,0.0002589414424540183,0.055931351570067955,1.0,0.1,520.6262741029173,1264.4644630955563,1.0,0.0,0.0,0.0,2.0
15360,0.0008858531401842025,0.19134427827978776,0.0,0.1,520.7035308897907,1265.1953883436236,1.0,0.0,0.0,0.0,2.0
15361,0.00027126505698213665,0.05859325230814152,1.0,0.1,520.6963987405071,1266.536830810731,1.0,0.0,0.0,0.0,2.0
15362,0.0001639768278497159,0.03541899481553863,1.0,0.1,517.7704061729577,1266.1629168849192,1.0,0.0,0.0,0.0,2.0
15363,0.00012293999763454168,0.026555039489061003,1.0,0.1,516.5199246050798,1267.3856233754914,1.0,0.0,0.0,0.0,2.0
15364,0.0007106224019610642,0.15349443882358987,0.0,0.1,515.3205996328184,1268.0930965095845,1.0,0.0,0.0,0.0,2.0
15365,0.00022357647909478545,0.048292519484473655,1.0,0.1,514.3748755357855,1267.7859057898727,1.0,0.0,0.0,0.0,2.0
15366,0.0009504281986805591,0.20529249091500076,0.0,0.1,509.91923520330306,1267.8679195083027,1.0,0.0,0.0,0.0,2.0
15367,0.00012771996535746762,0.027587512517213007,1.0,0.1,,,1.0,0.0,,,2.0
15368,0.0002328387919147957,0.05029317905359587,1.0,0.1,496.09655465318826,1270.8404814774776,1.0,0.0,0.0,0.0,2.0
15369,8.880810489650619e-05,0.019182550657645337,1.0,0.1,495.4212835927931,1271.892403258384,1.0,0.0,0.0,0.0,2.0
15370,0.000405667543077307,0.08762418930469831,1.0,0.1,492.78532503279894,1273.5299796034853,1.0,0.0,0.0,0.0,2.0
15371,0.0002495241090932011,0.05389720756413144,1.0,0.1,490.5377274792675,1272.269345734152,1.0,0.0,0.0,0.0,2.0
15372,0.00027500250071525327,0.05940054015449471,1.0,0.1,484.0048471614386,1269.6625218015813,1.0,0.0,0.0,0.0,2.0
15373,0.0010417665432120432,0.22502157333380132,0.0,0.1,480.7295727276719,1267.5654090116234,1.0,0.0,0.0,0.0,2.0
15374,0.00048169662538903227,0.10404647108403096,0.0,0.1,476.3031509372981,1264.9997546872632,1.0,0.0,0.0,0.0,2.0
15375,0.00027997945015072114,0.06047556123255577,1.0,0.1,471.7910567191359,1263.1784503540061,1.0,0.0,0.0,0.0,2.0
15376,0.0007539007596440815,0.16284256408312162,0.0,0.1,471.05973199569223,1262.7364899573975,1.0,0.0,0.0,0.0,2.0
15377,0.0001379056585638104,0.029787622249783048,1.0,0.1,,,1.0,0.0,,,2.0
15378,0.0004788340281527616,0.10342815008099651,0.0,0.1,,,1.0,0.0,,,2.0
15379,0.0002585573800138765,0.05584839408299733,1.0,0.1,,,1.0,0.0,,,2.0
15380,0.00023105681990113474,0.04990827309864511,1.0,0.1,,,1.0,0.0,,,2.0
15381,0.0001787957987167702,0.038619892522822365,1.0,0.1,,,1.0,0.0,,,2.0
15382,0.0003358619757908844,0.07254618677083104,1.0,0.1,,,1.0,0.0,,,2.0
15383,0.0006706086399972946,0.14485146623941564,0.0,0.1,,,1.0,0.0,,,2.0
15384,0.0007657520670406295,0.16540244648077598,0.0,0.1,,,1.0,0.0,,,2.0
15385,0.0010209468251984376,0.2205245142428625,0.0,0.1,,,1.0,0.0,,,2.0
15386,0.0004816812496790335,0.10404314993067124,0.0,0.1,,,1.0,0.0,,,2.0
15387,0.001193988055086906,0.2579014198987717,0.0,0.1,,,1.0,0.0,,,2.0
15388,0.0009973228281402484,0.21542173087829364,0.0,0.1,,,1.0,0.0,,,2.0
15389,0.0007083085488675224,0.15299464655538486,0.0,0.1,,,1.0,0.0,,,2.0
15390,0.0005097640505967908,0.11010903492890681,0.0,0.1,,,1.0,0.0,,,2.0
15391,0.0015555706414278833,0.33600325854842283,0.0,0.1,,,1.0,0.0,,,2.0
15392,0.00023770976106919037,0.05134530839094512,1.0,0.1,,,1.0,0.0,,,2.0
15393,0.00024728952670669067,0.05341453776864519,1.0,0.1,,,1.0,0.0,,,2.0
15394,8.318373241866897e-05,0.017967686202432498,1.0,0.1,,,1.0,0.0,,,2.0
15395,0.00024216544904124415,0.052307736992908735,1.0,0.1,,,1.0,0.0,,,2.0
15396,0.00026590714933635195,0.05743594425665203,1.0,0.1,,,1.0,0.0,,,2.0
15397,0.0002602450211058597,0.0562129245588657,1.0,0.1,,,1.0,0.0,,,2.0
15398,0.00022921294890378683,0.04950999696321796,1.0,0.1,,,1.0,0.0,,,2.0
15399,0.0002541808078921922,0.054903054504713514,1.0,0.1,,,1.0,0.0,,,2.0
15400,0.0004344665739045934,0.09384477996339217,1.0,0.1,,,1.0,0.0,,,2.0
15401,0.00017731321201587552,0.038299653795429114,1.0,0.1,,,1.0,0.0,,,2.0
15402,0.0008761429028523335,0.18924686701610405,0.0,0.1,,,1.0,0.0,,,2.0
15403,0.0008952774620694345,0.19337993180699783,0.0,0.1,,,1.0,0.0,,,2.0
15404,0.00022265453081654843,0.04809337865637446,1.0,0.1,,,1.0,0.0,,,2.0
15405,0.0004719723999434923,0.10194603838779434,0.0,0.1,,,1.0,0.0,,,2.0
15406,0.0003439388998255248,0.07429080236231336,1.0,0.1,,,1.0,0.0,,,2.0
15407,0.0009016622191680557,0.19475903934030003,0.0,0.1,,,1.0,0.0,,,2.0
15408,0.0003128906482369819,0.0675843800191881,1.0,0.1,,,1.0,0.0,,,2.0
15409,0.00032563834271374654,0.07033788202616925,1.0,0.1,,,1.0,0.0,,,2.0
15410,0.0004136199262594684,0.08934190407204518,1.0,0.1,,,1.0,0.0,,,2.0
15411,0.0004476287621000352,0.09668781261360761,1.0,0.1,,,1.0,0.0,,,2.0
15412,0.0008139925898952598,0.17582239941737612,0.0,0.1,,,1.0,0.0,,,2.0
15413,0.0006105037919026802,0.13186881905097894,0.0,0.1,,,1.0,0.0,,,2.0
15414,0.0010343677506507957,0.22342343414057186,0.0,0.1,,,1.0,0.0,,,2.0
15415,0.0011461880095407747,0.24757661006080733,0.0,0.1,,,1.0,0.0,,,2.0
15416,0.0015532319239170468,0.3354980955660821,0.0,0.1,,,1.0,0.0,,,2.0
15417,0.0005606722260407225,0.12110520082479606,0.0,0.1,,,1.0,0.0,,,2.0
15418,0.0017445237215084535,0.37681712384582594,0.0,0.1,,,1.0,0.0,,,2.0
15419,0.002745850681718079,0.593103747251105,0.0,0.1,,,1.0,0.0,,,2.0
15420,0.002061723586190878,0.4453322946172297,0.0,0.1,,,1.0,0.0,,,2.0
15421,0.0015969163289241617,0.34493392704761894,0.0,0.1,,,1.0,0.0,,,2.0
15422,0.001220155939325231,0.2635536828942499,0.0,0.1,,,1.0,0.0,,,2.0
15423,0.0031279013685870573,0.6756266956148044,0.0,0.1,,,1.0,0.0,,,2.0
15424,0.0025532200066594487,0.5514955214384409,0.0,0.1,412.8315213998342,1193.2675920889415,1.0,0.0,0.0,0.0,2.0
15425,0.003893621935971051,0.841022338169747,0.0,0.1,410.7451992759819,1179.346454666193,1.0,0.0,0.0,0.0,2.0
15426,0.0004945844977816096,0.10683025152082767,0.0,0.1,405.94235132321603,1158.494188371783,1.0,0.0,0.0,0.0,2.0
15427,,,,0.1,,,1.0,0.0,,,2.0
15428,,,,0.1,400.4572731201648,1125.2341497754574,,,0.0,0.0,2.0
15429,,,,0.1,396.38684030063416,1109.733766333908,1.0,0.0,0.0,0.0,2.0
15430,,,,0.1,392.87509789056224,1102.7034301610217,,,0.0,0.0,2.0
15431,0.0015773729456727435,0.3407125562653126,0.0,0.1,,,1.0,0.0,,,2.0
15432,0.0013798412405818313,0.29804570796567553,0.0,0.1,291.4023956456396,1079.702775085175,1.0,0.0,0.0,0.0,2.0
15433,0.0017396384121484156,0.3757618970240578,0.0,0.1,377.5697123887672,1096.192856671033,1.0,0.0,0.0,0.0,2.0
15434,0.002294087977744299,0.49552300319276854,0.0,0.1,374.3358732478817,1096.0516830077006,1.0,0.0,0.0,0.0,2.0
15435,0.0017637606214705637,0.3809722942376418,0.0,0.1,,,1.0,0.0,,,2.0
15436,0.0012105936777860712,0.2614882344017914,0.0,0.1,,,1.0,0.0,,,2.0
15437,0.0034244068745747764,0.7396718849081517,0.0,0.1,352.99452202084194,1075.5345506723588,1.0,0.0,0.0,0.0,2.0
15438,0.0015749323035362623,0.34018537756383266,0.0,0.1,344.4890227387799,1064.5472550255292,1.0,0.0,0.0,0.0,2.0
15439,0.0009398329507703055,0.20300391736638598,0.0,0.1,341.8599534500374,1047.5955120060814,1.0,0.0,0.0,0.0,2.0
15440,0.001098333797911045,0.23724010034878568,0.0,0.1,338.56412203453283,1024.2178213177638,1.0,0.0,0.0,0.0,2.0
15441,0.0011490910027598072,0.24820365659611837,0.0,0.1,337.6091572152666,1011.8979349214551,1.0,0.0,0.0,0.0,2.0
15442,0.00013477728548915826,0.029111893665658185,1.0,0.1,332.74745831620584,985.892882320281,1.0,0.0,0.0,0.0,2.0
15443,0.00038912723009217976,0.08405148169991082,1.0,0.1,327.30137479454186,962.7104655055291,1.0,0.0,0.0,0.0,2.0
15444,0.0002920905562028096,0.06309156013980688,1.0,0.1,323.6494828066312,942.5457222063346,1.0,0.0,0.0,0.0,2.0
15445,0.0007126136226110978,0.15392454248399715,0.0,0.1,323.2464401540343,933.0842308475061,1.0,0.0,0.0,0.0,2.0
15446,0.0006008094933909565,0.1297748505724466,0.0,0.1,323.2905863504595,919.1156542827981,1.0,0.0,0.0,0.0,2.0
15447,0.0004989778473426026,0.10777921502600217,0.0,0.1,321.9282185073243,909.1811832810358,1.0,0.0,0.0,0.0,2.0
15448,0.0006263265952829817,0.13528654458112405,0.0,0.1,319.3123133311771,901.1530131674124,1.0,0.0,0.0,0.0,2.0
15449,0.00045664032336751193,0.09863430984738258,1.0,0.1,312.6529481670875,888.8620036150024,1.0,0.0,0.0,0.0,2.0
15450,0.000128327862708945,0.02771881834513212,1.0,0.1,310.7829331919887,881.3234375697818,1.0,0.0,0.0,0.0,2.0
15451,0.0004565847812202495,0.0986223127435739,1.0,0.1,304.6740199502806,866.5928781728318,1.0,0.0,0.0,0.0,2.0
15452,0.0014673311239737684,0.316943522778334,0.0,0.1,,,1.0,0.0,,,2.0
15453,0.0003020628971745698,0.06524558578970709,1.0,0.1,,,1.0,0.0,,,2.0
15454,5.252366609776893e-05,0.011345111877118088,1.0,0.1,,,1.0,0.0,,,2.0
15455,0.0016859716803886973,0.36416988296395864,0.0,0.1,,,1.0,0.0,,,2.0
15456,0.0011095940895836914,0.23967232335007732,0.0,0.1,280.5142239017595,834.0689580063212,1.0,0.0,0.0,0.0,2.0
15457,0.0009148454600926384,0.1976066193800099,0.0,0.1,277.8164035432363,832.0054356765437,1.0,0.0,0.0,0.0,2.0
15458,0.0006851220711521166,0.14798636736885717,0.0,0.1,279.0051416946219,837.8577579020446,1.0,0.0,0.0,0.0,2.0
15459,0.0004530031514019652,0.09784868070282449,1.0,0.1,280.2651461531943,841.9383098391914,1.0,0.0,0.0,0.0,2.0
15460,0.00020400227782943337,0.044064492011157606,1.0,0.1,283.864748370731,847.8129384969228,1.0,0.0,0.0,0.0,2.0
15461,0.000847873022677138,0.1831405728982618,0.0,0.1,286.35685168021774,859.6251782950794,1.0,0.0,0.0,0.0,2.0
15462,0.00025790731680714777,0.05570798043034392,1.0,0.1,291.27858780913266,874.2517926111625,1.0,0.0,0.0,0.0,2.0
15463,0.0006619071938027356,0.1429719538613909,0.0,0.1,292.92817306282865,882.2830823901028,1.0,0.0,0.0,0.0,2.0
15464,0.0010462541635115638,0.22599089931849778,0.0,0.1,295.39429209902113,893.6736320509201,1.0,0.0,0.0,0.0,2.0
15465,0.0008399503579067357,0.1814292773078549,0.0,0.1,296.29404308480736,904.3371071990373,1.0,0.0,0.0,0.0,2.0
15466,0.0007216227173477744,0.15587050694711926,0.0,0.1,296.5513269502905,913.3814534429449,1.0,0.0,0.0,0.0,2.0
15467,0.0005015675600149565,0.10833859296323059,0.0,0.1,302.1515751769162,923.3989162903034,1.0,0.0,0.0,0.0,2.0
15468,0.0006753444734114145,0.14587440625686554,0.0,0.1,303.5443774624884,926.1986068720797,1.0,0.0,0.0,0.0,2.0
15469,0.0009099476524177238,0.19654869292222835,0.0,0.1,298.03745597671207,928.2422011035743,1.0,0.0,0.0,0.0,2.0
15470,0.0005802217630852876,0.12532790082642212,0.0,0.1,292.4965377666454,923.6260631742956,1.0,0.0,0.0,0.0,2.0
15471,0.0003212631021559932,0.06939283006569454,1.0,0.1,293.6141187298806,925.9000839727904,1.0,0.0,0.0,0.0,2.0
15472,0.00014150122144467882,0.030564263832050624,1.0,0.1,294.33869347435717,926.048016208948,1.0,0.0,0.0,0.0,2.0
15473,0.0006281060225282419,0.13567090086610026,0.0,0.1,294.70120970029075,925.7763758729294,1.0,0.0,0.0,0.0,2.0
15474,0.0006682059894341692,0.14433249371778054,0.0,0.1,300.01014907527804,925.7151020660712,1.0,0.0,0.0,0.0,2.0
15475,0.0005944856446555672,0.1284088992456025,0.0,0.1,302.9705503323937,927.7200493310273,1.0,0.0,0.0,0.0,2.0
15476,0.00022913545410597043,0.04949325808688961,1.0,0.1,301.5777749189181,928.3466425976284,1.0,0.0,0.0,0.0,2.0
15477,0.0006176818149964798,0.13341927203923964,0.0,0.1,298.26688039142294,926.9121168966623,1.0,0.0,0.0,0.0,2.0
15478,0.0004014104733981403,0.0867046622539983,1.0,0.1,295.03695417793824,924.0756641682785,1.0,0.0,0.0,0.0,2.0
15479,0.000672235211931114,0.14520280577712064,0.0,0.1,294.7001643109236,922.138481758697,1.0,0.0,0.0,0.0,2.0
15480,0.00018633035107858058,0.04024735583297341,1.0,0.1,296.70375260673376,920.9298414324987,1.0,0.0,0.0,0.0,2.0
15481,0.0015043958509991192,0.3249495038158097,0.0,0.1,295.39881342982903,920.5975872547605,1.0,0.0,0.0,0.0,2.0
15482,0.0018189602462455566,0.39289541318904025,0.0,0.1,290.6215539083505,918.0790069498263,1.0,0.0,0.0,0.0,2.0
15483,0.0017278125856208966,0.37320751849411365,0.0,0.1,284.77509397261224,914.2110595592309,1.0,0.0,0.0,0.0,2.0
15484,0.0014942910111110433,0.32276685839998537,0.0,0.1,276.6236144526862,911.1396677584183,1.0,0.0,0.0,0.0,2.0
15485,0.0008398951677870399,0.18141735624200062,0.0,0.1,,,1.0,0.0,,,2.0
15486,0.001997431750903564,0.4314452581951699,0.0,0.1,,,1.0,0.0,,,2.0
15487,0.00027161518221821367,0.05866887935913415,1.0,0.1,,,1.0,0.0,,,2.0
15488,0.0011153406485022897,0.24091358007649458,0.0,0.1,271.0027891875969,929.425189677877,1.0,0.0,0.0,0.0,2.0
15489,2.5240626989497954e-05,0.005451975429731558,1.0,0.1,269.71065176678036,930.6405833841503,1.0,0.0,0.0,0.0,2.0
15490,0.0011902099351167993,0.25708534598522864,0.0,0.1,,,1.0,0.0,,,2.0
15491,0.0014195469245586105,0.30662213570465985,0.0,0.1,272.5442970845161,934.6225222343447,1.0,0.0,0.0,0.0,2.0
15492,0.0004974240548616772,0.10744359585012227,0.0,0.1,275.11609454329874,937.5784005383307,1.0,0.0,0.0,0.0,2.0
15493,0.0005292456241875562,0.11431705482451213,0.0,0.1,278.47763524048855,938.3092090238047,1.0,0.0,0.0,0.0,2.0
15494,0.0003348423124947659,0.07232593949886944,1.0,0.1,284.61898077154194,940.5145898846675,1.0,0.0,0.0,0.0,2.0
15495,0.0007543522716670789,0.16294009068008905,0.0,0.1,286.67103672817274,940.5042075273725,1.0,0.0,0.0,0.0,2.0
15496,0.0010768819855819874,0.2326065088857093,0.0,0.1,288.2775742348171,940.1375225014806,1.0,0.0,0.0,0.0,2.0
15497,0.0009092336272802232,0.1963944634925282,0.0,0.1,285.05078916417153,945.749462891571,1.0,0.0,0.0,0.0,2.0
15498,0.0005789224134171002,0.12504724129809364,0.0,0.1,280.30279138855076,950.4980098509462,1.0,0.0,0.0,0.0,2.0
15499,0.0006189303892616329,0.1336889640805127,0.0,0.1,278.99007009058863,951.5102082307474,1.0,0.0,0.0,0.0,2.0
15500,0.00108211452870368,0.23373673819999485,0.0,0.1,279.7280236251854,962.8111924569181,1.0,0.0,0.0,0.0,2.0
15501,0.0009721355461606223,0.2099812779706944,0.0,0.1,280.03517593510816,969.5176487235843,1.0,0.0,0.0,0.0,2.0
15502,0.0003820441581757437,0.08252153816596064,1.0,0.1,,,1.0,0.0,,,2.0
15503,0.00048167579081937704,0.10404197081698545,0.0,0.1,,,1.0,0.0,,,2.0
15504,0.0005836944031350526,0.12607799107717138,0.0,0.1,,,1.0,0.0,,,2.0
15505,0.0003225731271955789,0.06967579547424503,1.0,0.1,,,1.0,0.0,,,2.0
15506,0.0005948117801203839,0.12847934450600293,0.0,0.1,,,1.0,0.0,,,2.0
15507,0.00035402942797953274,0.07647035644357908,1.0,0.1,,,1.0,0.0,,,2.0
15508,0.0005586704708557299,0.12067282170483766,0.0,0.1,,,1.0,0.0,,,2.0
15509,8.034658579530742e-05,0.017354862531786402,1.0,0.1,,,1.0,0.0,,,2.0
15510,0.00038870084428704237,0.08395938236600115,1.0,0.1,,,1.0,0.0,,,2.0
15511,0.00016803040178708754,0.03629456678601091,1.0,0.1,,,1.0,0.0,,,2.0
15512,6.329508512244248e-05,0.013671738386447576,1.0,0.1,,,1.0,0.0,,,2.0
15513,0.0004154359330441921,0.0897341615375455,1.0,0.1,,,1.0,0.0,,,2.0
15514,9.78021653568522e-06,0.002112526771708008,1.0,0.1,,,1.0,0.0,,,2.0
15515,0.0005006929474838889,0.10814967665652002,0.0,0.1,,,1.0,0.0,,,2.0
15516,0.0006729381813435352,0.1453546471702036,0.0,0.1,,,1.0,0.0,,,2.0
15517,0.000509402512374729,0.11003094267294146,0.0,0.1,,,1.0,0.0,,,2.0
15518,0.00041769207217204416,0.09022148758916154,1.0,0.1,,,1.0,0.0,,,2.0
15519,0.0006225727501269048,0.13447571402741143,0.0,0.1,,,1.0,0.0,,,2.0
15520,0.0007833172530542692,0.16919652665972215,0.0,0.1,,,1.0,0.0,,,2.0
15521,0.0007692842152864787,0.16616539050187942,0.0,0.1,,,1.0,0.0,,,2.0
15522,0.0005399708382139035,0.11663370105420316,0.0,0.1,,,1.0,0.0,,,2.0
15523,0.0011252507198412868,0.243054155485718,0.0,0.1,,,1.0,0.0,,,2.0
15524,0.0010207730112456329,0.2204869704290567,0.0,0.1,,,1.0,0.0,,,2.0
15525,0.0004767940015262068,0.10298750432966067,0.0,0.1,,,1.0,0.0,,,2.0
15526,0.0008009589733959776,0.17300713825353117,0.0,0.1,,,1.0,0.0,,,2.0
15527,0.001366804780411161,0.29522983256881075,0.0,0.1,,,1.0,0.0,,,2.0
15528,0.0010323563246746016,0.22298896612971394,0.0,0.1,,,1.0,0.0,,,2.0
15529,0.0002183356976464444,0.047160510691631984,1.0,0.1,,,1.0,0.0,,,2.0
15530,9.943178877006855e-05,0.021477266374334808,1.0,0.1,,,1.0,0.0,,,2.0
15531,9.689157342159205e-05,0.020928579859063882,1.0,0.1,,,1.0,0.0,,,2.0
15532,0.0012730169536849096,0.2749716619959405,0.0,0.1,,,1.0,0.0,,,2.0
15533,0.0011642269513665612,0.2514730214951772,0.0,0.1,,,1.0,0.0,,,2.0
15534,0.00044147886709572294,0.09535943529267615,1.0,0.1,,,1.0,0.0,,,2.0
15535,0.0005594366291242988,0.12083831189084854,0.0,0.1,,,1.0,0.0,,,2.0
15536,0.0009632003253728057,0.20805127028052603,0.0,0.1,,,1.0,0.0,,,2.0
15537,0.00025610184457232663,0.055317998427622556,1.0,0.1,,,1.0,0.0,,,2.0
15538,0.0006267859851251357,0.13538577278702932,0.0,0.1,214.7405981881247,1045.386659158439,1.0,0.0,0.0,0.0,2.0
15539,0.0007719048544386747,0.16673144855875374,0.0,0.1,210.41158350075858,1047.1219264430542,1.0,0.0,0.0,0.0,2.0
15540,0.001005071433301025,0.21709542959302142,0.0,0.1,210.9350999805997,1049.6407899906728,1.0,0.0,0.0,0.0,2.0
15541,0.001003566974774312,0.2167704665512514,0.0,0.1,213.01490898451993,1053.8991822036496,1.0,0.0,0.0,0.0,2.0
15542,0.0010084516372444276,0.21782555364479636,0.0,0.1,214.13467948070777,1057.3400863343654,1.0,0.0,0.0,0.0,2.0
15543,0.00018761229571278928,0.04052425587396249,1.0,0.1,214.478116133433,1059.8891849272145,1.0,0.0,0.0,0.0,2.0
15544,0.000857740571037531,0.1852719633441067,0.0,0.1,214.67684258020375,1062.0528818971195,1.0,0.0,0.0,0.0,2.0
15545,0.0006805594410247635,0.1470008392613489,0.0,0.1,211.50768759554035,1064.3607290102013,1.0,0.0,0.0,0.0,2.0
15546,0.00039386688709628156,0.08507524761279682,1.0,0.1,206.98900129376068,1063.3966105384243,1.0,0.0,0.0,0.0,2.0
15547,0.0003652448895030396,0.07889289613265656,1.0,0.1,200.3892539223605,1060.5131685698886,1.0,0.0,0.0,0.0,2.0
15548,0.0001406929567564824,0.030389678659400197,1.0,0.1,192.42180099730786,1055.0551181946073,1.0,0.0,0.0,0.0,2.0
15549,0.00029570942527874696,0.06387323586020935,1.0,0.1,189.00623038650818,1052.4297065469477,1.0,0.0,0.0,0.0,2.0
15550,0.00012925707797318,0.02791952884220688,1.0,0.1,182.34735951947576,1047.6089240486724,1.0,0.0,0.0,0.0,2.0
15551,0.0008724980969945382,0.18845958895082027,0.0,0.1,173.31201218377984,1041.209515942525,1.0,0.0,0.0,0.0,2.0
15552,0.0003447173457774156,0.07445894668792177,1.0,0.1,167.4558789779274,1037.6207225628373,1.0,0.0,0.0,0.0,2.0
15553,0.0013626349595219503,0.2943291512567413,0.0,0.1,166.27504652491876,1037.284337063125,1.0,0.0,0.0,0.0,2.0
15554,0.0020799945671775015,0.44927882651034035,0.0,0.1,164.14523398199805,1036.316150380863,1.0,0.0,0.0,0.0,2.0
15555,0.0009889083002405292,0.2136041928519543,0.0,0.1,159.01215738594266,1032.0187748328426,1.0,0.0,0.0,0.0,2.0
15556,0.0007654974050743696,0.16534743949606384,0.0,0.1,151.29078787883353,1024.8092813616838,1.0,0.0,0.0,0.0,2.0
15557,0.0016154786121154862,0.348943380216945,0.0,0.1,144.79943579487048,1018.3630767876892,1.0,0.0,0.0,0.0,2.0
15558,0.002161096498150765,0.4667968436005652,0.0,0.1,141.73446794573496,1015.1233873320003,1.0,0.0,0.0,0.0,2.0
15559,0.0014835559185957276,0.32044807841667716,0.0,0.1,140.31336711699774,1013.21074220838,1.0,0.0,0.0,0.0,2.0
15560,0.001760099549719918,0.3801815027395023,0.0,0.1,142.7629543584831,1014.7520735715688,1.0,0.0,0.0,0.0,2.0
15561,0.0002886697045944455,0.06235265619240023,1.0,0.1,140.35889456732468,1011.4784500089894,1.0,0.0,0.0,0.0,2.0
15562,0.0011543927714326799,0.24934883862945886,0.0,0.1,135.823491316024,1006.6490143019873,1.0,0.0,0.0,0.0,2.0
15563,0.0013697346007905278,0.295862673770754,0.0,0.1,119.83961758038456,990.3014697384976,1.0,0.0,0.0,0.0,2.0
15564,0.00228749947926399,0.4940998875210219,0.0,0.1,,,1.0,0.0,,,2.0
15565,0.0009895203714029228,0.2137364002230313,0.0,0.1,89.4556180309233,961.6908868321174,1.0,0.0,0.0,0.0,2.0
15566,0.0005558616837936725,0.12006612369943326,0.0,0.1,82.83209474201823,955.6654259556124,1.0,0.0,0.0,0.0,2.0
15567,0.0007298700950333278,0.1576519405271988,0.0,0.1,79.56712871964949,952.6095124479197,1.0,0.0,0.0,0.0,2.0
15568,,,,0.1,75.56288475513709,948.6308825734963,1.0,0.0,0.0,0.0,2.0
15569,,,,0.1,73.4871753448872,946.6546627134162,,,0.0,0.0,2.0
15570,0.0006617301095509773,0.14293370366301109,0.0,0.1,68.94146631932477,942.220082774178,1.0,0.0,1.0,0.0,2.0
15571,0.0021723462271316563,0.46922678506043775,0.0,0.1,68.61610332156073,941.8166143429706,1.0,0.0,1.0,0.0,2.0
15572,0.0003126085188390924,0.06752344006924396,1.0,0.1,66.9236479595503,940.2107312662047,1.0,0.0,1.0,0.0,2.0
15573,0.00031116509975497817,0.0672116615470753,1.0,0.1,66.2491055791742,939.370409641629,1.0,0.0,1.0,0.0,2.0
15574,6.149097614431246e-05,0.013282050847171491,1.0,0.1,63.828008963439736,936.4638178831852,1.0,0.0,1.0,0.0,2.0
15575,0.0005683956846420327,0.12277346788267905,0.0,0.1,,,1.0,0.0,,,2.0
15576,0.0007688858962674887,0.16607935359377754,0.0,0.1,,,1.0,0.0,,,2.0
15577,0.00202099383722662,0.43653466884094994,0.0,0.1,,,1.0,0.0,,,2.0
15578,0.0014471768347165917,0.3125901962987838,0.0,0.1,,,1.0,0.0,,,2.0
15579,0.0003605776086339394,0.07788476346493092,1.0,0.1,,,1.0,0.0,,,2.0
15580,0.0012516325690924773,0.2703526349239751,0.0,0.1,,,1.0,0.0,,,2.0
15581,0.0006130111521452454,0.132410408863373,0.0,0.1,,,1.0,0.0,,,2.0
15582,0.0017455471055253502,0.3770381747934757,0.0,0.1,58.365253507331886,917.4256389639947,1.0,0.0,1.0,0.0,2.0
15583,0.0009186741404299012,0.19843361433285867,0.0,0.1,61.49586192419736,917.9964481560354,1.0,0.0,1.0,0.0,2.0
15584,0.0015550288522283233,0.33588623208131785,0.0,0.1,62.63743012648507,916.7478317609898,1.0,0.0,1.0,0.0,2.0
15585,0.0009424785259564705,0.20357536160659762,0.0,0.1,63.35393648539654,916.7146537107662,1.0,0.0,1.0,0.0,2.0
15586,0.0010139341173850452,0.21900976935516978,0.0,0.1,66.79804277283229,917.1163943969685,1.0,0.0,1.0,0.0,2.0
15587,0.001126897783630383,0.24340992126416272,0.0,0.1,68.23711795684433,916.0936079492358,1.0,0.0,1.0,0.0,2.0
15588,0.0005747699146418448,0.1241503015626385,0.0,0.1,,,1.0,0.0,,,2.0
15589,0.0016427580486435302,0.3548357385070025,0.0,0.1,,,1.0,0.0,,,2.0
15590,0.0012432051100184926,0.26853230376399445,0.0,0.1,,,1.0,0.0,,,2.0
15591,0.0004991803224655331,0.10782294965255515,0.0,0.1,,,1.0,0.0,,,2.0
15592,0.0012698298836028312,0.2742832548582116,0.0,0.1,,,1.0,0.0,,,2.0
15593,0.00045950648271280136,0.0992534002659651,1.0,0.1,,,1.0,0.0,,,2.0
15594,0.0009822434477978557,0.21216458472433686,0.0,0.1,,,1.0,0.0,,,2.0
15595,0.0005779897462050123,0.12484578518028266,0.0,0.1,,,1.0,0.0,,,2.0
15596,0.0008458078508708647,0.1826944957881068,0.0,0.1,,,1.0,0.0,,,2.0
15597,0.00048503448674901644,0.10476744913778754,0.0,0.1,,,1.0,0.0,,,2.0
15598,0.000903383163087863,0.1951307632269784,0.0,0.1,,,1.0,0.0,,,2.0
15599,0.0008492205751599423,0.18343164423454755,0.0,0.1,,,1.0,0.0,,,2.0
15600,0.00020633923429326146,0.04456927460734448,1.0,0.1,28.26060589640458,875.8740466955907,1.0,0.0,1.0,0.0,2.0
15601,0.0014498544663276644,0.3131685647267755,0.0,0.1,24.970592999056965,865.9673777130605,1.0,0.0,1.0,0.0,2.0
15602,0.0008090001984398888,0.17474404286301598,0.0,0.1,24.694808793263466,854.9808162873726,1.0,0.0,1.0,0.0,2.0
15603,0.0012297110757255698,0.2656175923567231,0.0,0.1,26.04221972975748,853.0716470190731,1.0,0.0,1.0,0.0,2.0
15604,0.0017688648043650607,0.38207479774285313,0.0,0.1,29.541562893676932,845.522751675306,1.0,0.0,1.0,0.0,2.0
15605,0.0012481364815135918,0.2695974800069358,0.0,0.1,33.23968295715814,840.5543039658668,1.0,0.0,1.0,0.0,2.0
15606,0.000265214009726408,0.05728622610090413,1.0,0.1,38.21928841846368,836.2268517547062,1.0,0.0,1.0,0.0,2.0
15607,0.000565644129617554,0.12217913199739168,0.0,0.1,39.40494213932574,836.2929793255212,1.0,0.0,1.0,0.0,2.0
15608,0.0006840578917380545,0.14775650461541975,0.0,0.1,45.439639859868294,834.4301573284456,1.0,0.0,1.0,0.0,2.0
15609,0.0007733012357470388,0.16703306692136038,0.0,0.1,50.2344182796277,832.3212640891759,1.0,0.0,1.0,0.0,2.0
15610,0.00041946571053745184,0.0906045934760896,1.0,0.1,51.739590846790065,830.9420981208211,1.0,0.0,1.0,0.0,2.0
15611,0.0008677782633336978,0.18744010488007873,0.0,0.1,54.45027438645705,827.5762834232288,1.0,0.0,1.0,0.0,2.0
15612,0.000152209978694471,0.032877355398005736,1.0,0.1,56.36255376348159,825.4331650813303,1.0,0.0,1.0,0.0,2.0
15613,0.0001548489521459196,0.03344737366351863,1.0,0.1,60.620283725124146,821.7041607775074,1.0,0.0,1.0,0.0,2.0
15614,0.000542278607324238,0.1171321791820354,0.0,0.1,63.75622376504731,819.5745079588796,1.0,0.0,1.0,0.0,2.0
15615,7.96854692262886e-05,0.01721206135287834,1.0,0.1,67.81218515929515,817.301676689768,1.0,0.0,1.0,0.0,2.0
15616,0.0003633357777184754,0.07848052798719068,1.0,0.1,67.58037042385078,818.3155085828702,1.0,0.0,1.0,0.0,2.0
15617,0.0005959271239986838,0.1287202587837157,0.0,0.1,70.35320199279802,815.7714771919823,1.0,0.0,0.0,0.0,2.0
15618,0.0004637839352389072,0.10017733001160396,0.0,0.1,77.18076934844437,809.1299626748922,1.0,0.0,0.0,0.0,2.0
15619,0.00036768053901807795,0.07941899642790484,1.0,0.1,85.06434611905266,802.0469450081099,1.0,0.0,0.0,0.0,2.0
15620,0.00038479257564830307,0.08311519634003346,1.0,0.1,93.8221512706703,793.6169222818567,1.0,0.0,0.0,0.0,2.0
15621,0.001252498320445865,0.27053963721630686,0.0,0.1,96.59121419283292,790.519805866535,1.0,0.0,0.0,0.0,2.0
15622,0.0020067579802048935,0.433459723724257,0.0,0.1,101.40516687045809,785.3530008404592,1.0,0.0,0.0,0.0,2.0
15623,0.0016067199327302983,0.34705150546974445,0.0,0.1,107.38608676378848,778.593256132003,1.0,0.0,0.0,0.0,2.0
15624,0.001037504058014815,0.22410087653120006,0.0,0.1,114.239083918851,772.7544861268768,1.0,0.0,0.0,0.0,2.0
15625,0.0017754845607963472,0.383504665132011,0.0,0.1,118.43111155980758,769.1167159339645,1.0,0.0,0.0,0.0,2.0
15626,0.0012708166800069656,0.27449640288150456,0.0,0.1,125.65528656854462,761.2251836889415,1.0,0.0,0.0,0.0,2.0
15627,0.0023988368311515596,0.5181487555287368,0.0,0.1,132.29816368369305,754.6143325471537,1.0,0.0,0.0,0.0,2.0
15628,0.0013929731256816773,0.3008821951472423,0.0,0.1,136.68893253043044,749.8305700594716,1.0,0.0,0.0,0.0,2.0
15629,0.0010053115348157304,0.21714729152019777,0.0,0.1,143.5266616779672,742.5680960850713,1.0,0.0,0.0,0.0,2.0
15630,0.0015599049638010609,0.33693947218102915,0.0,0.1,148.21518416464033,736.7147872173257,1.0,0.0,0.0,0.0,2.0
15631,0.002359423196227099,0.5096354103850534,0.0,0.1,158.01303914545113,725.0932408552682,1.0,0.0,0.0,0.0,2.0
15632,0.003240264019301273,0.699897028169075,0.0,0.1,165.73965851649965,716.049314671508,1.0,0.0,0.0,0.0,2.0
15633,0.0014245321722248833,0.3076989492005748,0.0,0.1,172.095978289211,708.8938900753654,1.0,0.0,0.0,0.0,2.0
15634,0.0026706344429218293,0.5768570396711151,0.0,0.1,173.55835746622543,706.8286262047354,1.0,0.0,0.0,0.0,2.0
15635,0.0023813064520844273,0.5143621936502364,0.0,0.1,179.57112888780645,699.7848527841417,1.0,0.0,0.0,0.0,2.0
15636,0.0016024537261468447,0.34613000484771844,0.0,0.1,188.08758944122678,689.670079323411,1.0,0.0,0.0,0.0,2.0
15637,0.0026148340803548334,0.564804161356644,0.0,0.1,196.80018872050908,679.3664947331212,1.0,0.0,0.0,0.0,2.0
15638,0.0012032069099586146,0.2598926925510608,0.0,0.1,202.47771006604788,672.6707161644238,1.0,0.0,0.0,0.0,2.0
15639,0.0015403189770983763,0.3327088990532493,0.0,0.1,202.33673288506674,672.4391098515888,1.0,0.0,0.0,0.0,2.0
15640,0.0004047030281821434,0.08741585408734297,1.0,0.1,205.2820303793015,669.0494168280694,1.0,0.0,0.0,0.0,2.0
15641,0.0018465099934252276,0.3988461585798492,0.0,0.1,209.01570320899668,664.6405153110388,1.0,0.0,0.0,0.0,2.0
15642,0.0006478819037679787,0.1399424912138834,0.0,0.1,213.5806311609297,660.4676721534328,1.0,0.0,0.0,0.0,2.0
15643,0.0018226307935524755,0.3936882514073347,0.0,0.1,216.58303694679452,658.012154703247,1.0,0.0,0.0,0.0,2.0
15644,0.0021973157056434274,0.4746201924189804,0.0,0.1,221.01391206353466,654.8873828666824,1.0,0.0,0.0,0.0,2.0
15645,0.002737777395050691,0.5913599173309493,0.0,0.1,225.3442475394239,652.548098140801,1.0,0.0,0.0,0.0,2.0
15646,0.0031670608932087493,0.6840851529330899,0.0,0.1,231.10515585963878,649.1938273061622,1.0,0.0,0.0,0.0,2.0
15647,0.0025956586104059864,0.5606622598476931,0.0,0.1,240.27886113257478,642.8566577805095,1.0,0.0,0.0,0.0,2.0
15648,0.0026584416879800172,0.5742234046036837,0.0,0.1,242.9869763620158,642.2796565069146,1.0,0.0,0.0,0.0,2.0
15649,0.00396063415889397,0.8554969783210976,0.0,0.1,252.50422887792874,637.1355814592662,1.0,0.0,0.0,0.0,2.0
15650,0.0034986193733711817,0.7557017846481753,0.0,0.1,263.5814138288475,630.0077653605465,1.0,0.0,0.0,0.0,2.0
15651,0.0017695039418634058,0.38221285144249567,0.0,0.1,274.1234975881944,621.8301749199626,1.0,0.0,0.0,0.0,2.0
15652,0.003259518006238438,0.7040558893475026,0.0,0.1,279.6445023186471,617.4875201963624,1.0,0.0,0.0,0.0,2.0
15653,0.004172834024056131,0.9013321491961243,0.0,0.1,289.01374044061447,612.4962127333749,1.0,0.0,0.0,0.0,2.0
15654,0.002432349485839325,0.5253874889412942,0.0,0.1,296.0590518634962,610.6673958976781,1.0,0.0,0.0,0.0,2.0
15655,0.002511158454792792,0.542410226235243,0.0,0.1,300.2401952005945,610.5800684303576,1.0,0.0,0.0,0.0,2.0
15656,0.0007184034363931375,0.1551751422609177,0.0,0.1,308.70920004532525,607.1004427888897,1.0,0.0,0.0,0.0,2.0
15657,0.003459408041915035,0.7472321370536475,0.0,0.1,313.79975060756755,604.7911355524669,1.0,0.0,0.0,0.0,2.0
15658,0.0013157947851691265,0.2842116735965313,0.0,0.1,323.07990099235406,599.5417009403196,1.0,0.0,0.0,0.0,2.0
15659,0.0025532397679950106,0.5514997898869223,0.0,0.1,331.7852937257391,594.3667912438115,1.0,0.0,0.0,0.0,2.0
15660,0.0013498762093705837,0.2915732612240461,0.0,0.1,342.83311721665973,587.5712203993726,1.0,0.0,0.0,0.0,2.0
15661,0.003145581096987014,0.679445516949195,0.0,0.1,348.083055598453,584.2606509090102,1.0,0.0,0.0,0.0,2.0
15662,0.002316056452386013,0.5002681937153788,0.0,0.1,358.8757003185421,580.0590494644595,1.0,0.0,0.0,0.0,2.0
15663,0.0028184846525584413,0.6087926849526234,0.0,0.1,366.6471639124115,578.1430322896656,1.0,0.0,0.0,0.0,2.0
15664,0.0028353746507754716,0.6124409245675019,0.0,0.1,375.3635253761154,574.1174268237197,1.0,0.0,0.0,0.0,2.0
15665,0.001771381817315877,0.3826184725402294,0.0,0.1,383.35035355527526,569.7767648395696,1.0,0.0,0.0,0.0,2.0
15666,0.002519586431972272,0.5442306693060107,0.0,0.1,387.242178257949,570.9724552944256,1.0,0.0,0.0,0.0,2.0
15667,0.002894312728362618,0.6251715493263256,0.0,0.1,397.5388236551616,564.5414923729392,1.0,0.0,0.0,0.0,2.0
15668,0.0017514759848592132,0.37831881272959006,0.0,0.1,407.2743303212991,562.4790219903291,1.0,0.0,0.0,0.0,2.0
15669,0.0011271659297480646,0.24346784082558195,0.0,0.1,412.99078032795893,561.0122576916307,1.0,0.0,0.0,0.0,2.0
15670,0.0014954589229019418,0.3230191273468195,0.0,0.1,415.31604880146364,560.1835765297841,1.0,0.0,0.0,0.0,2.0
15671,0.0027539829288168375,0.594860312624437,0.0,0.1,417.9834868100165,562.8715495719258,1.0,0.0,0.0,0.0,2.0
15672,0.001990317403973098,0.4299085592581892,0.0,0.1,422.4782836453794,563.1577998143443,1.0,0.0,0.0,0.0,2.0
15673,0.002591313661168676,0.5597237508124341,0.0,0.1,424.20688307770547,566.6408983573745,1.0,0.0,0.0,0.0,2.0
15674,0.0009035463660506226,0.1951660150669345,0.0,0.1,428.17596577265937,565.0724911069984,1.0,0.0,0.0,0.0,2.0
15675,0.0017612652118100469,0.38043328575097013,0.0,0.1,430.0175789378565,564.6339597646075,1.0,0.0,0.0,0.0,2.0
15676,0.0010315739652372404,0.22281997649124394,0.0,0.1,434.98493971511556,564.3159276719869,1.0,0.0,0.0,0.0,2.0
15677,0.0022191160520136552,0.4793290672349495,0.0,0.1,437.98010006422186,564.2338895494473,1.0,0.0,0.0,0.0,2.0
15678,0.0010758309792643294,0.23237949152109516,0.0,0.1,439.84580709620997,567.3365789157637,1.0,0.0,0.0,0.0,2.0
15679,0.0018399602887269558,0.39743142236502244,0.0,0.1,441.7394516454251,568.2088639800224,1.0,0.0,0.0,0.0,2.0
15680,0.0024251634911258923,0.5238353140831927,0.0,0.1,449.37402943629877,569.1718262838415,1.0,0.0,0.0,0.0,2.0
15681,0.0019095509824573534,0.41246301221078835,0.0,0.1,454.05375017195473,568.8069782805434,1.0,0.0,0.0,0.0,2.0
15682,0.0023222737612880293,0.5016111324382143,0.0,0.1,458.4346212487256,569.7241996316295,1.0,0.0,0.0,0.0,2.0
15683,0.001519876791225405,0.32829338690468746,0.0,0.1,466.8868772242292,569.4487332373969,1.0,0.0,0.0,0.0,2.0
15684,0.0016706994691041352,0.3608710853264932,0.0,0.1,472.9683897330935,567.181732859657,1.0,0.0,0.0,0.0,2.0
15685,0.0019102711344957295,0.4126185650510776,0.0,0.1,480.7127105545513,569.0913890707387,1.0,0.0,0.0,0.0,2.0
15686,0.002957713375077899,0.6388660890168262,0.0,0.1,484.7909788340869,572.1351715228898,1.0,0.0,0.0,0.0,2.0
15687,0.001341208924609381,0.2897011277156263,0.0,0.1,487.9487535108932,574.031469321533,1.0,0.0,0.0,0.0,2.0
15688,0.002271249248162745,0.49058983760315295,0.0,0.1,491.38339395798135,575.4957953400266,1.0,0.0,0.0,0.0,2.0
15689,0.00274085279253854,0.5920242031883246,0.0,0.1,496.9721141967096,575.6075672075035,1.0,0.0,0.0,0.0,2.0
15690,0.001790258845012557,0.38669591052271235,0.0,0.1,500.52912422309714,578.0176741870733,1.0,0.0,0.0,0.0,2.0
15691,0.0018950583921888866,0.4093326127127995,0.0,0.1,501.35090227702415,586.5339560450179,1.0,0.0,0.0,0.0,2.0
15692,0.00011450745493021693,0.024733610264926858,1.0,0.1,499.9061112802591,594.7843362932045,1.0,0.0,0.0,0.0,2.0
15693,0.0006613391221951513,0.14284925039415267,0.0,0.1,495.59325690387834,599.9362400413356,1.0,0.0,0.0,0.0,2.0
15694,0.00047418189720901244,0.10242328979714668,0.0,0.1,485.39999483359753,611.0817885370531,1.0,0.0,0.0,0.0,2.0
15695,0.0007655109856323904,0.16535037289659635,0.0,0.1,471.6934447874988,627.6899320391053,1.0,0.0,0.0,0.0,2.0
15696,0.00034502954151110983,0.07452638096639973,1.0,0.1,460.9649391683757,641.4493623586567,1.0,0.0,0.0,0.0,2.0
15697,0.0002345088691018347,0.05065391572599629,1.0,0.1,456.1465697985833,646.647124150298,1.0,0.0,0.0,0.0,2.0
15698,0.0006725654786348729,0.14527414338513256,0.0,0.1,452.40159288563177,653.9766822149223,1.0,0.0,0.0,0.0,2.0
15699,0.0006520528453020787,0.14084341458524902,0.0,0.1,449.53972609222427,658.669163891286,1.0,0.0,0.0,0.0,2.0
15700,0.0009169858557428403,0.19806894484045354,0.0,0.1,446.5974324119948,668.207440667595,1.0,0.0,0.0,0.0,2.0
15701,0.000693531291690442,0.14980275900513548,0.0,0.1,448.2924486941779,674.4699785318218,1.0,0.0,0.0,0.0,2.0
15702,0.0015152449412383238,0.32729290730747795,0.0,0.1,446.97152648538906,678.2601949063521,1.0,0.0,0.0,0.0,2.0
15703,0.001367381499087837,0.2953544038029728,0.0,0.1,447.85764205940245,683.5783398503819,1.0,0.0,0.0,0.0,2.0
15704,0.0010376690546747593,0.224136515809748,0.0,0.1,449.5535949713942,687.3420071481672,1.0,0.0,0.0,0.0,2.0
15705,0.0005380625097833034,0.11622150211319354,0.0,0.1,450.0251377080814,687.2343833413056,1.0,0.0,0.0,0.0,2.0
15706,0.0013275772653140627,0.28675668930783754,0.0,0.1,450.49080218818654,687.0658712107157,1.0,0.0,0.0,0.0,2.0
15707,0.0007079974658926543,0.15292745263281335,0.0,0.1,453.5317902551774,687.6964686211005,1.0,0.0,0.0,0.0,2.0
15708,0.00026938946792956595,0.05818812507278625,1.0,0.1,454.5775464695946,685.5796126035275,1.0,0.0,0.0,0.0,2.0
15709,0.00027653654173050743,0.0597318930137896,1.0,0.1,454.37905981524534,681.5695184121663,1.0,0.0,0.0,0.0,2.0
15710,0.00039607509425263474,0.08555222035856912,1.0,0.1,459.0006884780301,675.7224187686694,1.0,0.0,0.0,0.0,2.0
15711,0.0004246285170903599,0.09171975969151774,1.0,0.1,460.47947939478075,673.3523029211306,1.0,0.0,0.0,0.0,2.0
15712,0.0001723618508158377,0.03723015977622095,1.0,0.1,467.5466792231569,666.6073140058605,1.0,0.0,0.0,0.0,2.0
15713,0.0012845409297931106,0.27746084083531186,0.0,0.1,471.80538610667486,663.2137778350144,1.0,0.0,0.0,0.0,2.0
15714,0.00018794640870586237,0.040596424280466274,1.0,0.1,472.8572648374707,662.0870742068009,1.0,0.0,0.0,0.0,2.0
15715,0.000505408350345791,0.10916820367469085,0.0,0.1,473.3203461407678,660.3617012654132,1.0,0.0,0.0,0.0,2.0
15716,0.00021290952562098527,0.04598845753413282,1.0,0.1,480.66902200517643,650.6184885431767,1.0,0.0,0.0,0.0,2.0
15717,0.001343238441744387,0.29013950341678757,0.0,0.1,483.9673415120066,645.0032539006578,1.0,0.0,0.0,0.0,2.0
15718,0.0011872409167559407,0.25644403801928317,0.0,0.1,488.45056783426895,638.0275065344698,1.0,0.0,0.0,0.0,2.0
15719,0.00045206879168330764,0.09764685900359446,1.0,0.1,491.89560182930137,632.2880078136513,1.0,0.0,0.0,0.0,2.0
15720,0.00029856428699085054,0.06448988599002371,1.0,0.1,492.7840477973356,627.6623311426059,1.0,0.0,0.0,0.0,2.0
15721,0.0005967802589034321,0.12890453592314136,0.0,0.1,495.96777142342256,621.3771877323455,1.0,0.0,0.0,0.0,2.0
15722,0.00027638484962071337,0.05969912751807409,1.0,0.1,500.41970450426714,610.1850483146885,1.0,0.0,0.0,0.0,2.0
15723,0.001009041287924769,0.21795291819175008,0.0,0.1,502.43783040383437,596.474358081714,1.0,0.0,0.0,0.0,2.0
15724,0.0019956608624042043,0.43106274627930813,0.0,0.1,506.53928776289575,587.3712185190954,1.0,0.0,0.0,0.0,2.0
15725,0.0008184772360435408,0.17679108298540483,0.0,0.1,504.2750923045135,574.606493204105,1.0,0.0,0.0,0.0,2.0
15726,0.00082285537978236,0.17773676203298977,0.0,0.1,505.76337163220137,559.2903517138583,1.0,0.0,0.0,0.0,2.0
15727,0.000508454869357909,0.10982625178130835,0.0,0.1,506.57803738086676,556.3336197052471,1.0,0.0,0.0,0.0,2.0
15728,0.00028579306351188754,0.06173130171856771,1.0,0.1,507.9739688179995,545.8999742082589,1.0,0.0,0.0,0.0,2.0
15729,0.000953784814320688,0.2060175198932686,0.0,0.1,,,1.0,0.0,,,2.0
15730,0.00043929926651909963,0.09488864156812551,1.0,0.1,,,1.0,0.0,,,2.0
15731,0.0008181104047248114,0.1767118474205593,0.0,0.1,,,1.0,0.0,,,2.0
15732,0.00024369947165506865,0.05263908587749483,1.0,0.1,,,1.0,0.0,,,2.0
15733,0.0002767710541772659,0.05978254770228943,1.0,0.1,,,1.0,0.0,,,2.0
15734,0.0009321950435359251,0.20135412940375982,0.0,0.1,,,1.0,0.0,,,2.0
15735,0.0003756910432541934,0.08114926534290577,1.0,0.1,,,1.0,0.0,,,2.0
15736,0.000268054583010917,0.057899789930358075,1.0,0.1,,,1.0,0.0,,,2.0
15737,0.00020008451947602,0.04321825620682032,1.0,0.1,,,1.0,0.0,,,2.0
15738,0.0024862894508295035,0.5370385213791729,0.0,0.1,,,1.0,0.0,,,2.0
15739,0.0005600559435217619,0.12097208380070058,0.0,0.1,,,1.0,0.0,,,2.0
15740,0.00030085103979888786,0.06498382459655978,1.0,0.1,,,1.0,0.0,,,2.0
15741,0.00024958014388968224,0.053909311080171364,1.0,0.1,,,1.0,0.0,,,2.0
15742,0.0010737525595631698,0.23193055286564465,0.0,0.1,,,1.0,0.0,,,2.0
15743,0.0007180103082532908,0.15509022658271082,0.0,0.1,,,1.0,0.0,,,2.0
15744,0.0006144886285452228,0.13272954376576812,0.0,0.1,,,1.0,0.0,,,2.0
15745,0.0016910097723016118,0.36525811081714815,0.0,0.1,,,1.0,0.0,,,2.0
15746,0.0007128338049457412,0.1539721018682801,0.0,0.1,,,1.0,0.0,,,2.0
15747,,,,0.1,,,1.0,0.0,,,2.0
15748,,,,0.1,,,,,,,2.0
15749,,,,0.1,,,,,,,2.0
15750,,,,0.1,,,,,,,2.0
15751,,,,0.1,,,,,,,2.0
15752,,,,0.1,,,,,,,2.0
15753,,,,0.1,,,,,,,2.0
15754,,,,0.1,,,,,,,2.0
15755,,,,0.1,,,,,,,2.0
15756,,,,0.1,,,,,,,2.0
15757,,,,0.1,,,,,,,2.0
15758,,,,0.1,,,,,,,2.0
15759,,,,0.1,,,,,,,2.0
15760,,,,0.1,,,,,,,2.0
15761,,,,0.1,,,1.0,0.0,,,2.0
15762,,,,0.1,474.8368251974104,482.152027628023,,,0.0,0.0,2.0
15763,0.00026237350027093236,0.056672676058521394,1.0,0.1,473.37624023935825,474.6642467186626,1.0,0.0,0.0,0.0,2.0
15764,7.686515578317799e-05,0.016602873649166447,1.0,0.1,474.4678768168328,467.33178003689056,1.0,0.0,0.0,0.0,2.0
15765,0.0010979168769432595,0.23715004541974408,0.0,0.1,474.76155588704773,463.79648908147846,1.0,0.0,0.0,0.0,2.0
15766,0.0005381087655208549,0.11623149335250467,0.0,0.1,476.6269272362986,458.7054079167229,1.0,0.0,0.0,0.0,2.0
15767,0.0005815402967601677,0.12561270410019623,0.0,0.1,478.48372560363293,455.79267123944663,1.0,0.0,0.0,0.0,2.0
15768,0.0003002031933455008,0.06484388976262818,1.0,0.1,478.17377570724705,453.51022595502997,1.0,0.0,0.0,0.0,2.0
15769,0.0007450967328756366,0.1609408943011375,0.0,0.1,478.18537062622767,452.05254310741,1.0,0.0,0.0,0.0,2.0
15770,0.0013097712528367818,0.2829105906127449,0.0,0.1,480.040887261626,447.41727244269,1.0,0.0,0.0,0.0,2.0
15771,0.0015986546889733104,0.3453094128182351,0.0,0.1,483.91869818084575,442.0744504610753,1.0,0.0,0.0,0.0,2.0
15772,0.00027543686211875464,0.059494362217651,1.0,0.1,486.8870824180476,438.0433972782788,1.0,0.0,0.0,0.0,2.0
15773,0.0006505618523385075,0.14052136010511762,0.0,0.1,492.1485351642677,430.98328837104407,1.0,0.0,0.0,0.0,2.0
15774,0.0013869293124243974,0.29957673148366987,0.0,0.1,495.101292343603,428.13155210801733,1.0,0.0,0.0,0.0,2.0
15775,0.0009976995439982734,0.21550310150362706,0.0,0.1,499.86986327317794,423.508261423338,1.0,0.0,0.0,0.0,2.0
15776,0.00204785924123875,0.44233759610756995,0.0,0.1,505.30356561013184,417.19009543329923,1.0,0.0,0.0,0.0,2.0
15777,0.0004898108180669645,0.10579913670246432,0.0,0.1,510.66979038666665,410.99401186059686,1.0,0.0,0.0,0.0,2.0
15778,0.0012440344939013697,0.26871145068269586,0.0,0.1,512.7956297792956,408.0799036394033,1.0,0.0,0.0,0.0,2.0
15779,0.00044308622648829446,0.0957066249214716,1.0,0.1,518.4770068115112,401.32158313116406,1.0,0.0,0.0,0.0,2.0
15780,0.002469982907269288,0.5335163079701661,0.0,0.1,526.9119768171353,389.7610498885849,1.0,0.0,0.0,0.0,2.0
15781,0.0032234368659427378,0.6962623630436314,0.0,0.1,537.9793323451519,375.8209128851132,1.0,0.0,0.0,0.0,2.0
15782,0.0020459557772442437,0.44192644788475666,0.0,0.1,546.2666972103805,367.3153805847412,1.0,0.0,0.0,0.0,2.0
15783,0.0022747899381868816,0.49135462664836643,0.0,0.1,552.1111236122358,361.4433356813311,1.0,0.0,0.0,0.0,2.0
15784,0.004560730385559582,0.9851177632808698,0.0,0.1,563.0582693396287,351.15287232761676,1.0,0.0,0.0,0.0,2.0
15785,0.0025661327990990136,0.5542846846053869,0.0,0.1,575.3921582190162,340.28546597275084,1.0,0.0,0.0,0.0,2.0
15786,0.0011724045643665632,0.2532393859031777,0.0,0.1,586.4013556842826,329.93864934120944,1.0,0.0,0.0,0.0,2.0
15787,0.002584389004577516,0.5582280249887435,0.0,0.1,588.7946373167091,326.98764688276054,1.0,0.0,0.0,0.0,2.0
15788,0.003801599077818141,0.8211454008087185,0.0,0.1,597.7140605416702,319.27813922484637,1.0,0.0,0.0,0.0,2.0
15789,0.0023188208190868184,0.5008652969227528,0.0,0.1,605.8524204179413,310.8189472803143,1.0,0.0,0.0,0.0,2.0
15790,0.00168275387537041,0.36347483708000855,0.0,0.1,615.5663657238541,300.3080411646739,1.0,0.0,0.0,0.0,2.0
15791,0.002225851553948059,0.4807839356527807,0.0,0.1,619.8978096807075,292.99981585368226,1.0,0.0,0.0,0.0,2.0
15792,0.0012725999768788804,0.2748815950058382,0.0,0.1,622.643776343029,290.0225940610504,1.0,0.0,0.0,0.0,2.0
15793,0.0031884454772767457,0.6887042230917771,0.0,0.1,631.4106991902948,281.2791328296611,1.0,0.0,0.0,0.0,2.0
15794,0.002936712841305195,0.6343299737219221,0.0,0.1,637.3643713012553,273.06602981895765,0.0,1.0,0.0,0.0,2.0
15795,0.0017079722216410778,0.3689219998744728,0.0,0.1,644.1824949744066,264.5488253505318,0.0,1.0,0.0,0.0,2.0
15796,0.002702049353191681,0.583642660289403,0.0,0.1,646.0103415103026,260.5207312564594,0.0,1.0,0.0,0.0,2.0
15797,0.0025561638561819354,0.552131392935298,0.0,0.1,654.1609918071662,250.1975766587249,0.0,1.0,0.0,0.0,2.0
15798,0.0021727667365585555,0.469317615096648,0.0,0.1,658.6180197413092,241.35343041602002,0.0,1.0,0.0,0.0,2.0
15799,0.002272235681159149,0.4908029071303762,0.0,0.1,664.1081031376705,233.90052270375497,0.0,1.0,0.0,0.0,2.0
15800,0.000977082377977132,0.2110497936430605,0.0,0.1,671.5022600592011,225.20232149057856,0.0,1.0,0.0,0.0,2.0
15801,0.0016508512140043668,0.3565838622249432,0.0,0.1,673.2197644092796,222.79072358054472,0.0,1.0,0.0,0.0,2.0
15802,0.0029965787776072266,0.647261015963161,0.0,0.1,679.9471606358246,215.1517547443943,0.0,1.0,0.0,0.0,2.0
15803,0.0032317197013165696,0.6980514554843791,0.0,0.1,686.394690443162,208.3621567250804,0.0,1.0,0.0,0.0,2.0
15804,0.0016216550050826796,0.3502774810978588,0.0,0.1,693.0136469235969,201.02177745275725,0.0,1.0,0.0,0.0,2.0
15805,0.0023541157185977164,0.5084889952171068,0.0,0.1,696.9304147175365,197.4132593175479,0.0,1.0,0.0,0.0,2.0
15806,0.0025222545390341375,0.5448069804313737,0.0,0.1,708.3456783619425,186.0889811130171,0.0,1.0,0.0,0.0,2.0
15807,0.0031553542055325285,0.6815565083950261,0.0,0.1,718.6714875291638,175.26064494084594,0.0,1.0,0.0,0.0,2.0
15808,0.002575044238111992,0.5562095554321902,0.0,0.1,728.9776458755615,164.70531198253852,0.0,1.0,0.0,0.0,2.0
15809,0.0016575087725372677,0.3580218948680498,0.0,0.1,741.1261461405779,151.29654657402506,0.0,1.0,0.0,0.0,2.0
15810,0.002544048075631509,0.549514384336406,0.0,0.1,747.6727053945541,144.55249121764913,0.0,1.0,0.0,0.0,2.0
15811,0.0028143817393468766,0.6079064556989253,0.0,0.1,756.7416581038331,134.48351654655414,0.0,1.0,0.0,0.0,2.0
15812,0.0022785522728354336,0.4921672909324537,0.0,0.1,762.8485712120103,127.72056404069912,0.0,1.0,0.0,0.0,2.0
15813,0.0013758446113381255,0.2971824360490351,0.0,0.1,767.1835602576123,122.4713926206014,0.0,1.0,0.0,0.0,2.0
15814,0.0016640909727739493,0.35944365011917306,0.0,0.1,770.1645047883504,119.1172664872031,0.0,1.0,0.0,0.0,2.0
15815,0.001473621123706729,0.3183021627206534,0.0,0.1,775.2327291784031,112.95241764440838,0.0,1.0,0.0,0.0,2.0
15816,0.0027935879370711908,0.6034149944073772,0.0,0.1,780.00523262892,107.2325927754448,0.0,1.0,0.0,0.0,2.0
15817,0.0015529761188956385,0.33544284168145794,0.0,0.1,782.1302685394717,105.63557901479255,0.0,1.0,0.0,0.0,2.0
15818,0.00041074471369481657,0.08872085815808038,1.0,0.1,781.5302829378401,108.10477337175071,0.0,1.0,0.0,0.0,2.0
15819,0.0010145462575934586,0.21914199164018705,0.0,0.1,782.4725172088018,109.19428828759995,0.0,1.0,0.0,0.0,2.0
15820,0.0006865325698696401,0.14829103509184227,0.0,0.1,784.3214445635083,110.59184832344619,0.0,1.0,0.0,0.0,2.0
15821,0.00045692311901385273,0.0986953937069922,1.0,0.1,785.933530353047,110.39851626480834,0.0,1.0,0.0,0.0,2.0
15822,0.00011425316729245646,0.024678684135170596,1.0,0.1,787.2541576898581,110.16470293587346,0.0,1.0,0.0,0.0,2.0
15823,0.00031829880487092756,0.06875254185212036,1.0,0.1,787.6909079136512,109.8907252771882,0.0,1.0,0.0,0.0,2.0
15824,0.0004006096045640988,0.08653167458584533,1.0,0.1,787.8006521194785,111.21532779713006,0.0,1.0,0.0,0.0,2.0
15825,0.0004306788579467708,0.09302663331650249,1.0,0.1,790.9130677654397,111.27108642130119,0.0,1.0,0.0,0.0,2.0
15826,0.0009590829711548497,0.20716192176944753,0.0,0.1,793.385121163802,112.60749802013281,0.0,1.0,0.0,0.0,2.0
15827,0.00021902193180488416,0.047308737269854975,1.0,0.1,793.5768898867477,113.45226482139941,0.0,1.0,0.0,0.0,2.0
15828,0.001223321872885988,0.2642375245433734,0.0,0.1,793.5475115933027,113.64159483753426,0.0,1.0,0.0,0.0,2.0
15829,0.0009436077685186864,0.20381927800003624,0.0,0.1,791.1422313014921,116.62586559104311,0.0,1.0,0.0,0.0,2.0
15830,0.0009038771840950637,0.19523747176453377,0.0,0.1,790.9582091827748,118.85274979572804,0.0,1.0,0.0,0.0,2.0
15831,0.0005447906598971593,0.11767478253778642,0.0,0.1,791.3130470637444,119.16405315751767,0.0,1.0,0.0,0.0,2.0
15832,0.0007412750476963107,0.16011541030240312,0.0,0.1,791.3993872733895,117.62102829660328,0.0,1.0,0.0,0.0,2.0
15833,0.0004882358283708392,0.10545893892810128,0.0,0.1,792.1214425296682,114.7491491654904,0.0,1.0,0.0,0.0,2.0
15834,0.0007759925848830766,0.16761439833474454,0.0,0.1,795.1490788520229,112.4175062582784,0.0,1.0,0.0,0.0,2.0
15835,0.00012444685971154429,0.026880521697693567,1.0,0.1,794.7801395835768,110.16125878417768,0.0,1.0,0.0,0.0,2.0
15836,0.0005572375357356187,0.12036330771889363,0.0,0.1,797.6557928142046,106.26996384842678,0.0,1.0,0.0,0.0,2.0
15837,0.00013760067297831892,0.029721745363316888,1.0,0.1,798.4732649946933,105.18795034864083,0.0,1.0,0.0,0.0,2.0
15838,5.295599638501654e-05,0.011438495219163573,1.0,0.1,800.2855339159911,103.01981244580229,0.0,1.0,0.0,0.0,2.0
15839,0.0011023374758411184,0.23810489478168156,0.0,0.1,801.1930502502814,102.71549228754343,0.0,1.0,0.0,0.0,2.0
15840,0.0004031487575676227,0.0870801316346065,1.0,0.1,800.4908165079657,107.78108017271893,0.0,1.0,0.0,0.0,2.0
15841,0.0006685249175318663,0.14440138218688311,0.0,0.1,800.1958199438116,110.37900336590995,0.0,1.0,0.0,0.0,2.0
15842,0.0004688361172101808,0.10126860131739905,0.0,0.1,803.3587426303499,111.2334956962794,0.0,1.0,0.0,0.0,2.0
15843,0.0004410478895319148,0.0952663441388936,1.0,0.1,807.4254081603486,109.96473361211339,0.0,1.0,0.0,0.0,2.0
15844,0.000962813750529437,0.20796777011435838,0.0,0.1,810.4196451087141,107.40114706373076,0.0,1.0,0.0,0.0,2.0
15845,0.00019846181736611615,0.042867752551081086,1.0,0.1,812.7766148083764,104.92812753783036,0.0,1.0,0.0,0.0,2.0
15846,0.0008529620362842206,0.18423979983739164,0.0,0.1,814.4562914370474,103.42746943413859,0.0,1.0,0.0,0.0,2.0
15847,0.0003433112670395602,0.074155233680545,1.0,0.1,817.8383457936736,101.5182209602042,0.0,1.0,0.0,0.0,2.0
15848,0.000593356082541975,0.12816491382906658,0.0,0.1,821.7770854217091,97.0386877051355,0.0,1.0,0.0,0.0,2.0
15849,0.00029575456886652183,0.06388298687516872,1.0,0.1,821.9442708583417,95.4139270050616,0.0,1.0,0.0,0.0,2.0
15850,0.0005988416163938392,0.12934978914106926,0.0,0.1,822.4291164344668,95.16775366484396,0.0,1.0,0.0,0.0,2.0
15851,0.00032816352854202554,0.07088332216507752,1.0,0.1,824.0174014562358,96.31803022970634,0.0,1.0,0.0,0.0,2.0
15852,6.647641818622104e-05,0.014358906328223743,1.0,0.1,826.6863092972045,99.58095323674341,0.0,1.0,0.0,0.0,2.0
15853,0.0010111218290176013,0.2184023150678019,0.0,0.1,828.1324210085979,100.48660284110575,0.0,1.0,0.0,0.0,2.0
15854,0.0010439246672000997,0.22548772811522155,0.0,0.1,831.953588610816,99.7789989718591,0.0,1.0,0.0,0.0,2.0
15855,0.0009615660658350729,0.20769827022037576,0.0,0.1,833.5911565064343,99.13050425782198,0.0,1.0,0.0,0.0,2.0
15856,0.0010862121299371297,0.23462182006642002,0.0,0.1,837.1282125945195,97.76694419908786,0.0,1.0,0.0,0.0,2.0
15857,0.0010800810043015358,0.23329749692913174,0.0,0.1,838.6658546092658,98.85443495441895,0.0,1.0,0.0,0.0,2.0
15858,0.000739662755345891,0.15976715515471246,0.0,0.1,842.2139421973089,100.58300120429334,0.0,1.0,0.0,0.0,2.0
15859,0.002032490600286523,0.43901796966188894,0.0,0.1,845.1414782447459,101.5503258273611,0.0,1.0,0.0,0.0,2.0
15860,0.0023231916301152686,0.501809392104898,0.0,0.1,854.3212662940823,103.41508797960394,0.0,1.0,0.0,0.0,2.0
15861,0.0025511439917786346,0.5510471022241851,0.0,0.1,865.3854317619268,103.60158746683695,0.0,1.0,0.0,0.0,2.0
15862,0.0024142183232497604,0.5214711578219482,0.0,0.1,876.7734650385574,103.0519015395828,0.0,1.0,0.0,0.0,2.0
15863,0.0019886342003002954,0.4295449872648638,0.0,0.1,890.4049080538556,106.59994754401434,0.0,1.0,0.0,0.0,2.0
15864,0.0036990426849742167,0.7989932199544308,0.0,0.1,896.2132646039013,108.16467839586515,0.0,1.0,0.0,0.0,2.0
15865,0.002198569827670638,0.47489108277685776,0.0,0.1,911.1895675116789,113.59014923910091,0.0,1.0,0.0,0.0,2.0
15866,0.0015327495914947923,0.33107391176287515,0.0,0.1,926.3034594431848,120.56477255166655,0.0,1.0,0.0,0.0,2.0
15867,0.0030963517070512264,0.6688119687230649,0.0,0.1,938.6477746263811,126.405790529964,0.0,1.0,0.0,0.0,2.0
15868,0.005714747374964196,1.2343854329922666,0.0,0.1,942.7177602988464,128.47242797138736,0.0,1.0,0.0,0.0,2.0
15869,0.004241553235623233,0.9161754988946182,0.0,0.1,956.8464002939498,135.53573001033865,0.0,1.0,0.0,0.0,2.0
15870,0.00481015016826767,1.0389924363458167,0.0,0.1,970.9838855659492,144.77759429902602,0.0,1.0,0.0,0.0,2.0
15871,0.0018656578230237697,0.40298208977313427,0.0,0.1,984.6617356420962,152.97528702018266,0.0,1.0,0.0,0.0,2.0
15872,0.0016875865727501702,0.3645186997140368,0.0,0.1,994.0178945850521,158.420167116809,0.0,1.0,0.0,0.0,2.0
15873,0.0015170969426675275,0.32769293961618595,0.0,0.1,998.4339019918851,161.97297028508018,0.0,1.0,0.0,0.0,2.0
15874,0.004231585457201115,0.9140224587554407,0.0,0.1,1008.9806309513451,170.43205463769718,0.0,1.0,0.0,0.0,2.0
15875,0.0036575218479970723,0.7900247191673676,0.0,0.1,1018.96055902426,178.6494854689994,0.0,1.0,0.0,0.0,2.0
15876,0.0005060529597261553,0.10930743930084955,0.0,0.1,1029.9517399463139,188.2389017512792,0.0,1.0,0.0,0.0,2.0
15877,0.001308136447867206,0.28255747273931653,0.0,0.1,1033.5675132621407,191.71225331398136,0.0,1.0,0.0,0.0,2.0
15878,0.002196256351186057,0.4743913718561883,0.0,0.1,1038.1743009849754,195.75390779601932,0.0,1.0,0.0,0.0,2.0
15879,0.0020896306898291997,0.4513602290031071,0.0,0.1,1042.879559137361,199.56009770924547,0.0,1.0,0.0,0.0,2.0
15880,0.000495080890613387,0.1069374723724916,0.0,0.1,1046.3249398724074,202.1483264996597,0.0,1.0,0.0,0.0,2.0
15881,0.00028094279001664684,0.060683642643595714,1.0,0.1,1049.393412844448,204.9581261926403,0.0,1.0,0.0,0.0,2.0
15882,0.001174061867545988,0.25359736338993344,0.0,0.1,1048.8656687961995,204.36387498638578,0.0,1.0,0.0,0.0,2.0
15883,0.0008853324542250443,0.19123181011260956,0.0,0.1,1047.1048118966128,203.0752783900571,0.0,1.0,0.0,0.0,2.0
15884,0.0012966479369540952,0.28007595438208455,0.0,0.1,1042.5271477498297,200.78830917790313,0.0,1.0,0.0,0.0,2.0
15885,0.0003854436837313687,0.08325583568597564,1.0,0.1,1040.7857533500467,202.47899216045394,0.0,1.0,0.0,0.0,2.0
15886,0.0010603726908409432,0.22904050122164374,0.0,0.1,1040.076404811592,203.24033872006413,0.0,1.0,0.0,0.0,2.0
15887,0.0007323887989144029,0.15819598056551104,0.0,0.1,1039.2857539395743,204.20529965049025,0.0,1.0,0.0,0.0,2.0
15888,0.000773926219355991,0.16716806338089407,0.0,0.1,1038.2536977904435,203.56737481588078,0.0,1.0,0.0,0.0,2.0
15889,0.0008615082152101255,0.1860857744853871,0.0,0.1,1034.9005877604661,202.99881758754384,0.0,1.0,0.0,0.0,2.0
15890,0.0003382796230973479,0.07306839858902715,1.0,0.1,1029.9771913410116,205.46837166631926,0.0,1.0,0.0,0.0,2.0
15891,0.0005968237704737421,0.1289139344223283,0.0,0.1,1029.4939154860751,207.33287020069443,0.0,1.0,0.0,0.0,2.0
15892,0.0008428148985042439,0.18204801807691667,0.0,0.1,1031.6590479094768,214.53305084474144,0.0,1.0,0.0,0.0,2.0
15893,0.0006590401892043261,0.14235268086813446,0.0,0.1,1033.8962743622958,218.86749957759577,0.0,1.0,0.0,0.0,2.0
15894,0.0002172720635819403,0.04693076573369911,1.0,0.1,1033.41667313902,220.01688669917453,0.0,1.0,0.0,0.0,2.0
15895,0.0004474923872412572,0.09665835564411156,1.0,0.1,1033.0668620791093,219.02032283268036,0.0,1.0,0.0,0.0,2.0
15896,0.000615728140078595,0.1329972782569765,0.0,0.1,1032.816506654731,218.5219454796745,0.0,1.0,0.0,0.0,2.0
15897,0.0007113556879586031,0.15365282859905827,0.0,0.1,1034.4111493528503,218.83851214267887,0.0,1.0,0.0,0.0,2.0
15898,0.0020536016463418667,0.4435779556098432,0.0,0.1,1036.4413333727664,217.75369515512918,0.0,1.0,0.0,0.0,2.0
15899,0.00032283009855614374,0.06973130128812705,1.0,0.1,1038.7351210380805,217.44800803557587,0.0,1.0,0.0,0.0,2.0
15900,0.0002836339207267713,0.0612649268769826,1.0,0.1,1037.8266739746907,215.86585883021837,0.0,1.0,0.0,0.0,2.0
15901,0.0005716718360244755,0.12348111658128673,0.0,0.1,1034.0147143487022,209.95754899675313,0.0,1.0,0.0,0.0,2.0
15902,0.0006869632633251936,0.14838406487824182,0.0,0.1,1033.6335641948276,207.22070151520435,0.0,1.0,0.0,0.0,2.0
15903,0.00031191481911028036,0.06737360092782056,1.0,0.1,1035.4987867453963,206.6018952900217,0.0,1.0,0.0,0.0,2.0
15904,0.0008479316150286424,0.18315322884618676,0.0,0.1,1036.3535787144153,206.50804296196665,0.0,1.0,0.0,0.0,2.0
15905,0.0010052023922763017,0.21712371673168115,0.0,0.1,1035.010658838051,202.5208299074839,0.0,1.0,0.0,0.0,2.0
15906,0.001151469848442597,0.24871748726360096,0.0,0.1,1029.9000004171817,195.35898808541145,0.0,1.0,0.0,0.0,2.0
15907,0.000587121447992431,0.1268182327663651,0.0,0.1,1030.403178649163,193.8129146825849,0.0,1.0,0.0,0.0,2.0
15908,0.0005756030705813738,0.12433026324557675,0.0,0.1,1031.252131600787,192.55187981762296,0.0,1.0,0.0,0.0,2.0
15909,0.0008683612435034146,0.18756602859673754,0.0,0.1,1031.376797173267,192.5186196993456,0.0,1.0,0.0,0.0,2.0
15910,0.00048616131990717387,0.10501084509994955,0.0,0.1,1030.8153903933671,190.49535365678312,0.0,1.0,0.0,0.0,2.0
15911,0.0008566466125063643,0.1850356683013747,0.0,0.1,1030.2100925903828,187.83576775898703,0.0,1.0,0.0,0.0,2.0
15912,0.0009668929756775651,0.20884888274635408,0.0,0.1,1027.5563941365594,183.37704802626067,0.0,1.0,0.0,0.0,2.0
15913,0.0010037322306964006,0.21680616183042253,0.0,0.1,1025.1955193872636,179.14056357014806,0.0,1.0,0.0,0.0,2.0
15914,0.0007561208273955411,0.16332209871743686,0.0,0.1,1019.106838735576,170.25060695635273,0.0,1.0,0.0,0.0,2.0
15915,0.0012241763651096005,0.26442209486367374,0.0,0.1,1011.3637881207206,160.62551204126018,0.0,1.0,0.0,0.0,2.0
15916,0.0004970627256843297,0.10736554874781522,0.0,0.1,1002.4930857900597,152.04811234717252,0.0,1.0,0.0,0.0,2.0
15917,0.0008822717160118897,0.1905706906585682,0.0,0.1,993.545671136588,142.3502151877082,0.0,1.0,0.0,0.0,2.0
15918,0.0007851907567799957,0.16960120346447907,0.0,0.1,988.9286198063429,137.7464794089522,0.0,1.0,0.0,0.0,2.0
15919,0.0009409264254614218,0.20324010789966712,0.0,0.1,979.3860840882663,127.50796040867405,0.0,1.0,0.0,0.0,2.0
15920,0.0003610409927294866,0.07798485442956911,1.0,0.1,974.109362907071,121.5548827793087,0.0,1.0,0.0,0.0,2.0
15921,0.0002535345723430363,0.05476346762609584,1.0,0.1,966.3888507368789,115.93496308629352,0.0,1.0,0.0,0.0,2.0
15922,0.0015924570665766262,0.34397072638055126,0.0,0.1,964.9169144571279,115.48882664082848,0.0,1.0,0.0,0.0,2.0
15923,0.0009090897828518481,0.1963633930959992,0.0,0.1,963.9659393901316,115.00269351336776,0.0,1.0,0.0,0.0,2.0
15924,0.00017178174652066674,0.03710485724846402,1.0,0.1,963.5148626142026,114.35841053080603,0.0,1.0,0.0,0.0,2.0
15925,0.0007609068043242401,0.16435586973403588,0.0,0.1,962.1993234779726,111.76091356006748,0.0,1.0,0.0,0.0,2.0
15926,0.0004359238442903293,0.09415955036671113,1.0,0.1,963.2998453457755,110.9357742988826,0.0,1.0,0.0,0.0,2.0
15927,0.0005118902988648275,0.11056830455480274,0.0,0.1,963.8444129994894,110.76202387553313,0.0,1.0,0.0,0.0,2.0
15928,0.001171683644061737,0.2530836671173352,0.0,0.1,967.543234550249,110.45313688924148,0.0,1.0,0.0,0.0,2.0
15929,0.0007128065217764802,0.15396620870371974,0.0,0.1,967.5771948842513,108.95911412312807,0.0,1.0,0.0,0.0,2.0
15930,0.0004619710445788553,0.09978574562903274,1.0,0.1,966.5840168012096,106.65996902482918,0.0,1.0,0.0,0.0,2.0
15931,0.0010803815396159388,0.23336241255704276,0.0,0.1,969.400456413085,108.69855069339937,0.0,1.0,0.0,0.0,2.0
15932,0.0009984150955041386,0.21565766062889394,0.0,0.1,978.4467610886398,115.6769445638774,0.0,1.0,0.0,0.0,2.0
15933,0.0007753284991399669,0.16747095581423285,0.0,0.1,987.2285094883049,121.62674079601929,0.0,1.0,0.0,0.0,2.0
15934,0.0017965803213465235,0.3880613494108491,0.0,0.1,993.7980673411885,126.11777360821654,0.0,1.0,0.0,0.0,2.0
15935,0.0004636288311853019,0.10014382753602522,0.0,0.1,996.7159540036112,128.3343509050714,0.0,1.0,0.0,0.0,2.0
15936,0.0010796169263487167,0.2331972560913228,0.0,0.1,996.8138550759575,128.0120162701555,0.0,1.0,0.0,0.0,2.0
15937,0.0005841902526882111,0.1261850945806536,0.0,0.1,996.4856287768831,127.31331772242018,0.0,1.0,0.0,0.0,2.0
15938,0.0004404698937493131,0.09514149704985163,1.0,0.1,998.0464998153403,128.64247423558885,0.0,1.0,0.0,0.0,2.0
15939,0.0013115319776420746,0.2832909071706881,0.0,0.1,1001.7480203159114,131.59840254502802,0.0,1.0,0.0,0.0,2.0
15940,0.0007328098214997527,0.1582869214439466,0.0,0.1,1002.7408791537448,131.96569655662006,0.0,1.0,0.0,0.0,2.0
15941,0.001832222444965907,0.395760048112636,0.0,0.1,1007.6352593049666,136.06206237372575,0.0,1.0,0.0,0.0,2.0
15942,0.0015781867033565651,0.34088832792501805,0.0,0.1,1015.5888661419423,143.4235469128658,0.0,1.0,0.0,0.0,2.0
15943,0.0018564366777025277,0.400990322383746,0.0,0.1,1027.4749765901934,154.73667024825588,0.0,1.0,0.0,0.0,2.0
15944,0.0008834464020123356,0.1908244228346645,0.0,0.1,1033.904123128739,160.64281420417933,0.0,1.0,0.0,0.0,2.0
15945,0.0021378279933348646,0.46177084656033074,0.0,0.1,1035.9718092678856,162.64987537986738,0.0,1.0,0.0,0.0,2.0
15946,0.0007464908966083857,0.1612420336674113,0.0,0.1,1039.172895798023,165.81388016118305,0.0,1.0,0.0,0.0,2.0
15947,0.0008256821983257712,0.17834735483836656,0.0,0.1,1051.9356766986114,178.42990664248143,0.0,1.0,0.0,0.0,2.0
15948,0.0006622076546562058,0.14303685340574046,0.0,0.1,1059.757596869497,186.13350740429112,0.0,1.0,0.0,0.0,2.0
15949,0.0011567550733656542,0.24985909584698135,0.0,0.1,1063.1900613792732,189.55327404090946,0.0,1.0,0.0,0.0,2.0
15950,0.0005042916977839414,0.10892700672133135,0.0,0.1,1063.83544818537,190.18884717495376,0.0,1.0,0.0,0.0,2.0
15951,0.00012825059531890287,0.02770212858888302,1.0,0.1,1058.8985654459518,185.2632521028827,0.0,1.0,0.0,0.0,2.0
15952,0.0004612192565141456,0.09962335940705545,1.0,0.1,1049.692490216195,176.04616199844227,0.0,1.0,0.0,0.0,2.0
15953,7.787579971640942e-05,0.016821172738744436,1.0,0.1,1044.2703548362838,170.6534661665141,0.0,1.0,0.0,0.0,2.0
15954,0.0003078049382241861,0.06648586665642421,1.0,0.1,1042.233396412127,168.66027114081336,0.0,1.0,0.0,0.0,2.0
15955,0.00016909953161505648,0.0365254988288522,1.0,0.1,1040.8383352667051,167.3030777992496,0.0,1.0,0.0,0.0,2.0
15956,0.0001563508445686265,0.03377178242682333,1.0,0.1,1040.023230823298,166.56299758380771,0.0,1.0,0.0,0.0,2.0
15957,0.0010308354702701819,0.2226604615783593,0.0,0.1,1034.8199493232958,161.33940206975043,0.0,1.0,0.0,0.0,2.0
15958,0.0007882865047582318,0.17026988502777807,0.0,0.1,1030.0040378042659,156.64144364061025,0.0,1.0,0.0,0.0,2.0
15959,0.0010193756297436482,0.220185136024628,0.0,0.1,1027.8295901769143,154.53855622345895,0.0,1.0,0.0,0.0,2.0
15960,0.00083576939013638,0.1805261882694581,0.0,0.1,1027.5715694270077,154.3892348800405,0.0,1.0,0.0,0.0,2.0
15961,,,,0.1,1027.5361096594763,154.56237066591686,0.0,1.0,0.0,0.0,2.0
15962,,,,0.1,1029.5282143331192,156.96361964107558,,,0.0,0.0,2.0
15963,,,,0.1,1030.3693770221942,158.2470625139516,,,0.0,0.0,2.0
15964,0.0009442112590121955,0.20394963194663424,0.0,0.1,1031.8597207660848,160.86682371867735,0.0,1.0,0.0,0.0,2.0
15965,,,,0.1,1033.2684261424547,163.01035399477084,0.0,1.0,0.0,0.0,2.0
15966,,,,0.1,1033.7952880272435,164.2254989714892,,,0.0,0.0,2.0
15967,,,,0.1,1037.0730451657994,168.02394485671957,,,0.0,0.0,2.0
15968,,,,0.1,1042.6934421314472,175.1701639219296,,,0.0,0.0,2.0
15969,,,,0.1,1045.7943733154536,180.2922125419058,,,0.0,0.0,2.0
15970,,,,0.1,1045.9720736355334,182.10398245040878,,,0.0,0.0,2.0
15971,0.0016535749905732422,0.3571721979638203,0.0,0.1,1040.3429717973936,179.87527162127807,0.0,1.0,0.0,0.0,2.0
15972,0.0010765429165745914,0.23253326998011176,0.0,0.1,1032.9633234438697,174.9938502680828,0.0,1.0,0.0,0.0,2.0
15973,,,,0.1,1020.0873605234839,168.2942187382355,0.0,1.0,0.0,0.0,2.0
15974,,,,0.1,1011.5561107541916,164.6471442041704,,,0.0,0.0,2.0
15975,,,,0.1,1004.5101163721315,160.0884814934178,,,0.0,0.0,2.0
15976,,,,0.1,1002.1706249322987,159.1882295269443,,,0.0,0.0,2.0
15977,,,,0.1,997.2528826498524,157.3677695324239,,,0.0,0.0,2.0
15978,0.0003015904828735801,0.0651435443006933,1.0,0.1,991.535988374155,153.71639082491853,0.0,1.0,0.0,0.0,2.0
15979,,,,0.1,988.2895755112287,153.15949741601406,0.0,1.0,0.0,0.0,2.0
15980,,,,0.1,987.9777169258373,154.19858261044826,,,0.0,0.0,2.0
15981,,,,0.1,987.9723176767781,154.227493982549,,,0.0,0.0,2.0
15982,,,,0.1,988.3953521774511,157.90253458407184,,,0.0,0.0,2.0
15983,,,,0.1,991.6464997492484,164.53455044760148,,,0.0,0.0,2.0
15984,0.00032753311364978725,0.07074715254835405,1.0,0.1,994.2157393165919,169.68090940167497,0.0,1.0,0.0,0.0,2.0
15985,0.000810904882838149,0.1751554546930402,0.0,0.1,993.822282330877,170.6407491750137,0.0,1.0,0.0,0.0,2.0
15986,,,,0.1,990.532795281101,172.21948167850192,0.0,1.0,0.0,0.0,2.0
15987,,,,0.1,984.630563512791,173.7434696346456,,,0.0,0.0,2.0
15988,,,,0.1,978.141258926358,175.46607988224835,,,0.0,0.0,2.0
15989,,,,0.1,976.1944277174123,178.81231775661198,0.0,1.0,0.0,0.0,2.0
15990,,,,0.1,974.8344631496591,181.2771454631081,,,0.0,0.0,2.0
15991,,,,0.1,964.5125218795206,181.65732140564927,,,0.0,0.0,2.0
15992,0.0038522178231922633,0.8320790498095288,0.0,0.1,955.3046867074331,182.84332224763742,0.0,1.0,0.0,0.0,2.0
15993,0.0007433632100491102,0.1605664533706078,0.0,0.1,950.6545161921471,184.4203655844836,0.0,1.0,0.0,0.0,2.0
15994,0.0013728855234355218,0.29654327306207273,0.0,0.1,947.4314857534863,186.51108934411232,0.0,1.0,0.0,0.0,2.0
15995,,,,0.1,944.0299489879211,188.66667811472914,0.0,1.0,0.0,0.0,2.0
15996,,,,0.1,940.4965032284865,195.801322403462,,,0.0,0.0,2.0
15997,,,,0.1,936.5261413453344,205.09898656609457,,,0.0,0.0,2.0
15998,0.0010056352377233787,0.2172172113482498,0.0,0.1,934.2538352440101,210.5203927758188,0.0,1.0,0.0,0.0,2.0
15999,0.0017201589073732376,0.37155432399261934,0.0,0.1,933.4248837026914,213.33136807223502,0.0,1.0,0.0,0.0,2.0
16000,,,,0.1,927.843730172794,208.87730486005213,0.0,1.0,0.0,0.0,2.0
16001,,,,0.1,915.788929615297,198.16962775042995,,,0.0,0.0,2.0
16002,,,,0.1,902.0154049275549,186.4422690638962,,,0.0,0.0,2.0
16003,,,,0.1,894.0461838224949,182.64560464463477,,,0.0,0.0,2.0
16004,,,,0.1,881.2695982043725,178.11421157243745,,,0.0,0.0,2.0
16005,,,,0.1,874.8972991700101,175.17905497611147,,,0.0,0.0,2.0
16006,0.0008030974633978418,0.17346905209393385,0.0,0.1,865.2496429261884,164.3936059696757,0.0,1.0,0.0,0.0,2.0
16007,0.0003917701319347747,0.08462234849791134,1.0,0.1,857.8302032283946,158.67556695028446,0.0,1.0,0.0,0.0,2.0
16008,0.00017313179884388176,0.037396468550278464,1.0,0.1,856.734432709791,157.54989926480025,0.0,1.0,0.0,0.0,2.0
16009,0.00018955056987438664,0.04094292309286752,1.0,0.1,853.747395803823,156.30806600784743,0.0,1.0,0.0,0.0,2.0
16010,0.0001850052463681942,0.03996113321552995,1.0,0.1,849.5737678579837,152.23408466463584,0.0,1.0,0.0,0.0,2.0
16011,0.0005034406479593704,0.108743179959224,0.0,0.1,840.4431281535034,150.3957691446973,0.0,1.0,0.0,0.0,2.0
16012,0.00010938594037511917,0.023627363121025743,1.0,0.1,837.0944158771041,151.8373734142043,0.0,1.0,0.0,0.0,2.0
16013,0.0008762249893754579,0.1892645977050989,0.0,0.1,833.5557822516035,153.63763540309512,0.0,1.0,0.0,0.0,2.0
16014,0.00037421450359006135,0.08083033277545325,1.0,0.1,831.9894594306486,156.35050804059426,0.0,1.0,0.0,0.0,2.0
16015,0.0003699557054071195,0.07991043236793781,1.0,0.1,834.1117254471816,160.2791352572732,0.0,1.0,0.0,0.0,2.0
16016,2.6293691928067645e-05,0.0056794374564626115,1.0,0.1,835.85313727975,162.9130682101202,0.0,1.0,0.0,0.0,2.0
16017,0.001998930817975237,0.4317690566826512,0.0,0.1,836.3240405330848,166.265669863734,0.0,1.0,0.0,0.0,2.0
16018,0.0003347195619946932,0.07229942539085374,1.0,0.1,835.4688726891061,169.7063097911022,0.0,1.0,0.0,0.0,2.0
16019,0.0006223916342163192,0.13443659299072494,0.0,0.1,836.3929857075316,170.77069620681456,0.0,1.0,0.0,0.0,2.0
16020,0.00020997891198556892,0.04535544498888289,1.0,0.1,835.2194950024135,170.54765471217073,0.0,1.0,0.0,0.0,2.0
16021,0.0007515700057326805,0.162339121238259,0.0,0.1,832.2314938868931,168.97113086622312,0.0,1.0,0.0,0.0,2.0
16022,0.0004270480333289999,0.09224237519906398,1.0,0.1,825.4671093826771,168.81752543232113,0.0,1.0,0.0,0.0,2.0
16023,0.000656809355810828,0.14187082085513886,0.0,0.1,822.7657560533379,168.73577593183114,0.0,1.0,0.0,0.0,2.0
16024,0.0007756907521189641,0.16754920245769625,0.0,0.1,820.9285868268146,160.69939957165096,0.0,1.0,0.0,0.0,2.0
16025,0.00029222950821492324,0.06312157377442343,1.0,0.1,819.8886746352174,142.41671835536607,0.0,1.0,0.0,0.0,2.0
16026,0.0007112259107893373,0.15362479673049687,0.0,0.1,818.6167047134093,134.26856308515522,0.0,1.0,0.0,0.0,2.0
16027,0.00021194198115020188,0.045779467928443604,1.0,0.1,819.8955676436412,121.06750562154721,0.0,1.0,0.0,0.0,2.0
16028,0.0011139699035093206,0.24061749915801323,0.0,0.1,817.5407371871114,116.2856228805068,0.0,1.0,0.0,0.0,2.0
16029,0.00021292735114691668,0.045992307847734004,1.0,0.1,814.554413205723,114.67780928748587,0.0,1.0,0.0,0.0,2.0
16030,0.001217468993555382,0.26297330260796253,0.0,0.1,810.3630756356803,117.06937478109658,0.0,1.0,0.0,0.0,2.0
16031,0.0011248580523413295,0.24296933930572717,0.0,0.1,803.3177115933578,120.23981522417554,0.0,1.0,0.0,0.0,2.0
16032,0.000557163536821332,0.12034732395340772,0.0,0.1,797.5382350359997,123.56617668021273,0.0,1.0,0.0,0.0,2.0
16033,0.0010830895451776122,0.23394734175836424,0.0,0.1,793.9796763257146,126.21441875156107,0.0,1.0,0.0,0.0,2.0
16034,0.0003654811421026532,0.07894392669417309,1.0,0.1,789.8752530391646,130.90798802228284,0.0,1.0,0.0,0.0,2.0
16035,0.0009515517923882814,0.2055351871558688,0.0,0.1,787.4428078933474,136.00119712597228,0.0,1.0,0.0,0.0,2.0
16036,0.001723318429409614,0.3722367807524766,0.0,0.1,778.6287473483792,144.79992918760087,0.0,1.0,0.0,0.0,2.0
16037,,,,0.1,771.5960338905459,151.93509447224835,0.0,1.0,0.0,0.0,2.0
16038,,,,0.1,766.9174126546326,156.60869255611098,,,0.0,0.0,2.0
16039,,,,0.1,764.6752033705868,158.12954366756256,,,0.0,0.0,2.0
16040,,,,0.1,762.625563392256,158.07496036649263,,,0.0,0.0,2.0
16041,,,,0.1,758.2614730320007,159.92829378010254,0.0,1.0,0.0,0.0,2.0
16042,,,,0.1,755.3468799899166,162.21167833688847,,,0.0,0.0,2.0
16043,0.001216696008740809,0.2628063378880148,0.0,0.1,751.141052681608,164.91113149490022,0.0,1.0,0.0,0.0,2.0
16044,0.0007691345488694705,0.16613306255580562,0.0,0.1,749.0156286054512,166.05356596611946,0.0,1.0,0.0,0.0,2.0
16045,0.0012638091916080567,0.2729827853873403,0.0,0.1,747.0303468717839,166.13863516219527,0.0,1.0,0.0,0.0,2.0
16046,0.0027106917958647707,0.5855094279067905,0.0,0.1,742.7031175325197,169.8517539982409,0.0,1.0,0.0,0.0,2.0
16047,0.00023388233275495405,0.05051858387507008,1.0,0.1,739.7204185615974,171.93442060079357,0.0,1.0,0.0,0.0,2.0
16048,0.0011657305511516439,0.25179779904875504,0.0,0.1,738.5922725802552,172.49016430883665,0.0,1.0,0.0,0.0,2.0
16049,0.0006726020301884944,0.1452820385207148,0.0,0.1,736.8038813254141,174.4657673633759,0.0,1.0,0.0,0.0,2.0
16050,0.0013233879276876984,0.28585179238054287,0.0,0.1,730.8149755116755,176.96355140949586,0.0,1.0,0.0,0.0,2.0
16051,0.0009654082119301092,0.20852817377690358,0.0,0.1,721.7157096354847,180.7493737327475,0.0,1.0,0.0,0.0,2.0
16052,0.0008192819402663713,0.1769648990975362,0.0,0.1,717.2005456368112,184.0492067522089,0.0,1.0,0.0,0.0,2.0
16053,,,,0.1,714.3152963516696,186.0500461344735,0.0,1.0,0.0,0.0,2.0
16054,,,,0.1,711.4721059644462,189.07581082844638,,,0.0,0.0,2.0
16055,0.00017436183162504942,0.03766215563101068,1.0,0.1,707.170231301813,194.96182649906928,0.0,1.0,0.0,0.0,2.0
16056,0.0003592749132354468,0.07760338125885652,1.0,0.1,,,0.0,1.0,,,2.0
16057,0.00045911959192436957,0.09916983185566383,1.0,0.1,704.1503133986809,200.92123574547642,0.0,1.0,0.0,0.0,2.0
16058,0.00045828473068779536,0.0989895018285638,1.0,0.1,703.9558336386893,201.56725618746518,0.0,1.0,0.0,0.0,2.0
16059,0.0009492807185045644,0.2050446351969859,0.0,0.1,704.9602989353712,201.7780738357737,0.0,1.0,0.0,0.0,2.0
16060,0.0008230144685141933,0.17777112519906577,0.0,0.1,709.2016195914204,199.7702157511646,0.0,1.0,0.0,0.0,2.0
16061,0.0007654729413119583,0.16534215532338298,0.0,0.1,709.5725170399062,201.34669596364154,0.0,1.0,0.0,0.0,2.0
16062,0.0006693477946727606,0.1445791236493163,0.0,0.1,709.2306857545437,202.11022380674396,0.0,1.0,0.0,0.0,2.0
16063,0.0005258390183253951,0.11358122795828533,0.0,0.1,710.8228794281309,200.7139856842701,0.0,1.0,0.0,0.0,2.0
16064,0.0014793991028412687,0.31955020621371405,0.0,0.1,,,0.0,1.0,,,2.0
16065,0.0004030276543945893,0.08705397334923129,1.0,0.1,720.2922628476467,198.21216875331916,0.0,1.0,0.0,0.0,2.0
16066,0.0016020177973002,0.34603584421684325,0.0,0.1,724.2043419723452,196.50951041313036,0.0,1.0,0.0,0.0,2.0
16067,0.001929427530031622,0.41675634648683035,0.0,0.1,731.922890849299,189.690689985377,0.0,1.0,0.0,0.0,2.0
16068,0.0018364806454106912,0.3966798194087093,0.0,0.1,733.6297493095748,183.97032167164446,0.0,1.0,0.0,0.0,2.0
16069,0.0010176047808772674,0.21980263266948977,0.0,0.1,733.9142135112456,180.25908277831607,0.0,1.0,0.0,0.0,2.0
16070,0.0012266016676975979,0.26494596022268113,0.0,0.1,732.127175538021,175.47093026822708,0.0,1.0,0.0,0.0,2.0
16071,0.0007124636897551556,0.15389215698711362,0.0,0.1,731.776102175181,172.54167396826668,0.0,1.0,0.0,0.0,2.0
16072,0.0011834584409876048,0.25562702325332265,0.0,0.1,728.3764901535396,171.46443713877892,0.0,1.0,0.0,0.0,2.0
16073,0.004671315280747393,1.009004100641437,0.0,0.1,723.9687180363081,170.7149454316449,0.0,1.0,0.0,0.0,2.0
16074,0.00022020393048840527,0.04756404898549554,1.0,0.1,720.4377756011856,169.30965849016377,0.0,1.0,0.0,0.0,2.0
16075,0.000570815438702969,0.12329613475984132,0.0,0.1,717.4764652440193,169.76621742254886,0.0,1.0,0.0,0.0,2.0
16076,0.003368269179904906,0.7275461428594598,0.0,0.1,712.0642080591869,172.0379488353305,0.0,1.0,0.0,0.0,2.0
16077,0.004833747435922913,1.0440894461593493,0.0,0.1,706.9194396534803,174.98899164895897,0.0,1.0,0.0,0.0,2.0
16078,0.0013149761703183612,0.284034852788766,0.0,0.1,698.0996406521507,180.71562644901633,0.0,1.0,0.0,0.0,2.0
16079,0.004014488169887095,0.8671294446956125,0.0,0.1,690.2878993737027,186.43165723769354,0.0,1.0,0.0,0.0,2.0
16080,0.0005063850726770629,0.10937917569824558,0.0,0.1,686.7388603905857,189.1169603727242,0.0,1.0,0.0,0.0,2.0
16081,0.0015354204022519219,0.33165080688641513,0.0,0.1,682.454262625655,192.59037005398798,0.0,1.0,0.0,0.0,2.0
16082,0.0017677652860956003,0.38183730179664965,0.0,0.1,677.1010089676756,197.2680235511825,0.0,1.0,0.0,0.0,2.0
16083,0.0007044387022858203,0.15215875969373718,0.0,0.1,674.1982258727081,199.50922739532012,0.0,1.0,0.0,0.0,2.0
16084,0.0011695516483937604,0.25262315605305224,0.0,0.1,670.0467085593066,203.60132356136333,0.0,1.0,0.0,0.0,2.0
16085,0.001983371433788631,0.42840822969834436,0.0,0.1,664.58347237099,209.30041214819488,0.0,1.0,0.0,0.0,2.0
16086,0.001585666018395095,0.34250385997334054,0.0,0.1,660.6344457596415,213.597197314562,0.0,1.0,0.0,0.0,2.0
16087,0.0009489285571064627,0.20496856833499594,0.0,0.1,657.9178004041637,216.3800037101759,0.0,1.0,0.0,0.0,2.0
16088,0.0003815270584602476,0.08240984462741348,1.0,0.1,652.3096012689048,222.06641433347548,0.0,1.0,0.0,0.0,2.0
16089,0.000255285463670846,0.05514166015290273,1.0,0.1,648.1304214406816,226.39758195989063,0.0,1.0,0.0,0.0,2.0
16090,0.0023187762751157,0.5008556754249912,0.0,0.1,640.2325321631271,234.5865017416105,0.0,1.0,0.0,0.0,2.0
16091,0.001793995815200326,0.3875030960832704,0.0,0.1,637.649852805214,237.53098969770858,0.0,1.0,0.0,0.0,2.0
16092,0.0012356806634358064,0.26690702330213417,0.0,0.1,633.4020503026198,241.99557990084736,0.0,1.0,0.0,0.0,2.0
16093,0.0023428206175189164,0.506049253384086,0.0,0.1,629.3076880253926,245.97740154165663,0.0,1.0,0.0,0.0,2.0
16094,0.0017169622490170015,0.37086384578767234,0.0,0.1,623.1184265953906,252.49528620408609,0.0,1.0,0.0,0.0,2.0
16095,0.0015942251111587084,0.34435262401028105,0.0,0.1,617.2721004495532,258.5131035076041,0.0,1.0,0.0,0.0,2.0
16096,0.0007820149363573342,0.16891522625318417,0.0,0.1,616.3244981877388,259.7608922794343,0.0,1.0,0.0,0.0,2.0
16097,0.0014846678720524,0.3206882603633184,0.0,0.1,614.1495559114952,262.00167890074596,0.0,1.0,0.0,0.0,2.0
16098,0.0007441228424629196,0.16073053397199064,0.0,0.1,615.1743972527914,261.31264925389405,0.0,1.0,0.0,0.0,2.0
16099,0.0015785083770071943,0.34095780943355397,0.0,0.1,617.1369970145604,260.85640224578435,0.0,1.0,0.0,0.0,2.0
16100,0.0014649985320836652,0.31643968293007174,0.0,0.1,618.4784677633717,260.35740854889934,0.0,1.0,0.0,0.0,2.0
16101,0.00047096426622046287,0.10172828150361998,0.0,0.1,622.1496970916191,257.95839977353404,0.0,1.0,0.0,0.0,2.0
16102,0.0006857607160878505,0.1481243146749757,0.0,0.1,625.0045254319178,256.3036041284325,0.0,1.0,0.0,0.0,2.0
16103,0.0011054196796755364,0.23877065080991586,0.0,0.1,633.1694003810298,250.36667403648397,0.0,1.0,0.0,0.0,2.0
16104,0.0014757018695723376,0.3187516038276249,0.0,0.1,647.6349109160603,238.86381535780814,0.0,1.0,0.0,0.0,2.0
16105,0.0019453271799235005,0.4201906708634761,0.0,0.1,655.9235961710175,234.46810995811936,0.0,1.0,0.0,0.0,2.0
16106,0.00014426811997584368,0.031161913914782232,1.0,0.1,665.2324763168151,229.27110222181616,0.0,1.0,0.0,0.0,2.0
16107,0.0012975840506735058,0.2802781549454773,0.0,0.1,667.0989165204893,228.66462894451027,0.0,1.0,0.0,0.0,2.0
16108,0.0008701701075035131,0.18795674322075884,0.0,0.1,670.089517353853,229.99179156981626,0.0,1.0,0.0,0.0,2.0
16109,0.0013303231800004683,0.2873498068801012,0.0,0.1,672.4470542348491,233.29404649667313,0.0,1.0,0.0,0.0,2.0
16110,0.0006195766078909988,0.13382854730445576,0.0,0.1,675.0689121047407,238.53043357261558,0.0,1.0,0.0,0.0,2.0
16111,0.0014008942199425518,0.3025931515075912,0.0,0.1,676.546095008134,240.2574084032658,0.0,1.0,0.0,0.0,2.0
16112,0.002959966610085341,0.6393527877784336,0.0,0.1,677.0386068648628,243.25907049685506,0.0,1.0,0.0,0.0,2.0
16113,0.001611823183569634,0.3481538076510409,0.0,0.1,675.5323066997759,249.1021527847468,0.0,1.0,0.0,0.0,2.0
16114,0.003039200347487309,0.6564672750572588,0.0,0.1,676.2062878188659,256.0933507227727,0.0,1.0,0.0,0.0,2.0
16115,0.0013124333716333747,0.28348560827280894,0.0,0.1,673.8362661598137,266.479701171157,0.0,1.0,0.0,0.0,2.0
16116,0.0027247654561532576,0.5885493385291036,0.0,0.1,673.1198342950478,271.3385906609015,0.0,1.0,0.0,0.0,2.0
16117,,,,0.1,673.7776072325933,278.2345698495473,0.0,1.0,0.0,0.0,2.0
16118,,,,0.1,672.5339815602464,286.13481994423523,,,0.0,0.0,2.0
16119,0.0016323674168802918,0.352591362046143,0.0,0.1,669.094901776039,299.0926846695396,0.0,1.0,0.0,0.0,2.0
16120,0.0026179539344664575,0.5654780498447549,0.0,0.1,667.6802334327563,305.9071038890324,0.0,1.0,0.0,0.0,2.0
16121,0.00305388850982291,0.6596399181217485,0.0,0.1,666.6735650353633,315.73758247018543,0.0,1.0,0.0,0.0,2.0
16122,0.0035006076116905643,0.756131244125162,0.0,0.1,667.5999626903975,321.85879220689964,0.0,1.0,0.0,0.0,2.0
16123,0.002906105314667554,0.6277187479681917,0.0,0.1,666.2641346482961,329.428128004991,0.0,1.0,0.0,0.0,2.0
16124,0.0017368070735030048,0.37515032787664904,0.0,0.1,663.8767830443212,338.70067384525703,0.0,1.0,0.0,0.0,2.0
16125,0.002852184201362278,0.6160717874942521,0.0,0.1,662.6408379061892,344.5865081288058,0.0,1.0,0.0,0.0,2.0
16126,0.0031111533864306806,0.6720091314690271,0.0,0.1,659.6351264555856,354.29124898380303,0.0,1.0,0.0,0.0,2.0
16127,0.002994937198186309,0.6469064348082427,0.0,0.1,656.973306358253,363.7989176066798,0.0,1.0,0.0,0.0,2.0
16128,0.0015174223684420345,0.3277632315834795,0.0,0.1,654.1320342265421,370.9166855798163,0.0,1.0,0.0,0.0,2.0
16129,0.0026449644092988505,0.5713123124085517,0.0,0.1,651.6812962739021,376.44049713619194,0.0,1.0,0.0,0.0,2.0
16130,0.002262561596919881,0.48871330493469434,0.0,0.1,647.3086555765993,388.3636179486489,0.0,1.0,0.0,0.0,2.0
16131,0.002047158801671454,0.442186301161034,0.0,0.1,646.7670363520439,397.7804794994567,0.0,1.0,0.0,0.0,2.0
16132,0.0013639980096221375,0.2946235700783817,0.0,0.1,645.8075310987007,406.6367339551773,0.0,1.0,0.0,0.0,2.0
16133,0.001071766926587472,0.23150165614289395,0.0,0.1,643.95562493888,412.2537583734664,0.0,1.0,0.0,0.0,2.0
16134,0.0017101926667841777,0.36940161602538235,0.0,0.1,641.9505298299196,414.57664763710056,0.0,1.0,0.0,0.0,2.0
16135,0.0021933807438663418,0.4737702406751299,0.0,0.1,638.4297070790209,419.97199626301847,0.0,1.0,0.0,0.0,2.0
16136,0.0018672983146441515,0.40333643596313673,0.0,0.1,629.6597434213614,429.0996472889383,0.0,1.0,0.0,0.0,2.0
16137,0.0014621498185154473,0.3158243607993366,0.0,0.1,626.1720926076788,436.0022490764003,0.0,1.0,0.0,0.0,2.0
16138,0.0017678617069330196,0.3818581286975323,0.0,0.1,626.8323327845669,438.1093872371774,0.0,1.0,0.0,0.0,2.0
16139,0.0018083343545975683,0.39060022059307475,0.0,0.1,626.6531740302124,441.50024304231044,0.0,1.0,0.0,0.0,2.0
16140,0.0009584889096260041,0.2070336044792169,0.0,0.1,621.6944961740503,443.11148316820083,0.0,1.0,0.0,0.0,2.0
16141,0.0010371108933447085,0.22401595296245705,0.0,0.1,618.7616910808559,443.5231497406895,0.0,1.0,0.0,0.0,2.0
16142,0.0005256325206923769,0.11353662446955341,0.0,0.1,610.2665841707875,447.05519401595745,0.0,1.0,0.0,0.0,2.0
16143,7.892588256156733e-05,0.017047990633298545,1.0,0.1,605.9267686830743,448.0088162984447,0.0,1.0,0.0,0.0,2.0
16144,0.00017849788300569694,0.03855554272923054,1.0,0.1,597.1890119065495,447.5878670481844,0.0,1.0,0.0,0.0,2.0
16145,0.0015228418318837598,0.3289338356868921,0.0,0.1,595.065420090067,445.31251962287865,0.0,1.0,0.0,0.0,2.0
16146,0.0005298248766735807,0.11444217336149343,0.0,0.1,590.5506507887603,440.9190534011705,0.0,1.0,0.0,0.0,2.0
16147,0.001535403918513881,0.3316472463989983,0.0,0.1,588.5101668837513,438.4231445469831,0.0,1.0,0.0,0.0,2.0
16148,0.0014190992586898595,0.30652543987700964,0.0,0.1,,,0.0,1.0,,,2.0
16149,0.00043916740854751057,0.09486016024626229,1.0,0.1,580.9873234362511,433.01823910361554,0.0,1.0,0.0,0.0,2.0
16150,0.0009119796704729317,0.19698760882215324,0.0,0.1,,,0.0,1.0,,,2.0
16151,0.0009670800942536951,0.20888930035879813,0.0,0.1,,,0.0,1.0,,,2.0
16152,0.0003234972206449199,0.0698753996593027,1.0,0.1,,,0.0,1.0,,,2.0
16153,0.0006567584398253883,0.14185982300228386,0.0,0.1,575.9651098088327,424.86984968905193,0.0,1.0,0.0,0.0,2.0
16154,0.00047554342194087805,0.10271737913922965,0.0,0.1,572.7538185457722,422.23553871859093,0.0,1.0,0.0,0.0,2.0
16155,0.0006243393711883022,0.1348573041766733,0.0,0.1,,,0.0,1.0,,,2.0
16156,0.0008949940123875212,0.19331870667570458,0.0,0.1,,,0.0,1.0,,,2.0
16157,0.0005585978725987218,0.12065714048132391,0.0,0.1,565.245023579343,415.533611591095,0.0,1.0,0.0,0.0,2.0
16158,0.00032362951100948524,0.06990397437804881,1.0,0.1,565.7903241494492,415.84973479414435,0.0,1.0,0.0,0.0,2.0
16159,9.018477918424442e-05,0.019479912303796795,1.0,0.1,566.2724746979987,416.36310918244226,0.0,1.0,0.0,0.0,2.0
16160,0.0001637639071995469,0.035373003955102136,1.0,0.1,,,0.0,1.0,,,2.0
16161,0.0012100832911631355,0.26137799089123726,0.0,0.1,,,0.0,1.0,,,2.0
16162,0.0002569635728017864,0.05550413172518586,1.0,0.1,,,0.0,1.0,,,2.0
16163,0.00019625052368002984,0.04239011311488645,1.0,0.1,,,0.0,1.0,,,2.0
16164,0.0003635813107656958,0.0785335631253903,1.0,0.1,,,0.0,1.0,,,2.0
16165,0.0007658805869015543,0.16543020677073572,0.0,0.1,,,0.0,1.0,,,2.0
16166,0.0006718803165272672,0.1451261483698897,0.0,0.1,,,0.0,1.0,,,2.0
16167,0.00033623900533635945,0.07262762515265364,1.0,0.1,,,0.0,1.0,,,2.0
16168,0.0010592596151496514,0.22880007687232473,0.0,0.1,,,0.0,1.0,,,2.0
16169,0.0003860839479313793,0.08339413275317793,1.0,0.1,516.9901088840859,411.65537694485306,0.0,1.0,0.0,0.0,2.0
16170,0.0006051328738762986,0.1307087007572805,0.0,0.1,,,0.0,1.0,,,2.0
16171,0.0005952585509787431,0.1285758470114085,0.0,0.1,,,0.0,1.0,,,2.0
16172,0.0008314024202875986,0.17958292278212132,0.0,0.1,501.09426247649634,417.9622014661263,0.0,1.0,0.0,0.0,2.0
16173,0.0003549905382802378,0.07667795626853137,1.0,0.1,,,0.0,1.0,,,2.0
16174,0.0008250099888506147,0.1782021575917328,0.0,0.1,,,0.0,1.0,,,2.0
16175,0.00035996061907680234,0.07775149372058932,1.0,0.1,,,0.0,1.0,,,2.0
16176,0.0005310138493541976,0.11469899146050669,0.0,0.1,,,0.0,1.0,,,2.0
16177,0.00033260910129507404,0.07184356587973599,1.0,0.1,,,0.0,1.0,,,2.0
16178,0.00042370161784950855,0.09151954945549384,1.0,0.1,,,0.0,1.0,,,2.0
16179,0.0011874714559648408,0.2564938344884056,0.0,0.1,,,0.0,1.0,,,2.0
16180,0.0007278470218379582,0.15721495671699898,0.0,0.1,476.1215999537079,429.8784385881183,0.0,1.0,0.0,0.0,2.0
16181,0.000824965472829178,0.17819254213110247,0.0,0.1,,,0.0,1.0,,,2.0
16182,0.0003370674686097863,0.07280657321971384,1.0,0.1,,,0.0,1.0,,,2.0
16183,0.0002896832173480433,0.06257157494717737,1.0,0.1,468.2793628544511,432.40985429730216,0.0,1.0,0.0,0.0,2.0
16184,0.0013830743874845167,0.29874406769665557,0.0,0.1,,,0.0,1.0,,,2.0
16185,0.00030931715304392376,0.06681250505748754,1.0,0.1,462.7308715798827,430.75424360313497,0.0,1.0,0.0,0.0,2.0
16186,0.0003206410723671871,0.06925847163131242,1.0,0.1,466.5511144154609,423.49162731333814,0.0,1.0,0.0,0.0,2.0
16187,0.001119237343684416,0.24175526623583385,0.0,0.1,472.5290102133468,412.1306442268388,0.0,1.0,0.0,0.0,2.0
16188,0.0009926224674651559,0.21440645297247368,0.0,0.1,474.48064085808886,408.70753209793037,0.0,1.0,0.0,0.0,2.0
16189,0.0008172812045811826,0.17653274018953544,0.0,0.1,478.04563268279384,402.1302818385794,0.0,1.0,0.0,0.0,2.0
16190,0.0006403217973432243,0.13830950822613647,0.0,0.1,480.3042376881192,397.83209171082143,0.0,1.0,0.0,0.0,2.0
16191,0.0011674230489909882,0.25216337858205345,0.0,0.1,483.0473755100052,393.6848167392612,0.0,1.0,0.0,0.0,2.0
16192,0.0010073330839815505,0.21758394614001492,0.0,0.1,484.10281927353014,391.9611956689673,0.0,1.0,0.0,0.0,2.0
16193,0.0006043389643150413,0.13053721629204892,0.0,0.1,484.91069533739505,390.3154322694307,0.0,1.0,0.0,0.0,2.0
16194,0.000844585083885652,0.18243037811930085,0.0,0.1,488.44070272543127,386.1471031019202,0.0,1.0,0.0,0.0,2.0
16195,0.001748583878509258,0.3776941177579997,0.0,0.1,499.6062970125716,374.4645765061778,0.0,1.0,0.0,0.0,2.0
16196,0.0004827302536432713,0.10426973478694661,0.0,0.1,508.61055875623936,365.1439800822118,0.0,1.0,0.0,0.0,2.0
16197,0.00026674384121282277,0.057616669701969714,1.0,0.1,514.5253348247303,359.1342535949148,0.0,1.0,0.0,0.0,2.0
16198,0.0003339970521652615,0.07214336326769649,1.0,0.1,523.3085892627682,350.5089485087341,0.0,1.0,0.0,0.0,2.0
16199,0.0006131204495200417,0.13243401709632902,0.0,0.1,524.0075657439462,350.5479866781306,0.0,1.0,0.0,0.0,2.0
16200,0.0006230144818356222,0.1345711280764944,0.0,0.1,526.3374009651295,349.09395393558646,0.0,1.0,0.0,0.0,2.0
16201,0.00044080412479283827,0.09521369095525307,1.0,0.1,530.2163746380796,345.7682450212651,0.0,1.0,0.0,0.0,2.0
16202,0.001031668599564615,0.22284041750595687,0.0,0.1,547.171206583172,330.27351823180334,0.0,1.0,0.0,0.0,2.0
16203,0.0010090425647284902,0.2179531939813539,0.0,0.1,564.0150489157035,314.74421100828596,0.0,1.0,0.0,0.0,2.0
16204,0.0011121985849508532,0.24023489434938428,0.0,0.1,584.7375069211778,295.1814892976146,0.0,1.0,0.0,0.0,2.0
16205,0.0005538779102717576,0.11963762861869964,0.0,0.1,603.899528590929,277.18516180018304,0.0,1.0,0.0,0.0,2.0
16206,0.0005806572715562444,0.1254219706561488,0.0,0.1,613.1894229452942,268.31959545053155,0.0,1.0,0.0,0.0,2.0
16207,0.001195070170508455,0.2581351568298263,0.0,0.1,628.594280434394,254.41465617351037,0.0,1.0,0.0,0.0,2.0
16208,0.002534893891312815,0.5475370805235681,0.0,0.1,642.7649158120291,242.0984579099236,0.0,1.0,0.0,0.0,2.0
16209,0.0005476922650030622,0.11830152924066144,0.0,0.1,654.3264813034752,233.20045812293571,0.0,1.0,0.0,0.0,2.0
16210,0.0025355226207373414,0.5476728860792658,0.0,0.1,660.6678865983259,228.1762640984216,0.0,1.0,0.0,0.0,2.0
16211,0.0016322076732917126,0.3525568574310099,0.0,0.1,677.7968709753599,216.22874425989974,0.0,1.0,0.0,0.0,2.0
16212,0.002745578944939569,0.5930450521069469,0.0,0.1,690.575933022241,207.63300753167965,0.0,1.0,0.0,0.0,2.0
16213,0.0016350431727009526,0.3531693253034058,0.0,0.1,697.849765800055,205.14918465025923,0.0,1.0,0.0,0.0,2.0
16214,0.0019752936951264915,0.42666343814732216,0.0,0.1,702.79210035023,203.98546834340922,0.0,1.0,0.0,0.0,2.0
16215,0.003475032963233128,0.7506071200583557,0.0,0.1,706.5754235542737,202.88693788327632,0.0,1.0,0.0,0.0,2.0
16216,0.0033306585035346786,0.7194222367634906,0.0,0.1,719.4133355661827,199.43164392432888,0.0,1.0,0.0,0.0,2.0
16217,0.0017095332773461645,0.36925918790677154,0.0,0.1,731.9963278848039,196.7664860706884,0.0,1.0,0.0,0.0,2.0
16218,0.0012763552693452554,0.2756927381785752,0.0,0.1,737.4841902049029,199.66309102382516,0.0,1.0,0.0,0.0,2.0
16219,0.003444413308890805,0.743993274720414,0.0,0.1,739.9234394613383,200.5364597117023,0.0,1.0,0.0,0.0,2.0
16220,0.002520446434345824,0.544416429818698,0.0,0.1,748.7882343446188,202.35215519301926,0.0,1.0,0.0,0.0,2.0
16221,0.002942911274376404,0.6356688352653033,0.0,0.1,758.4285219976425,206.34386048863013,0.0,1.0,0.0,0.0,2.0
16222,0.003735558025679027,0.8068805335466698,0.0,0.1,766.9844049496146,213.20505537440476,0.0,1.0,0.0,0.0,2.0
16223,0.0009768648671597349,0.21100281130650272,0.0,0.1,771.6538713411433,219.2865506628033,0.0,1.0,0.0,0.0,2.0
16224,0.004922227906449959,1.0632012277931913,0.0,0.1,774.5621137077871,221.68909540667198,0.0,1.0,0.0,0.0,2.0
16225,0.0017776435248484995,0.3839710013672759,0.0,0.1,772.5305783312674,230.52154271141546,0.0,1.0,0.0,0.0,2.0
16226,,,,0.1,768.6468091205932,244.9326711614504,0.0,1.0,0.0,0.0,2.0
16227,,,,0.1,768.0371635104934,252.15692788920688,,,0.0,0.0,2.0
16228,,,,0.1,767.6920494000148,257.47756968858937,,,0.0,0.0,2.0
16229,0.0014365255209244884,0.3102895125196895,0.0,0.1,771.3693757406279,263.40413807611105,0.0,1.0,0.0,0.0,2.0
16230,0.0019724377212892792,0.42604654779848433,0.0,0.1,779.3923843145154,259.7620116495923,0.0,1.0,0.0,0.0,2.0
16231,0.0013613882950361215,0.29405987172780224,0.0,0.1,784.0024202246785,260.236196861522,0.0,1.0,0.0,0.0,2.0
16232,0.0005244188081550508,0.11327446256149099,0.0,0.1,786.7987177438158,260.62293325186914,0.0,1.0,0.0,0.0,2.0
16233,0.0009303360272022055,0.20095258187567638,0.0,0.1,787.3057847201486,261.74774796672676,0.0,1.0,0.0,0.0,2.0
16234,0.0011020798931651097,0.23804925692366372,0.0,0.1,786.2918761946897,264.01094367238767,0.0,1.0,0.0,0.0,2.0
16235,0.0006104871097659231,0.13186521570943938,0.0,0.1,784.3816574724628,266.63950242344265,0.0,1.0,0.0,0.0,2.0
16236,0.00013447393322474187,0.029046369576544245,1.0,0.1,783.1783683361471,272.4212983743129,0.0,1.0,0.0,0.0,2.0
16237,0.0009556777942703512,0.2064264035623959,0.0,0.1,785.0506726087627,275.25313606568596,0.0,1.0,0.0,0.0,2.0
16238,0.0007218584420540257,0.15592142348366955,0.0,0.1,786.4729451895978,280.61176632463435,0.0,1.0,0.0,0.0,2.0
16239,0.0005237965203861528,0.11314004840340901,0.0,0.1,786.3626936239123,284.3330056292394,0.0,1.0,0.0,0.0,2.0
16240,0.0013175869601296545,0.28459878338800537,0.0,0.1,788.6133634713161,285.350729078692,0.0,1.0,0.0,0.0,2.0
16241,0.00024111461102597058,0.05208075598160965,1.0,0.1,794.0558059808436,290.2794809845523,0.0,1.0,0.0,0.0,2.0
16242,0.0006743547516567604,0.14566062635786026,0.0,0.1,795.9994875586103,292.46015695794716,0.0,1.0,0.0,0.0,2.0
16243,0.0005373190451877127,0.11606091376054595,0.0,0.1,799.5195921162806,296.18468642078847,0.0,1.0,0.0,0.0,2.0
16244,0.0008571705319855318,0.18514883490887488,0.0,0.1,803.0782450271412,296.67154886914716,0.0,1.0,0.0,0.0,2.0
16245,0.0003538814391795397,0.07643839086278058,1.0,0.1,805.7144257105766,296.19234581086744,0.0,1.0,0.0,0.0,2.0
16246,0.0007440691017496135,0.1607189259779165,0.0,0.1,807.5597894098853,294.18240903511173,0.0,1.0,0.0,0.0,2.0
16247,0.00028636062789789,0.06185389562594423,1.0,0.1,809.9650069461425,288.6939776582092,0.0,1.0,0.0,0.0,2.0
16248,0.0004433769814285806,0.09576942798857341,1.0,0.1,804.735852602294,288.40567401242976,0.0,1.0,0.0,0.0,2.0
16249,0.0008592883106270504,0.1856062750954429,0.0,0.1,797.4890626464991,293.9781461468161,0.0,1.0,0.0,0.0,2.0
16250,0.00042349706265475953,0.09147536553342805,1.0,0.1,796.8315815444287,296.17789572928854,0.0,1.0,0.0,0.0,2.0
16251,0.0019079748032723317,0.4121225575068237,0.0,0.1,796.3862405758562,296.9811826879965,0.0,1.0,0.0,0.0,2.0
16252,0.0017215925908044463,0.3718639996137604,0.0,0.1,796.9981301247084,291.71209738011123,0.0,1.0,0.0,0.0,2.0
16253,0.000944499823610968,0.2040119618999691,0.0,0.1,804.829158290251,277.11896274934116,0.0,1.0,0.0,0.0,2.0
16254,0.00018994230175775235,0.04102753717967451,1.0,0.1,813.9078806545534,257.58708487290403,0.0,1.0,0.0,0.0,2.0
16255,0.0007804876258960492,0.16858532719354663,0.0,0.1,818.9159211767645,248.5959969681041,0.0,1.0,0.0,0.0,2.0
16256,0.0008473727091120474,0.18303250516820224,0.0,0.1,827.5104385685148,230.8725459064183,0.0,1.0,0.0,0.0,2.0
16257,0.00046174819053490973,0.0997376091555405,1.0,0.1,838.072854978029,216.41945776206734,0.0,1.0,0.0,0.0,2.0
16258,0.002223546189204396,0.48028597686814956,0.0,0.1,851.8900491161327,204.26444784983832,0.0,1.0,0.0,0.0,2.0
16259,0.0004784657726691361,0.1033486068965334,0.0,0.1,864.4450972375397,197.32517749478325,0.0,1.0,0.0,0.0,2.0
16260,0.002654223529142278,0.5733122822947321,0.0,0.1,870.7607640365936,194.67157641899328,0.0,1.0,0.0,0.0,2.0
16261,0.003061565160618197,0.6612980746935306,0.0,0.1,886.3964411154653,193.5706619852753,0.0,1.0,0.0,0.0,2.0
16262,,,,0.1,903.140416651987,194.82015619449706,0.0,1.0,0.0,0.0,2.0
16263,,,,0.1,921.4810429793806,202.3520130197689,,,0.0,0.0,2.0
16264,,,,0.1,929.5644307327464,208.2545963590698,,,0.0,0.0,2.0
16265,,,,0.1,944.1484341898187,220.84134335166036,,,0.0,0.0,2.0
16266,,,,0.1,955.5981644088406,230.21957252739364,,,0.0,0.0,2.0
16267,,,,0.1,967.6231638872952,239.53248752130767,,,0.0,0.0,2.0
16268,0.0016567842727213688,0.3578654029078157,0.0,0.1,979.1970734110323,250.79282480751647,0.0,1.0,0.0,0.0,2.0
16269,0.0048794543743639375,1.0539621448626106,0.0,0.1,983.476841355393,255.77232832083206,0.0,1.0,0.0,0.0,2.0
16270,0.003556432637671356,0.7681894497370129,0.0,0.1,990.9535040570198,262.6515762739375,0.0,1.0,0.0,0.0,2.0
16271,0.0035426350181685497,0.7652091639244067,0.0,0.1,996.0481583192689,265.9205594761043,0.0,1.0,0.0,0.0,2.0
16272,0.0017130921559216428,0.37002790567907484,0.0,0.1,1006.4585677723489,278.75179289436477,0.0,1.0,0.0,0.0,2.0
16273,0.0025659462712673466,0.5542443945937469,0.0,0.1,1014.1332651949247,286.553296249683,0.0,1.0,0.0,0.0,2.0
16274,0.0025952899536227144,0.5605826299825063,0.0,0.1,1028.281303950475,300.0476471281593,0.0,1.0,0.0,0.0,2.0
16275,0.003494798835512131,0.7548765484706204,0.0,0.1,1038.0247812924217,308.2085112334886,0.0,1.0,0.0,0.0,2.0
16276,0.0037196675997220093,0.803448201539954,0.0,0.1,1047.2573725610093,315.193048123576,0.0,1.0,0.0,0.0,2.0
16277,0.0021791143357651993,0.4706886965252831,0.0,0.1,1061.9980147934227,327.0400858642355,0.0,1.0,0.0,0.0,2.0
16278,0.0034649145157608545,0.7484215354043445,0.0,0.1,1068.7869934608273,333.86994968469276,0.0,1.0,0.0,0.0,2.0
16279,0.002590660274951775,0.5595826193895834,0.0,0.1,1083.8632502570176,346.8920922536404,0.0,1.0,0.0,0.0,2.0
16280,0.0030486768610947473,0.6585142019964655,0.0,0.1,,,0.0,1.0,,,2.0
16281,0.0010824440803199873,0.23380792134911724,0.0,0.1,,,0.0,1.0,,,2.0
16282,0.0029719004859491806,0.641930504965023,0.0,0.1,1107.6573701236514,369.9641956284761,0.0,1.0,0.0,0.0,2.0
16283,0.0014008572812578045,0.3025851727516858,0.0,0.1,1117.7964122223802,380.63748621428454,0.0,1.0,0.0,0.0,2.0
16284,0.0013537960665490466,0.29241995037459406,0.0,0.1,,,0.0,1.0,,,2.0
16285,0.00043928330931233795,0.094885194811465,1.0,0.1,,,0.0,1.0,,,2.0
16286,0.00043587367518057625,0.09414871383900447,1.0,0.1,1124.969861013486,391.334740285616,0.0,1.0,0.0,0.0,2.0
16287,0.0006830726388768505,0.1475436899973997,0.0,0.1,,,0.0,1.0,,,2.0
16288,0.001265403498895589,0.2733271557614472,0.0,0.1,,,0.0,1.0,,,2.0
16289,0.0010099443941087981,0.2181479891275004,0.0,0.1,1109.6220455648706,389.10691480663445,0.0,1.0,0.0,0.0,2.0
16290,0.000798119727878244,0.17239386122170072,0.0,0.1,1108.91902053447,391.63744939247226,0.0,1.0,0.0,0.0,2.0
16291,0.0008814954245129688,0.19040301169480126,0.0,0.1,,,0.0,1.0,,,2.0
16292,0.00055757872208661,0.12043700397070775,0.0,0.1,,,0.0,1.0,,,2.0
16293,0.0012104826031761767,0.26146424228605414,0.0,0.1,,,0.0,1.0,,,2.0
16294,0.0008199709525750724,0.17711372575621565,0.0,0.1,,,0.0,1.0,,,2.0
16295,0.0008833035205021127,0.19079356042845635,0.0,0.1,,,0.0,1.0,,,2.0
16296,0.0018898019044516917,0.40819721136156545,0.0,0.1,,,0.0,1.0,,,2.0
16297,0.00033185922691460575,0.07168159301355485,1.0,0.1,,,0.0,1.0,,,2.0
16298,0.0012799211476169864,0.27646296788526903,0.0,0.1,,,0.0,1.0,,,2.0
16299,0.0010153661576768282,0.2193190900581949,0.0,0.1,,,0.0,1.0,,,2.0
16300,0.0013321008727085128,0.2877337885050388,0.0,0.1,,,0.0,1.0,,,2.0
16301,0.0012337966102325246,0.26650006781022534,0.0,0.1,1088.6390123634683,422.1276996275706,0.0,1.0,0.0,0.0,2.0
16302,0.0007588581821833234,0.16391336735159787,0.0,0.1,1089.2324659066812,430.32043427763614,0.0,1.0,0.0,0.0,2.0
16303,0.001244919622971947,0.2689026385619406,0.0,0.1,1079.7440628572263,431.9362060095641,0.0,1.0,0.0,0.0,2.0
16304,0.000687190942432793,0.1484332435654833,0.0,0.1,1076.166121080675,435.0548320249242,0.0,1.0,0.0,0.0,2.0
16305,0.0010345365181002918,0.22345988790966304,0.0,0.1,1074.290971837171,437.92945910992603,0.0,1.0,0.0,0.0,2.0
16306,0.0002956999176634192,0.06387118221529854,1.0,0.1,1069.7944078051019,439.7745666142823,0.0,1.0,0.0,0.0,2.0
16307,0.0003428782101168469,0.07406169338523894,1.0,0.1,1066.5841656925195,441.0881477123534,0.0,1.0,0.0,0.0,2.0
16308,0.00044439072282304027,0.09598839612977669,1.0,0.1,1066.0190981871758,442.8298411623482,0.0,1.0,0.0,0.0,2.0
16309,0.0003727468170449239,0.08051331248170356,1.0,0.1,1065.6895868589042,443.22173691438934,0.0,1.0,0.0,0.0,2.0
16310,0.0010135243660988136,0.21892126307734375,0.0,0.1,1063.258997856961,444.14702215590455,0.0,1.0,0.0,0.0,2.0
16311,0.00040721286608974046,0.08795797907538394,1.0,0.1,1062.0178739748949,443.8653477053334,0.0,1.0,0.0,0.0,2.0
16312,0.0014955135997930435,0.32303093755529744,0.0,0.1,1061.1392036429218,446.65464397025136,0.0,1.0,0.0,0.0,2.0
16313,0.0020519136496004995,0.4432133483137079,0.0,0.1,1055.6538612345362,443.9498606229124,0.0,1.0,0.0,0.0,2.0
16314,0.0015144829701015563,0.32712832154193616,0.0,0.1,1053.824642349467,442.8045213937124,0.0,1.0,0.0,0.0,2.0
16315,0.000962407585930346,0.20788003856095474,0.0,0.1,1053.9475215666828,444.6675479231999,0.0,1.0,0.0,0.0,2.0
16316,0.0013435753749108427,0.29021228098074203,0.0,0.1,1055.3043414074273,447.9262995209839,0.0,1.0,0.0,0.0,2.0
16317,0.0012286951952606808,0.2653981621763071,0.0,0.1,1057.0119195399661,450.71308862805665,0.0,1.0,0.0,0.0,2.0
16318,0.0022640358317735226,0.4890317396630809,0.0,0.1,1061.4177492788729,453.3629515884342,0.0,1.0,0.0,0.0,2.0
16319,0.002716702239155122,0.5868076836575064,0.0,0.1,1070.5538692204218,458.90351176421126,0.0,1.0,0.0,0.0,2.0
16320,0.002081445112508229,0.4495921443017775,0.0,0.1,1079.4676216389921,468.5483761320011,0.0,1.0,0.0,0.0,2.0
16321,0.0021601317273869827,0.46658845311558833,0.0,0.1,1085.1108449056878,474.6872959701768,0.0,1.0,0.0,0.0,2.0
16322,0.0013985055902503594,0.3020772074940776,0.0,0.1,1089.8848854512698,480.69154193910776,0.0,1.0,0.0,0.0,2.0
16323,0.001379640223344912,0.29800228824250097,0.0,0.1,1091.455564364102,484.8197190434828,0.0,1.0,0.0,0.0,2.0
16324,0.00036978856591553743,0.07987433023775609,1.0,0.1,1091.5424799440575,484.7062725367128,0.0,1.0,0.0,0.0,2.0
16325,0.0008149079716310048,0.17602012187229704,0.0,0.1,1092.6651352745268,482.27051814600804,0.0,1.0,0.0,0.0,2.0
16326,0.0005392501215604713,0.11647802625706181,0.0,0.1,1091.230918149862,478.8766935467218,0.0,1.0,0.0,0.0,2.0
16327,0.0011411648644780764,0.24649161072726453,0.0,0.1,1091.1347232443813,477.6811957225191,0.0,1.0,0.0,0.0,2.0
16328,0.000803345108130064,0.17352254335609382,0.0,0.1,1088.01660616424,471.2835713458977,0.0,1.0,0.0,0.0,2.0
16329,0.0010416803661209035,0.22500295908211515,0.0,0.1,1084.2917478534612,462.8325170784177,0.0,1.0,0.0,0.0,2.0
16330,0.0010084772681310907,0.21783108991631558,0.0,0.1,1081.3703341372816,452.36820382085057,0.0,1.0,0.0,0.0,2.0
16331,0.0004887201190458359,0.10556354571390056,0.0,0.1,1078.223486840153,444.34085330932203,0.0,1.0,0.0,0.0,2.0
16332,0.0008439165289216791,0.1822859702470827,0.0,0.1,1077.170597543132,442.2870003664338,0.0,1.0,0.0,0.0,2.0
16333,0.0005814094553534687,0.12558444235634925,0.0,0.1,1075.2995183606483,441.22390527322074,0.0,1.0,0.0,0.0,2.0
16334,0.000520925373439901,0.11251988066301861,0.0,0.1,1078.7364899990287,443.4989208353798,0.0,1.0,0.0,0.0,2.0
16335,0.00031363449689184,0.06774505132863744,1.0,0.1,1079.502396348009,441.2854121798197,0.0,1.0,0.0,0.0,2.0
16336,0.0007801529234929578,0.16851303147447888,0.0,0.1,1079.2788446305124,439.64458263454435,0.0,1.0,0.0,0.0,2.0
16337,0.0014782145640861307,0.31929434584260424,0.0,0.1,1080.0520128249577,437.39012952831763,0.0,1.0,0.0,0.0,2.0
16338,0.0009884084304949466,0.21349622098690849,0.0,0.1,1083.3593996194818,435.8274084646131,0.0,1.0,0.0,0.0,2.0
16339,0.0003572383907579436,0.07716349240371582,1.0,0.1,,,0.0,1.0,,,2.0
16340,0.000441195069308687,0.09529813497067639,1.0,0.1,1082.387727308096,425.588025328061,0.0,1.0,0.0,0.0,2.0
16341,0.0006361667693288505,0.1374120221750317,0.0,0.1,1081.162305452427,424.2721573287394,0.0,1.0,0.0,0.0,2.0
16342,,,,0.1,1080.7222175569057,417.4088402601729,0.0,1.0,0.0,0.0,2.0
16343,,,,0.1,1075.2867226404028,411.159917940444,,,0.0,0.0,2.0
16344,,,,0.1,1073.2667188511311,407.82602064024866,,,0.0,0.0,2.0
16345,,,,0.1,1073.8324955803862,408.0051215341785,,,0.0,0.0,2.0
16346,,,,0.1,1073.8930974648413,403.9206519010105,,,0.0,0.0,2.0
16347,,,,0.1,,,,,,,2.0
16348,,,,0.1,,,,,,,2.0
16349,,,,0.1,,,,,,,2.0
16350,,,,0.1,,,,,,,2.0
16351,,,,0.1,,,,,,,2.0
16352,,,,0.1,,,,,,,2.0
16353,0.00157210867676992,0.3395754741823027,0.0,0.1,1116.7053192954231,430.34663683003305,0.0,1.0,0.0,0.0,2.0
16354,0.002156756044871887,0.46585930569232764,0.0,0.1,1121.8307519580746,433.8876853326802,0.0,1.0,0.0,0.0,2.0
16355,0.0014397666458315177,0.3109895954996078,0.0,0.1,1132.5904146661421,440.233815861616,0.0,1.0,0.0,0.0,2.0
16356,0.0022668243479816988,0.48963405916404695,0.0,0.1,1140.1687752143405,447.98847579303214,0.0,1.0,0.0,0.0,2.0
16357,0.0011050887909724585,0.23869917885005104,0.0,0.1,1146.7289398464566,454.6467428350546,0.0,1.0,0.0,0.0,2.0
16358,1.995733716617351e-05,0.0043107848278934775,1.0,0.1,1155.7647295775494,461.9618349931875,0.0,1.0,0.0,0.0,2.0
16359,0.0015428293802848333,0.33325114614152396,0.0,0.1,1158.6303877566418,466.1037218040027,0.0,1.0,0.0,0.0,2.0
16360,0.0009748892670835897,0.21057608169005537,0.0,0.1,1160.5194097612869,471.61812804398215,0.0,1.0,0.0,0.0,2.0
16361,0.001248396968957655,0.2696537452948535,0.0,0.1,1166.9326979430864,478.5043931363966,0.0,1.0,0.0,0.0,2.0
16362,0.0004006384292155342,0.0865379007105554,1.0,0.1,1174.9750159800865,487.1502553917562,0.0,1.0,0.0,0.0,2.0
16363,0.0006742465722933029,0.14563725961535343,0.0,0.1,1177.8500250961272,491.9883234094199,0.0,1.0,0.0,0.0,2.0
16364,0.000750785412140248,0.16216964902229358,0.0,0.1,1181.2056088509526,495.7774814924485,0.0,1.0,0.0,0.0,2.0
16365,0.00048241329482953,0.10420127168317848,0.0,0.1,1184.8830007531021,498.38529684452766,0.0,1.0,0.0,0.0,2.0
16366,0.000920898831622647,0.19891414763049176,0.0,0.1,1187.6366712304045,498.90959120447974,0.0,1.0,0.0,0.0,2.0
16367,0.0011017044628675173,0.23796816397938375,0.0,0.1,1191.5769061362478,500.35591613020324,0.0,1.0,0.0,0.0,2.0
16368,0.0008096304032929652,0.1748801671112805,0.0,0.1,1193.811634645288,502.26503476467406,0.0,1.0,0.0,0.0,2.0
16369,0.00024466216034620955,0.05284702663478126,1.0,0.1,1197.4790441211833,506.74497923113177,0.0,1.0,0.0,0.0,2.0
16370,0.00022728167705289923,0.049092842243426235,1.0,0.1,1198.1640028915278,505.18849072313276,0.0,1.0,0.0,0.0,2.0
16371,0.0001847060051525071,0.03989649711294154,1.0,0.1,1200.7384028196761,505.73759583063975,0.0,1.0,0.0,0.0,2.0
16372,0.0006114090130563752,0.13206434682017706,0.0,0.1,1200.5423476247583,503.44580664404896,0.0,1.0,0.0,0.0,2.0
16373,0.000992250393698452,0.21432608503886563,0.0,0.1,1197.8388629149767,497.9225445593068,0.0,1.0,0.0,0.0,2.0
16374,0.000760605631164105,0.16429081633144668,0.0,0.1,1196.1807246225292,495.232235628997,0.0,1.0,0.0,0.0,2.0
16375,0.0007027634526149961,0.15179690576483915,0.0,0.1,1194.3199735809026,494.9213687124312,0.0,1.0,0.0,0.0,2.0
16376,0.0011703330092807098,0.25279193000463335,0.0,0.1,1193.1150230698481,493.96447085360484,0.0,1.0,0.0,0.0,2.0
16377,0.0009533634563531937,0.20592650657228984,0.0,0.1,1190.5786998902593,492.04459882180856,0.0,1.0,0.0,0.0,2.0
16378,0.0005717078660820589,0.12348889907372472,0.0,0.1,1178.8142145253537,480.86875510347596,0.0,1.0,0.0,0.0,2.0
16379,0.001763342855252112,0.3808820567344562,0.0,0.1,1166.1984219409935,468.63514296780613,0.0,1.0,0.0,0.0,2.0
16380,0.0006754091694066873,0.14588838059184447,0.0,0.1,1156.7858192685846,457.7308881432813,0.0,1.0,0.0,0.0,2.0
16381,0.0017507429371818766,0.37816047443128536,0.0,0.1,1151.2564987024887,451.1690865874718,0.0,1.0,0.0,0.0,2.0
16382,0.002098308127743456,0.4532345555925866,0.0,0.1,1143.6661435349113,446.5894141825391,0.0,1.0,0.0,0.0,2.0
16383,0.0014727150835882143,0.3181064580550543,0.0,0.1,1137.5141595266182,438.86657940383583,0.0,1.0,0.0,0.0,2.0
16384,0.0012057347895970923,0.26043871455297196,0.0,0.1,1132.0369485319475,436.3781286085025,0.0,1.0,0.0,0.0,2.0
16385,0.0014315437684960283,0.3092134539951421,0.0,0.1,1127.51800870991,430.56834484791284,0.0,1.0,0.0,0.0,2.0
16386,0.0012713910632804375,0.2746204696685745,0.0,0.1,1124.824611833055,428.14109923992015,0.0,1.0,0.0,0.0,2.0
16387,0.001053470121950865,0.22754954634138685,0.0,0.1,1118.672597207616,420.4739583708376,0.0,1.0,0.0,0.0,2.0
16388,0.0005290283560359724,0.11427012490377003,0.0,0.1,1111.1131531501464,414.1484083304746,0.0,1.0,0.0,0.0,2.0
16389,0.0010454376527334272,0.22581453299042029,0.0,0.1,1106.0312579152098,410.1952738923448,0.0,1.0,0.0,0.0,2.0
16390,0.0005562509876810238,0.12015021333910114,0.0,0.1,1104.6305070627955,408.9163244131164,0.0,1.0,0.0,0.0,2.0
16391,0.00080732659845413,0.1743825452660921,0.0,0.1,1098.4217713597689,408.91559671764014,0.0,1.0,0.0,0.0,2.0
16392,0.0007249699963023113,0.15659351920129924,0.0,0.1,1095.9425636816832,407.6028420129888,0.0,1.0,0.0,0.0,2.0
16393,0.0005198166209773214,0.11228039013110143,0.0,0.1,1096.4761865990952,408.1849402110999,0.0,1.0,0.0,0.0,2.0
16394,0.00019189233826677411,0.04144874506562321,1.0,0.1,1098.0978618564816,408.81659214283053,0.0,1.0,0.0,0.0,2.0
16395,7.959016569708622e-05,0.017191475790570624,1.0,0.1,1098.1428680714419,408.56635203917847,0.0,1.0,0.0,0.0,2.0
16396,0.0006343069003147987,0.1370102904679965,0.0,0.1,,,0.0,1.0,,,2.0
16397,0.000758656655254499,0.16386983753497178,0.0,0.1,,,0.0,1.0,,,2.0
16398,0.0005674362063554745,0.12256622057278249,0.0,0.1,,,0.0,1.0,,,2.0
16399,0.0016581705356255368,0.3581648356951159,0.0,0.1,1091.79167733852,398.41064346555,0.0,1.0,0.0,0.0,2.0
16400,0.0007530919093442064,0.16266785241834858,0.0,0.1,,,0.0,1.0,,,2.0
16401,0.001385030893300856,0.29916667295298494,0.0,0.1,,,0.0,1.0,,,2.0
16402,0.0010576601799947077,0.22845459887885686,0.0,0.1,1084.8670451960254,371.78288707202785,0.0,1.0,0.0,0.0,2.0
16403,0.000828072871103116,0.17886374015827305,0.0,0.1,1080.1033189519612,350.19402154536675,0.0,1.0,0.0,0.0,2.0
16404,0.00036176058966028304,0.07814028736662114,1.0,0.1,1075.6386274274764,336.7824388874221,0.0,1.0,0.0,0.0,2.0
16405,0.00036209479145617467,0.07821247495453373,1.0,0.1,1068.258712078705,318.7831035862758,0.0,1.0,0.0,0.0,2.0
16406,0.0009338767613483122,0.20171738045123544,0.0,0.1,1065.6925055853983,308.8265292760753,0.0,1.0,0.0,0.0,2.0
16407,0.000451636657081644,0.0975535179296351,1.0,0.1,1064.8957382671535,301.0374052865478,0.0,1.0,0.0,0.0,2.0
16408,0.0008683134765790788,0.18755571094108103,0.0,0.1,1063.984084343333,295.99071033909746,0.0,1.0,0.0,0.0,2.0
16409,0.0009241689915344052,0.19962050217143154,0.0,0.1,1061.8119210840005,286.7271048415084,0.0,1.0,0.0,0.0,2.0
16410,0.001049761458366678,0.22674847500720244,0.0,0.1,1063.2978016588622,281.5596939947935,0.0,1.0,0.0,0.0,2.0
16411,0.0012834886484188225,0.2772335480584657,0.0,0.1,1064.6759519830252,276.8221264272854,0.0,1.0,0.0,0.0,2.0
16412,0.0012633931592184488,0.27289292239118496,0.0,0.1,1063.8832868355964,271.60686552425494,0.0,1.0,0.0,0.0,2.0
16413,0.0009905825512984512,0.21396583108046546,0.0,0.1,1063.8601077241465,268.1018290927321,0.0,1.0,0.0,0.0,2.0
16414,0.0013437757385365789,0.2902555595239011,0.0,0.1,1064.7900626814042,264.7765340577832,0.0,1.0,0.0,0.0,2.0
16415,0.0003880967366080858,0.08382889510734653,1.0,0.1,1067.8652578444717,264.46679618022006,0.0,1.0,0.0,0.0,2.0
16416,0.000649181346385158,0.1402231708191941,0.0,0.1,1072.8071766848022,262.84050624224403,0.0,1.0,0.0,0.0,2.0
16417,0.0011918144793517684,0.25743192753998195,0.0,0.1,1074.0609960752288,261.80379426069055,0.0,1.0,0.0,0.0,2.0
16418,0.0028437492314066135,0.6142498339838285,0.0,0.1,1083.3759503055546,266.1351806400393,0.0,1.0,0.0,0.0,2.0
16419,0.0015718539441914705,0.3395204519453576,0.0,0.1,1090.3839216126214,269.52512393228534,0.0,1.0,0.0,0.0,2.0
16420,0.0007398915370326197,0.15981657199904586,0.0,0.1,1097.5551120854434,271.3342296519149,0.0,1.0,0.0,0.0,2.0
16421,0.00039673406477436647,0.08569455799126316,1.0,0.1,1105.381274087782,275.40514022585586,0.0,1.0,0.0,0.0,2.0
16422,0.0009427734594928518,0.203639067250456,0.0,0.1,1107.0254197762588,275.95352104376855,0.0,1.0,0.0,0.0,2.0
16423,0.0011277000973797934,0.24358322103403537,0.0,0.1,1108.21738833898,276.4250358049474,0.0,1.0,0.0,0.0,2.0
16424,0.003873246038017544,0.8366211442117895,0.0,0.1,1110.3979378421086,277.39631183042667,0.0,1.0,0.0,0.0,2.0
16425,0.0003043666188214347,0.0657431896654299,1.0,0.1,,,0.0,1.0,,,2.0
16426,0.0010300288513537578,0.2224862318924117,0.0,0.1,,,0.0,1.0,,,2.0
16427,0.002494578858663634,0.5388290334713449,0.0,0.1,,,0.0,1.0,,,2.0
16428,0.0030279904001829054,0.6540459264395075,0.0,0.1,,,0.0,1.0,,,2.0
16429,0.0014858873814296404,0.32095167438880234,0.0,0.1,,,0.0,1.0,,,2.0
16430,0.0004825208859371599,0.10422451136242654,0.0,0.1,,,0.0,1.0,,,2.0
16431,0.0018258530674692805,0.3943842625733646,0.0,0.1,,,0.0,1.0,,,2.0
16432,0.0029670872956809227,0.6408908558670793,0.0,0.1,,,0.0,1.0,,,2.0
16433,0.0022751409539216215,0.4914304460470702,0.0,0.1,,,0.0,1.0,,,2.0
16434,0.00014153117482377665,0.030570733761935757,1.0,0.1,,,0.0,1.0,,,2.0
16435,0.0016623909968444222,0.3590764553183952,0.0,0.1,,,0.0,1.0,,,2.0
16436,0.001812419848678424,0.39148268731453956,0.0,0.1,,,0.0,1.0,,,2.0
16437,0.001684048576778739,0.3637544925842076,0.0,0.1,,,0.0,1.0,,,2.0
16438,0.0010560044724873942,0.22809696605727714,0.0,0.1,,,0.0,1.0,,,2.0
16439,0.0019859311711329375,0.4289611329647145,0.0,0.1,,,0.0,1.0,,,2.0
16440,0.0023076874614014475,0.49846049166271267,0.0,0.1,,,0.0,1.0,,,2.0
16441,0.0020200925140575325,0.436339983036427,0.0,0.1,,,0.0,1.0,,,2.0
16442,0.0017370895374383864,0.3752113400866915,0.0,0.1,,,0.0,1.0,,,2.0
16443,0.0010694561687064877,0.23100253244060137,0.0,0.1,,,0.0,1.0,,,2.0
16444,0.0009917100476605212,0.21420937029467257,0.0,0.1,,,0.0,1.0,,,2.0
16445,0.0004125233214371051,0.0891050374304147,1.0,0.1,,,0.0,1.0,,,2.0
16446,0.0006163285787561132,0.13312697301132045,0.0,0.1,,,0.0,1.0,,,2.0
16447,0.0007608824261288121,0.16435060404382343,0.0,0.1,,,0.0,1.0,,,2.0
16448,0.0001304939014721412,0.028186682717982504,1.0,0.1,,,0.0,1.0,,,2.0
16449,0.0013768328982822914,0.297395906028975,0.0,0.1,,,0.0,1.0,,,2.0
16450,0.0008508789028704175,0.1837898430200102,0.0,0.1,,,0.0,1.0,,,2.0
16451,0.0027961432688320556,0.603966946067724,0.0,0.1,,,0.0,1.0,,,2.0
16452,0.0004446608151947513,0.09604673608206628,1.0,0.1,,,0.0,1.0,,,2.0
16453,0.00035216191932619577,0.07606697457445828,1.0,0.1,,,0.0,1.0,,,2.0
16454,0.00011229633620065263,0.02425600861934097,1.0,0.1,,,0.0,1.0,,,2.0
16455,0.00046921296974215804,0.10135000146430613,0.0,0.1,,,0.0,1.0,,,2.0
16456,0.00039498298227946734,0.08531632417236495,1.0,0.1,,,0.0,1.0,,,2.0
16457,0.00040559104067460514,0.0876076647857147,1.0,0.1,,,0.0,1.0,,,2.0
16458,,,,0.1,,,0.0,1.0,,,2.0
16459,,,,0.1,,,,,,,2.0
16460,,,,0.1,,,,,,,2.0
16461,,,,0.1,,,,,,,2.0
16462,0.001304660386552314,0.2818066434952998,0.0,0.1,,,0.0,1.0,,,2.0
16463,,,,0.1,,,0.0,1.0,,,2.0
16464,,,,0.1,,,,,,,2.0
16465,,,,0.1,,,,,,,2.0
16466,,,,0.1,,,,,,,2.0
16467,0.002625567448545217,0.567122568885767,0.0,0.1,,,0.0,1.0,,,2.0
16468,0.003430560481644873,0.7410010640352925,0.0,0.1,,,0.0,1.0,,,2.0
16469,0.0023326014312114096,0.5038419091416645,0.0,0.1,,,0.0,1.0,,,2.0
16470,0.001487224940936375,0.32124058724225696,0.0,0.1,,,0.0,1.0,,,2.0
16471,0.0027221059241471423,0.5879748796157828,0.0,0.1,,,0.0,1.0,,,2.0
16472,0.0023222020487561968,0.5015956425313385,0.0,0.1,1143.0825474768897,307.3001658943619,0.0,1.0,0.0,0.0,2.0
16473,0.0014925596346000802,0.3223928810736173,0.0,0.1,1130.2505947754637,291.45823393046425,0.0,1.0,0.0,0.0,2.0
16474,0.003155276811847164,0.6815397913589875,0.0,0.1,1114.826448723976,271.74686189730295,0.0,1.0,0.0,0.0,2.0
16475,0.0011416060671940497,0.24658691051391474,0.0,0.1,1102.9246841908553,258.752175473408,0.0,1.0,0.0,0.0,2.0
16476,0.0036264958514882115,0.7833231039214537,0.0,0.1,1098.0367526190773,254.01430195791164,0.0,1.0,0.0,0.0,2.0
16477,0.001861691105624256,0.40212527881483934,0.0,0.1,1085.3386006871483,240.97333956610137,0.0,1.0,0.0,0.0,2.0
16478,0.0017146893997525255,0.3703729103465455,0.0,0.1,1074.660598320485,229.251012937076,0.0,1.0,0.0,0.0,2.0
16479,0.0004472871744233232,0.09661402967543782,1.0,0.1,1064.2047819410514,216.43795744655924,0.0,1.0,0.0,0.0,2.0
16480,0.001772956939536244,0.3829586989398287,0.0,0.1,1053.5909002105507,203.96316808658622,0.0,1.0,0.0,0.0,2.0
16481,0.0016851963718878635,0.3640024163277785,0.0,0.1,1030.4707834585224,177.52557337456068,0.0,1.0,0.0,0.0,2.0
16482,0.000801800377601259,0.17318888156187195,0.0,0.1,1013.1272748184581,157.86977443688892,0.0,1.0,0.0,0.0,2.0
16483,0.0007393894355089698,0.1597081180699375,0.0,0.1,1005.1093916440477,147.75931800715338,0.0,1.0,0.0,0.0,2.0
16484,0.00025504809518315716,0.05509038855956195,1.0,0.1,999.2773737100819,141.75136498054155,0.0,1.0,0.0,0.0,2.0
16485,0.0002789436233138706,0.06025182263579605,1.0,0.1,998.0716206396227,140.57403929814978,0.0,1.0,0.0,0.0,2.0
16486,,,,0.1,993.4765861973048,137.00656355607097,0.0,1.0,0.0,0.0,2.0
16487,,,,0.1,992.9004122783208,137.6050786590077,,,0.0,0.0,2.0
16488,,,,0.1,993.9813245565126,139.28344650159565,,,0.0,0.0,2.0
16489,,,,0.1,993.4198282871776,138.38813445646616,,,0.0,0.0,2.0
16490,,,,0.1,992.0200040456601,135.15888068688795,,,0.0,0.0,2.0
16491,,,,0.1,991.4732522373819,132.58198804410134,0.0,1.0,0.0,0.0,2.0
16492,,,,0.1,988.5759214991363,129.47421416604016,,,0.0,0.0,2.0
16493,0.00019132948022831895,0.041327167729316897,1.0,0.1,984.7934634753566,127.78470332774098,0.0,1.0,0.0,0.0,2.0
16494,0.0007403913671873844,0.15992453531247502,0.0,0.1,984.9536332443679,129.33854825758536,0.0,1.0,0.0,0.0,2.0
16495,0.0002388460625566549,0.05159074951223746,1.0,0.1,985.4149094044825,130.1848376659339,0.0,1.0,0.0,0.0,2.0
16496,0.0010155146812811883,0.21935117115673666,0.0,0.1,988.8993437224673,134.19986434308493,0.0,1.0,0.0,0.0,2.0
16497,0.00024096108592045146,0.052047594558817516,1.0,0.1,996.7060885854038,144.51830000449172,0.0,1.0,0.0,0.0,2.0
16498,0.0005089918611048195,0.10994224199864101,0.0,0.1,997.5552257619532,145.59636999805633,0.0,1.0,0.0,0.0,2.0
16499,0.003296556611464243,0.7120562280762764,0.0,0.1,992.7848120395724,139.9162943874645,0.0,1.0,0.0,0.0,2.0
16500,0.0007799486872160015,0.16846891643865633,0.0,0.1,990.064744625388,136.74834303858898,0.0,1.0,0.0,0.0,2.0
16501,0.0008386078632079499,0.18113929845291718,0.0,0.1,989.4724012399755,135.44672442411996,0.0,1.0,0.0,0.0,2.0
16502,0.000520127540668785,0.11234754878445756,0.0,0.1,987.4533699345435,132.27720029897674,0.0,1.0,0.0,0.0,2.0
16503,0.0006619283276061154,0.14297651876292095,0.0,0.1,985.2476172417958,129.9671447722679,0.0,1.0,0.0,0.0,2.0
16504,0.0008706524411287106,0.18806092728380147,0.0,0.1,986.8668309535657,130.49492548668184,0.0,1.0,0.0,0.0,2.0
16505,0.000823985726314481,0.1779809168839279,0.0,0.1,988.9300204303277,131.92546039017395,0.0,1.0,0.0,0.0,2.0
16506,0.0005522068990236024,0.11927669018909813,0.0,0.1,992.3312124490806,134.6595895776618,0.0,1.0,0.0,0.0,2.0
16507,0.0009690206043184582,0.209308450532787,0.0,0.1,993.5370720383661,134.65620459572193,0.0,1.0,0.0,0.0,2.0
16508,0.0016451888108152085,0.35536078313608505,0.0,0.1,1000.4118156938807,138.33238570696517,0.0,1.0,0.0,0.0,2.0
16509,0.0013034944658692903,0.2815548046277667,0.0,0.1,1006.4494786671738,142.60190255856227,0.0,1.0,0.0,0.0,2.0
16510,0.0015705686456254256,0.33924282745509193,0.0,0.1,1014.0433822324533,148.63329261336312,0.0,1.0,0.0,0.0,2.0
16511,0.0010773738364838283,0.2327127486805069,0.0,0.1,1018.6246235940258,151.13652488535797,0.0,1.0,0.0,0.0,2.0
16512,0.0016413901542332429,0.3545402733143805,0.0,0.1,1019.6388569890511,150.84672584279357,0.0,1.0,0.0,0.0,2.0
16513,0.0018330515480340678,0.39593913437535866,0.0,0.1,1024.8653217491938,154.18884656181478,0.0,1.0,0.0,0.0,2.0
16514,0.002013579913561994,0.4349332613293907,0.0,0.1,1028.3481871503877,156.24610812629572,0.0,1.0,0.0,0.0,2.0
16515,0.0011417550494880766,0.24661909068942453,0.0,0.1,1029.7175116527649,156.77202878634583,0.0,1.0,0.0,0.0,2.0
16516,0.002735944641021202,0.5909640424605797,0.0,0.1,1030.3909264495453,157.05247600529566,0.0,1.0,0.0,0.0,2.0
16517,0.0016569150597187281,0.3578936528992453,0.0,0.1,1029.8524304989655,156.2121619362335,0.0,1.0,0.0,0.0,2.0
16518,0.002343138666336397,0.5061179519286617,0.0,0.1,1028.1624449733554,154.84538995739734,0.0,1.0,0.0,0.0,2.0
16519,0.0016597564493005927,0.35850739304892804,0.0,0.1,1027.0589623228755,154.9315766862364,0.0,1.0,0.0,0.0,2.0
16520,0.00195715462555044,0.422745399118895,0.0,0.1,1026.8621153864879,156.04680296411462,0.0,1.0,0.0,0.0,2.0
16521,0.004133903083149974,0.8929230659603945,0.0,0.1,1026.6386115118132,156.97465710557887,0.0,1.0,0.0,0.0,2.0
16522,0.0032976729327073447,0.7122973534647865,0.0,0.1,1027.1039966490093,159.98566878633267,0.0,1.0,0.0,0.0,2.0
16523,0.0021068420591914554,0.4550778847853544,0.0,0.1,1024.639382742809,160.80970810550815,0.0,1.0,0.0,0.0,2.0
16524,0.0012945527473045594,0.27962339341778486,0.0,0.1,1021.1448216831279,160.79565300359903,0.0,1.0,0.0,0.0,2.0
16525,0.0028156440137612313,0.6081791069724259,0.0,0.1,1021.9262856561476,162.73645974347113,0.0,1.0,0.0,0.0,2.0
16526,0.004395378951681544,0.9494018535632134,0.0,0.1,1021.9890473119592,165.95059823216718,0.0,1.0,0.0,0.0,2.0
16527,,,,0.1,1027.633241702169,175.4573292503084,0.0,1.0,0.0,0.0,2.0
16528,,,,0.1,1035.0079492149393,187.66563448486605,,,0.0,0.0,2.0
16529,,,,0.1,1038.327475100712,195.84524304910022,,,0.0,0.0,2.0
16530,0.0032081445834453767,0.6929592300242013,0.0,0.1,1038.6815102443309,198.1850653189157,0.0,1.0,0.0,0.0,2.0
16531,0.003549626946688213,0.7667194204846539,0.0,0.1,1041.661069803344,205.24210218924114,0.0,1.0,0.0,0.0,2.0
16532,0.0026992334020968273,0.5830344148529146,0.0,0.1,1043.3479518574347,213.70389436570375,0.0,1.0,0.0,0.0,2.0
16533,0.0016069911171274491,0.347110081299529,0.0,0.1,1043.5346162967123,221.01411434849535,0.0,1.0,0.0,0.0,2.0
16534,0.0033504143170283657,0.723689492478127,0.0,0.1,1040.9151242659664,222.84284455390656,0.0,1.0,0.0,0.0,2.0
16535,0.003918106238084032,0.846310947426151,0.0,0.1,1039.9489575168332,228.47509927428038,0.0,1.0,0.0,0.0,2.0
16536,0.0018118275813880076,0.39135475757980964,0.0,0.1,1033.6024160879565,231.9795403362649,0.0,1.0,0.0,0.0,2.0
16537,0.003220221109902374,0.6955677597389128,0.0,0.1,1028.6422603011742,235.0883696760125,0.0,1.0,0.0,0.0,2.0
16538,0.0008785252648965081,0.18976145721764576,0.0,0.1,1025.7940079830894,239.8048761667885,0.0,1.0,0.0,0.0,2.0
16539,0.0023524163262328653,0.508121926466299,0.0,0.1,1025.1203174989323,241.53929573569255,0.0,1.0,0.0,0.0,2.0
16540,0.0023005045503567073,0.4969089828770488,0.0,0.1,1027.9449358617105,247.8465794159631,0.0,1.0,0.0,0.0,2.0
16541,0.002547470442893216,0.5502536156649347,0.0,0.1,1029.3844688484023,255.99245737430016,0.0,1.0,0.0,0.0,2.0
16542,0.0031206342698550655,0.6740570022886941,0.0,0.1,1033.3196511949948,266.5725302185499,0.0,1.0,0.0,0.0,2.0
16543,0.0020839567104246337,0.4501346494517209,0.0,0.1,1032.0930104756833,270.2155857955565,0.0,1.0,0.0,0.0,2.0
16544,0.003122306004452993,0.6744180969618465,0.0,0.1,1031.235057648273,273.0901188028769,0.0,1.0,0.0,0.0,2.0
16545,0.003325314108904923,0.7182678475234634,0.0,0.1,1021.584727519769,269.3307228250308,0.0,1.0,0.0,0.0,2.0
16546,,,,0.1,1005.5554857844137,257.77982662069473,0.0,1.0,0.0,0.0,2.0
16547,,,,0.1,988.1845112916691,246.53005703365332,,,0.0,0.0,2.0
16548,,,,0.1,983.077527815783,243.5716965572451,,,0.0,0.0,2.0
16549,,,,0.1,978.5940088501453,246.3093897274502,,,0.0,0.0,2.0
16550,,,,0.1,976.8955999393679,252.82363361047814,0.0,1.0,0.0,0.0,2.0
16551,,,,0.1,972.7374142288434,260.53627961884996,,,0.0,0.0,2.0
16552,,,,0.1,970.7905417526024,262.8318108759227,,,0.0,0.0,2.0
16553,0.002547635960744047,0.5502893675207142,0.0,0.1,966.0533202103845,264.8157984977697,0.0,1.0,0.0,0.0,2.0
16554,0.0019985905913059328,0.4316955677220815,0.0,0.1,962.4820990342624,271.3901256842695,0.0,1.0,0.0,0.0,2.0
16555,0.0017567388585016518,0.37945559343635676,0.0,0.1,961.0848622653606,279.9032936532338,0.0,1.0,0.0,0.0,2.0
16556,0.0016988930619854928,0.36696090138886645,0.0,0.1,957.7819499797284,286.53556577179,0.0,1.0,0.0,0.0,2.0
16557,0.002329449610759677,0.5031611159240903,0.0,0.1,956.4237852615895,287.8726203928721,0.0,1.0,0.0,0.0,2.0
16558,0.0019928956820307233,0.4304654673186362,0.0,0.1,951.3327982195786,289.1967854391088,0.0,1.0,0.0,0.0,2.0
16559,0.0023962943115396064,0.517599571292555,0.0,0.1,939.8034364139422,283.58259192384685,0.0,1.0,0.0,0.0,2.0
16560,0.00031093758023979773,0.0671625173317963,1.0,0.1,922.1298132981592,272.5816684739281,0.0,1.0,0.0,0.0,2.0
16561,0.0018207623781051087,0.39328467367070347,0.0,0.1,911.2863002512653,263.64402995736714,0.0,1.0,0.0,0.0,2.0
16562,0.00228322782475866,0.4931772101478705,0.0,0.1,900.7454587319706,255.7176487419223,0.0,1.0,0.0,0.0,2.0
16563,0.0012311032653135525,0.2659183053077273,0.0,0.1,893.1548228680103,250.70657254440567,0.0,1.0,0.0,0.0,2.0
16564,0.0009224228462023966,0.19924333477971765,0.0,0.1,885.2799551434409,240.01551640642012,0.0,1.0,0.0,0.0,2.0
16565,0.000945664898652083,0.20426361810884994,0.0,0.1,874.2010650669436,229.8841656443641,0.0,1.0,0.0,0.0,2.0
16566,0.0011959909990191392,0.25833405578813406,0.0,0.1,872.2504297347423,228.44529307179988,0.0,1.0,0.0,0.0,2.0
16567,0.0006223755276831458,0.1344331139795595,0.0,0.1,871.7691765086538,230.34319801021067,0.0,1.0,0.0,0.0,2.0
16568,0.0006983041386223182,0.15083369394242074,0.0,0.1,866.8969556303723,233.28082763679512,0.0,1.0,0.0,0.0,2.0
16569,0.0003285671446414804,0.07097050324255977,1.0,0.1,858.4167875915693,237.2462242862225,0.0,1.0,0.0,0.0,2.0
16570,0.0019604804479609467,0.4234637767595645,0.0,0.1,854.9972184209258,239.45941644818672,0.0,1.0,0.0,0.0,2.0
16571,0.002023893058096723,0.4371609005488921,0.0,0.1,851.130465509603,240.65285021746638,0.0,1.0,0.0,0.0,2.0
16572,0.0011824758085933473,0.255414774656163,0.0,0.1,845.165455063803,246.38307680501032,0.0,1.0,0.0,0.0,2.0
16573,0.0016844758036335295,0.36384677358484235,0.0,0.1,840.0976536467438,253.68138510832918,0.0,1.0,0.0,0.0,2.0
16574,0.0008192590444362741,0.17695995359823521,0.0,0.1,834.8342953956836,260.7845919942046,0.0,1.0,0.0,0.0,2.0
16575,0.0006926068881897132,0.14960308784897805,0.0,0.1,832.8393327512155,262.67179071088526,0.0,1.0,0.0,0.0,2.0
16576,0.0006383848652741002,0.13789113089920566,0.0,0.1,832.5144345652187,261.7327477902477,0.0,1.0,0.0,0.0,2.0
16577,0.0004672849891857553,0.10093355766412314,0.0,0.1,831.5813495392007,263.12477920407326,0.0,1.0,0.0,0.0,2.0
16578,0.0004286653360899132,0.09259171259542125,1.0,0.1,827.869653408706,264.45896010869666,0.0,1.0,0.0,0.0,2.0
16579,0.0008584912287641412,0.1854341054130545,0.0,0.1,825.8919791397835,265.826684183419,0.0,1.0,0.0,0.0,2.0
16580,0.0010475730318188939,0.22627577487288109,0.0,0.1,822.2265666569676,266.9323564803046,0.0,1.0,0.0,0.0,2.0
16581,0.0013032457499425603,0.281501081987593,0.0,0.1,817.6284407777696,267.4965605253278,0.0,1.0,0.0,0.0,2.0
16582,0.0012854661065995507,0.27766067902550295,0.0,0.1,813.0175748673453,266.79517475086976,0.0,1.0,0.0,0.0,2.0
16583,0.0008713037027423892,0.18820159979235607,0.0,0.1,804.409124811533,270.1264470557502,0.0,1.0,0.0,0.0,2.0
16584,0.0020038390181097,0.43282922791169515,0.0,0.1,802.6331358447078,271.58430550260516,0.0,1.0,0.0,0.0,2.0
16585,0.0016325687476828985,0.3526348494995061,0.0,0.1,799.053039062631,272.3187468618067,0.0,1.0,0.0,0.0,2.0
16586,0.0018882652632774611,0.4078652968679316,0.0,0.1,794.339833142082,272.8913229458402,0.0,1.0,0.0,0.0,2.0
16587,0.0015501856623522745,0.3348401030680913,0.0,0.1,790.4614149455747,269.71358470699573,0.0,1.0,0.0,0.0,2.0
16588,0.0017857265302159842,0.3857169305266526,0.0,0.1,787.9482809317493,268.12157195356156,0.0,1.0,0.0,0.0,2.0
16589,0.002661547232848974,0.5748942022953784,0.0,0.1,,,0.0,1.0,,,2.0
16590,0.0016674600520770822,0.3601713712486498,0.0,0.1,782.4578885441999,265.6557081703567,0.0,1.0,0.0,0.0,2.0
16591,0.0010347367306049438,0.22350313381066786,0.0,0.1,,,0.0,1.0,,,2.0
16592,0.0002279902432141727,0.0492458925342613,1.0,0.1,773.6410373720024,260.71042770641,0.0,1.0,0.0,0.0,2.0
16593,0.0016004905645722062,0.34570596194759656,0.0,0.1,,,0.0,1.0,,,2.0
16594,0.0012489435979142316,0.269771817149474,0.0,0.1,758.6800752671232,260.31995851527984,0.0,1.0,0.0,0.0,2.0
16595,0.0009011729547207792,0.19465335821968832,0.0,0.1,749.9373123231658,260.16004558629663,0.0,1.0,0.0,0.0,2.0
16596,0.0006756607540379624,0.1459427228721999,0.0,0.1,743.0776799699495,261.8099022353053,0.0,1.0,0.0,0.0,2.0
16597,0.001237371044753811,0.26727214566682317,0.0,0.1,740.881308505826,259.8808016700821,0.0,1.0,0.0,0.0,2.0
16598,0.0009905425195463051,0.2139571842220019,0.0,0.1,736.2922255860975,259.18139683859226,0.0,1.0,0.0,0.0,2.0
16599,0.002079395763562031,0.44914948492939866,0.0,0.1,728.2403034207446,261.5424432460023,0.0,1.0,0.0,0.0,2.0
16600,0.0024242642740353506,0.5236410831916357,0.0,0.1,719.0686759463533,268.52564639255394,0.0,1.0,0.0,0.0,2.0
16601,0.0007393817309541207,0.15970645388609006,0.0,0.1,711.5620749959198,275.93561454316074,0.0,1.0,0.0,0.0,2.0
16602,0.002359378305956954,0.509625714086702,0.0,0.1,706.8010906072478,277.98292181400444,0.0,1.0,0.0,0.0,2.0
16603,0.0014674359420157295,0.3169661634753976,0.0,0.1,698.5480532360664,285.62869715917395,0.0,1.0,0.0,0.0,2.0
16604,0.0021864698333006385,0.4722774839929379,0.0,0.1,694.6798551643981,295.17652980829047,0.0,1.0,0.0,0.0,2.0
16605,0.0015427549001087292,0.3332350584234855,0.0,0.1,684.8140247408154,306.27900771657954,0.0,1.0,0.0,0.0,2.0
16606,0.004057423287763824,0.8764034301569861,0.0,0.1,681.4519066376295,309.89190631645533,0.0,1.0,0.0,0.0,2.0
16607,0.0031839354169657494,0.6877300500646019,0.0,0.1,671.7194006824786,318.8144560161581,0.0,1.0,0.0,0.0,2.0
16608,0.003389263705388161,0.7320809603638428,0.0,0.1,666.7483199722313,321.4057023734318,0.0,1.0,0.0,0.0,2.0
16609,0.0031172044963518677,0.6733161712120035,0.0,0.1,661.6375157812463,325.37732379936153,0.0,1.0,0.0,0.0,2.0
16610,0.0015710669776438711,0.33935046717107614,0.0,0.1,,,0.0,1.0,,,2.0
16611,0.0031408688491662614,0.6784276714199124,0.0,0.1,649.9591361382393,334.16438949437435,0.0,1.0,0.0,0.0,2.0
16612,0.0013193043572671812,0.28496974116971113,0.0,0.1,,,0.0,1.0,,,2.0
16613,0.001087611288620068,0.2349240383419347,0.0,0.1,,,0.0,1.0,,,2.0
16614,0.001125336624455232,0.24307271088233015,0.0,0.1,,,0.0,1.0,,,2.0
16615,0.001972574279434172,0.4260760443577811,0.0,0.1,,,0.0,1.0,,,2.0
16616,0.001366333886345171,0.29512811945055695,0.0,0.1,612.8436275910259,342.7899346745359,0.0,1.0,0.0,0.0,2.0
16617,0.0013585411635180181,0.29344489131989193,0.0,0.1,607.0099918773833,340.20538886824596,0.0,1.0,0.0,0.0,2.0
16618,0.0021725163576664253,0.4692635332559479,0.0,0.1,,,0.0,1.0,,,2.0
16619,0.0007035221416503559,0.15196078259647686,0.0,0.1,599.9165470282322,335.9448947933851,0.0,1.0,0.0,0.0,2.0
16620,0.002556907989959676,0.5522921258312901,0.0,0.1,598.5255214435838,332.6035030121259,0.0,1.0,0.0,0.0,2.0
16621,0.002379354345050016,0.5139405385308035,0.0,0.1,592.1413513592681,331.9708441472276,0.0,1.0,0.0,0.0,2.0
16622,0.0012554273312471885,0.2711723035493927,0.0,0.1,582.7252862677723,333.59852324710374,0.0,1.0,0.0,0.0,2.0
16623,0.0017133669357629528,0.3700872581247978,0.0,0.1,574.5537925224685,337.78821215578347,0.0,1.0,0.0,0.0,2.0
16624,0.0011770214191420309,0.25423662653467866,0.0,0.1,568.9518277450402,341.45897937000996,0.0,1.0,0.0,0.0,2.0
16625,0.0030213879094047485,0.6526197884314258,0.0,0.1,560.7780149825238,347.07685347428486,0.0,1.0,0.0,0.0,2.0
16626,0.0026241426475772526,0.5668148118766866,0.0,0.1,546.2886692755078,358.59242420683324,0.0,1.0,0.0,0.0,2.0
16627,0.0037919657499382387,0.8190646019866595,0.0,0.1,536.9280251612961,365.8800483222977,0.0,1.0,0.0,0.0,2.0
16628,0.0016988116407418872,0.36694331440024763,0.0,0.1,526.2964699989584,373.7912218441563,0.0,1.0,0.0,0.0,2.0
16629,0.00388660948469847,0.8395076486948695,0.0,0.1,522.6872127658471,376.1852028061752,0.0,1.0,0.0,0.0,2.0
16630,0.003115803778743241,0.6730136162085399,0.0,0.1,,,0.0,1.0,,,2.0
16631,0.003437623347250534,0.7425266430061154,0.0,0.1,,,0.0,1.0,,,2.0
16632,0.001077123228503424,0.2326586173567396,0.0,0.1,491.17689514241664,404.141817523949,0.0,1.0,0.0,0.0,2.0
16633,0.003934433042866877,0.8498375372592454,0.0,0.1,,,0.0,1.0,,,2.0
16634,0.002758855950484632,0.5959128853046806,0.0,0.1,478.7781156026128,416.7210259410498,0.0,1.0,0.0,0.0,2.0
16635,0.0024507927000066466,0.5293712232014357,0.0,0.1,472.4425106255042,422.1376553684562,0.0,1.0,0.0,0.0,2.0
16636,0.002216312530974224,0.47872350669043245,0.0,0.1,,,0.0,1.0,,,2.0
16637,0.0009064212104847111,0.1957869814646976,0.0,0.1,458.33257145663,434.73254831984866,0.0,1.0,0.0,0.0,2.0
16638,0.0018303906226922696,0.3953643745015302,0.0,0.1,,,0.0,1.0,,,2.0
16639,0.001914220431133076,0.41347161312474445,0.0,0.1,,,0.0,1.0,,,2.0
16640,0.0012350111886034732,0.2667624167383502,0.0,0.1,444.9081396438741,445.75157795464787,0.0,1.0,0.0,0.0,2.0
16641,0.0008052103279895654,0.17392543084574613,0.0,0.1,440.9399688274444,449.0555059128899,0.0,1.0,0.0,0.0,2.0
16642,0.0013241025479370854,0.28600615035441046,0.0,0.1,439.71811912748797,449.81390163147813,0.0,1.0,0.0,0.0,2.0
16643,0.0008018111351895329,0.1731912052009391,0.0,0.1,438.0353951496672,449.19761113057814,0.0,1.0,0.0,0.0,2.0
16644,0.000879830846386555,0.19004346281949588,0.0,0.1,436.3581572863614,448.31032345256614,0.0,1.0,0.0,0.0,2.0
16645,0.001307473661911181,0.2824143109728151,0.0,0.1,437.7129532385194,446.2562120726551,0.0,1.0,0.0,0.0,2.0
16646,0.0005022376526173879,0.10848333296535578,0.0,0.1,439.514161091077,442.4117136981174,0.0,1.0,0.0,0.0,2.0
16647,0.001852647832363023,0.40017193179041294,0.0,0.1,442.4051517083878,438.58332826147785,0.0,1.0,0.0,0.0,2.0
16648,0.001028153505136384,0.22208115710945897,0.0,0.1,446.88484334712217,433.4078305258681,0.0,1.0,0.0,0.0,2.0
16649,0.0005054252192663284,0.10917184736152694,0.0,0.1,449.0543592233091,431.066477358028,0.0,1.0,0.0,0.0,2.0
16650,0.0009217227504356989,0.19909211409411096,0.0,0.1,451.7064412914435,428.16031758647716,0.0,1.0,0.0,0.0,2.0
16651,0.0006584714418750305,0.1422298314450066,0.0,0.1,451.82050886600996,427.76940871426723,0.0,1.0,0.0,0.0,2.0
16652,7.305534702116241e-05,0.01577995495657108,1.0,0.1,456.7243371678402,421.5412464929458,0.0,1.0,0.0,0.0,2.0
16653,0.000679700624769425,0.1468153349501958,0.0,0.1,462.0698627085814,415.79372219410106,0.0,1.0,0.0,0.0,2.0
16654,3.099740850459168e-05,0.0066954402369918025,1.0,0.1,463.25132210036736,414.32327532378287,0.0,1.0,0.0,0.0,2.0
16655,0.0008278303858033602,0.17881136333352582,0.0,0.1,461.62996312471404,415.7633925272656,0.0,1.0,0.0,0.0,2.0
16656,0.00037888039087854443,0.0818381644297656,1.0,0.1,464.0375406977048,413.5746974877623,0.0,1.0,0.0,0.0,2.0
16657,0.0003125193136220865,0.0675041717423707,1.0,0.1,461.11194447450424,415.520775960834,0.0,1.0,0.0,0.0,2.0
16658,0.0006109751677103453,0.1319706362254346,0.0,0.1,460.5983930112144,414.7480457631292,0.0,1.0,0.0,0.0,2.0
16659,9.492955631957869e-05,0.020504784165029,1.0,0.1,458.7898543933816,415.89376240653496,0.0,1.0,0.0,0.0,2.0
16660,0.00035921457094838146,0.0775903473248504,1.0,0.1,460.09381681399236,414.3037204414324,0.0,1.0,0.0,0.0,2.0
16661,0.0005311019117872995,0.1147180129460567,0.0,0.1,464.1713836069858,409.97101545745636,0.0,1.0,0.0,0.0,2.0
16662,0.00028925117945204776,0.062478254761642316,1.0,0.1,467.08416994664105,406.93952725705157,0.0,1.0,0.0,0.0,2.0
16663,0.00044552617526011254,0.0962336538561843,1.0,0.1,473.90332630311235,400.0358592830739,0.0,1.0,0.0,0.0,2.0
16664,0.00046024572661874366,0.09941307694964863,1.0,0.1,478.812665464177,395.0022111492801,0.0,1.0,0.0,0.0,2.0
16665,0.0008509398608722839,0.18380300994841334,0.0,0.1,480.4312467534611,393.38277361631094,0.0,1.0,0.0,0.0,2.0
16666,0.00045895148869130767,0.09913352155732245,1.0,0.1,484.2237698701501,389.61731337420895,0.0,1.0,0.0,0.0,2.0
16667,0.00010442610834333556,0.022556039402160482,1.0,0.1,486.46888411975567,387.3529148583927,0.0,1.0,0.0,0.0,2.0
16668,0.0001435311651823535,0.031002731679388353,1.0,0.1,486.5725927903434,387.1870140355936,0.0,1.0,0.0,0.0,2.0
16669,0.0006520854161694108,0.14085044989259274,0.0,0.1,487.12219476701205,386.66354507887763,0.0,1.0,0.0,0.0,2.0
16670,0.0009939437356346246,0.2146918468970789,0.0,0.1,488.6929995568689,385.22376531304485,0.0,1.0,0.0,0.0,2.0
16671,0.0006356881746012271,0.13730864571386506,0.0,0.1,489.3373981795889,384.9016107146258,0.0,1.0,0.0,0.0,2.0
16672,0.0004898689991084832,0.10581170380743236,0.0,0.1,489.36715835602934,385.2249695112842,0.0,1.0,0.0,0.0,2.0
16673,0.00020884511358985902,0.04511054453540955,1.0,0.1,490.5877517034297,384.20177663113355,0.0,1.0,0.0,0.0,2.0
16674,0.0004564310745360176,0.0985891120997798,1.0,0.1,491.1922236298719,383.7075581217662,0.0,1.0,0.0,0.0,2.0
16675,0.0005283051054160515,0.11411390276986715,0.0,0.1,494.4808970468056,380.46047353566405,0.0,1.0,0.0,0.0,2.0
16676,0.0006748532843168149,0.14576830941243202,0.0,0.1,500.1498173601977,375.4296592213278,0.0,1.0,0.0,0.0,2.0
16677,0.000395785338324108,0.08548963307800732,1.0,0.1,499.8019870379249,376.6274081287786,0.0,1.0,0.0,0.0,2.0
16678,0.0001347327138808406,0.029102266198261572,1.0,0.1,499.28093438532255,377.27058058818295,0.0,1.0,0.0,0.0,2.0
16679,0.000527068050912772,0.11384669899715875,0.0,0.1,498.7039764085091,378.3792240141734,0.0,1.0,0.0,0.0,2.0
16680,0.00017426346936353967,0.03764090938252457,1.0,0.1,498.3591217159974,379.07089211549004,0.0,1.0,0.0,0.0,2.0
16681,,,,0.1,494.3253035499496,383.2302368933284,0.0,1.0,0.0,0.0,2.0
16682,,,,0.1,490.19725436492797,388.7097099508931,,,0.0,0.0,2.0
16683,0.0006186824632428109,0.13363541206044716,0.0,0.1,488.3979112586628,390.67318805075735,0.0,1.0,0.0,0.0,2.0
16684,0.001089075581317597,0.23524032556460098,0.0,0.1,486.7302231091146,392.6038996996044,0.0,1.0,0.0,0.0,2.0
16685,0.0006897311313931704,0.1489819243809248,0.0,0.1,485.16987104600713,394.3145943831498,0.0,1.0,0.0,0.0,2.0
16686,0.00017508519252649657,0.037818401585723256,1.0,0.1,482.46213312244123,397.3193545670763,0.0,1.0,0.0,0.0,2.0
16687,0.0007277385516145389,0.1571915271487404,0.0,0.1,479.0021336712913,401.4207097184365,0.0,1.0,0.0,0.0,2.0
16688,0.0002216122765461832,0.047868251733975575,1.0,0.1,474.7615854790155,408.1666194370801,0.0,1.0,0.0,0.0,2.0
16689,0.0004950546503812836,0.10693180448235727,0.0,0.1,472.5302276022866,413.38874684892045,0.0,1.0,0.0,0.0,2.0
16690,0.0007832195239707114,0.16917541717767365,0.0,0.1,467.80268380239863,421.5999559948675,0.0,1.0,0.0,0.0,2.0
16691,0.0003684615426929984,0.07958769322168766,1.0,0.1,462.3924389892962,428.50797402676386,0.0,1.0,0.0,0.0,2.0
16692,0.0006192094213988811,0.1337492350221583,0.0,0.1,458.88345024901326,431.521301430272,0.0,1.0,0.0,0.0,2.0
16693,0.0004109672628634708,0.0887689287785097,1.0,0.1,450.8230468068854,439.3210037908933,0.0,1.0,0.0,0.0,2.0
16694,0.0009145617337451037,0.1975453344889424,0.0,0.1,448.46533990520356,443.2227593022032,0.0,1.0,0.0,0.0,2.0
16695,0.000526956845187191,0.11382267856043327,0.0,0.1,449.6898652202943,443.5909992897326,0.0,1.0,0.0,0.0,2.0
16696,0.0009447379803333376,0.2040634037520009,0.0,0.1,450.854085841546,443.02656288435105,0.0,1.0,0.0,0.0,2.0
16697,0.0005316568931197152,0.11483788891385847,0.0,0.1,450.87487990660986,444.7031723907896,0.0,1.0,0.0,0.0,2.0
16698,0.0006400836166054299,0.13825806118677286,0.0,0.1,451.87185168915744,446.2295697668804,0.0,1.0,0.0,0.0,2.0
16699,0.0012007858028792978,0.2593697334219283,0.0,0.1,446.76511359740954,451.74736064887816,0.0,1.0,0.0,0.0,2.0
16700,0.00029992943911569383,0.06478475884898988,1.0,0.1,442.9650183898938,456.1619519608544,0.0,1.0,0.0,0.0,2.0
16701,0.0009101465380021023,0.19659165220845412,0.0,0.1,440.338638135127,458.8051724336429,0.0,1.0,0.0,0.0,2.0
16702,0.00028828819126644695,0.06227024931355255,1.0,0.1,437.0311377758671,462.58959465660956,0.0,1.0,0.0,0.0,2.0
16703,0.000574521721796132,0.12409669190796453,0.0,0.1,430.47882021028397,469.63274531752506,0.0,1.0,0.0,0.0,2.0
16704,0.00024955170910836045,0.05390316916740586,1.0,0.1,420.3201780280179,478.64261304880006,0.0,1.0,0.0,0.0,2.0
16705,0.0014956246193196432,0.32305491777304296,0.0,0.1,415.1488432551564,483.3434775843685,0.0,1.0,0.0,0.0,2.0
16706,0.0009243581739040148,0.1996613655632672,0.0,0.1,408.4811055547601,489.67581457820296,0.0,1.0,0.0,0.0,2.0
16707,0.0017976481212388154,0.38829199418758414,0.0,0.1,398.1274207520098,499.3609291934592,0.0,1.0,0.0,0.0,2.0
16708,0.0014252712526390517,0.3078585905700352,0.0,0.1,388.8382718244057,507.98504609721937,0.0,1.0,0.0,0.0,2.0
16709,0.0017024581234807354,0.36773095467183886,0.0,0.1,380.3114700389684,516.5006018624148,0.0,1.0,0.0,0.0,2.0
16710,0.0019513532257070102,0.4214922967527142,0.0,0.1,377.04724107873096,519.1077591928938,0.0,1.0,0.0,0.0,2.0
16711,0.0021982339445616953,0.4748185320253262,0.0,0.1,369.7369516545105,525.6771001152451,0.0,1.0,0.0,0.0,2.0
16712,0.0019551054235383593,0.42230277148428563,0.0,0.1,364.20374941154023,528.1165941695557,0.0,1.0,0.0,0.0,2.0
16713,0.0009406433094877888,0.20317895484936238,0.0,0.1,360.7223825243925,528.0434696313602,0.0,1.0,0.0,0.0,2.0
16714,0.0015518651806647938,0.33520287902359547,0.0,0.1,357.11881387578217,529.7271886548333,0.0,1.0,0.0,0.0,2.0
16715,0.0012550886145497376,0.2710991407427433,0.0,0.1,351.952640814591,534.6405497348998,0.0,1.0,0.0,0.0,2.0
16716,0.0015991497082657135,0.3454163369853941,0.0,0.1,346.61231941618996,538.8708978917053,0.0,1.0,0.0,0.0,2.0
16717,0.0006060734259416285,0.13091186000339178,0.0,0.1,342.45228090081383,542.9731071301909,0.0,1.0,0.0,0.0,2.0
16718,0.0009144941475981822,0.19753073588120737,0.0,0.1,343.26616236745343,542.6875313383578,0.0,1.0,0.0,0.0,2.0
16719,0.0021126077776683215,0.45632327997635747,0.0,0.1,343.9634403942721,541.9456895015214,0.0,1.0,0.0,0.0,2.0
16720,0.00034508264402322627,0.07453785110901688,1.0,0.1,347.68801121470153,536.8673608267504,0.0,1.0,0.0,0.0,2.0
16721,0.0010112538708440576,0.21843083610231645,0.0,0.1,353.17087320302255,529.2536160250037,0.0,1.0,0.0,0.0,2.0
16722,0.00028070344428770817,0.06063194396614496,1.0,0.1,354.3801488533936,526.7974532048612,0.0,1.0,0.0,0.0,2.0
16723,0.0005822871088831956,0.12577401551877027,0.0,0.1,352.77385686100854,528.0330228867814,0.0,1.0,0.0,0.0,2.0
16724,0.00016852763817848878,0.03640196984655358,1.0,0.1,350.7593766881218,528.9956325366271,0.0,1.0,0.0,0.0,2.0
16725,0.0003184963605734062,0.06879521388385575,1.0,0.1,350.5785040842785,527.8094382084656,0.0,1.0,0.0,0.0,2.0
16726,0.0005517295135287361,0.119173574922207,0.0,0.1,348.69271703189645,528.1589213264871,0.0,1.0,0.0,0.0,2.0
16727,0.0003940875760549168,0.08512291642786203,1.0,0.1,348.56940936935933,526.8161631301354,0.0,1.0,0.0,0.0,2.0
16728,0.0007459808676281994,0.1611318674076911,0.0,0.1,347.84494626308873,527.114530060009,0.0,1.0,0.0,0.0,2.0
16729,0.0007366468037645922,0.1591157096131519,0.0,0.1,347.429958748547,527.1262272823275,0.0,1.0,0.0,0.0,2.0
16730,0.0013617903898929125,0.29414672421686916,0.0,0.1,349.16971314576165,525.1092165875871,0.0,1.0,0.0,0.0,2.0
16731,0.000297943946504443,0.0643558924449597,1.0,0.1,352.10077422383,521.8656812913636,0.0,1.0,0.0,0.0,2.0
16732,0.0013991925814061741,0.30222559758373363,0.0,0.1,354.3527192315826,519.4817273616155,0.0,1.0,0.0,0.0,2.0
16733,0.0013800285479051812,0.29808616634751917,0.0,0.1,355.87976562676147,517.8250617473457,0.0,1.0,0.0,0.0,2.0
16734,0.0006992353841801476,0.1510348429829119,0.0,0.1,356.8912459659934,516.7909087745865,0.0,1.0,0.0,0.0,2.0
16735,0.000846263468062561,0.1827929091015132,0.0,0.1,359.0190925984057,514.6619205476968,0.0,1.0,0.0,0.0,2.0
16736,0.00031771259121854,0.06862591970320464,1.0,0.1,362.9252470902572,510.72404676270185,0.0,1.0,0.0,0.0,2.0
16737,0.0003858359351698146,0.08334056199667995,1.0,0.1,367.31546357042515,506.33613838776665,0.0,1.0,0.0,0.0,2.0
16738,0.0004831426904386513,0.10435882113474867,0.0,0.1,375.71491999309734,497.99554201433267,0.0,1.0,0.0,0.0,2.0
16739,0.000638733947143754,0.13796653258305086,0.0,0.1,378.5379148747034,495.37347349016693,0.0,1.0,0.0,0.0,2.0
16740,0.0006038006845238713,0.13042094785715622,0.0,0.1,381.1061263553997,493.12414861721993,0.0,1.0,0.0,0.0,2.0
16741,0.0010486174782942334,0.22650137531155443,0.0,0.1,380.96371303393255,493.38087352274636,0.0,1.0,0.0,0.0,2.0
16742,0.000838549487916175,0.1811266893898938,0.0,0.1,380.29029178673926,494.454905035577,0.0,1.0,0.0,0.0,2.0
16743,0.0010778308001931425,0.23281145284171878,0.0,0.1,382.1998145859505,493.4470841995417,0.0,1.0,0.0,0.0,2.0
16744,0.0007990355882701569,0.1725916870663539,0.0,0.1,381.20186376375227,495.5981937720462,0.0,1.0,0.0,0.0,2.0
16745,0.0012217700690828933,0.26390233492190496,0.0,0.1,379.9391616840144,498.23696525108767,0.0,1.0,0.0,0.0,2.0
16746,0.0011616921405857262,0.2509255023665169,0.0,0.1,379.15650255039117,499.4653863253155,0.0,1.0,0.0,0.0,2.0
16747,0.0013324207944666485,0.28780289160479605,0.0,0.1,378.61127616397636,501.0007579596389,0.0,1.0,0.0,0.0,2.0
16748,0.0010531809116301487,0.22748707691211215,0.0,0.1,376.93231165938323,503.9547132942773,0.0,1.0,0.0,0.0,2.0
16749,0.001283425593054498,0.2772199280997716,0.0,0.1,373.9461738825259,508.69588872223153,0.0,1.0,0.0,0.0,2.0
16750,0.0014035173720419482,0.3031597523610608,0.0,0.1,371.1838926116773,512.3429317771617,0.0,1.0,0.0,0.0,2.0
16751,0.00048407086385842605,0.10455930659342003,0.0,0.1,369.41017606221556,515.1437364634908,0.0,1.0,0.0,0.0,2.0
16752,0.0016267237074213384,0.3513723208030091,0.0,0.1,369.2598180826223,516.6071171801394,0.0,1.0,0.0,0.0,2.0
16753,0.0006475195866821264,0.1398642307233393,0.0,0.1,365.5070877750575,521.3579568425554,0.0,1.0,0.0,0.0,2.0
16754,0.00038671651673034287,0.08353076761375405,1.0,0.1,363.4137704418899,523.9876960692978,0.0,1.0,0.0,0.0,2.0
16755,0.000271689837313903,0.058685004859803054,1.0,0.1,362.19964801005636,525.4821635531385,0.0,1.0,0.0,0.0,2.0
16756,0.000497948005729702,0.10755676923761563,0.0,0.1,360.51783874079257,527.4808239772879,0.0,1.0,0.0,0.0,2.0
16757,0.00022564528027124343,0.04873938053858858,1.0,0.1,362.12274771938706,526.2135026211171,0.0,1.0,0.0,0.0,2.0
16758,0.0004663148402735173,0.10072400549907974,0.0,0.1,363.4780293586748,524.7072814206766,0.0,1.0,0.0,0.0,2.0
16759,0.00017226686282591542,0.037209642370397734,1.0,0.1,363.4127443469267,524.856406676769,0.0,1.0,0.0,0.0,2.0
16760,0.00030452230714187747,0.06577681834264554,1.0,0.1,362.9481724629463,524.9217311109117,0.0,1.0,0.0,0.0,2.0
16761,0.0004764610777803532,0.10291559280055629,0.0,0.1,368.9602963594329,520.4169676894796,0.0,1.0,0.0,0.0,2.0
16762,0.00017052948894540776,0.03683436961220808,1.0,0.1,383.43837000329717,506.74881020460697,0.0,1.0,0.0,0.0,2.0
16763,0.0001482084232553025,0.03201301942314534,1.0,0.1,396.0182725396441,495.842890641087,0.0,1.0,0.0,0.0,2.0
16764,0.00019175257632865603,0.0414185564869897,1.0,0.1,399.6811500482077,492.07061758880974,0.0,1.0,0.0,0.0,2.0
16765,0.0007666130660692244,0.16558842227095247,0.0,0.1,403.39371043645934,489.39257704816623,0.0,1.0,0.0,0.0,2.0
16766,5.9035307868905364e-05,0.012751626499683559,1.0,0.1,406.2578403525351,488.3585998396007,0.0,1.0,0.0,0.0,2.0
16767,0.00017507418095961155,0.03781602308727609,1.0,0.1,410.63549345623716,484.4634079153128,0.0,1.0,0.0,0.0,2.0
16768,0.0011966616219863016,0.25847891034904114,0.0,0.1,413.717677473271,480.7488467721031,0.0,1.0,0.0,0.0,2.0
16769,0.0002831131670619442,0.061152444085379946,1.0,0.1,421.07833337927286,473.81265976647694,0.0,1.0,0.0,0.0,2.0
16770,0.00042045265825517355,0.09081777418311748,1.0,0.1,424.51657469456234,470.31294264981676,0.0,1.0,0.0,0.0,2.0
16771,0.00046512405448060023,0.10046679576780965,0.0,0.1,428.3906147674931,466.29145011383645,0.0,1.0,0.0,0.0,2.0
16772,0.0004727889154758746,0.10212240574278891,0.0,0.1,429.62720696301426,466.10682184032265,0.0,1.0,0.0,0.0,2.0
16773,0.0006001259826029544,0.12962721224223817,0.0,0.1,429.6306555037168,466.8385368623721,0.0,1.0,0.0,0.0,2.0
16774,0.0017343160004631372,0.3746122561000377,0.0,0.1,429.7841127184252,469.8152583418787,0.0,1.0,0.0,0.0,2.0
16775,0.0005635387698121471,0.12172437427942379,0.0,0.1,430.8529194204225,472.99642479349546,0.0,1.0,0.0,0.0,2.0
16776,0.0008902705372387363,0.19229843604356706,0.0,0.1,433.7928371469263,473.9890519877338,0.0,1.0,0.0,0.0,2.0
16777,0.001972754965822804,0.42611507261772563,0.0,0.1,433.97362982084576,475.36347422362303,0.0,1.0,0.0,0.0,2.0
16778,0.0017643892360178135,0.3811080749798477,0.0,0.1,433.4456000516793,479.04850635882553,0.0,1.0,0.0,0.0,2.0
16779,0.0024709110980608816,0.5337167971811504,0.0,0.1,434.9725750249429,482.56702544936877,0.0,1.0,0.0,0.0,2.0
16780,0.0029774601056891457,0.6431313828288555,0.0,0.1,438.2618411769617,484.94661774617214,0.0,1.0,0.0,0.0,2.0
16781,0.0006909024844259401,0.14923493663600307,0.0,0.1,441.2603869404903,486.3656387752711,0.0,1.0,0.0,0.0,2.0
16782,0.002122673043457378,0.45849737738679375,0.0,0.1,441.72739920273614,488.51447790285494,0.0,1.0,0.0,0.0,2.0
16783,0.002847118986933216,0.6149777011775747,0.0,0.1,444.42516291842315,489.5762496090934,0.0,1.0,0.0,0.0,2.0
16784,0.0015022964308906352,0.3244960290723772,0.0,0.1,449.22829012785206,488.6887562957704,0.0,1.0,0.0,0.0,2.0
16785,0.0009330817428809018,0.2015456564622748,0.0,0.1,449.86372798418364,492.13564706365776,1.0,0.0,0.0,0.0,2.0
16786,0.002101499604892825,0.45392391465685017,0.0,0.1,449.3657760978135,496.05463048418085,1.0,0.0,0.0,0.0,2.0
16787,0.0014240514695074136,0.30759511741360135,0.0,0.1,449.44123215403306,500.9050353007607,1.0,0.0,0.0,0.0,2.0
16788,0.0014216448094222956,0.30707527883521585,0.0,0.1,451.1802454247922,504.0246224875121,1.0,0.0,0.0,0.0,2.0
16789,0.0014494251584516874,0.3130758342255645,0.0,0.1,453.3882571774125,504.9288037173732,1.0,0.0,0.0,0.0,2.0
16790,0.0009866444841004904,0.21311520856570593,0.0,0.1,455.70740475214086,505.09478747948714,0.0,1.0,0.0,0.0,2.0
16791,0.0013787213035916478,0.29780380157579595,0.0,0.1,456.43596573132623,505.54940418856967,0.0,1.0,0.0,0.0,2.0
16792,0.0010801771505665905,0.23331826452238355,0.0,0.1,457.843659718535,506.2006615901188,0.0,1.0,0.0,0.0,2.0
16793,0.00025568012060874537,0.055226906051489,1.0,0.1,459.49239906263034,505.25339894554423,0.0,1.0,0.0,0.0,2.0
16794,0.0004291388678468086,0.09269399545491067,1.0,0.1,460.2627335375321,504.05503889224616,0.0,1.0,0.0,0.0,2.0
16795,0.00030980259726309524,0.06691736100882857,1.0,0.1,461.08263469661307,504.1216233880334,0.0,1.0,0.0,0.0,2.0
16796,0.00034383858916278676,0.07426913525916194,1.0,0.1,465.26042550583014,499.64052421632886,0.0,1.0,0.0,0.0,2.0
16797,0.0003093116851321067,0.06681132398853505,1.0,0.1,470.2786854790098,494.4036610764579,0.0,1.0,0.0,0.0,2.0
16798,0.0007584775049728478,0.16383114107413513,0.0,0.1,470.89069310633454,491.3116454734948,0.0,1.0,0.0,0.0,2.0
16799,0.0011159533640191274,0.24104592662813154,0.0,0.1,472.5602173293079,486.4754796467851,0.0,1.0,0.0,0.0,2.0
16800,0.00047342332297006275,0.10225943776153355,0.0,0.1,473.1625229622571,485.05670165794436,0.0,1.0,0.0,0.0,2.0
16801,0.00027706895375494774,0.05984689401106871,1.0,0.1,476.9014010672375,479.5447275986803,0.0,1.0,0.0,0.0,2.0
16802,0.0005980816770293458,0.12918564223833867,0.0,0.1,479.3162271643977,474.97232185055543,0.0,1.0,0.0,0.0,2.0
16803,0.00011150206759125616,0.02408444659971133,1.0,0.1,483.71869821375367,468.3028751152109,0.0,1.0,0.0,0.0,2.0
16804,0.000386026880181921,0.08338180611929494,1.0,0.1,485.5320274308655,465.88590737167374,0.0,1.0,0.0,0.0,2.0
16805,0.00014017160022474124,0.03027706564854411,1.0,0.1,487.38317647072176,463.42440365235575,0.0,1.0,0.0,0.0,2.0
16806,0.0001820337439869905,0.03931928870118995,1.0,0.1,487.1950650374139,463.07136204797797,0.0,1.0,0.0,0.0,2.0
16807,0.0002401727615279684,0.051877316490041174,1.0,0.1,486.7557326370628,463.4986046930668,0.0,1.0,0.0,0.0,2.0
16808,0.0001224395770875365,0.026446948650907885,1.0,0.1,486.5247594769663,463.36963520977145,0.0,1.0,0.0,0.0,2.0
16809,0.0008505862912777677,0.18372663891599783,0.0,0.1,487.0881486780263,462.23933817167676,0.0,1.0,0.0,0.0,2.0
16810,0.0001929057181550008,0.041667635121480175,1.0,0.1,486.1154202297508,461.15989465550257,0.0,1.0,0.0,0.0,2.0
16811,0.0008304168733926811,0.17937004465281914,0.0,0.1,487.90789572521294,457.48768901608696,0.0,1.0,0.0,0.0,2.0
16812,0.00017883976409178393,0.03862938904382533,1.0,0.1,488.5084901019964,454.2000839039673,0.0,1.0,0.0,0.0,2.0
16813,0.0006914285801952699,0.1493485733221783,0.0,0.1,488.4737661980268,453.4124150052641,0.0,1.0,0.0,0.0,2.0
16814,0.0004676925936099138,0.10102160021974138,0.0,0.1,487.9177899981099,452.08751533974316,0.0,1.0,0.0,0.0,2.0
16815,0.0005442144424576643,0.11755031957085549,0.0,0.1,487.2353669264182,449.22052038074435,0.0,1.0,0.0,0.0,2.0
16816,0.0007965562382642375,0.1720561474650753,0.0,0.1,489.3270627178143,442.7799992667184,0.0,1.0,0.0,0.0,2.0
16817,0.000218114177332578,0.04711266230383685,1.0,0.1,489.64588870597504,439.75544373138376,0.0,1.0,0.0,0.0,2.0
16818,0.0014109410018185544,0.30476325639280777,0.0,0.1,488.96552243396854,439.0246008634321,0.0,1.0,0.0,0.0,2.0
16819,0.00034033023944093075,0.07351133171924105,1.0,0.1,485.8632302216243,439.4810730143032,0.0,1.0,0.0,0.0,2.0
16820,0.0006873506417750488,0.14846773862341053,0.0,0.1,479.1713970778677,445.5298347618732,0.0,1.0,0.0,0.0,2.0
16821,0.00023059601710287653,0.04980873969422133,1.0,0.1,465.4711626029748,456.95687617246244,0.0,1.0,0.0,0.0,2.0
16822,0.0009112972359712814,0.1968402029697968,0.0,0.1,459.3815260266633,460.84013895947686,0.0,1.0,0.0,0.0,2.0
16823,0.0017661776622196626,0.38149437503944716,0.0,0.1,442.75778605525477,473.2970518958639,0.0,1.0,0.0,0.0,2.0
16824,0.0010337793799697456,0.22329634607346507,0.0,0.1,426.770000630345,485.7737661000434,0.0,1.0,0.0,0.0,2.0
16825,0.0009679388149768543,0.20907478403500054,0.0,0.1,411.1093512652173,496.2910252090738,0.0,1.0,0.0,0.0,2.0
16826,0.000620263326543759,0.13397687853345194,0.0,0.1,401.57830121538734,500.7358257103427,0.0,1.0,0.0,0.0,2.0
16827,0.0004982975619146023,0.10763227337355409,0.0,0.1,397.1548986247281,503.96434023353,0.0,1.0,0.0,0.0,2.0
16828,0.0012562780485502257,0.27135605848684874,0.0,0.1,387.4277134689534,510.2923817151394,0.0,1.0,0.0,0.0,2.0
16829,0.0008310331261938405,0.17950315525786956,0.0,0.1,379.8862041279426,511.6660083396478,0.0,1.0,0.0,0.0,2.0
16830,0.0011199960612162485,0.24191914922270968,0.0,0.1,370.25187900373277,517.5885425085435,0.0,1.0,0.0,0.0,2.0
16831,0.001323183831444853,0.28580770759208823,0.0,0.1,365.1827254244068,520.425188228696,0.0,1.0,0.0,0.0,2.0
16832,0.0020212654992983934,0.436593347848453,0.0,0.1,355.4296100066167,526.1378515267495,0.0,1.0,0.0,0.0,2.0
16833,0.0007847014529347788,0.16949551383391223,0.0,0.1,346.1169778771641,531.9584891526986,0.0,1.0,0.0,0.0,2.0
16834,0.002360129476295935,0.5097879668799219,0.0,0.1,334.3954175089902,541.1551374739383,0.0,1.0,0.0,0.0,2.0
16835,0.0008199980296171491,0.1771195743973042,0.0,0.1,324.9174345226237,549.0167723072735,0.0,1.0,0.0,0.0,2.0
16836,0.0005036045313670314,0.10877857877527877,0.0,0.1,323.357223541119,550.3484189252188,0.0,1.0,0.0,0.0,2.0
16837,0.0009383601197412376,0.20268578586410735,0.0,0.1,319.20510866482664,554.4961598570951,0.0,1.0,0.0,0.0,2.0
16838,0.0005125405020622383,0.11070874844544347,0.0,0.1,317.45335813336254,556.4917922812692,0.0,1.0,0.0,0.0,2.0
16839,0.00014480435445304624,0.03127774056185799,1.0,0.1,317.3818053916211,556.7645878982277,0.0,1.0,0.0,0.0,2.0
16840,0.0008343587983817944,0.1802215004504676,0.0,0.1,316.8406922195971,557.4273838660449,0.0,1.0,0.0,0.0,2.0
16841,0.00017453485043431298,0.03769952769381161,1.0,0.1,314.88355882711426,559.6791507398042,0.0,1.0,0.0,0.0,2.0
16842,0.0005562118427989738,0.12014175804457833,0.0,0.1,313.3920305444817,561.4510611010642,0.0,1.0,0.0,0.0,2.0
16843,0.0006050941869787878,0.13070034438741818,0.0,0.1,313.18068682043827,561.7659440454576,0.0,1.0,0.0,0.0,2.0
16844,0.0002750610052634965,0.05941317713691525,1.0,0.1,311.1747002619659,563.7833465172764,0.0,1.0,0.0,0.0,2.0
16845,0.00017427121498255616,0.03764258243623213,1.0,0.1,310.64678383979157,564.4928136449819,0.0,1.0,0.0,0.0,2.0
16846,0.0005221703971783128,0.11278880579051555,0.0,0.1,309.11016530949337,565.9922749349614,0.0,1.0,0.0,0.0,2.0
16847,0.00035738354690859915,0.07719484613225741,1.0,0.1,309.1858431746118,565.889842298524,0.0,1.0,0.0,0.0,2.0
16848,0.00016391011522684645,0.035404584888998836,1.0,0.1,,,0.0,1.0,,,2.0
16849,0.00024321324809368654,0.05253406158823629,1.0,0.1,,,0.0,1.0,,,2.0
16850,0.000273275841107244,0.059027581679164706,1.0,0.1,,,0.0,1.0,,,2.0
16851,0.00017097119269874364,0.03692977762292863,1.0,0.1,,,0.0,1.0,,,2.0
16852,0.0007050283595251262,0.15228612565742725,0.0,0.1,,,0.0,1.0,,,2.0
16853,6.354112823556654e-05,0.013724883698882372,1.0,0.1,,,0.0,1.0,,,2.0
16854,0.0003286545543741268,0.0709893837448114,1.0,0.1,,,0.0,1.0,,,2.0
16855,0.00018637459865816807,0.0402569133101643,1.0,0.1,313.1087435298623,562.5585930251407,0.0,1.0,0.0,0.0,2.0
16856,0.00016997601699917124,0.03671481967182099,1.0,0.1,,,0.0,1.0,,,2.0
16857,0.0006270496469730122,0.13544272374617064,0.0,0.1,,,0.0,1.0,,,2.0
16858,0.0004181409077188489,0.09031843606727136,1.0,0.1,,,0.0,1.0,,,2.0
16859,0.0015480461120912772,0.3343779602117159,0.0,0.1,320.5290241701817,554.6678214736384,0.0,1.0,0.0,0.0,2.0
16860,0.0018657559344421606,0.40300328183950673,0.0,0.1,329.79510857611075,544.4916450283911,0.0,1.0,0.0,0.0,2.0
16861,0.0005757995186395555,0.12437269602614398,0.0,0.1,337.1355460097958,536.8089194564537,0.0,1.0,0.0,0.0,2.0
16862,0.0002609781099116721,0.05637127174092117,1.0,0.1,339.8009887748409,533.9307097052014,0.0,1.0,0.0,0.0,2.0
16863,0.0015642536664216046,0.3378787919470666,0.0,0.1,340.7950722035686,532.9311424733003,0.0,1.0,0.0,0.0,2.0
16864,0.0010055764812917569,0.2172045199590195,0.0,0.1,343.5370756651262,530.1593557666254,0.0,1.0,0.0,0.0,2.0
16865,0.0006370448738656884,0.1376016927549887,0.0,0.1,346.0909387167876,527.5713968529288,0.0,1.0,0.0,0.0,2.0
16866,0.00045937683518158963,0.09922539639922336,1.0,0.1,345.7161187613694,527.949295690936,0.0,1.0,0.0,0.0,2.0
16867,0.0010977998176753272,0.2371247606178707,0.0,0.1,344.7092614031932,528.9680205824012,0.0,1.0,0.0,0.0,2.0
16868,0.0002925893226340198,0.06319929368894829,1.0,0.1,341.3106328844107,532.3953451836564,0.0,1.0,0.0,0.0,2.0
16869,0.0003050987316632182,0.06590132603925514,1.0,0.1,342.6500136457671,531.0646199215613,0.0,1.0,0.0,0.0,2.0
16870,0.0011674465153360466,0.25216844731258603,0.0,0.1,345.28918703138993,528.4473701694636,0.0,1.0,0.0,0.0,2.0
16871,0.000366066304791873,0.07907032183504457,1.0,0.1,348.5265177253744,525.3902889040328,0.0,1.0,0.0,0.0,2.0
16872,,,,0.1,348.71902535455376,525.357727137064,0.0,1.0,0.0,0.0,2.0
16873,,,,0.1,351.98942142687633,522.4294557727524,,,0.0,0.0,2.0
16874,,,,0.1,354.3331521651614,520.3937277332037,,,0.0,0.0,2.0
16875,,,,0.1,360.17055377121693,514.7998859113139,,,0.0,0.0,2.0
16876,,,,0.1,362.31579312624024,513.0392061102159,,,0.0,0.0,2.0
16877,,,,0.1,368.504496081949,507.893060316014,,,0.0,0.0,2.0
16878,,,,0.1,371.3466985706717,505.9189969266671,,,0.0,0.0,2.0
16879,,,,0.1,,,,,,,2.0
16880,,,,0.1,,,,,,,2.0
16881,,,,0.1,373.60937448515807,504.9994286855605,,,0.0,0.0,2.0
16882,,,,0.1,369.79763512830544,509.15949781335325,,,0.0,0.0,2.0
16883,,,,0.1,,,,,,,2.0
16884,,,,0.1,,,,,,,2.0
16885,,,,0.1,365.8776431171686,514.2799343096618,,,0.0,0.0,2.0
16886,,,,0.1,361.1653557785833,517.9752076123312,,,0.0,0.0,2.0
16887,,,,0.1,357.96099758771066,521.2309291181963,,,0.0,0.0,2.0
16888,,,,0.1,358.57347012906666,521.1814521358806,,,0.0,0.0,2.0
16889,,,,0.1,360.58988521185915,519.2919262241558,,,0.0,0.0,2.0
16890,,,,0.1,361.79533288768,518.5872371027166,,,0.0,0.0,2.0
16891,,,,0.1,,,,,,,2.0
16892,,,,0.1,,,,,,,2.0
16893,,,,0.1,,,,,,,2.0
16894,,,,0.1,,,,,,,2.0
16895,,,,0.1,,,,,,,2.0
16896,,,,0.1,,,,,,,2.0
16897,,,,0.1,,,,,,,2.0
16898,,,,0.1,,,,,,,2.0
16899,,,,0.1,,,,,,,2.0
16900,,,,0.1,,,,,,,2.0
16901,,,,0.1,,,,,,,2.0
16902,,,,0.1,388.0919543518944,508.242094441579,,,0.0,0.0,2.0
16903,,,,0.1,,,,,,,2.0
16904,0.0015014085049796673,0.3243042370756081,0.0,0.1,375.8130442712814,522.8152916213139,0.0,1.0,0.0,0.0,2.0
16905,0.0005852901737682347,0.1264226775339387,0.0,0.1,375.3026274954986,524.9312181306266,0.0,1.0,0.0,0.0,2.0
16906,0.0008110640991625969,0.17518984541912094,0.0,0.1,375.000514520075,525.9849100176707,0.0,1.0,0.0,0.0,2.0
16907,0.00027329939887248,0.059032670156455684,1.0,0.1,374.0604408043072,527.4517097059637,0.0,1.0,0.0,0.0,2.0
16908,0.00027376988035384835,0.05913429415643125,1.0,0.1,373.87302964633864,528.2944557976102,0.0,1.0,0.0,0.0,2.0
16909,0.0013473254106504643,0.2910222887005003,0.0,0.1,373.2818387457056,529.0383340582432,0.0,1.0,0.0,0.0,2.0
16910,0.0012492499720193374,0.2698379939561769,0.0,0.1,372.2519365260338,531.9749107501161,0.0,1.0,0.0,0.0,2.0
16911,0.0005133238428276549,0.11087795005077346,0.0,0.1,369.8553523636784,535.4463910796208,0.0,1.0,0.0,0.0,2.0
16912,0.001439963810219179,0.31103218300734264,0.0,0.1,368.7215617444569,536.7321624392903,0.0,1.0,0.0,0.0,2.0
16913,0.0013577138778660342,0.2932661976190634,0.0,0.1,366.58256448352995,539.6523701415836,0.0,1.0,0.0,0.0,2.0
16914,0.0013799740393336628,0.29807439249607115,0.0,0.1,363.91167716399406,544.8392804481382,0.0,1.0,0.0,0.0,2.0
16915,0.0014337764421376298,0.30969571150172803,0.0,0.1,360.6560266303612,550.4482924107139,0.0,1.0,0.0,0.0,2.0
16916,0.0010600815082277574,0.22897760577719564,0.0,0.1,356.04235991024933,558.8297313969111,0.0,1.0,0.0,0.0,2.0
16917,0.0017494808497036185,0.37788786353598164,0.0,0.1,354.74763763279685,562.4008901032674,0.0,1.0,0.0,0.0,2.0
16918,0.0012562735706234157,0.2713550912546578,0.0,0.1,355.2392898506493,566.5703174372874,0.0,1.0,0.0,0.0,2.0
16919,0.002574316405785906,0.5560523436497556,0.0,0.1,351.17442200659957,575.4661861010728,0.0,1.0,0.0,0.0,2.0
16920,0.001374955999737504,0.29699049594330085,0.0,0.1,343.897373853117,586.5655500925786,0.0,1.0,0.0,0.0,2.0
16921,0.004162560810151953,0.899113134992822,0.0,0.1,338.1385202810446,595.0570559889485,0.0,1.0,0.0,0.0,2.0
16922,0.003022482572384348,0.6528562356350193,0.0,0.1,330.4731959996782,609.0538514819315,0.0,1.0,0.0,0.0,2.0
16923,0.0021738345628115074,0.4695482655672856,0.0,0.1,324.7552359904718,621.844647842244,0.0,1.0,0.0,0.0,2.0
16924,,,,0.1,319.47309983530613,636.755352306464,1.0,0.0,0.0,0.0,2.0
16925,,,,0.1,317.9236497321021,648.8416529864043,,,0.0,0.0,2.0
16926,,,,0.1,315.8590756011262,654.1381476472268,,,0.0,0.0,2.0
16927,,,,0.1,316.4805838521519,660.7278992010457,,,0.0,0.0,2.0
16928,,,,0.1,315.80677767091356,667.5707001931155,,,0.0,0.0,2.0
16929,,,,0.1,316.0553286740173,677.6028397681304,,,0.0,0.0,2.0
16930,,,,0.1,315.38015439530847,683.8257960817909,,,0.0,0.0,2.0
16931,,,,0.1,315.3167281162466,695.9919009381135,,,0.0,0.0,2.0
16932,,,,0.1,314.5891637747127,706.1140923750387,,,0.0,0.0,2.0
16933,,,,0.1,315.41393905787515,715.4642577487713,1.0,0.0,0.0,0.0,2.0
16934,,,,0.1,318.0218912346122,724.3037685895086,,,0.0,0.0,2.0
16935,,,,0.1,319.0727530083036,731.0102353275372,,,0.0,0.0,2.0
16936,,,,0.1,321.4036367548462,742.9996267593265,,,0.0,0.0,2.0
16937,0.0027933073668347215,0.6033543912362999,0.0,0.1,323.0830750648023,753.0146822647707,1.0,0.0,0.0,0.0,2.0
16938,0.001699129256967595,0.36701191950500056,0.0,0.1,325.3919006192953,759.865410280637,1.0,0.0,0.0,0.0,2.0
16939,0.0017309559014267028,0.37388647470816777,0.0,0.1,325.4925718869712,762.5371932784865,1.0,0.0,0.0,0.0,2.0
16940,0.0024886340320632704,0.5375449509256665,0.0,0.1,324.26027008991684,767.5343620126519,1.0,0.0,0.0,0.0,2.0
16941,0.0015915470524709996,0.34377416333373595,0.0,0.1,326.0463326608251,773.9706402458513,1.0,0.0,0.0,0.0,2.0
16942,0.0011576705231023147,0.2500568329901,0.0,0.1,329.0038023651066,777.7867831581801,1.0,0.0,0.0,0.0,2.0
16943,0.0021896577206232636,0.4729660676546249,0.0,0.1,328.41884149172836,783.3489093992581,1.0,0.0,0.0,0.0,2.0
16944,,,,0.1,328.5875052725491,786.2670945744679,1.0,0.0,0.0,0.0,2.0
16945,,,,0.1,327.4809461352569,790.2386243473367,,,0.0,0.0,2.0
16946,0.000811198500406957,0.17521887608790274,0.0,0.1,323.32658969578995,791.2885671901442,1.0,0.0,0.0,0.0,2.0
16947,0.0005439652380430409,0.11749649141729684,0.0,0.1,320.977249145963,791.2046376103024,1.0,0.0,0.0,0.0,2.0
16948,0.0004857625337287066,0.10492470728540063,0.0,0.1,321.6067119816108,791.02983346322,1.0,0.0,0.0,0.0,2.0
16949,0.0008495334137135975,0.18349921736213706,0.0,0.1,325.50344328784496,790.4127929521452,1.0,0.0,0.0,0.0,2.0
16950,0.0016202486259287283,0.34997370320060533,0.0,0.1,327.7978724973645,788.7940346826048,1.0,0.0,0.0,0.0,2.0
16951,0.0017066487131716923,0.36863612204508556,0.0,0.1,330.5804891005046,783.6929648392203,1.0,0.0,0.0,0.0,2.0
16952,0.001134084231497141,0.24496219400338246,0.0,0.1,332.81370716074866,775.6541651415512,1.0,0.0,0.0,0.0,2.0
16953,0.0018070774359001704,0.3903287261544368,0.0,0.1,335.29297328983444,771.9983110097683,1.0,0.0,0.0,0.0,2.0
16954,0.002588696986630928,0.5591585491122805,0.0,0.1,342.71342277793843,762.5837515639132,1.0,0.0,0.0,0.0,2.0
16955,0.002983869743703167,0.6445158646398841,0.0,0.1,352.76663994529065,750.9219196942275,1.0,0.0,0.0,0.0,2.0
16956,0.0008334158815535424,0.18001783041556516,0.0,0.1,364.4240167615725,736.5955000914255,1.0,0.0,0.0,0.0,2.0
16957,0.0020681180252182184,0.44671349344713523,0.0,0.1,371.00500062996394,730.0830921381971,1.0,0.0,0.0,0.0,2.0
16958,0.0013861610125767275,0.2994107787165731,0.0,0.1,389.71917372248856,714.4561851280678,1.0,0.0,0.0,0.0,2.0
16959,0.00014583823580982297,0.03150105893492176,1.0,0.1,409.0885514743025,701.1461311330644,1.0,0.0,0.0,0.0,2.0
16960,0.0004775584792013596,0.10315263150749367,0.0,0.1,420.72129446872987,693.8117442364069,1.0,0.0,0.0,0.0,2.0
16961,0.0006251170447527727,0.1350252816665989,0.0,0.1,428.8494961520181,687.5628152596794,1.0,0.0,0.0,0.0,2.0
16962,0.00022170834500474646,0.04788900252102524,1.0,0.1,434.0981234845963,684.8371165144513,1.0,0.0,0.0,0.0,2.0
16963,0.00021371088129774275,0.046161550360312435,1.0,0.1,438.8094277393763,681.327111452049,1.0,0.0,0.0,0.0,2.0
16964,1.0519459601286357e-05,0.0022722032738778535,1.0,0.1,444.69763839300686,676.9062456259062,1.0,0.0,0.0,0.0,2.0
16965,0.00035640477007572324,0.07698343033635623,1.0,0.1,453.87577935524683,670.4042546153879,1.0,0.0,0.0,0.0,2.0
16966,0.0006238133130018626,0.1347436756084023,0.0,0.1,462.97135666762927,665.5855708666896,1.0,0.0,0.0,0.0,2.0
16967,0.00017064972503347698,0.03686034060723103,1.0,0.1,473.0998000473705,661.5671559953041,1.0,0.0,0.0,0.0,2.0
16968,0.0013004549266939177,0.2808982641658862,0.0,0.1,481.7080689703995,660.3392109802755,1.0,0.0,0.0,0.0,2.0
16969,0.00037686113824789147,0.08140200586154456,1.0,0.1,489.84662477212595,659.281233051267,1.0,0.0,0.0,0.0,2.0
16970,0.00021779689614763765,0.04704412956788973,1.0,0.1,494.291654664762,657.3817651963067,1.0,0.0,0.0,0.0,2.0
16971,0.00046393904994006566,0.10021083478705418,0.0,0.1,496.55760518387285,658.0159163430035,1.0,0.0,0.0,0.0,2.0
16972,0.00011548096510452386,0.024943888462577155,1.0,0.1,499.8376719222651,658.4334466623233,1.0,0.0,0.0,0.0,2.0
16973,0.00035557459921464984,0.07680411343036436,1.0,0.1,504.17058344324045,660.407233907475,1.0,0.0,0.0,0.0,2.0
16974,0.0003571616648975944,0.0771469196178804,1.0,0.1,506.2733306914564,653.1346003767065,1.0,0.0,0.0,0.0,2.0
16975,0.0005002761058127436,0.10805963885555261,0.0,0.1,503.75375959010483,653.6205227018585,1.0,0.0,0.0,0.0,2.0
16976,0.0006557036074256557,0.14163197920394163,0.0,0.1,506.2822952354969,651.8454768323144,1.0,0.0,0.0,0.0,2.0
16977,0.0008389437266123262,0.18121184494826245,0.0,0.1,,,1.0,0.0,,,2.0
16978,0.0008464931599878441,0.18284252255737432,0.0,0.1,510.3595288930658,646.9340061114438,1.0,0.0,0.0,0.0,2.0
16979,0.0004962717500723434,0.10719469801562617,0.0,0.1,512.2305930504377,645.247402063427,1.0,0.0,0.0,0.0,2.0
16980,0.0001764598706396457,0.03811533205816347,1.0,0.1,513.9118347010414,641.8735474616344,1.0,0.0,0.0,0.0,2.0
16981,0.00040568079493404205,0.08762705170575308,1.0,0.1,515.593955435465,633.6360679998388,1.0,0.0,0.0,0.0,2.0
16982,0.0010108263878644264,0.2183384997787161,0.0,0.1,519.2206714894445,628.7227819426307,1.0,0.0,0.0,0.0,2.0
16983,0.0017724696086090798,0.3828534354595613,0.0,0.1,,,1.0,0.0,,,2.0
16984,0.0006553025555335288,0.1415453519952422,0.0,0.1,,,1.0,0.0,,,2.0
16985,0.00033954274531780977,0.0733412329886469,1.0,0.1,,,1.0,0.0,,,2.0
16986,0.000507771572732873,0.10967865971030058,0.0,0.1,544.0907950341641,615.2237450408206,1.0,0.0,0.0,0.0,2.0
16987,0.0004219456039541165,0.09114025045408916,1.0,0.1,549.1707318683356,618.4031057504366,1.0,0.0,0.0,0.0,2.0
16988,0.0007841383166180147,0.16937387638949117,0.0,0.1,552.2046347162966,618.1645085615702,1.0,0.0,0.0,0.0,2.0
16989,0.0015648927004199196,0.33801682329070265,0.0,0.1,553.2430201221638,618.1885691589627,1.0,0.0,0.0,0.0,2.0
16990,0.001132377576386689,0.24459355649952483,0.0,0.1,,,1.0,0.0,,,2.0
16991,0.0021493579227154064,0.46426131130652776,0.0,0.1,,,1.0,0.0,,,2.0
16992,0.0016170451230553876,0.34928174657996375,0.0,0.1,,,1.0,0.0,,,2.0
16993,0.0007796759979318535,0.16841001555328036,0.0,0.1,,,1.0,0.0,,,2.0
16994,0.0008952840456875886,0.19338135386851912,0.0,0.1,,,1.0,0.0,,,2.0
16995,0.001532136113118802,0.3309414004336612,0.0,0.1,,,1.0,0.0,,,2.0
16996,0.0010529631946238536,0.2274400500387524,0.0,0.1,,,1.0,0.0,,,2.0
16997,0.0008803672792528879,0.19015933231862378,0.0,0.1,,,1.0,0.0,,,2.0
16998,0.001818664635275392,0.39283156121948465,0.0,0.1,,,1.0,0.0,,,2.0
16999,0.001864351506941249,0.4026999254993098,0.0,0.1,,,1.0,0.0,,,2.0
17000,0.0008024455337244422,0.17332823528447952,0.0,0.1,,,1.0,0.0,,,2.0
17001,0.0008608787343833578,0.18594980662680527,0.0,0.1,,,1.0,0.0,,,2.0
17002,0.0014485070947628344,0.31287753246877226,0.0,0.1,,,1.0,0.0,,,2.0
17003,0.001961199708223258,0.4236191369762238,0.0,0.1,,,1.0,0.0,,,2.0
17004,0.0017399585293106658,0.37583104233110387,0.0,0.1,,,1.0,0.0,,,2.0
17005,0.0012358523505202731,0.26694410771237903,0.0,0.1,,,1.0,0.0,,,2.0
17006,0.0013189888841360258,0.2849015989733816,0.0,0.1,,,1.0,0.0,,,2.0
17007,0.001867085429172796,0.4032904527013239,0.0,0.1,,,1.0,0.0,,,2.0
17008,0.0022755626310633262,0.49152152830967843,0.0,0.1,,,1.0,0.0,,,2.0
17009,0.0021165990577389697,0.45718539647161743,0.0,0.1,,,1.0,0.0,,,2.0
17010,0.0006973466050491412,0.1506268666906145,0.0,0.1,,,1.0,0.0,,,2.0
17011,0.001478560950592112,0.3193691653278962,0.0,0.1,,,1.0,0.0,,,2.0
17012,0.0012111033548864102,0.2615983246554646,0.0,0.1,,,1.0,0.0,,,2.0
17013,0.00147496219661536,0.3185918344689178,0.0,0.1,,,1.0,0.0,,,2.0
17014,0.0007266438976939578,0.1569550819018949,0.0,0.1,,,1.0,0.0,,,2.0
17015,0.0006519038013549334,0.1408112210926656,0.0,0.1,,,1.0,0.0,,,2.0
17016,0.0010720834089630116,0.23157001633601051,0.0,0.1,,,1.0,0.0,,,2.0
17017,0.001075790321228799,0.2323707093854206,0.0,0.1,,,1.0,0.0,,,2.0
17018,0.001299475296647905,0.2806866640759475,0.0,0.1,,,1.0,0.0,,,2.0
17019,0.001109731678527307,0.2397020425618983,0.0,0.1,,,1.0,0.0,,,2.0
17020,0.0014524398435163724,0.3137270061995365,0.0,0.1,,,1.0,0.0,,,2.0
17021,0.0015091819043353773,0.3259832913364415,0.0,0.1,,,1.0,0.0,,,2.0
17022,0.0021440671227222234,0.4631184985080003,0.0,0.1,,,1.0,0.0,,,2.0
17023,0.0031475112148277996,0.6798624224028047,0.0,0.1,,,1.0,0.0,,,2.0
17024,0.001459616101390769,0.31527707790040616,0.0,0.1,,,1.0,0.0,,,2.0
17025,0.0015421097748547952,0.33309571136863575,0.0,0.1,,,1.0,0.0,,,2.0
17026,0.0030406857267424375,0.6567881169763665,0.0,0.1,,,1.0,0.0,,,2.0
17027,0.0023435461608297347,0.5062059707392227,0.0,0.1,514.2752778563726,643.9703823332205,1.0,0.0,0.0,0.0,2.0
17028,0.0013698697252747646,0.2958918606593492,0.0,0.1,489.41567339106933,652.503067112186,1.0,0.0,0.0,0.0,2.0
17029,0.0008636598878502907,0.1865505357756628,0.0,0.1,472.36016295081515,658.9939407949986,1.0,0.0,0.0,0.0,2.0
17030,0.0023001546249458975,0.49683339898831386,0.0,0.1,,,1.0,0.0,,,2.0
17031,0.004498012451543512,0.9715706895333986,0.0,0.1,,,1.0,0.0,,,2.0
17032,0.0006620490111841567,0.14300258641577784,0.0,0.1,396.5382032871231,673.3040397821566,1.0,0.0,0.0,0.0,2.0
17033,0.00044545669473108055,0.09621864606191341,1.0,0.1,,,1.0,0.0,,,2.0
17034,0.0004753739027336255,0.10268076299046311,0.0,0.1,,,1.0,0.0,,,2.0
17035,0.0014850235051142178,0.32076507710467106,0.0,0.1,,,1.0,0.0,,,2.0
17036,0.0007064863454539164,0.15260105061804596,0.0,0.1,,,1.0,0.0,,,2.0
17037,0.0003087195993223488,0.06668343345362734,1.0,0.1,316.7937508793047,671.5636182760004,1.0,0.0,0.0,0.0,2.0
17038,0.0009289741937758308,0.20065842585557947,0.0,0.1,,,1.0,0.0,,,2.0
17039,0.0010802561385447405,0.23333532592566397,0.0,0.1,303.57141185708525,674.2761711060491,1.0,0.0,0.0,0.0,2.0
17040,0.0008804548625769965,0.19017825031663124,0.0,0.1,292.29482233832886,680.2893586420143,1.0,0.0,0.0,0.0,2.0
17041,0.0010814437058490234,0.23359184046338907,0.0,0.1,284.5097195125608,681.1475623076633,1.0,0.0,0.0,0.0,2.0
17042,0.0004235618140367457,0.09148935183193709,1.0,0.1,276.8374446267956,682.8607321943105,1.0,0.0,0.0,0.0,2.0
17043,0.0010410819069778456,0.22487369190721465,0.0,0.1,272.7654373291425,682.9027177000848,1.0,0.0,0.0,0.0,2.0
17044,0.0008246613879494908,0.17812685979709,0.0,0.1,266.60766681053104,681.2441254476948,1.0,0.0,0.0,0.0,2.0
17045,0.0005516377286329646,0.11915374938472036,0.0,0.1,259.41637138953627,680.2702842364725,1.0,0.0,0.0,0.0,2.0
17046,0.000482026871620597,0.10411780427004896,0.0,0.1,256.18047327725884,680.6452577846904,1.0,0.0,0.0,0.0,2.0
17047,0.0002847955666494873,0.06151584239628926,1.0,0.1,254.26726358969074,680.9267489302994,1.0,0.0,0.0,0.0,2.0
17048,0.0003105882107112194,0.06708705351362339,1.0,0.1,245.91934721883754,687.6754505820725,1.0,0.0,0.0,0.0,2.0
17049,0.0005339273914337616,0.1153283165496925,0.0,0.1,241.096876153741,688.7278836285473,1.0,0.0,0.0,0.0,2.0
17050,0.000608348335748514,0.13140324052167904,0.0,0.1,241.33069944935207,681.7152503463086,1.0,0.0,0.0,0.0,2.0
17051,0.0011708116762973206,0.25289532208022125,0.0,0.1,241.33321779647167,677.6895457139494,1.0,0.0,0.0,0.0,2.0
17052,0.0019665888519471205,0.424783192020578,0.0,0.1,240.78696308871997,677.2012076383539,1.0,0.0,0.0,0.0,2.0
17053,0.0008185379431369138,0.1768041957175734,0.0,0.1,237.38125996023112,679.8911190322495,1.0,0.0,0.0,0.0,2.0
17054,0.0014394908355464932,0.3109300204780425,0.0,0.1,231.3983000007814,682.6748413152187,1.0,0.0,0.0,0.0,2.0
17055,0.000876987326034285,0.18942926242340558,0.0,0.1,225.3051121095889,688.0050604550901,1.0,0.0,0.0,0.0,2.0
17056,0.0013256919400754363,0.2863494590562942,0.0,0.1,221.66706318545698,691.0865004034836,1.0,0.0,0.0,0.0,2.0
17057,0.0032341501663088715,0.6985764359227162,0.0,0.1,210.4031017712638,700.8151560723576,1.0,0.0,0.0,0.0,2.0
17058,,,,0.1,196.30073174896788,711.9035477213255,1.0,0.0,0.0,0.0,2.0
17059,,,,0.1,179.653164906282,725.5887606422802,,,0.0,0.0,2.0
17060,0.0014999266863407095,0.32398416424959325,0.0,0.1,164.57922684171996,740.0099008240365,1.0,0.0,0.0,0.0,2.0
17061,0.004399185180247517,0.9502239989334639,0.0,0.1,156.56202848276834,747.8706002120836,1.0,0.0,0.0,0.0,2.0
17062,0.004220902412296641,0.9117149210560744,0.0,0.1,140.69708418511738,763.0847887078306,1.0,0.0,0.0,0.0,2.0
17063,0.003911865036878861,0.8449628479658339,0.0,0.1,123.23046206700923,778.651503817627,1.0,0.0,0.0,0.0,2.0
17064,0.00249587420694284,0.5391088286996535,0.0,0.1,108.52622187989569,793.4086087739414,1.0,0.0,0.0,0.0,2.0
17065,0.005587672590766452,1.2069372796055537,0.0,0.1,102.29789658009112,799.4530903338027,1.0,0.0,0.0,0.0,2.0
17066,0.005055693253351717,1.092029742723971,0.0,0.1,92.39360310466074,810.2306901465182,1.0,0.0,0.0,0.0,2.0
17067,0.0036081567790897605,0.7793618642833883,0.0,0.1,78.17886316924212,823.0736731786125,1.0,0.0,0.0,0.0,2.0
17068,0.0028519707161101613,0.6160256746797949,0.0,0.1,67.57934240548344,836.2997304759749,1.0,0.0,1.0,0.0,2.0
17069,0.0017677859092081639,0.3818417563889634,0.0,0.1,58.77770929082812,845.470484724069,1.0,0.0,1.0,0.0,2.0
17070,0.0035068164184784713,0.7574723463913499,0.0,0.1,54.632854028866284,848.9961939820059,1.0,0.0,1.0,0.0,2.0
17071,0.0017030610632296646,0.3678611896576076,0.0,0.1,55.45366070024548,849.0688315233477,1.0,0.0,1.0,0.0,2.0
17072,0.0025396849821771976,0.5485719561502747,0.0,0.1,55.00845032305784,849.2422164250644,1.0,0.0,1.0,0.0,2.0
17073,0.00030395429495622855,0.06565412771054538,1.0,0.1,56.43816335358619,846.0440881813126,1.0,0.0,1.0,0.0,2.0
17074,0.0007038870525860588,0.1520396033585887,0.0,0.1,57.37273843547618,841.9752427685678,1.0,0.0,1.0,0.0,2.0
17075,0.0009169374958120071,0.19805849909539353,0.0,0.1,57.408525032607734,841.1196541961863,1.0,0.0,1.0,0.0,2.0
17076,0.0010567002314834362,0.2282472500004222,0.0,0.1,58.32218462682047,843.1347613104624,1.0,0.0,1.0,0.0,2.0
17077,0.0015558446557121571,0.3360624456338259,0.0,0.1,58.16641382216436,845.2913394409536,1.0,0.0,1.0,0.0,2.0
17078,0.0002906752205108455,0.06278584763034263,1.0,0.1,61.584943462133616,842.5057266193476,1.0,0.0,1.0,0.0,2.0
17079,0.00037462820870476046,0.08091969308022827,1.0,0.1,63.11993940013636,841.7312546561124,1.0,0.0,1.0,0.0,2.0
17080,0.0010613685423419496,0.22925560514586113,0.0,0.1,63.402687233814746,843.1254321296801,1.0,0.0,1.0,0.0,2.0
17081,0.00023958811100998714,0.051751031978157225,1.0,0.1,59.815815222976646,845.997565813445,1.0,0.0,1.0,0.0,2.0
17082,0.0005277937359571476,0.11400344696674387,0.0,0.1,56.00764685873823,850.7887396488596,1.0,0.0,1.0,0.0,2.0
17083,0.0008258486699417685,0.178383312707422,0.0,0.1,54.73134425543015,853.42469563746,1.0,0.0,1.0,0.0,2.0
17084,0.0008291621248579665,0.17909901896932076,0.0,0.1,54.457094016694654,858.105829195162,1.0,0.0,1.0,0.0,2.0
17085,0.0013491011127016248,0.291405840343551,0.0,0.1,,,1.0,0.0,,,2.0
17086,0.0015799560446347505,0.3412705056411061,0.0,0.1,,,1.0,0.0,,,2.0
17087,0.0003646962592241805,0.07877439199242299,1.0,0.1,53.69653580020842,861.3270271120773,1.0,0.0,1.0,0.0,2.0
17088,0.0004145848131221504,0.08955031963438449,1.0,0.1,53.89402983443898,858.6861735603474,1.0,0.0,1.0,0.0,2.0
17089,0.0002459237022848271,0.05311951969352265,1.0,0.1,57.04021939866632,856.4166912711925,1.0,0.0,1.0,0.0,2.0
17090,0.00048281178189603336,0.10428734488954321,0.0,0.1,57.39639074316821,859.5142974933589,1.0,0.0,1.0,0.0,2.0
17091,0.00028618499359820375,0.06181595861721201,1.0,0.1,55.8247744988228,864.5286258211376,1.0,0.0,1.0,0.0,2.0
17092,0.0005185082012204853,0.11199777146362482,0.0,0.1,57.051735973531905,866.1288424853777,1.0,0.0,1.0,0.0,2.0
17093,0.0005399024614857295,0.11661893168091757,0.0,0.1,56.82789456948385,868.5091991445254,1.0,0.0,1.0,0.0,2.0
17094,0.0001971414807966734,0.04258255985208146,1.0,0.1,55.539724847546886,874.4738468814486,1.0,0.0,1.0,0.0,2.0
17095,0.0005056418935384485,0.10921864900430486,0.0,0.1,58.51089114100392,878.1951462290998,1.0,0.0,1.0,0.0,2.0
17096,0.0006383629618682967,0.13788639976355208,0.0,0.1,61.0290046539865,881.2355462446384,1.0,0.0,1.0,0.0,2.0
17097,0.0004185424292099458,0.0904051647093483,1.0,0.1,61.27538800375588,881.1500819862528,1.0,0.0,1.0,0.0,2.0
17098,7.74322680031389e-05,0.016725369888678003,1.0,0.1,63.05558513560264,877.6344837144238,1.0,0.0,1.0,0.0,2.0
17099,0.0005595826969722225,0.12086986254600007,0.0,0.1,66.15531826601998,871.6301024456305,1.0,0.0,1.0,0.0,2.0
17100,0.00022325695973857525,0.048223503303532256,1.0,0.1,69.17546125934986,870.318864665057,1.0,0.0,1.0,0.0,2.0
17101,0.0006105038995750951,0.13186884230822055,0.0,0.1,72.79410166538177,868.5141301249414,1.0,0.0,0.0,0.0,2.0
17102,0.0003655198370680938,0.07895228480670827,1.0,0.1,77.28016069198775,865.3948556207918,1.0,0.0,0.0,0.0,2.0
17103,0.00027019342920845497,0.05836178070902627,1.0,0.1,77.77173843149254,863.0437785609773,1.0,0.0,0.0,0.0,2.0
17104,0.00012865749385003035,0.027790018671606555,1.0,0.1,79.00895507976115,859.6055173675013,1.0,0.0,0.0,0.0,2.0
17105,0.0007104566413703847,0.15345863453600309,0.0,0.1,78.1759730574818,853.4493186449507,1.0,0.0,0.0,0.0,2.0
17106,0.0005891106507689049,0.12724790056608348,0.0,0.1,78.62798046656934,850.3756638115356,1.0,0.0,0.0,0.0,2.0
17107,0.0004550119717870982,0.09828258590601321,1.0,0.1,80.51360610172839,847.1237405385176,1.0,0.0,0.0,0.0,2.0
17108,0.00024839219486150714,0.05365271409008554,1.0,0.1,80.79336340506339,846.4724550335391,1.0,0.0,0.0,0.0,2.0
17109,8.04830922935012e-05,0.01738434793539626,1.0,0.1,82.04006786005596,845.1202435420141,1.0,0.0,0.0,0.0,2.0
17110,0.0004134908675532903,0.0893140273915107,1.0,0.1,81.78004052257563,845.0768773042906,1.0,0.0,0.0,0.0,2.0
17111,0.00028088702782065285,0.06067159800926102,1.0,0.1,80.79511318322001,845.7687606306944,1.0,0.0,0.0,0.0,2.0
17112,0.0004076708269463177,0.08805689862040463,1.0,0.1,79.93066954212189,846.387060312581,1.0,0.0,0.0,0.0,2.0
17113,0.0003778259839818374,0.08161041254007688,1.0,0.1,80.01511838822329,847.0155860889228,1.0,0.0,0.0,0.0,2.0
17114,0.00021432642408340986,0.04629450760201653,1.0,0.1,76.4017233185371,847.6612818569924,1.0,0.0,0.0,0.0,2.0
17115,0.0010156644445177489,0.21938352001583378,0.0,0.1,74.23989149869848,847.8390214737332,1.0,0.0,0.0,0.0,2.0
17116,0.00012822081160438828,0.02769569530654787,1.0,0.1,67.03181203532068,850.727734589813,1.0,0.0,1.0,0.0,2.0
17117,0.00046725549923638137,0.10092718783505839,0.0,0.1,64.67676506465213,849.5827614644663,1.0,0.0,1.0,0.0,2.0
17118,0.0007610058797444372,0.16437727002479843,0.0,0.1,56.34014335359719,851.2930802924267,1.0,0.0,1.0,0.0,2.0
17119,0.0019265829867273511,0.4161419251331078,0.0,0.1,,,1.0,0.0,,,2.0
17120,0.0014520967543678416,0.3136528989434538,0.0,0.1,38.32718079247974,864.6196268067092,1.0,0.0,1.0,0.0,2.0
17121,0.001459356419839208,0.315220986685269,0.0,0.1,,,1.0,0.0,,,2.0
17122,0.001260291446720106,0.2722229524915429,0.0,0.1,10.705744741731303,871.4889355162301,1.0,0.0,1.0,0.0,2.0
17123,0.0006056838237179684,0.13082770592308118,0.0,0.1,6.489636785436066,874.3998080450572,1.0,0.0,1.0,0.0,2.0
17124,0.0024863160896711712,0.537044275368973,0.0,0.1,5.198389144072892,877.1957540123962,1.0,0.0,1.0,0.0,2.0
17125,0.0019893925518145636,0.42970879119194577,0.0,0.1,12.411937209555271,886.0563413487953,1.0,0.0,1.0,0.0,2.0
17126,0.0017464013146781929,0.3772226839704897,0.0,0.1,15.975156218164342,888.1801471188944,1.0,0.0,1.0,0.0,2.0
17127,0.0012708342889793305,0.2745002064195354,0.0,0.1,18.680743998972158,888.7821847018242,1.0,0.0,1.0,0.0,2.0
17128,0.002285359331822799,0.4936376156737246,0.0,0.1,18.63668226647469,888.6168226099182,1.0,0.0,1.0,0.0,2.0
17129,0.0016115189858790216,0.3480881009498687,0.0,0.1,18.956861006874117,888.6666527309569,1.0,0.0,1.0,0.0,2.0
17130,0.0007284957477203485,0.15735508150759528,0.0,0.1,23.11121735602283,893.9727310640233,1.0,0.0,1.0,0.0,2.0
17131,0.0007908294003302076,0.17081915047132484,0.0,0.1,23.656368735303932,895.1932844361318,1.0,0.0,1.0,0.0,2.0
17132,0.0003473397164658898,0.0750253787566322,1.0,0.1,22.853384550113358,895.0004617984625,1.0,0.0,1.0,0.0,2.0
17133,0.001154175857676465,0.24930198525811642,0.0,0.1,22.814407507301603,895.1267616900941,1.0,0.0,1.0,0.0,2.0
17134,0.0012099237041396382,0.2613435200941619,0.0,0.1,23.471465228001502,895.7985941914203,1.0,0.0,1.0,0.0,2.0
17135,0.0009181185065300989,0.19831359741050136,0.0,0.1,23.629188447702777,895.8664816384742,1.0,0.0,1.0,0.0,2.0
17136,0.00022420560245121096,0.04842841012946157,1.0,0.1,23.500638293192306,895.4351899290413,1.0,0.0,1.0,0.0,2.0
17137,0.00032162485511103727,0.06947096870398406,1.0,0.1,23.462644980851618,894.9582655823315,1.0,0.0,1.0,0.0,2.0
17138,0.0003907832293693459,0.08440917754377872,1.0,0.1,23.656060218128513,894.6431751215313,1.0,0.0,1.0,0.0,2.0
17139,0.0006338732091608495,0.13691661317874348,0.0,0.1,22.456466565851624,893.4161044917746,1.0,0.0,1.0,0.0,2.0
17140,0.0019463648172157147,0.42041480051859437,0.0,0.1,19.285567691367014,890.1264411744356,1.0,0.0,1.0,0.0,2.0
17141,0.0008944444850442598,0.19320000876956014,0.0,0.1,17.11937732086801,888.5878919784986,1.0,0.0,1.0,0.0,2.0
17142,,,,0.1,16.219729466644456,888.028394585866,1.0,0.0,1.0,0.0,2.0
17143,,,,0.1,15.951991663998179,887.853676819129,,,1.0,0.0,2.0
17144,0.0003704508389927984,0.08001738122244445,1.0,0.1,17.79081545727742,890.0015203632677,1.0,0.0,1.0,0.0,2.0
17145,0.0006560441183013084,0.14170552955308263,0.0,0.1,18.78084760076527,891.3850432123501,1.0,0.0,1.0,0.0,2.0
17146,0.0010294011882774202,0.22235065666792278,0.0,0.1,18.00338976256394,891.225487322246,1.0,0.0,1.0,0.0,2.0
17147,0.0012870131324331823,0.2779948366055674,0.0,0.1,19.243624277136263,892.8723035266628,1.0,0.0,1.0,0.0,2.0
17148,0.0004074819292947515,0.08801609672766633,1.0,0.1,22.390825109825446,896.0324042146424,1.0,0.0,1.0,0.0,2.0
17149,0.00022536423146553481,0.048678673996555524,1.0,0.1,23.506318537162223,897.1541522473113,1.0,0.0,1.0,0.0,2.0
17150,0.000651176660700641,0.14065415871133843,0.0,0.1,24.778451384658243,898.4145109092015,1.0,0.0,1.0,0.0,2.0
17151,0.0009759195411343307,0.21079862088501544,0.0,0.1,25.5101982640344,899.1074469323462,1.0,0.0,1.0,0.0,2.0
17152,0.0008066047396445925,0.17422662376323197,0.0,0.1,23.448490349553133,896.3594568005994,1.0,0.0,1.0,0.0,2.0
17153,0.00025602523118994723,0.0553014499370286,1.0,0.1,24.817490690907487,895.6063486537411,1.0,0.0,1.0,0.0,2.0
17154,8.308107690833117e-05,0.017945512612199534,1.0,0.1,28.149501868886055,897.2003714884418,1.0,0.0,1.0,0.0,2.0
17155,0.0007305014787753262,0.15778831941547045,0.0,0.1,28.86536052249627,897.257675034217,1.0,0.0,1.0,0.0,2.0
17156,0.0005595197570121825,0.12085626751463144,0.0,0.1,,,1.0,0.0,,,2.0
17157,0.00021332044536247286,0.046077216198294135,1.0,0.1,31.513882518994645,898.7221884525783,1.0,0.0,1.0,0.0,2.0
17158,0.00024031498383148833,0.05190803650760148,1.0,0.1,33.55657060627077,896.9366873039627,1.0,0.0,1.0,0.0,2.0
17159,0.0003602747647219156,0.07781934917993377,1.0,0.1,33.503231465866385,896.2954765283594,1.0,0.0,1.0,0.0,2.0
17160,0.0008132751562184884,0.1756674337431935,0.0,0.1,32.68960217437752,894.6021335385782,1.0,0.0,1.0,0.0,2.0
17161,0.00040868578869455763,0.08827613035802445,1.0,0.1,31.438660201724648,893.3313518132023,1.0,0.0,1.0,0.0,2.0
17162,0.0008897918560808729,0.19219504091346853,0.0,0.1,31.382446890546706,893.0223188760817,1.0,0.0,1.0,0.0,2.0
17163,0.00039407237268359333,0.08511963249965615,1.0,0.1,31.856446134880006,892.9586549426183,1.0,0.0,1.0,0.0,2.0
17164,0.0007259255883055919,0.15679992707400786,0.0,0.1,32.00278071997156,893.3164492444495,1.0,0.0,1.0,0.0,2.0
17165,0.001048195728641645,0.22641027738659533,0.0,0.1,35.452673042181345,893.4763392215742,1.0,0.0,1.0,0.0,2.0
17166,0.0006814574223961068,0.14719480323755907,0.0,0.1,40.36369018939134,892.3549397563041,1.0,0.0,1.0,0.0,2.0
17167,0.000333795425084541,0.07209981181826086,1.0,0.1,43.966969104405955,890.7945032394882,1.0,0.0,1.0,0.0,2.0
17168,0.00031405749171602084,0.0678364182106605,1.0,0.1,49.823092672325224,891.2073014428338,1.0,0.0,1.0,0.0,2.0
17169,0.0004584149828635468,0.09901763629852613,1.0,0.1,55.799223196297525,892.5316620845291,1.0,0.0,1.0,0.0,2.0
17170,0.000246123575542183,0.05316269231711152,1.0,0.1,61.47783731595432,894.3878401149836,1.0,0.0,1.0,0.0,2.0
17171,0.00016000358386838952,0.03456077411557214,1.0,0.1,64.61833023919642,894.8834540307358,1.0,0.0,1.0,0.0,2.0
17172,0.0003585676337883366,0.0774506088982807,1.0,0.1,61.77277700967355,894.1880991864602,1.0,0.0,1.0,0.0,2.0
17173,0.0008633043443635997,0.18647373838253753,0.0,0.1,61.05197781210859,893.3122230149271,1.0,0.0,1.0,0.0,2.0
17174,0.00063987280414823,0.13821252569601766,0.0,0.1,61.463807155279376,891.1150149253054,1.0,0.0,1.0,0.0,2.0
17175,,,,0.1,62.69161407423896,888.2380046743815,1.0,0.0,1.0,0.0,2.0
17176,,,,0.1,64.6764097625282,887.0447338960222,,,1.0,0.0,2.0
17177,,,,0.1,66.81933071615974,882.3852194918802,,,1.0,0.0,2.0
17178,,,,0.1,69.88530340649046,879.9365784212501,,,0.0,0.0,2.0
17179,,,,0.1,73.659592556707,879.6632029109368,,,0.0,0.0,2.0
17180,,,,0.1,74.31222189816833,881.1770738021773,,,0.0,0.0,2.0
17181,,,,0.1,,,,,,,2.0
17182,,,,0.1,79.68229790202886,888.4480704537075,,,0.0,0.0,2.0
17183,,,,0.1,79.54427125065105,894.59384357773,,,0.0,0.0,2.0
17184,,,,0.1,76.61160582337095,902.6679322774569,,,0.0,0.0,2.0
17185,,,,0.1,75.93727729594478,907.7552631876603,,,0.0,0.0,2.0
17186,,,,0.1,76.92730476631733,913.4651166622737,,,0.0,0.0,2.0
17187,,,,0.1,79.86628691387922,916.5175998200992,,,0.0,0.0,2.0
17188,0.0001477349509524857,0.03191074940573691,1.0,0.1,79.31760736559704,916.998041663909,1.0,0.0,0.0,0.0,2.0
17189,7.643847797816737e-05,0.016510711243284154,1.0,0.1,76.89816574763506,915.5548966325524,1.0,0.0,0.0,0.0,2.0
17190,4.9164848860179216e-05,0.010619607353798712,1.0,0.1,78.6711811686882,916.9870761526184,1.0,0.0,0.0,0.0,2.0
17191,0.0002109800665227678,0.04557169436891785,1.0,0.1,79.49788296527075,918.2482949058394,1.0,0.0,0.0,0.0,2.0
17192,0.000161730736363328,0.034933839054478846,1.0,0.1,82.78645236575633,920.9569943670572,1.0,0.0,0.0,0.0,2.0
17193,7.504254087844496e-05,0.016209188829744113,1.0,0.1,84.50183261883465,922.2428477514601,1.0,0.0,0.0,0.0,2.0
17194,0.000608280407817801,0.13138856808864502,0.0,0.1,83.95891188249828,918.065269660453,1.0,0.0,0.0,0.0,2.0
17195,0.00084566988949926,0.18266469613184017,0.0,0.1,85.85404448744765,916.2811412234907,1.0,0.0,0.0,0.0,2.0
17196,0.0007500139388789298,0.16200301079784885,0.0,0.1,87.36174156869184,916.216382311996,1.0,0.0,0.0,0.0,2.0
17197,0.00012225531166012326,0.026407147318586625,1.0,0.1,92.6751413904296,918.5102493970179,1.0,0.0,0.0,0.0,2.0
17198,0.0004434963125383059,0.09579520350827407,1.0,0.1,94.41154238788414,918.6906792614615,1.0,0.0,0.0,0.0,2.0
17199,,,,0.1,96.18518826794308,913.7288422015134,1.0,0.0,0.0,0.0,2.0
17200,,,,0.1,95.52958550539928,911.3352340206459,,,0.0,0.0,2.0
17201,,,,0.1,99.05114573747004,909.6023486424103,,,0.0,0.0,2.0
17202,,,,0.1,,,,,,,2.0
17203,,,,0.1,102.91464749461879,911.6146258068098,,,0.0,0.0,2.0
17204,,,,0.1,107.40293843012276,919.6304294785123,,,0.0,0.0,2.0
17205,,,,0.1,110.82326724787963,926.0899388995164,,,0.0,0.0,2.0
17206,0.0007562015095946774,0.16333952607245034,0.0,0.1,118.19257191629961,936.3004139189693,1.0,0.0,0.0,0.0,2.0
17207,0.0008825009635358959,0.1906202081237535,0.0,0.1,121.05521644504113,942.5437779492149,1.0,0.0,0.0,0.0,2.0
17208,0.0008159828168898032,0.17625228844819749,0.0,0.1,129.05756170890723,950.3925664478484,1.0,0.0,0.0,0.0,2.0
17209,0.0014742111059914329,0.3184295988941495,0.0,0.1,133.05124979425807,954.2008871128519,1.0,0.0,0.0,0.0,2.0
17210,0.0009074604394607664,0.19601145492352554,0.0,0.1,134.77173956150625,956.7780504730688,1.0,0.0,0.0,0.0,2.0
17211,0.000798450050912668,0.1724652109971363,0.0,0.1,136.7734795298784,957.8178351898648,1.0,0.0,0.0,0.0,2.0
17212,0.0005811718198598824,0.12553311308973458,0.0,0.1,137.21753453746072,958.6598125171251,1.0,0.0,0.0,0.0,2.0
17213,0.0005727568398316841,0.12371547740364378,0.0,0.1,136.91903877849606,958.9889150968907,1.0,0.0,0.0,0.0,2.0
17214,0.0007136125088831279,0.15414030191875563,0.0,0.1,133.88149277053094,957.2298309161189,1.0,0.0,0.0,0.0,2.0
17215,0.0008946759472569014,0.19325000460749073,0.0,0.1,128.09527631397572,952.813495222525,1.0,0.0,0.0,0.0,2.0
17216,0.0013852700554870454,0.2992183319852018,0.0,0.1,120.64546253316726,947.8956994581716,1.0,0.0,0.0,0.0,2.0
17217,0.0005075037930611411,0.10962081930120648,0.0,0.1,110.47020250592006,939.6735666314734,1.0,0.0,0.0,0.0,2.0
17218,0.0011041203973935732,0.23849000583701183,0.0,0.1,105.2478839184319,934.6217428251567,1.0,0.0,0.0,0.0,2.0
17219,0.0009563159727768526,0.20656425011980015,0.0,0.1,89.37484832616171,923.6880655069281,1.0,0.0,0.0,0.0,2.0
17220,0.0018152567260448355,0.3920954528256845,0.0,0.1,80.12230619042109,917.1821549953189,1.0,0.0,0.0,0.0,2.0
17221,0.0013108999367805864,0.28315438634460666,0.0,0.1,70.34399442599019,908.148280587751,1.0,0.0,0.0,0.0,2.0
17222,0.00027343312789733883,0.05906155562582519,1.0,0.1,67.21576101698449,903.1870062243669,1.0,0.0,1.0,0.0,2.0
17223,0.0013977698601859538,0.30191828980016605,0.0,0.1,67.16628162966754,901.8141270910018,1.0,0.0,1.0,0.0,2.0
17224,0.0016291979683069025,0.351906761154291,0.0,0.1,58.0322902481699,895.3305625246991,1.0,0.0,1.0,0.0,2.0
17225,0.0009626240080322299,0.20792678573496165,0.0,0.1,,,1.0,0.0,,,2.0
17226,0.000739592070368506,0.1597518871995973,0.0,0.1,,,1.0,0.0,,,2.0
17227,0.001464732126062717,0.3163821392295469,0.0,0.1,43.94910393771025,878.8298699212116,1.0,0.0,1.0,0.0,2.0
17228,0.001305313714978576,0.2819477624353724,0.0,0.1,,,1.0,0.0,,,2.0
17229,0.0003143572278236267,0.06790116120990337,1.0,0.1,41.826191597283035,857.191644139623,1.0,0.0,1.0,0.0,2.0
17230,,,,0.1,51.69651935308546,836.7946498596881,1.0,0.0,1.0,0.0,2.0
17231,,,,0.1,63.65766836924386,818.5739007562175,,,1.0,0.0,2.0
17232,,,,0.1,68.87852492927573,811.2177070292626,,,1.0,0.0,2.0
17233,,,,0.1,73.9929175789718,803.9670529822414,,,0.0,0.0,2.0
17234,,,,0.1,74.86204295150637,802.6795699475999,,,0.0,0.0,2.0
17235,,,,0.1,77.20043230719479,799.930014880687,,,0.0,0.0,2.0
17236,,,,0.1,79.67407160095627,796.623416609626,,,0.0,0.0,2.0
17237,0.0004698009278573567,0.10147700041718904,0.0,0.1,87.47547436122821,788.3616058932815,1.0,0.0,0.0,0.0,2.0
17238,0.000962094791677859,0.20781247500241756,0.0,0.1,96.42646411640821,778.8184009463453,1.0,0.0,0.0,0.0,2.0
17239,0.0009830313634216015,0.21233477449906593,0.0,0.1,101.58979418226384,773.4847419546834,1.0,0.0,0.0,0.0,2.0
17240,0.00014052363153450499,0.03035310441145308,1.0,0.1,108.03768257832817,766.4174754559112,1.0,0.0,0.0,0.0,2.0
17241,0.0008158824242368647,0.17623060363516277,0.0,0.1,110.66251662805927,763.772619372752,1.0,0.0,0.0,0.0,2.0
17242,0.0010478990918746016,0.22634620384491394,0.0,0.1,113.69068826313703,760.6379269702855,1.0,0.0,0.0,0.0,2.0
17243,0.0019587341957956563,0.42308658629186174,0.0,0.1,114.96036076467477,759.527718453593,1.0,0.0,0.0,0.0,2.0
17244,0.0008425127253347886,0.18198274867231432,0.0,0.1,120.63482414337754,754.2511737208829,1.0,0.0,0.0,0.0,2.0
17245,0.0001630768869361267,0.03522460757820337,1.0,0.1,122.55374823950066,752.4289926390644,1.0,0.0,0.0,0.0,2.0
17246,0.0012802732481901771,0.27653902160907823,0.0,0.1,128.4490257550507,747.4229070465856,1.0,0.0,0.0,0.0,2.0
17247,0.0003674319349654703,0.07936529795254159,1.0,0.1,141.06033903257986,735.9533795852848,1.0,0.0,0.0,0.0,2.0
17248,0.0006517066251139911,0.1407686310246221,0.0,0.1,152.54549734778436,724.40530786683,1.0,0.0,0.0,0.0,2.0
17249,7.174694061964287e-05,0.01549733917384286,1.0,0.1,165.84692822831684,711.086341142883,1.0,0.0,0.0,0.0,2.0
17250,0.0011228311179479929,0.24253152147676646,0.0,0.1,174.19230451955985,702.5204352042854,1.0,0.0,0.0,0.0,2.0
17251,0.0008341613452443586,0.18017885057278146,0.0,0.1,195.78366869862734,681.2104632425164,1.0,0.0,0.0,0.0,2.0
17252,0.0002204402920598809,0.047615103084934274,1.0,0.1,216.94055959729272,660.7938542504136,1.0,0.0,0.0,0.0,2.0
17253,0.0006205196411233751,0.13403224248264903,0.0,0.1,241.37270332540334,637.8447650051377,1.0,0.0,0.0,0.0,2.0
17254,0.0021065776350211647,0.45502076916457157,0.0,0.1,250.22287182759408,630.4295759265153,1.0,0.0,0.0,0.0,2.0
17255,0.0008158983095756554,0.17623403486834155,0.0,0.1,267.637977320877,615.66701095486,1.0,0.0,0.0,0.0,2.0
17256,0.0015374764481368994,0.3320949127975703,0.0,0.1,281.52231568518823,603.4680806016266,1.0,0.0,0.0,0.0,2.0
17257,0.0019145641574801503,0.4135458580157125,0.0,0.1,297.50733898171165,589.7549445546816,1.0,0.0,0.0,0.0,2.0
17258,0.000822925616861356,0.1777519332420529,0.0,0.1,312.22178115890193,575.4394028187222,1.0,0.0,0.0,0.0,2.0
17259,0.003229799481601249,0.6976366880258698,0.0,0.1,319.05349918797015,568.3627232152365,1.0,0.0,0.0,0.0,2.0
17260,0.0027530307376941636,0.5946546393419393,0.0,0.1,328.70942547529165,557.7172327161323,1.0,0.0,0.0,0.0,2.0
17261,0.0021296462058867003,0.46000358047152723,0.0,0.1,337.59153587083466,548.5308657241804,1.0,0.0,0.0,0.0,2.0
17262,0.0022856277125367706,0.49369558590794244,0.0,0.1,348.7711378349085,537.2498453676568,1.0,0.0,0.0,0.0,2.0
17263,0.0033305292641839,0.7193943210637224,0.0,0.1,353.9671205980097,531.6008761360835,1.0,0.0,0.0,0.0,2.0
17264,0.002546859991771234,0.5501217582225866,0.0,0.1,366.4417209455847,518.7747689054286,1.0,0.0,0.0,0.0,2.0
17265,0.0017615168281751908,0.38048763488584125,0.0,0.1,376.6258857105773,507.74240986433284,1.0,0.0,0.0,0.0,2.0
17266,0.002173568291534689,0.4694907509714929,0.0,0.1,385.49835727784017,498.12262887623694,1.0,0.0,0.0,0.0,2.0
17267,0.001522321747848397,0.32882149753525375,0.0,0.1,391.4220132457719,491.03042412760846,1.0,0.0,0.0,0.0,2.0
17268,0.0005971996533203987,0.12899512511720612,0.0,0.1,395.41476603883063,486.25359060260666,1.0,0.0,0.0,0.0,2.0
17269,0.0036736203621139957,0.7935019982166232,0.0,0.1,405.0801338708123,474.79388585565374,1.0,0.0,0.0,0.0,2.0
17270,0.001816188064346631,0.39229662189887227,0.0,0.1,412.91736178054583,464.7064604226225,1.0,0.0,0.0,0.0,2.0
17271,0.001167724835640343,0.25222856449831405,0.0,0.1,420.6693077084867,455.92145010355995,1.0,0.0,0.0,0.0,2.0
17272,0.002443270960492654,0.5277465274664133,0.0,0.1,424.4332934779102,452.0135290424575,1.0,0.0,0.0,0.0,2.0
17273,0.003243279453233293,0.7005483618983913,0.0,0.1,429.1611686392176,446.00297477534224,1.0,0.0,0.0,0.0,2.0
17274,0.003032607202798883,0.6550431558045587,0.0,0.1,439.3476704746899,435.38048392616065,1.0,0.0,0.0,0.0,2.0
17275,,,,0.1,448.4483623920828,425.6695582489574,1.0,0.0,0.0,0.0,2.0
17276,,,,0.1,458.0075484054227,415.7815897797562,,,0.0,0.0,2.0
17277,0.003090067589489607,0.6674545993297551,0.0,0.1,460.7448601352469,413.03405437883777,1.0,0.0,0.0,0.0,2.0
17278,0.0016087634784378636,0.34749291134257854,0.0,0.1,466.74437027717994,406.985318277159,1.0,0.0,0.0,0.0,2.0
17279,0.0010454571857330096,0.22581875211833008,0.0,0.1,467.23929970747406,406.411001057575,1.0,0.0,0.0,0.0,2.0
17280,0.0001251041281215822,0.027022491674261757,1.0,0.1,469.4920125948441,404.29193168367584,1.0,0.0,0.0,0.0,2.0
17281,0.0011780952289539032,0.2544685694540431,0.0,0.1,471.3042090349012,402.6719851279977,1.0,0.0,0.0,0.0,2.0
17282,0.0024491203530766386,0.529009996264554,0.0,0.1,472.71943702007616,401.77954972610866,1.0,0.0,0.0,0.0,2.0
17283,0.0019125029318621124,0.4131006332822163,0.0,0.1,475.34387059610594,399.4811227063112,1.0,0.0,0.0,0.0,2.0
17284,0.0014850290096146996,0.3207662660767751,0.0,0.1,473.53160213601126,401.6355314999038,1.0,0.0,0.0,0.0,2.0
17285,0.0006076768352114424,0.13125819640567155,0.0,0.1,471.26505512450626,404.46873493192436,1.0,0.0,0.0,0.0,2.0
17286,0.001500929801102882,0.3242008370382225,0.0,0.1,469.9974821279428,406.2742668123072,1.0,0.0,0.0,0.0,2.0
17287,0.000959475415263998,0.20724668969702356,0.0,0.1,468.11090938029656,409.39934539459944,1.0,0.0,0.0,0.0,2.0
17288,0.0011263381349419922,0.24328903714747033,0.0,0.1,466.9236830702303,411.4641685292344,1.0,0.0,0.0,0.0,2.0
17289,0.00010912228190671418,0.023570412891850263,1.0,0.1,466.52827970644023,412.38270992358355,1.0,0.0,0.0,0.0,2.0
17290,0.0005759104969477583,0.1243966673407158,0.0,0.1,466.2781032392423,413.0768624386146,1.0,0.0,0.0,0.0,2.0
17291,0.000506381989139798,0.10937850965419638,0.0,0.1,465.7317268369955,413.65536817841985,1.0,0.0,0.0,0.0,2.0
17292,0.0005351384728167448,0.11558991012841689,0.0,0.1,464.73968771835376,414.2385023822569,1.0,0.0,0.0,0.0,2.0
17293,0.0006847931047212882,0.14791531061979826,0.0,0.1,461.61473503804916,417.3653209386383,1.0,0.0,0.0,0.0,2.0
17294,0.0007163232615565635,0.1547258244962177,0.0,0.1,458.41774437545655,420.1863890929648,1.0,0.0,0.0,0.0,2.0
17295,0.00181624955156163,0.3923099031373121,0.0,0.1,453.6759978143826,425.02673296896046,1.0,0.0,0.0,0.0,2.0
17296,0.0018717587563613464,0.40429989137405087,0.0,0.1,442.4389888537789,437.2331006457894,1.0,0.0,0.0,0.0,2.0
17297,0.0014108862235859105,0.3047514242945567,0.0,0.1,430.9009190463162,449.575832872843,1.0,0.0,0.0,0.0,2.0
17298,0.0007358589480467826,0.15894553277810505,0.0,0.1,421.11463674533513,459.09656137462247,1.0,0.0,0.0,0.0,2.0
17299,0.0019299462760270847,0.4168683956218503,0.0,0.1,415.2107373086496,464.60398851803484,1.0,0.0,0.0,0.0,2.0
17300,0.001418886906581395,0.30647957182158136,0.0,0.1,401.38757154723464,478.7887773749827,1.0,0.0,0.0,0.0,2.0
17301,0.0013223686249121376,0.28563162298102174,0.0,0.1,388.27471154931095,492.91571823513715,1.0,0.0,0.0,0.0,2.0
17302,0.0010848451775022153,0.2343265583404785,0.0,0.1,378.2431471954247,503.8566857193113,1.0,0.0,0.0,0.0,2.0
17303,0.0012306400875572402,0.2658182589123639,0.0,0.1,371.43360141967287,510.579691698824,1.0,0.0,0.0,0.0,2.0
17304,0.0008774090801590492,0.18952036131435465,0.0,0.1,369.728699285637,512.2046749754784,1.0,0.0,0.0,0.0,2.0
17305,0.0010821987813213188,0.23375493676540485,0.0,0.1,368.10879829457116,513.6493214614566,1.0,0.0,0.0,0.0,2.0
17306,0.0013610774393324828,0.2939927268958163,0.0,0.1,367.9776794763895,512.8124576390934,1.0,0.0,0.0,0.0,2.0
17307,0.0008280597905265825,0.17886091475374183,0.0,0.1,364.11116145063784,516.2037728789959,1.0,0.0,0.0,0.0,2.0
17308,0.0007261835248256924,0.15685564136234956,0.0,0.1,363.27215374197567,516.8011001816496,1.0,0.0,0.0,0.0,2.0
17309,0.0011162217146743387,0.24110389036965718,0.0,0.1,360.840775596107,518.691253593024,1.0,0.0,0.0,0.0,2.0
17310,0.00028006663612055883,0.06049439340204071,1.0,0.1,363.11143433757667,515.250094559514,1.0,0.0,0.0,0.0,2.0
17311,0.0005689837594520584,0.12290049204164462,0.0,0.1,368.0631561329369,508.6762946364576,1.0,0.0,0.0,0.0,2.0
17312,0.00041764840123422224,0.090212054666592,1.0,0.1,371.89065745597867,503.92290328105025,1.0,0.0,0.0,0.0,2.0
17313,0.00045219205497514095,0.09767348387463044,1.0,0.1,375.11772444279535,499.7002830999564,1.0,0.0,0.0,0.0,2.0
17314,0.0008780211589902926,0.1896525703419032,0.0,0.1,379.15169394542363,494.760595007112,1.0,0.0,0.0,0.0,2.0
17315,0.0005200717954339426,0.1123355078137316,0.0,0.1,380.7932267973627,492.8564021348469,1.0,0.0,0.0,0.0,2.0
17316,0.0003492901790620123,0.07544667867739467,1.0,0.1,379.93910444966247,493.9269359957855,1.0,0.0,0.0,0.0,2.0
17317,0.0009200981928685388,0.1987412096596044,0.0,0.1,,,1.0,0.0,,,2.0
17318,0.0010978186572999033,0.23712882997677912,0.0,0.1,376.34326962193626,497.9073162925801,1.0,0.0,0.0,0.0,2.0
17319,,,,0.1,375.06016897721366,499.9310369867741,1.0,0.0,0.0,0.0,2.0
17320,,,,0.1,367.83925916400113,507.5444253755616,,,0.0,0.0,2.0
17321,0.0005823392740524756,0.12578528319533472,0.0,0.1,364.89506020001295,510.9397994301067,1.0,0.0,0.0,0.0,2.0
17322,0.0020673273575226086,0.4465427092248835,0.0,0.1,,,1.0,0.0,,,2.0
17323,0.0017322028294543676,0.3741558111621434,0.0,0.1,,,1.0,0.0,,,2.0
17324,0.0012656524903683364,0.2733809379195607,0.0,0.1,,,1.0,0.0,,,2.0
17325,0.00047049588920762537,0.10162711206884707,0.0,0.1,,,1.0,0.0,,,2.0
17326,0.0011972090365097816,0.2585971518861128,0.0,0.1,,,1.0,0.0,,,2.0
17327,0.00123578833884492,0.26693028119050277,0.0,0.1,363.65870552758474,511.1712906054261,1.0,0.0,0.0,0.0,2.0
17328,0.0003034569607841475,0.06554670352937587,1.0,0.1,367.184904779683,507.28639282802055,1.0,0.0,0.0,0.0,2.0
17329,0.00014442844123650889,0.03119654330708592,1.0,0.1,373.39403501659484,500.89194356647084,1.0,0.0,0.0,0.0,2.0
17330,0.00016397953039593396,0.035419578565521734,1.0,0.1,379.35982538157083,494.93674998035993,1.0,0.0,0.0,0.0,2.0
17331,0.00032191983552888224,0.06953468447423856,1.0,0.1,381.5928310828127,492.78148856220525,1.0,0.0,0.0,0.0,2.0
17332,0.0009964418472702748,0.21523143901037936,0.0,0.1,379.4453768193373,495.1137643506297,1.0,0.0,0.0,0.0,2.0
17333,0.0002576608708943074,0.0556547481131704,1.0,0.1,377.1578525450219,497.9191147881907,1.0,0.0,0.0,0.0,2.0
17334,0.0005337994406694208,0.1153006791845949,0.0,0.1,376.63167481938615,498.78971588032,1.0,0.0,0.0,0.0,2.0
17335,0.0009068927625313835,0.19588883670677884,0.0,0.1,376.6152904531843,498.9815327991338,1.0,0.0,0.0,0.0,2.0
17336,0.0005663455615225531,0.12233064128887146,0.0,0.1,379.639794554892,496.4520475928322,1.0,0.0,0.0,0.0,2.0
17337,0.0020077734844168105,0.4336790726340311,0.0,0.1,386.7136028110725,489.8689296129919,1.0,0.0,0.0,0.0,2.0
17338,0.0013534665430034246,0.2923487732887397,0.0,0.1,392.8568442620349,484.16259668708034,1.0,0.0,0.0,0.0,2.0
17339,0.0006392194032987403,0.13807139111252792,0.0,0.1,398.5251386062523,478.9296122966379,1.0,0.0,0.0,0.0,2.0
17340,0.00026427415037934493,0.057083216481938516,1.0,0.1,401.6619681594691,475.98951907994933,1.0,0.0,0.0,0.0,2.0
17341,0.0003673425039473723,0.07934598085263242,1.0,0.1,406.6792229368852,471.05573028440256,1.0,0.0,0.0,0.0,2.0
17342,0.0011003511274967188,0.23767584353929128,0.0,0.1,405.75599592214155,473.1858737943372,1.0,0.0,0.0,0.0,2.0
17343,0.0008376526107330007,0.18093296391832817,0.0,0.1,405.59846199142027,474.89062425156976,1.0,0.0,0.0,0.0,2.0
17344,0.0012991913739330186,0.280625336769532,0.0,0.1,402.4128884887115,478.1881424049213,1.0,0.0,0.0,0.0,2.0
17345,0.0009686424248765734,0.20922676377333985,0.0,0.1,393.6515423545591,486.2827297017016,1.0,0.0,0.0,0.0,2.0
17346,0.0012709177646540962,0.2745182371652848,0.0,0.1,389.8562589793582,489.65520600264233,1.0,0.0,0.0,0.0,2.0
17347,0.00194416126413092,0.41993883305227875,0.0,0.1,385.892222005922,493.689820074846,1.0,0.0,0.0,0.0,2.0
17348,0.0012242859560242627,0.26444576650124074,0.0,0.1,387.5451638745537,492.87573069079195,1.0,0.0,0.0,0.0,2.0
17349,0.0009473103294201911,0.2046190311547613,0.0,0.1,386.13299576104254,494.3019166750641,1.0,0.0,0.0,0.0,2.0
17350,0.001525467275337178,0.32950093147283044,0.0,0.1,384.61978786479426,495.62654450084665,1.0,0.0,0.0,0.0,2.0
17351,0.00023126098800443207,0.04995237340895733,1.0,0.1,384.98648865946416,494.59113071900725,1.0,0.0,0.0,0.0,2.0
17352,0.0005515322046120354,0.11913095619619964,0.0,0.1,384.255829502446,494.33554946559383,1.0,0.0,0.0,0.0,2.0
17353,0.0006394420985892575,0.13811949329527962,0.0,0.1,385.7574329466385,492.4467655645159,1.0,0.0,0.0,0.0,2.0
17354,0.0006386259369488202,0.13794320238094515,0.0,0.1,392.94997150208354,484.31567356070195,1.0,0.0,0.0,0.0,2.0
17355,0.00039455356085471176,0.08522356914461775,1.0,0.1,398.6336808152486,477.684988528895,1.0,0.0,0.0,0.0,2.0
17356,0.00019841504917322345,0.04285765062141626,1.0,0.1,403.3155586490844,472.91610499531066,1.0,0.0,0.0,0.0,2.0
17357,0.00030203567670119554,0.06523970616745824,1.0,0.1,407.53063803528414,468.97897972584053,1.0,0.0,0.0,0.0,2.0
17358,0.0008778471840183035,0.18961499174795357,0.0,0.1,408.3515796132847,468.1392096389922,1.0,0.0,0.0,0.0,2.0
17359,0.0013675667199023022,0.2953944114988973,0.0,0.1,409.9352492608079,465.8159683073955,1.0,0.0,0.0,0.0,2.0
17360,0.0008215820108499119,0.17746171434358096,0.0,0.1,412.2090665834341,462.9745300048354,1.0,0.0,0.0,0.0,2.0
17361,0.0005353843086198104,0.11564301066187907,0.0,0.1,413.32735295047496,461.3781897131135,1.0,0.0,0.0,0.0,2.0
17362,0.00048238437424706393,0.10419502483736581,0.0,0.1,412.2872435772183,462.34999705362145,1.0,0.0,0.0,0.0,2.0
17363,0.0006122516762999933,0.13224636208079857,0.0,0.1,,,1.0,0.0,,,2.0
17364,0.00033266482128247,0.07185560139701352,1.0,0.1,413.043438889989,462.48730637484505,1.0,0.0,0.0,0.0,2.0
17365,0.00127134978497063,0.2746115535536561,0.0,0.1,416.03760740826806,460.46876848641153,1.0,0.0,0.0,0.0,2.0
17366,0.00014497256361962972,0.03131407374184002,1.0,0.1,417.5858067970687,460.18212236582065,1.0,0.0,0.0,0.0,2.0
17367,0.0006626807327594877,0.14313903827604935,0.0,0.1,417.88732615365774,460.40927159372023,1.0,0.0,0.0,0.0,2.0
17368,0.0006429628753524671,0.1388799810761329,0.0,0.1,419.8160967903879,460.56447666313295,1.0,0.0,0.0,0.0,2.0
17369,0.0001362758338592204,0.02943558011359161,1.0,0.1,423.1070476001012,461.2180125876749,1.0,0.0,0.0,0.0,2.0
17370,0.0003601132332512352,0.0777844583822668,1.0,0.1,428.7008811481322,459.7001172900854,1.0,0.0,0.0,0.0,2.0
17371,0.0011093182364496621,0.239612739073127,0.0,0.1,431.43873733815286,459.12306153540305,1.0,0.0,0.0,0.0,2.0
17372,0.0018371466481774028,0.396823676006319,0.0,0.1,437.47928208200796,456.6401890759798,1.0,0.0,0.0,0.0,2.0
17373,0.0007807072570794988,0.16863276752917175,0.0,0.1,443.14691608089794,453.556565132855,1.0,0.0,0.0,0.0,2.0
17374,0.0012810421010481558,0.2767050938264017,0.0,0.1,451.03488503237736,448.51459416353504,1.0,0.0,0.0,0.0,2.0
17375,0.0011241792703284724,0.24282272239095007,0.0,0.1,461.25348224398886,440.3368719648162,1.0,0.0,0.0,0.0,2.0
17376,0.001906793372817699,0.411867368528623,0.0,0.1,466.7576052053052,435.07553522519873,1.0,0.0,0.0,0.0,2.0
17377,0.002323910433645721,0.5019646536674758,0.0,0.1,476.4973805851788,426.46462983664793,1.0,0.0,0.0,0.0,2.0
17378,0.0029638094677593625,0.6401828450360223,0.0,0.1,486.270664526772,417.34430756183656,1.0,0.0,0.0,0.0,2.0
17379,0.0008114123983502991,0.1752650780436646,0.0,0.1,498.99875238022355,404.0943070869127,1.0,0.0,0.0,0.0,2.0
17380,0.0027108656426515715,0.5855469788127394,0.0,0.1,505.5154165887545,397.5113321549915,1.0,0.0,0.0,0.0,2.0
17381,0.003228005968222242,0.6972492891360043,0.0,0.1,522.4585701762392,381.53546894953837,1.0,0.0,0.0,0.0,2.0
17382,0.0024183779984119427,0.5223696476569797,0.0,0.1,538.0072662707834,366.5523545137449,1.0,0.0,0.0,0.0,2.0
17383,0.002778625233296822,0.6001830503921136,0.0,0.1,551.2051833425742,353.660577274234,1.0,0.0,0.0,0.0,2.0
17384,0.0009763618891888347,0.2108941680647883,0.0,0.1,562.5508616346286,342.9982429459318,1.0,0.0,0.0,0.0,2.0
17385,0.0022768395841811216,0.49179735018312226,0.0,0.1,566.4447872756225,339.5027558501273,1.0,0.0,0.0,0.0,2.0
17386,0.00233340633363094,0.504015768064283,0.0,0.1,579.7228686720689,328.44547084430064,1.0,0.0,0.0,0.0,2.0
17387,0.004509468848225086,0.9740452712166184,0.0,0.1,591.8000238533252,318.81857168740504,1.0,0.0,0.0,0.0,2.0
17388,0.0018390686620393813,0.3972388310005064,0.0,0.1,601.8866181559997,310.62395575444873,1.0,0.0,0.0,0.0,2.0
17389,0.0031243187532708,0.6748528507064928,0.0,0.1,607.4815648832447,306.3864520929944,1.0,0.0,0.0,0.0,2.0
17390,0.0037528939726733067,0.8106250980974342,0.0,0.1,614.7297309884157,301.04093237454117,1.0,0.0,0.0,0.0,2.0
17391,0.003146968946338631,0.6797452924091443,0.0,0.1,624.7834997153383,292.70569506535065,1.0,0.0,0.0,0.0,2.0
17392,0.0022984034823401783,0.49645515218547853,0.0,0.1,636.7518567607601,284.59276834890693,1.0,0.0,0.0,0.0,2.0
17393,0.0015808004585320331,0.3414528990429192,0.0,0.1,647.048758107628,277.2648324452066,0.0,1.0,0.0,0.0,2.0
17394,0.002523953524879912,0.5451739613740609,0.0,0.1,652.7671322735658,274.1545450348769,0.0,1.0,0.0,0.0,2.0
17395,0.0027756238643434662,0.5995347546981887,0.0,0.1,662.9090176940728,268.65432803714594,0.0,1.0,0.0,0.0,2.0
17396,0.0033920190315545914,0.7326761108157918,0.0,0.1,671.7329325719713,263.8090926351273,0.0,1.0,0.0,0.0,2.0
17397,0.001575308492649797,0.34026663441235616,0.0,0.1,683.338918078592,253.99299564951244,0.0,1.0,0.0,0.0,2.0
17398,0.004348675461140133,0.9393138996062687,0.0,0.1,688.3621280048955,250.35753349860212,0.0,1.0,0.0,0.0,2.0
17399,0.0029012652564978834,0.6266732954035428,0.0,0.1,698.907144858775,243.18524247058792,0.0,1.0,0.0,0.0,2.0
17400,0.004796177352948348,1.0359743082368431,0.0,0.1,709.4338565765332,234.42324451948357,0.0,1.0,0.0,0.0,2.0
17401,0.002504650964872598,0.5410046084124812,0.0,0.1,721.8530958395113,226.13487535120157,0.0,1.0,0.0,0.0,2.0
17402,0.002663115872256257,0.5752330284073516,0.0,0.1,737.268880064649,216.9030424560538,0.0,1.0,0.0,0.0,2.0
17403,0.004184280907334974,0.9038046759843544,0.0,0.1,745.0936536114666,212.72895761562535,0.0,1.0,0.0,0.0,2.0
17404,0.003418319684054134,0.738357051755693,0.0,0.1,758.9914537615955,202.53253263422135,0.0,1.0,0.0,0.0,2.0
17405,0.004328652494400918,0.9349889387905983,0.0,0.1,772.8406451850316,193.96871092335851,0.0,1.0,0.0,0.0,2.0
17406,0.0033696151636484553,0.7278368753480664,0.0,0.1,784.8176899383405,185.9312471262832,0.0,1.0,0.0,0.0,2.0
17407,0.0040128577474778165,0.8667772734552084,0.0,0.1,789.7138318690487,183.45376058767016,0.0,1.0,0.0,0.0,2.0
17408,0.004483144606698219,0.9683592350468154,0.0,0.1,800.6824193627574,180.81952144742988,0.0,1.0,0.0,0.0,2.0
17409,0.002744533931871664,0.5928193292842795,0.0,0.1,812.213569504645,179.8952636106023,0.0,1.0,0.0,0.0,2.0
17410,0.0022198749539873307,0.47949299006126345,0.0,0.1,825.288101453585,178.61116862450797,0.0,1.0,0.0,0.0,2.0
17411,0.001110311334608461,0.2398272482754276,0.0,0.1,839.01483607621,177.1934428768783,0.0,1.0,0.0,0.0,2.0
17412,0.0030207645522531373,0.6524851432866777,0.0,0.1,844.0046117398973,176.53441891804187,0.0,1.0,0.0,0.0,2.0
17413,0.002687223195690391,0.5804402102691244,0.0,0.1,852.8103537376993,176.04915536136775,0.0,1.0,0.0,0.0,2.0
17414,0.002673061473930757,0.5773812783690435,0.0,0.1,858.9892196352554,177.30954599243492,0.0,1.0,0.0,0.0,2.0
17415,0.0016840697237612916,0.36375906033243904,0.0,0.1,870.0025193475668,179.4210861360322,0.0,1.0,0.0,0.0,2.0
17416,0.0019124487953773703,0.413088939801512,0.0,0.1,874.97620276717,180.79210119458034,0.0,1.0,0.0,0.0,2.0
17417,0.0029751639601018234,0.6426354153819939,0.0,0.1,886.6960432707095,186.34661872835025,0.0,1.0,0.0,0.0,2.0
17418,0.000982771302157817,0.21227860126608847,0.0,0.1,894.6867555185236,190.2689662232176,0.0,1.0,0.0,0.0,2.0
17419,0.002809211831708091,0.6067897556489477,0.0,0.1,900.0087129007338,197.22357538757234,0.0,1.0,0.0,0.0,2.0
17420,0.001044821667591285,0.22568148019971757,0.0,0.1,902.2118733608191,205.0834996961558,0.0,1.0,0.0,0.0,2.0
17421,0.003561852133341302,0.7693600608017213,0.0,0.1,904.9842366846033,208.1922749716787,0.0,1.0,0.0,0.0,2.0
17422,0.0006508796527770047,0.140590004999833,0.0,0.1,912.8269798844495,215.1264928650676,0.0,1.0,0.0,0.0,2.0
17423,0.0031398615485779004,0.6782100944928265,0.0,0.1,917.554894321833,218.97213990053015,0.0,1.0,0.0,0.0,2.0
17424,0.0011607956835340924,0.25073186764336397,0.0,0.1,922.6064909120594,220.82725421306284,0.0,1.0,0.0,0.0,2.0
17425,0.002662475411861003,0.5750946889619767,0.0,0.1,926.1106904935758,223.13119439214717,0.0,1.0,0.0,0.0,2.0
17426,0.001589723559045882,0.3433802887539105,0.0,0.1,932.7496515106322,225.69505943928218,0.0,1.0,0.0,0.0,2.0
17427,0.0033742199439802073,0.7288315078997248,0.0,0.1,936.8551895855705,226.29046542830866,0.0,1.0,0.0,0.0,2.0
17428,0.0018459680758688948,0.3987291043876813,0.0,0.1,941.9452054934627,225.27780492288602,0.0,1.0,0.0,0.0,2.0
17429,0.001504029378029382,0.32487034565434647,0.0,0.1,950.9442648917557,228.02963216304164,0.0,1.0,0.0,0.0,2.0
17430,0.0023841994614415096,0.5149870836713661,0.0,0.1,953.5391716838849,228.13563819595257,0.0,1.0,0.0,0.0,2.0
17431,0.001725940886944126,0.3728032315799312,0.0,0.1,956.9145892866491,229.4068064813305,0.0,1.0,0.0,0.0,2.0
17432,0.0023289192171020933,0.5030465508940521,0.0,0.1,962.1824251879318,230.720331866844,0.0,1.0,0.0,0.0,2.0
17433,0.0008275331025487319,0.17874715015052609,0.0,0.1,969.8699662917825,237.6132775518389,0.0,1.0,0.0,0.0,2.0
17434,0.002922873938788008,0.6313407707782098,0.0,0.1,974.7284812982433,238.85632537510148,0.0,1.0,0.0,0.0,2.0
17435,0.0014266558642668358,0.3081576666816365,0.0,0.1,983.3907384530452,242.69890565192625,0.0,1.0,0.0,0.0,2.0
17436,0.0011601617699978056,0.250594942319526,0.0,0.1,989.7851608113891,246.48545340723976,0.0,1.0,0.0,0.0,2.0
17437,0.0025165914225943635,0.5435837472803826,0.0,0.1,1000.72462393488,251.81491819973502,0.0,1.0,0.0,0.0,2.0
17438,0.0014561765220331149,0.3145341287591528,0.0,0.1,1014.6935981918778,258.3423698644428,0.0,1.0,0.0,0.0,2.0
17439,0.002638068369660623,0.5698227678466946,0.0,0.1,1019.9689487799722,260.6094832508625,0.0,1.0,0.0,0.0,2.0
17440,0.0035715377247420117,0.7714521485442746,0.0,0.1,1030.811957054513,268.36491851964246,0.0,1.0,0.0,0.0,2.0
17441,0.0008633649298386719,0.18648682484515314,0.0,0.1,1037.6467076057577,273.351268215394,0.0,1.0,0.0,0.0,2.0
17442,0.001446332925027379,0.3124079118059139,0.0,0.1,1043.3545802248411,280.50936541741845,0.0,1.0,0.0,0.0,2.0
17443,0.0018020598571655514,0.3892449291477591,0.0,0.1,1046.3893407152161,284.0764615822941,0.0,1.0,0.0,0.0,2.0
17444,0.001894923870239474,0.4093035559717264,0.0,0.1,1054.8974029413378,294.43624102783855,0.0,1.0,0.0,0.0,2.0
17445,0.003197280850239298,0.6906126636516884,0.0,0.1,1068.735202627567,306.92865608445726,0.0,1.0,0.0,0.0,2.0
17446,0.004576286995701926,0.988477991071616,0.0,0.1,1078.7473585622945,314.24190769033163,0.0,1.0,0.0,0.0,2.0
17447,0.0008741730078996228,0.18882136970631852,0.0,0.1,1086.0188770272089,318.0570493002647,0.0,1.0,0.0,0.0,2.0
17448,0.0016978577604070165,0.3667372762479156,0.0,0.1,1089.933731150637,317.1638693093627,0.0,1.0,0.0,0.0,2.0
17449,0.002067046589298429,0.4464820632884607,0.0,0.1,1099.4842126972667,320.87722113060926,0.0,1.0,0.0,0.0,2.0
17450,0.0018296082254487622,0.3951953766969326,0.0,0.1,1100.537197231234,321.63489925184274,0.0,1.0,0.0,0.0,2.0
17451,0.00034923596508204053,0.07543496845772076,1.0,0.1,1100.6526053625664,321.70592980034473,0.0,1.0,0.0,0.0,2.0
17452,0.0005084831469490502,0.10983235974099484,0.0,0.1,1100.2289101707765,322.0334014693229,0.0,1.0,0.0,0.0,2.0
17453,0.0005403408888460967,0.1167136319907569,0.0,0.1,1101.009768823409,322.8802247525798,0.0,1.0,0.0,0.0,2.0
17454,0.0006951962432080076,0.15016238853292962,0.0,0.1,,,0.0,1.0,,,2.0
17455,0.0014473434537794366,0.3126261860163583,0.0,0.1,,,0.0,1.0,,,2.0
17456,0.0007329779675490928,0.15832324099060407,0.0,0.1,,,0.0,1.0,,,2.0
17457,0.0016211783482300275,0.35017452321768594,0.0,0.1,,,0.0,1.0,,,2.0
17458,0.0011080824167317412,0.23934580201405609,0.0,0.1,,,0.0,1.0,,,2.0
17459,0.00029425504250048994,0.06355908918010582,1.0,0.1,,,0.0,1.0,,,2.0
17460,0.00033445117954309235,0.07224145478130795,1.0,0.1,,,0.0,1.0,,,2.0
17461,0.0005174882102334314,0.1117774534104212,0.0,0.1,,,0.0,1.0,,,2.0
17462,0.00035176021832161226,0.07598020715746825,1.0,0.1,,,0.0,1.0,,,2.0
17463,0.00028811341925272254,0.062232498558588076,1.0,0.1,,,0.0,1.0,,,2.0
17464,0.0005305692314860553,0.11460295400098794,0.0,0.1,,,0.0,1.0,,,2.0
17465,0.000434337313204902,0.09381685965225883,1.0,0.1,,,0.0,1.0,,,2.0
17466,0.00029680652054848945,0.06411020843847372,1.0,0.1,,,0.0,1.0,,,2.0
17467,0.0017783204008770582,0.3841172065894446,0.0,0.1,,,0.0,1.0,,,2.0
17468,0.0019975297173180375,0.43146641894069615,0.0,0.1,,,0.0,1.0,,,2.0
17469,0.0006547749008468079,0.14143137858291052,0.0,0.1,,,0.0,1.0,,,2.0
17470,0.0027872708876666677,0.6020505117360002,0.0,0.1,,,0.0,1.0,,,2.0
17471,0.0003749193802255598,0.08098258612872092,1.0,0.1,,,0.0,1.0,,,2.0
17472,0.0016639592716001486,0.3594152026656321,0.0,0.1,,,0.0,1.0,,,2.0
17473,0.0031024922673086566,0.6701383297386698,0.0,0.1,,,0.0,1.0,,,2.0
17474,0.0003154181069604137,0.06813031110344936,1.0,0.1,,,0.0,1.0,,,2.0
17475,0.0004698284010776572,0.10148293463277396,0.0,0.1,1105.9427444388368,335.69384638089593,0.0,1.0,0.0,0.0,2.0
17476,0.0010927458704102684,0.236033108008618,0.0,0.1,,,0.0,1.0,,,2.0
17477,0.0008973212155120102,0.1938213825505942,0.0,0.1,,,0.0,1.0,,,2.0
17478,0.0005046814095454553,0.10901118446181833,0.0,0.1,,,0.0,1.0,,,2.0
17479,0.0010551334527045013,0.22790882578417226,0.0,0.1,,,0.0,1.0,,,2.0
17480,0.00045640261354199977,0.09858296452507195,1.0,0.1,,,0.0,1.0,,,2.0
17481,0.002200149210886865,0.4752322295515629,0.0,0.1,,,0.0,1.0,,,2.0
17482,0.0005961305478308955,0.12876419833147343,0.0,0.1,,,0.0,1.0,,,2.0
17483,0.0021329617497706874,0.4607197379504685,0.0,0.1,,,0.0,1.0,,,2.0
17484,0.0012715795243381472,0.2746611772570398,0.0,0.1,,,0.0,1.0,,,2.0
17485,0.0022585037717055435,0.4878368146883974,0.0,0.1,,,0.0,1.0,,,2.0
17486,0.0007479911016513776,0.16156607795669756,0.0,0.1,,,0.0,1.0,,,2.0
17487,0.00045642400197664626,0.09858758442695559,1.0,0.1,,,0.0,1.0,,,2.0
17488,0.0010805880563001437,0.23340702016083104,0.0,0.1,,,0.0,1.0,,,2.0
17489,0.00286747351749803,0.6193742797795744,0.0,0.1,1108.231606724219,295.3206816342719,0.0,1.0,0.0,0.0,2.0
17490,0.0014814818177340085,0.32000007263054586,0.0,0.1,,,0.0,1.0,,,2.0
17491,0.002658922776466141,0.5743273197166865,0.0,0.1,,,0.0,1.0,,,2.0
17492,0.0013576735332690342,0.2932574831861114,0.0,0.1,,,0.0,1.0,,,2.0
17493,0.0022773603502526493,0.49190983565457225,0.0,0.1,,,0.0,1.0,,,2.0
17494,0.0022936466134192736,0.4954276684985632,0.0,0.1,,,0.0,1.0,,,2.0
17495,0.001742705647721576,0.37642441990786046,0.0,0.1,,,0.0,1.0,,,2.0
17496,0.0022047148582687807,0.47621840938605664,0.0,0.1,,,0.0,1.0,,,2.0
17497,0.0033793560311611032,0.7299409027307984,0.0,0.1,,,0.0,1.0,,,2.0
17498,0.0020621003630523368,0.4454136784193048,0.0,0.1,,,0.0,1.0,,,2.0
17499,0.002430784243004762,0.5250493964890287,0.0,0.1,,,0.0,1.0,,,2.0
17500,0.0026302505178942997,0.5681341118651688,0.0,0.1,,,0.0,1.0,,,2.0
17501,0.00019106288484331888,0.041269583126156875,1.0,0.1,,,0.0,1.0,,,2.0
17502,0.0007294741291792215,0.15756641190271184,0.0,0.1,,,0.0,1.0,,,2.0
17503,0.0002121658933895375,0.0458278329721401,1.0,0.1,,,0.0,1.0,,,2.0
17504,0.000834633406083485,0.18028081571403276,0.0,0.1,,,0.0,1.0,,,2.0
17505,0.0005604217424810141,0.12105109637589906,0.0,0.1,,,0.0,1.0,,,2.0
17506,0.00041275806768170035,0.08915574261924727,1.0,0.1,,,0.0,1.0,,,2.0
17507,0.0007498213830123529,0.16196141873066824,0.0,0.1,,,0.0,1.0,,,2.0
17508,0.0008187327311971922,0.1768462699385935,0.0,0.1,,,0.0,1.0,,,2.0
17509,0.0010306025817127804,0.22261015764996056,0.0,0.1,,,0.0,1.0,,,2.0
17510,,,,0.1,,,0.0,1.0,,,2.0
17511,,,,0.1,,,,,,,2.0
17512,,,,0.1,,,,,,,2.0
17513,,,,0.1,,,,,,,2.0
17514,,,,0.1,,,,,,,2.0
17515,,,,0.1,,,,,,,2.0
17516,,,,0.1,,,,,,,2.0
17517,0.0011291497113645609,0.24389633765474517,0.0,0.1,,,0.0,1.0,,,2.0
17518,,,,0.1,,,0.0,1.0,,,2.0
17519,,,,0.1,,,,,,,2.0
17520,,,,0.1,,,,,,,2.0
17521,,,,0.1,,,,,,,2.0
17522,,,,0.1,,,,,,,2.0
17523,,,,0.1,,,,,,,2.0
17524,,,,0.1,,,,,,,2.0
17525,,,,0.1,,,,,,,2.0
17526,,,,0.1,,,,,,,2.0
17527,,,,0.1,,,,,,,2.0
17528,,,,0.1,,,,,,,2.0
17529,,,,0.1,,,,,,,2.0
17530,,,,0.1,,,,,,,2.0
17531,,,,0.1,,,,,,,2.0
17532,,,,0.1,,,,,,,2.0
17533,,,,0.1,,,,,,,2.0
17534,,,,0.1,,,,,,,2.0
17535,,,,0.1,,,,,,,2.0
17536,,,,0.1,,,,,,,2.0
17537,,,,0.1,,,,,,,2.0
17538,,,,0.1,,,,,,,2.0
17539,,,,0.1,,,,,,,2.0
17540,,,,0.1,,,,,,,2.0
17541,,,,0.1,,,,,,,2.0
17542,,,,0.1,,,,,,,2.0
17543,,,,0.1,,,,,,,2.0
17544,,,,0.1,,,,,,,2.0
17545,,,,0.1,,,,,,,2.0
17546,,,,0.1,,,,,,,2.0
17547,,,,0.1,,,,,,,2.0
17548,,,,0.1,,,,,,,2.0
17549,,,,0.1,,,,,,,2.0
17550,,,,0.1,,,,,,,2.0
17551,,,,0.1,,,,,,,2.0
17552,,,,0.1,,,,,,,2.0
17553,,,,0.1,,,,,,,2.0
17554,,,,0.1,,,,,,,2.0
17555,,,,0.1,,,,,,,2.0
17556,,,,0.1,,,,,,,2.0
17557,,,,0.1,,,,,,,2.0
17558,,,,0.1,,,,,,,2.0
17559,,,,0.1,,,,,,,2.0
17560,,,,0.1,,,,,,,2.0
17561,,,,0.1,,,,,,,2.0
17562,,,,0.1,,,,,,,2.0
17563,,,,0.1,,,,,,,2.0
17564,,,,0.1,,,,,,,2.0
17565,,,,0.1,,,,,,,2.0
17566,,,,0.1,,,,,,,2.0
17567,,,,0.1,,,,,,,2.0
17568,,,,0.1,,,,,,,2.0
17569,,,,0.1,,,,,,,2.0
17570,,,,0.1,,,,,,,2.0
17571,,,,0.1,,,,,,,2.0
17572,,,,0.1,,,,,,,2.0
17573,,,,0.1,,,,,,,2.0
17574,,,,0.1,,,,,,,2.0
17575,,,,0.1,,,,,,,2.0
17576,,,,0.1,,,,,,,2.0
17577,,,,0.1,,,,,,,2.0
17578,,,,0.1,,,,,,,2.0
17579,,,,0.1,,,,,,,2.0
17580,,,,0.1,,,,,,,2.0
17581,,,,0.1,,,,,,,2.0
17582,,,,0.1,,,,,,,2.0
17583,,,,0.1,,,,,,,2.0
17584,,,,0.1,,,,,,,2.0
17585,,,,0.1,,,,,,,2.0
17586,,,,0.1,,,,,,,2.0
17587,,,,0.1,,,,,,,2.0
17588,,,,0.1,,,,,,,2.0
17589,,,,0.1,,,,,,,2.0
17590,,,,0.1,,,,,,,2.0
17591,,,,0.1,,,,,,,2.0
17592,,,,0.1,,,,,,,2.0
17593,,,,0.1,,,,,,,2.0
17594,,,,0.1,,,,,,,2.0
17595,,,,0.1,,,,,,,2.0
17596,,,,0.1,,,,,,,2.0
17597,,,,0.1,,,,,,,2.0
17598,,,,0.1,,,,,,,2.0
17599,,,,0.1,,,,,,,2.0
17600,,,,0.1,,,,,,,2.0
17601,,,,0.1,,,,,,,2.0
17602,,,,0.1,,,,,,,2.0
17603,,,,0.1,,,,,,,2.0
17604,,,,0.1,,,,,,,2.0
17605,,,,0.1,,,,,,,2.0
17606,,,,0.1,,,,,,,2.0
17607,,,,0.1,,,,,,,2.0
17608,,,,0.1,,,,,,,2.0
17609,,,,0.1,,,,,,,2.0
17610,,,,0.1,,,,,,,2.0
17611,,,,0.1,,,,,,,2.0
17612,,,,0.1,,,,,,,2.0
17613,,,,0.1,,,,,,,2.0
17614,,,,0.1,,,,,,,2.0
17615,,,,0.1,,,,,,,2.0
17616,,,,0.1,,,,,,,2.0
17617,,,,0.1,,,,,,,2.0
17618,,,,0.1,,,,,,,2.0
17619,,,,0.1,,,,,,,2.0
17620,,,,0.1,,,,,,,2.0
17621,,,,0.1,,,,,,,2.0
17622,,,,0.1,,,,,,,2.0
17623,,,,0.1,,,,,,,2.0
17624,,,,0.1,,,,,,,2.0
17625,,,,0.1,,,,,,,2.0
17626,,,,0.1,,,,,,,2.0
17627,,,,0.1,,,,,,,2.0
17628,,,,0.1,,,,,,,2.0
17629,,,,0.1,,,,,,,2.0
17630,,,,0.1,,,,,,,2.0
17631,,,,0.1,,,,,,,2.0
17632,,,,0.1,,,,,,,2.0
17633,,,,0.1,,,,,,,2.0
17634,,,,0.1,,,,,,,2.0
17635,,,,0.1,,,,,,,2.0
17636,,,,0.1,,,,,,,2.0
17637,,,,0.1,,,,,,,2.0
17638,,,,0.1,,,,,,,2.0
17639,,,,0.1,,,,,,,2.0
17640,,,,0.1,,,,,,,2.0
17641,,,,0.1,,,,,,,2.0
17642,,,,0.1,,,,,,,2.0
17643,,,,0.1,,,,,,,2.0
17644,,,,0.1,,,,,,,2.0
17645,,,,0.1,,,,,,,2.0
17646,,,,0.1,,,,,,,2.0
17647,,,,0.1,,,,,,,2.0
17648,,,,0.1,,,,,,,2.0
17649,,,,0.1,,,,,,,2.0
17650,,,,0.1,,,,,,,2.0
17651,,,,0.1,,,,,,,2.0
17652,,,,0.1,,,,,,,2.0
17653,,,,0.1,,,,,,,2.0
17654,,,,0.1,,,,,,,2.0
17655,,,,0.1,,,,,,,2.0
17656,,,,0.1,,,,,,,2.0
17657,,,,0.1,,,,,,,2.0
17658,,,,0.1,,,,,,,2.0
17659,,,,0.1,,,,,,,2.0
17660,,,,0.1,,,,,,,2.0
17661,,,,0.1,,,,,,,2.0
17662,,,,0.1,,,,,,,2.0
17663,,,,0.1,,,,,,,2.0
17664,,,,0.1,,,,,,,2.0
17665,,,,0.1,,,,,,,2.0
17666,,,,0.1,,,,,,,2.0
17667,,,,0.1,,,,,,,2.0
17668,,,,0.1,,,,,,,2.0
17669,,,,0.1,,,,,,,2.0
17670,,,,0.1,,,,,,,2.0
17671,,,,0.1,,,,,,,2.0
17672,,,,0.1,1117.0402799976782,411.1927262487602,,,0.0,0.0,2.0
17673,,,,0.1,,,,,,,2.0
17674,,,,0.1,1126.5087191372781,392.24537302088925,,,0.0,0.0,2.0
17675,,,,0.1,,,,,,,2.0
17676,,,,0.1,,,,,,,2.0
17677,,,,0.1,,,,,,,2.0
17678,,,,0.1,1088.9246903915082,418.1727876216735,,,0.0,0.0,2.0
17679,,,,0.1,,,,,,,2.0
17680,,,,0.1,,,,,,,2.0
17681,0.00043785844610864455,0.09457742435946723,1.0,0.1,,,0.0,1.0,,,2.0
17682,0.0010788024120844957,0.23302132101025108,0.0,0.1,1071.366480130406,425.9545304915402,0.0,1.0,0.0,0.0,2.0
17683,0.0006842022018796416,0.1477876756060026,0.0,0.1,,,0.0,1.0,,,2.0
17684,0.0005584060221613017,0.12061570078684117,0.0,0.1,,,0.0,1.0,,,2.0
17685,0.0005652670420753911,0.12209768108828448,0.0,0.1,1051.6751121212408,421.5534956640088,0.0,1.0,0.0,0.0,2.0
17686,0.0001948643417892354,0.04209069782647485,1.0,0.1,1049.6102266022133,422.6159908769584,0.0,1.0,0.0,0.0,2.0
17687,0.0008315293947686173,0.17961034927002134,0.0,0.1,1047.107773652226,420.08711277547246,0.0,1.0,0.0,0.0,2.0
17688,0.0004725550421822444,0.10207188911136479,0.0,0.1,,,0.0,1.0,,,2.0
17689,,,,0.1,,,0.0,1.0,,,2.0
17690,,,,0.1,,,,,,,2.0
17691,,,,0.1,,,,,,,2.0
17692,,,,0.1,,,0.0,1.0,,,2.0
17693,,,,0.1,1057.0725222461235,399.8160497196219,,,0.0,0.0,2.0
17694,,,,0.1,,,,,,,2.0
17695,,,,0.1,1027.78009852123,428.93810145628316,,,0.0,0.0,2.0
17696,,,,0.1,,,,,,,2.0
17697,,,,0.1,1022.0118218007752,434.8542186680108,,,0.0,0.0,2.0
17698,,,,0.1,,,,,,,2.0
17699,,,,0.1,1024.1318706660072,438.8475060734721,,,0.0,0.0,2.0
17700,,,,0.1,,,,,,,2.0
17701,,,,0.1,1028.0576365648467,438.48649290100053,,,0.0,0.0,2.0
17702,,,,0.1,1027.905110824348,436.9621349130182,,,0.0,0.0,2.0
17703,,,,0.1,,,,,,,2.0
17704,,,,0.1,,,,,,,2.0
17705,,,,0.1,,,,,,,2.0
17706,,,,0.1,,,,,,,2.0
17707,,,,0.1,1006.3105939683982,407.82729329227686,,,0.0,0.0,2.0
17708,,,,0.1,,,,,,,2.0
17709,,,,0.1,,,,,,,2.0
17710,,,,0.1,,,,,,,2.0
17711,,,,0.1,,,,,,,2.0
17712,,,,0.1,,,,,,,2.0
17713,,,,0.1,,,,,,,2.0
17714,,,,0.1,,,,,,,2.0
17715,,,,0.1,,,,,,,2.0
17716,,,,0.1,1044.0323477365262,401.9536516825571,,,0.0,0.0,2.0
17717,0.001088195556189858,0.23505024013700931,0.0,0.1,1058.5365160530614,405.8195897574639,0.0,1.0,0.0,0.0,2.0
17718,,,,0.1,1061.5294235308056,402.8931639978149,0.0,1.0,0.0,0.0,2.0
17719,,,,0.1,,,,,,,2.0
17720,0.001509287583063075,0.3260061179416242,0.0,0.1,,,0.0,1.0,,,2.0
17721,0.0011601036394683806,0.2505823861251702,0.0,0.1,,,0.0,1.0,,,2.0
17722,0.0015727476741605262,0.3397134976186737,0.0,0.1,,,0.0,1.0,,,2.0
17723,0.0007686368983479991,0.1660255700431678,0.0,0.1,,,0.0,1.0,,,2.0
17724,0.0006884946536163027,0.14871484518112138,0.0,0.1,,,0.0,1.0,,,2.0
17725,0.00037581714066683286,0.0811765023840359,1.0,0.1,,,0.0,1.0,,,2.0
17726,0.0004793788278381559,0.10354582681304168,0.0,0.1,,,0.0,1.0,,,2.0
17727,0.0004349745509695144,0.09395450300941512,1.0,0.1,,,0.0,1.0,,,2.0
17728,0.0003208927384366841,0.06931283150232377,1.0,0.1,1102.6048427242652,289.642656787016,0.0,1.0,0.0,0.0,2.0
17729,0.0006088927636596466,0.13152083695048367,0.0,0.1,1101.6491065543894,289.0793427678494,0.0,1.0,0.0,0.0,2.0
17730,0.0004456798113201918,0.09626683924516143,1.0,0.1,,,0.0,1.0,,,2.0
17731,0.0009407949729630424,0.20321171416001718,0.0,0.1,,,0.0,1.0,,,2.0
17732,0.0008636938652681459,0.18655787489791953,0.0,0.1,1103.4668899818635,291.1270896227084,0.0,1.0,0.0,0.0,2.0
17733,0.0007591787132498296,0.1639826020619632,0.0,0.1,1104.8684640716158,293.41431677686256,0.0,1.0,0.0,0.0,2.0
17734,0.0010051628377657175,0.21711517295739496,0.0,0.1,,,0.0,1.0,,,2.0
17735,0.00018112882526891524,0.03912382625808569,1.0,0.1,,,0.0,1.0,,,2.0
17736,0.0003778115009079248,0.08160728419611175,1.0,0.1,,,0.0,1.0,,,2.0
17737,0.0004773914199964141,0.10311654671922545,0.0,0.1,,,0.0,1.0,,,2.0
17738,0.0010545863789267302,0.22779065784817373,0.0,0.1,,,0.0,1.0,,,2.0
17739,0.0006380188645206551,0.1378120747364615,0.0,0.1,,,0.0,1.0,,,2.0
17740,0.0004828230886850045,0.10428978715596098,0.0,0.1,,,0.0,1.0,,,2.0
17741,0.0006197518025258963,0.1338663893455936,0.0,0.1,,,0.0,1.0,,,2.0
17742,0.00030465007700178435,0.06580441663238543,1.0,0.1,,,0.0,1.0,,,2.0
17743,0.0013487784464476294,0.29133614443268796,0.0,0.1,,,0.0,1.0,,,2.0
17744,0.0005915118178679993,0.12776655265948786,0.0,0.1,,,0.0,1.0,,,2.0
17745,0.0009955543084729777,0.21503973063016318,0.0,0.1,,,0.0,1.0,,,2.0
17746,0.001203073322909139,0.259863837748374,0.0,0.1,,,0.0,1.0,,,2.0
17747,0.0010959502017258,0.23672524357277278,0.0,0.1,,,0.0,1.0,,,2.0
17748,0.00025248905721174397,0.0545376363577367,1.0,0.1,,,0.0,1.0,,,2.0
17749,0.0015346602584441643,0.33148661582393946,0.0,0.1,,,0.0,1.0,,,2.0
17750,0.002641143223842154,0.5704869363499053,0.0,0.1,,,0.0,1.0,,,2.0
17751,0.0017005861714067,0.3673266130238472,0.0,0.1,,,0.0,1.0,,,2.0
17752,0.002851818082435248,0.6159927058060136,0.0,0.1,,,0.0,1.0,,,2.0
17753,0.0014658541714145546,0.3166245010255438,0.0,0.1,,,0.0,1.0,,,2.0
17754,0.002803590036554877,0.6055754478958535,0.0,0.1,,,0.0,1.0,,,2.0
17755,0.003045382141106196,0.6578025424789383,0.0,0.1,,,0.0,1.0,,,2.0
17756,0.0014600050005538984,0.3153610801196421,0.0,0.1,,,0.0,1.0,,,2.0
17757,0.0005870495272846661,0.1268026978934879,0.0,0.1,,,0.0,1.0,,,2.0
17758,0.00044945074474440655,0.09708136086479181,1.0,0.1,,,0.0,1.0,,,2.0
17759,0.00012984897220770614,0.028047377996864527,1.0,0.1,,,0.0,1.0,,,2.0
17760,0.00027357122098017964,0.0590913837317188,1.0,0.1,,,0.0,1.0,,,2.0
17761,0.00033955054365621443,0.07334291742974232,1.0,0.1,,,0.0,1.0,,,2.0
17762,0.0001613639067993137,0.03485460386865176,1.0,0.1,,,0.0,1.0,,,2.0
17763,0.001054756748942283,0.22782745777153313,0.0,0.1,,,0.0,1.0,,,2.0
17764,0.0016083438499710902,0.3474022715937555,0.0,0.1,,,0.0,1.0,,,2.0
17765,0.00227513504754662,0.49142917027007,0.0,0.1,,,0.0,1.0,,,2.0
17766,0.0009008399028908317,0.19458141902441964,0.0,0.1,,,0.0,1.0,,,2.0
17767,0.0009514210634811883,0.2055069497119367,0.0,0.1,,,0.0,1.0,,,2.0
17768,0.0005728376026969574,0.1237329221825428,0.0,0.1,,,0.0,1.0,,,2.0
17769,7.373854571745522e-05,0.01592752587497033,1.0,0.1,,,0.0,1.0,,,2.0
17770,0.00046524812223341336,0.10049359440241729,0.0,0.1,,,0.0,1.0,,,2.0
17771,0.00029642248018414886,0.06402725571977616,1.0,0.1,,,0.0,1.0,,,2.0
17772,0.0009215082619788361,0.1990457845874286,0.0,0.1,,,0.0,1.0,,,2.0
17773,0.0018323781830953416,0.3957936875485938,0.0,0.1,,,0.0,1.0,,,2.0
17774,0.0006616991149752312,0.14292700883464995,0.0,0.1,,,0.0,1.0,,,2.0
17775,0.0004772499576914638,0.10308599086135618,0.0,0.1,,,0.0,1.0,,,2.0
17776,0.0007691550603017818,0.16613749302518488,0.0,0.1,,,0.0,1.0,,,2.0
17777,0.001674494211441032,0.36169074967126286,0.0,0.1,,,0.0,1.0,,,2.0
17778,0.0023208645403956603,0.5013067407254627,0.0,0.1,,,0.0,1.0,,,2.0
17779,0.0014819906765765579,0.32010998614053654,0.0,0.1,,,0.0,1.0,,,2.0
17780,0.0011266422448724502,0.24335472489244925,0.0,0.1,,,0.0,1.0,,,2.0
17781,0.002639757741131781,0.5701876720844647,0.0,0.1,,,0.0,1.0,,,2.0
17782,0.0016741254711362915,0.361611101765439,0.0,0.1,,,0.0,1.0,,,2.0
17783,0.002173716956548269,0.4695228626144261,0.0,0.1,1139.0170853887441,418.4663370534129,0.0,1.0,0.0,0.0,2.0
17784,0.0011854217230764259,0.256051092184508,0.0,0.1,1128.8057188523471,412.0314743479081,0.0,1.0,0.0,0.0,2.0
17785,0.002405275166498154,0.5195394359636013,0.0,0.1,1122.9322041874557,407.88245523457607,0.0,1.0,0.0,0.0,2.0
17786,,,,0.1,,,0.0,1.0,,,2.0
17787,,,,0.1,,,,,,,2.0
17788,,,,0.1,1081.925438987241,369.1384555908128,,,0.0,0.0,2.0
17789,,,,0.1,1069.048934975597,356.43016605142,,,0.0,0.0,2.0
17790,0.0015352547375975239,0.3316150233210651,0.0,0.1,1063.8829688657484,352.3569447200326,0.0,1.0,0.0,0.0,2.0
17791,,,,0.1,1051.947889421398,340.98809466440554,0.0,1.0,0.0,0.0,2.0
17792,,,,0.1,1039.893288612637,335.5380924282952,,,0.0,0.0,2.0
17793,,,,0.1,1023.2170700169421,328.4503063772314,,,0.0,0.0,2.0
17794,,,,0.1,1014.4386610009711,324.2659198680459,,,0.0,0.0,2.0
17795,,,,0.1,1003.2863144135425,318.22139660717016,,,0.0,0.0,2.0
17796,,,,0.1,989.3037910118807,310.8013688426584,,,0.0,0.0,2.0
17797,,,,0.1,977.9343038136765,303.3654097434778,,,0.0,0.0,2.0
17798,,,,0.1,969.3487317477944,298.17497909811664,,,0.0,0.0,2.0
17799,,,,0.1,966.0120706103346,296.0121768510469,,,0.0,0.0,2.0
17800,,,,0.1,959.3288328514099,291.614791100566,,,0.0,0.0,2.0
17801,0.0008979552376573995,0.19395833133399829,0.0,0.1,954.5473827726333,286.9036569864202,0.0,1.0,0.0,0.0,2.0
17802,0.0006064122526947876,0.13098504658207413,0.0,0.1,952.2864745830431,284.3273292085201,0.0,1.0,0.0,0.0,2.0
17803,0.0003807574507309957,0.08224360935789508,1.0,0.1,,,0.0,1.0,,,2.0
17804,0.0005085014347516667,0.10983630990636001,0.0,0.1,944.4190464319294,279.8081855074391,0.0,1.0,0.0,0.0,2.0
17805,0.00047937318539041006,0.10354460804432856,0.0,0.1,944.6050484637558,279.05382755075595,0.0,1.0,0.0,0.0,2.0
17806,0.00025695485180973537,0.055502247990902843,1.0,0.1,946.7475643342906,280.38603150590785,0.0,1.0,0.0,0.0,2.0
17807,0.0004009268741030234,0.08660020480625305,1.0,0.1,942.01531900591,274.7782122024848,0.0,1.0,0.0,0.0,2.0
17808,0.0005043805936893153,0.1089462082368921,0.0,0.1,,,0.0,1.0,,,2.0
17809,0.00035170548375500866,0.07596838449108187,1.0,0.1,932.9983273785809,264.87729022844957,0.0,1.0,0.0,0.0,2.0
17810,,,,0.1,933.7314846848005,263.72785285314717,0.0,1.0,0.0,0.0,2.0
17811,,,,0.1,933.487361500868,262.84756225596965,,,0.0,0.0,2.0
17812,,,,0.1,932.8159184688521,261.9440094342471,,,0.0,0.0,2.0
17813,,,,0.1,927.2423468034518,254.59452984408796,,,0.0,0.0,2.0
17814,,,,0.1,919.4253182167474,242.26135807513222,,,0.0,0.0,2.0
17815,,,,0.1,,,,,,,2.0
17816,,,,0.1,,,,,,,2.0
17817,,,,0.1,,,,,,,2.0
17818,,,,0.1,907.1343739421991,228.22927303624058,,,0.0,0.0,2.0
17819,,,,0.1,,,,,,,2.0
17820,,,,0.1,,,,,,,2.0
17821,,,,0.1,,,,,,,2.0
17822,,,,0.1,,,,,,,2.0
17823,,,,0.1,,,,,,,2.0
17824,,,,0.1,,,,,,,2.0
17825,,,,0.1,,,,,,,2.0
17826,,,,0.1,,,,,,,2.0
17827,,,,0.1,,,,,,,2.0
17828,,,,0.1,,,,,,,2.0
17829,,,,0.1,,,,,,,2.0
17830,,,,0.1,,,,,,,2.0
17831,,,,0.1,,,,,,,2.0
17832,,,,0.1,,,,,,,2.0
17833,0.0008064991722332187,0.17420382120237524,0.0,0.1,,,0.0,1.0,,,2.0
17834,0.0004086822167675842,0.08827535882179818,1.0,0.1,,,0.0,1.0,,,2.0
17835,0.00016614394993398726,0.03588709318574125,1.0,0.1,886.576246367595,214.36443108537006,0.0,1.0,0.0,0.0,2.0
17836,0.00037148960311083663,0.08024175427194072,1.0,0.1,885.3538529902804,216.5319305254956,0.0,1.0,0.0,0.0,2.0
17837,,,,0.1,886.3642007304383,220.31711594352876,0.0,1.0,0.0,0.0,2.0
17838,,,,0.1,885.7918415472122,221.4366643127228,,,0.0,0.0,2.0
17839,,,,0.1,884.7490607987647,220.42250971796923,,,0.0,0.0,2.0
17840,,,,0.1,881.5003263965824,218.1039293371414,,,0.0,0.0,2.0
17841,,,,0.1,882.6717516238785,222.53461702780507,,,0.0,0.0,2.0
17842,0.0012592897454820505,0.2720065850241229,0.0,0.1,881.5294388716461,225.97103822990238,0.0,1.0,0.0,0.0,2.0
17843,7.339183077486149e-05,0.015852635447370082,1.0,0.1,877.1373779641077,227.93641932512358,0.0,1.0,0.0,0.0,2.0
17844,0.0006125559562877837,0.1323120865581613,0.0,0.1,876.7728341907566,231.83818543785674,0.0,1.0,0.0,0.0,2.0
17845,0.0007522229831207156,0.16248016435407456,0.0,0.1,877.079406327061,235.6500158042103,0.0,1.0,0.0,0.0,2.0
17846,0.0002515389834099011,0.054332420416538636,1.0,0.1,876.0670434142376,235.13632448146564,0.0,1.0,0.0,0.0,2.0
17847,0.00010704175411317538,0.023121018888445883,1.0,0.1,875.8108457196761,234.85840070818824,0.0,1.0,0.0,0.0,2.0
17848,0.00045698983034598515,0.0987098033547328,1.0,0.1,875.885741919283,234.18270289893914,0.0,1.0,0.0,0.0,2.0
17849,0.0006193724958987014,0.1337844591141195,0.0,0.1,875.8041006903013,232.6394194327386,0.0,1.0,0.0,0.0,2.0
17850,0.00013002660887920142,0.028085747517907506,1.0,0.1,880.4846165716958,237.57459041992027,0.0,1.0,0.0,0.0,2.0
17851,6.945086757450042e-05,0.01500138739609209,1.0,0.1,878.4245018319689,236.69093605617823,0.0,1.0,0.0,0.0,2.0
17852,0.00023477695564979743,0.050711822420356246,1.0,0.1,878.3645017071591,237.22963354744627,0.0,1.0,0.0,0.0,2.0
17853,0.00014248710746121298,0.030777215211622005,1.0,0.1,876.7530859988408,236.57717953452214,0.0,1.0,0.0,0.0,2.0
17854,8.626052186829739e-05,0.018632272723552237,1.0,0.1,876.17875059597,235.99394656740222,0.0,1.0,0.0,0.0,2.0
17855,0.0006077488591048236,0.1312737535666419,0.0,0.1,876.2337127053162,236.13049794557529,0.0,1.0,0.0,0.0,2.0
17856,0.0002078701065504131,0.04489994301488923,1.0,0.1,876.8530865408138,235.88504916192713,0.0,1.0,0.0,0.0,2.0
17857,0.0003100191304570692,0.06696413217872695,1.0,0.1,876.9622361400078,235.96636304470908,0.0,1.0,0.0,0.0,2.0
17858,0.0002746893535175957,0.059332900359800676,1.0,0.1,877.7740826552752,235.72546649516147,0.0,1.0,0.0,0.0,2.0
17859,0.0002617219753657968,0.0565319466790121,1.0,0.1,,,0.0,1.0,,,2.0
17860,0.0002527823042258497,0.054600977712783536,1.0,0.1,,,0.0,1.0,,,2.0
17861,5.9091821547027924e-05,0.012763833454158031,1.0,0.1,,,0.0,1.0,,,2.0
17862,0.00011599571997399049,0.025055075514381946,1.0,0.1,,,0.0,1.0,,,2.0
17863,0.00010446930102244401,0.02256536902084791,1.0,0.1,,,0.0,1.0,,,2.0
17864,0.0003962237926434905,0.08558433921099395,1.0,0.1,,,0.0,1.0,,,2.0
17865,0.00026789375500126914,0.057865051080274135,1.0,0.1,,,0.0,1.0,,,2.0
17866,0.0009052390007750328,0.19553162416740708,0.0,0.1,,,0.0,1.0,,,2.0
17867,0.0009202767725811531,0.19877978287752907,0.0,0.1,869.6156420760246,216.02292117320883,0.0,1.0,0.0,0.0,2.0
17868,0.00019659752167077514,0.04246506468088743,1.0,0.1,,,0.0,1.0,,,2.0
17869,0.0009853782879977074,0.21284171020750478,0.0,0.1,863.6668217633153,210.80029227266465,0.0,1.0,0.0,0.0,2.0
17870,0.0005268828746470897,0.11380670092377136,0.0,0.1,,,0.0,1.0,,,2.0
17871,0.0011054102431756728,0.23876861252594533,0.0,0.1,864.2116842245728,204.08634510446288,0.0,1.0,0.0,0.0,2.0
17872,0.00035756696462582873,0.07723446435917901,1.0,0.1,862.6017228647188,197.94539471333968,0.0,1.0,0.0,0.0,2.0
17873,0.0001469038058236421,0.0317312220579067,1.0,0.1,859.8967011106798,193.0234078119994,0.0,1.0,0.0,0.0,2.0
17874,0.00017669524108462523,0.03816617207427905,1.0,0.1,859.0682434775799,187.84442240396038,0.0,1.0,0.0,0.0,2.0
17875,0.0009169941463413388,0.19807073560972918,0.0,0.1,858.3673491600614,188.3905221570787,0.0,1.0,0.0,0.0,2.0
17876,0.001108503365920346,0.23943672703879473,0.0,0.1,856.8458955410979,185.6086784357831,0.0,1.0,0.0,0.0,2.0
17877,0.001531965142767738,0.3309044708378314,0.0,0.1,857.293225793429,180.63839777514167,0.0,1.0,0.0,0.0,2.0
17878,0.0009053349411173374,0.19555234728134488,0.0,0.1,853.9845320825277,171.8488632497437,0.0,1.0,0.0,0.0,2.0
17879,0.00041025499535789965,0.08861507899730632,1.0,0.1,852.8724005596616,168.69285053875376,0.0,1.0,0.0,0.0,2.0
17880,0.00038919613427997084,0.0840663650044737,1.0,0.1,853.0581191424382,170.91466656848368,0.0,1.0,0.0,0.0,2.0
17881,0.0013706664567161308,0.2960639546506843,0.0,0.1,850.94024882391,168.95195770026072,0.0,1.0,0.0,0.0,2.0
17882,0.0015139880652773655,0.327021422099911,0.0,0.1,848.2463234335073,166.91387005296778,0.0,1.0,0.0,0.0,2.0
17883,0.0004199109019874632,0.09070075482929206,1.0,0.1,845.3432111079005,158.19973657059634,0.0,1.0,0.0,0.0,2.0
17884,0.0013583568814561602,0.2934050863945306,0.0,0.1,842.7290429569554,157.18565906014294,0.0,1.0,0.0,0.0,2.0
17885,0.0013499302760970225,0.29158493963695686,0.0,0.1,836.6720930003105,154.68218382824026,0.0,1.0,0.0,0.0,2.0
17886,0.0017473113661303824,0.37741925508416263,0.0,0.1,828.946709437863,151.75449236465948,0.0,1.0,0.0,0.0,2.0
17887,0.001463921245738464,0.3162069890795082,0.0,0.1,820.2291261998199,155.68841032715014,0.0,1.0,0.0,0.0,2.0
17888,0.0005404106287844193,0.1167286958174346,0.0,0.1,813.3382495693116,151.90986232731402,0.0,1.0,0.0,0.0,2.0
17889,0.0014891567025899126,0.32165784775942113,0.0,0.1,807.8746240507492,152.75144646896425,0.0,1.0,0.0,0.0,2.0
17890,0.0017535341680577853,0.3787633803004817,0.0,0.1,797.366678719332,151.91458634957874,0.0,1.0,0.0,0.0,2.0
17891,0.002311373156134659,0.4992566017250863,0.0,0.1,787.5557302442318,150.8151851584297,0.0,1.0,0.0,0.0,2.0
17892,0.0010548064113379888,0.22783818484900556,0.0,0.1,777.6882647104992,149.50958575917053,0.0,1.0,0.0,0.0,2.0
17893,0.002560296901744372,0.5530241307767844,0.0,0.1,771.9491012172261,151.42695486272504,0.0,1.0,0.0,0.0,2.0
17894,0.0022561730117512248,0.48733337053826453,0.0,0.1,762.5613533388954,153.0025959799058,0.0,1.0,0.0,0.0,2.0
17895,0.0013972902638041428,0.30181469698169483,0.0,0.1,754.2869368699759,154.97861242894027,0.0,1.0,0.0,0.0,2.0
17896,0.002112429807520969,0.4562848384245293,0.0,0.1,747.4864514823078,156.01598830135416,0.0,1.0,0.0,0.0,2.0
17897,0.001681781656373499,0.3632648377766758,0.0,0.1,742.1231317869118,157.46645988234636,0.0,1.0,0.0,0.0,2.0
17898,0.002651469261342615,0.5727173604500049,0.0,0.1,740.6120594749309,157.21772627611182,0.0,1.0,0.0,0.0,2.0
17899,0.002269019966977962,0.49010831286723977,0.0,0.1,736.2861353227341,158.9979850511851,0.0,1.0,0.0,0.0,2.0
17900,0.001447059935278115,0.31256494602007284,0.0,0.1,731.7421008308437,163.20231454150627,0.0,1.0,0.0,0.0,2.0
17901,0.0005787698125277923,0.12501427950600313,0.0,0.1,729.0748322828101,166.07029394093462,0.0,1.0,0.0,0.0,2.0
17902,0.0016805500843383827,0.3629988182170907,0.0,0.1,728.8826678931747,165.64031473507129,0.0,1.0,0.0,0.0,2.0
17903,0.0012775291770348017,0.27594630223951716,0.0,0.1,731.5783100797478,160.54164999825576,0.0,1.0,0.0,0.0,2.0
17904,0.0017486375095662646,0.37770570206631315,0.0,0.1,737.0322050002012,152.48861930762644,0.0,1.0,0.0,0.0,2.0
17905,0.001523322671560615,0.32903769705709285,0.0,0.1,739.7593911903374,149.20864094574142,0.0,1.0,0.0,0.0,2.0
17906,0.00046110476231166794,0.09959862865932027,1.0,0.1,743.3513342503195,144.95087785507891,0.0,1.0,0.0,0.0,2.0
17907,0.0007206487936184284,0.15566013942158052,0.0,0.1,745.1591888175008,142.17229095158748,0.0,1.0,0.0,0.0,2.0
17908,0.00017022120559017493,0.03676778040747778,1.0,0.1,749.9153073779031,133.42175213845763,0.0,1.0,0.0,0.0,2.0
17909,0.0006301903255387236,0.13612111031636429,0.0,0.1,763.9897014684849,116.9658155964489,0.0,1.0,0.0,0.0,2.0
17910,0.0005901850564957137,0.12747997220307417,0.0,0.1,777.5429335572317,99.47301012961557,0.0,1.0,0.0,0.0,2.0
17911,0.0009636138299626033,0.2081405872719223,0.0,0.1,779.7935196814415,95.7459397988239,0.0,1.0,0.0,0.0,2.0
17912,0.0016163138672048696,0.3491237953162519,0.0,0.1,790.8223824731102,83.05065171149258,0.0,1.0,0.0,0.0,2.0
17913,0.0020527696628624107,0.4433982471782807,0.0,0.1,796.2809426662776,77.46396476105433,0.0,1.0,0.0,0.0,2.0
17914,0.0008492858354991738,0.18344574046782156,0.0,0.1,794.1436716134606,80.30949102026935,0.0,1.0,0.0,0.0,2.0
17915,0.0009778653384575314,0.2112189131068268,0.0,0.1,795.4623133074778,81.09518924393306,0.0,1.0,0.0,0.0,2.0
17916,0.002136337623423935,0.46144892665957005,0.0,0.1,794.0436741730194,83.29698830755882,0.0,1.0,0.0,0.0,2.0
17917,0.0023899062679729488,0.516219753882157,0.0,0.1,794.8549871549984,87.08243577040813,0.0,1.0,0.0,0.0,2.0
17918,0.0027484906122115563,0.5936739722376961,0.0,0.1,798.3853833296872,89.9842006415587,0.0,1.0,0.0,0.0,2.0
17919,0.0007956599947564016,0.17186255886738275,0.0,0.1,797.9456892717712,93.23558442443898,0.0,1.0,0.0,0.0,2.0
17920,0.0006873665302495278,0.148471170533898,0.0,0.1,799.6692330582903,93.02222303152135,0.0,1.0,0.0,0.0,2.0
17921,0.003200818689257197,0.6913768368795546,0.0,0.1,798.420377411878,97.63568777572878,0.0,1.0,0.0,0.0,2.0
17922,0.0016868029858208456,0.36434944493730265,0.0,0.1,791.521834392531,109.13347284888829,0.0,1.0,0.0,0.0,2.0
17923,0.003122441269957771,0.6744473143108786,0.0,0.1,788.0670112042744,119.37753197958148,0.0,1.0,0.0,0.0,2.0
17924,0.0017162481043663318,0.3707095905431277,0.0,0.1,784.420622295652,128.87482018238822,0.0,1.0,0.0,0.0,2.0
17925,,,,0.1,783.7154584704072,133.37248332896,0.0,1.0,0.0,0.0,2.0
17926,,,,0.1,779.4041467542831,142.37430464503436,,,0.0,0.0,2.0
17927,,,,0.1,774.9816438481191,154.73160321765303,,,0.0,0.0,2.0
17928,,,,0.1,772.2914565892353,164.25734831486997,,,0.0,0.0,2.0
17929,,,,0.1,770.5653275058828,168.82835364734467,0.0,1.0,0.0,0.0,2.0
17930,,,,0.1,768.4305957872051,174.57241984657702,,,0.0,0.0,2.0
17931,,,,0.1,761.3152121697058,180.96015142213986,,,0.0,0.0,2.0
17932,0.0023931944128366095,0.5169299931727077,0.0,0.1,753.4694250575171,191.1705970104595,0.0,1.0,0.0,0.0,2.0
17933,0.00048254718718901353,0.10423019243282693,0.0,0.1,750.3305407791756,198.4434380553823,0.0,1.0,0.0,0.0,2.0
17934,0.0015359662474046269,0.3317687094393994,0.0,0.1,749.1696374773929,202.79667408991492,0.0,1.0,0.0,0.0,2.0
17935,0.003309831385499693,0.7149235792679337,0.0,0.1,749.165172703134,210.27785387201592,0.0,1.0,0.0,0.0,2.0
17936,0.003360528196779307,0.7258740905043303,0.0,0.1,745.0756679087334,219.385677861037,0.0,1.0,0.0,0.0,2.0
17937,0.0007093490599612661,0.15321939695163347,0.0,0.1,742.3712100697772,226.2453400248637,0.0,1.0,0.0,0.0,2.0
17938,0.002401755046013325,0.5187790899388782,0.0,0.1,740.2731811770408,229.49024484863244,0.0,1.0,0.0,0.0,2.0
17939,0.003109910077419004,0.6717405767225049,0.0,0.1,735.4927526467188,240.80664810959476,0.0,1.0,0.0,0.0,2.0
17940,0.0025097562757150425,0.5421073555544492,0.0,0.1,732.4333801680692,252.21912143410165,0.0,1.0,0.0,0.0,2.0
17941,0.004542876278488067,0.9812612761534225,0.0,0.1,728.5949093178601,262.15852240020246,0.0,1.0,0.0,0.0,2.0
17942,0.0017839845680237298,0.3853406666931256,0.0,0.1,730.2086691019322,269.0776123273252,0.0,1.0,0.0,0.0,2.0
17943,0.0033198775560940915,0.7170935521163238,0.0,0.1,729.495015488828,273.50680200951876,0.0,1.0,0.0,0.0,2.0
17944,0.0031069936002696397,0.6711106176582422,0.0,0.1,728.4726212320912,282.1791225692946,0.0,1.0,0.0,0.0,2.0
17945,0.003891641848803622,0.8405946393415824,0.0,0.1,731.976974443746,289.4436595381708,0.0,1.0,0.0,0.0,2.0
17946,0.001112046934975679,0.24020213795474665,0.0,0.1,733.8889063442516,294.59142062303806,0.0,1.0,0.0,0.0,2.0
17947,0.0015183375039272292,0.32796090084828156,0.0,0.1,734.4992522964793,296.7875289830492,0.0,1.0,0.0,0.0,2.0
17948,0.001254586053065005,0.2709905874620411,0.0,0.1,733.4375821762969,299.9389698457215,0.0,1.0,0.0,0.0,2.0
17949,0.000147134145080247,0.03178097533733335,1.0,0.1,737.2223433032395,298.3018608673916,0.0,1.0,0.0,0.0,2.0
17950,0.0011438677682935462,0.247075437951406,0.0,0.1,743.8979623337009,295.14424987571647,0.0,1.0,0.0,0.0,2.0
17951,0.0004962157954108663,0.10718261180874714,0.0,0.1,751.3408686221262,286.192238515901,0.0,1.0,0.0,0.0,2.0
17952,0.0018610564839517932,0.40198820053358736,0.0,0.1,753.4287387693935,282.8372849910314,0.0,1.0,0.0,0.0,2.0
17953,0.0012324651573568245,0.2662124739890741,0.0,0.1,758.4996140915054,276.4651717578501,0.0,1.0,0.0,0.0,2.0
17954,0.001753326457591646,0.3787185148397956,0.0,0.1,764.7426388108267,270.20945896842466,0.0,1.0,0.0,0.0,2.0
17955,0.0004337262532271528,0.093684870697065,1.0,0.1,767.8756574612985,262.43591072266787,0.0,1.0,0.0,0.0,2.0
17956,0.0014419260464713312,0.3114560260378076,0.0,0.1,770.4229646039843,259.0528273620004,0.0,1.0,0.0,0.0,2.0
17957,0.0011648775496166807,0.25161355071720304,0.0,0.1,773.0899420830792,253.50641256214215,0.0,1.0,0.0,0.0,2.0
17958,0.0004743496819883891,0.10245953130949205,0.0,0.1,775.5199763829256,249.4663193648692,0.0,1.0,0.0,0.0,2.0
17959,0.0003770491061670104,0.08144260693207425,1.0,0.1,779.1170041471594,246.14956901441232,0.0,1.0,0.0,0.0,2.0
17960,0.0005232471916510675,0.11302139339663059,0.0,0.1,783.6003239749056,238.9204103265478,0.0,1.0,0.0,0.0,2.0
17961,0.0006122858127125531,0.1322537355459115,0.0,0.1,786.2922336793217,234.99091041762404,0.0,1.0,0.0,0.0,2.0
17962,0.0006028783793220827,0.13022172993356987,0.0,0.1,788.7612488866156,229.80474150636107,0.0,1.0,0.0,0.0,2.0
17963,0.0012567963016176114,0.2714680011494041,0.0,0.1,792.4970361407951,222.68630527349964,0.0,1.0,0.0,0.0,2.0
17964,0.00024013724089929554,0.05186964403424784,1.0,0.1,796.5342999394815,217.8840061647665,0.0,1.0,0.0,0.0,2.0
17965,0.000916152432415043,0.1978889254016493,0.0,0.1,797.7532274889385,217.24866857253764,0.0,1.0,0.0,0.0,2.0
17966,0.000379944929033506,0.0820681046712373,1.0,0.1,799.2604490994065,216.96342788927154,0.0,1.0,0.0,0.0,2.0
17967,0.00039975882879097867,0.0863479070188514,1.0,0.1,799.5214114425404,214.60877341779616,0.0,1.0,0.0,0.0,2.0
17968,0.0001532837781601342,0.03310929608258899,1.0,0.1,799.4434529939203,214.16911617839966,0.0,1.0,0.0,0.0,2.0
17969,0.00025355923935029137,0.054768795699662934,1.0,0.1,798.8954880860138,214.1276639394695,0.0,1.0,0.0,0.0,2.0
17970,0.0010198008726817456,0.22027698849925706,0.0,0.1,799.6007056590112,214.4684229818417,0.0,1.0,0.0,0.0,2.0
17971,0.000547876068156702,0.11834123072184766,0.0,0.1,800.0456773785457,215.59292991901475,0.0,1.0,0.0,0.0,2.0
17972,0.0017368132802741665,0.37515166853922,0.0,0.1,798.7905900120535,215.39854871951016,0.0,1.0,0.0,0.0,2.0
17973,0.00022112101047661883,0.047762138262949665,1.0,0.1,797.1741373260759,212.87300049666956,0.0,1.0,0.0,0.0,2.0
17974,0.0004531347863753778,0.0978771138570816,1.0,0.1,797.0585272074181,213.27213489960423,0.0,1.0,0.0,0.0,2.0
17975,0.0006099512002564405,0.13174945925539114,0.0,0.1,797.7349091234232,211.4764038771154,0.0,1.0,0.0,0.0,2.0
17976,0.00035688413789729706,0.07708697378581617,1.0,0.1,798.1224778805484,209.84215383955816,0.0,1.0,0.0,0.0,2.0
17977,0.0004774489144917957,0.10312896553022788,0.0,0.1,795.3582981569227,211.04064764377836,0.0,1.0,0.0,0.0,2.0
17978,0.00011777665601125319,0.025439757698430692,1.0,0.1,789.1587537212228,209.74157735323456,0.0,1.0,0.0,0.0,2.0
17979,0.00014607620068122774,0.03155245934714519,1.0,0.1,786.9106918865347,208.72795444069843,0.0,1.0,0.0,0.0,2.0
17980,,,,0.1,786.110021762023,205.400627196417,0.0,1.0,0.0,0.0,2.0
17981,,,,0.1,785.7527158107401,205.66090807706397,,,0.0,0.0,2.0
17982,0.00010501464681967098,0.02268316371304893,1.0,0.1,785.090096666072,206.92414820560495,0.0,1.0,0.0,0.0,2.0
17983,0.00029805322436703114,0.06437949646327873,1.0,0.1,783.281325519847,210.20244428825455,0.0,1.0,0.0,0.0,2.0
17984,0.0001144141719832213,0.024713461148375804,1.0,0.1,778.5266436768103,219.14750661228484,0.0,1.0,0.0,0.0,2.0
17985,0.0001406762869713799,0.03038607798581806,1.0,0.1,777.8550515176357,222.62183064275558,0.0,1.0,0.0,0.0,2.0
17986,0.00038194261067789104,0.08249960390642447,1.0,0.1,778.5935290426845,223.05090045514078,0.0,1.0,0.0,0.0,2.0
17987,0.00030125654179188953,0.06507141302704814,1.0,0.1,777.892394656009,221.25867587559173,0.0,1.0,0.0,0.0,2.0
17988,0.00024627212970801805,0.0531947800169319,1.0,0.1,778.3706438738169,219.34591580817056,0.0,1.0,0.0,0.0,2.0
17989,0.00034744136103122996,0.07504733398274568,1.0,0.1,772.8304162313509,217.50145506804583,0.0,1.0,0.0,0.0,2.0
17990,0.0004759049275613601,0.10279546435325378,0.0,0.1,771.1577217943866,214.7988099419454,0.0,1.0,0.0,0.0,2.0
17991,0.0002708942599992941,0.058513160159847526,1.0,0.1,769.4584808203687,211.71445411997206,0.0,1.0,0.0,0.0,2.0
17992,0.00022060782470771802,0.04765129013686709,1.0,0.1,768.7441408151766,211.13386570314907,0.0,1.0,0.0,0.0,2.0
17993,6.46863907242639e-05,0.013972260396441002,1.0,0.1,767.9526790817247,211.24961303758025,0.0,1.0,0.0,0.0,2.0
17994,0.0003420251754633645,0.07387743790008675,1.0,0.1,767.9334384506725,212.31413178652735,0.0,1.0,0.0,0.0,2.0
17995,9.536073014072878e-05,0.02059791771039742,1.0,0.1,773.9671483860233,209.11372812917003,0.0,1.0,0.0,0.0,2.0
17996,5.99960844161812e-05,0.01295915423389514,1.0,0.1,778.6589868905301,206.10157731070873,0.0,1.0,0.0,0.0,2.0
17997,0.00024023728556840003,0.05189125368277441,1.0,0.1,780.2276953179041,205.58774575861213,0.0,1.0,0.0,0.0,2.0
17998,9.239559575711191e-05,0.01995744868353617,1.0,0.1,782.113515291812,204.24795046085214,0.0,1.0,0.0,0.0,2.0
17999,,,,0.1,783.1346890788712,204.81190285881738,0.0,1.0,0.0,0.0,2.0
18000,,,,0.1,785.9670815964602,206.57285891960626,,,0.0,0.0,2.0
18001,0.00025618987534164453,0.05533701307379522,1.0,0.1,786.2012099246936,208.9049617827833,0.0,1.0,0.0,0.0,2.0
18002,0.0008837702482455988,0.19089437362104933,0.0,0.1,787.7318237987593,214.78544801850225,0.0,1.0,0.0,0.0,2.0
18003,0.0002260460721354789,0.048825951581263446,1.0,0.1,791.2342301776989,217.81321755654318,0.0,1.0,0.0,0.0,2.0
18004,0.00029801101299699144,0.06437037880735015,1.0,0.1,793.3502472080353,217.65713308583778,0.0,1.0,0.0,0.0,2.0
18005,8.498249671573504e-05,0.018356219290598767,1.0,0.1,792.5550155752647,218.0833032810818,0.0,1.0,0.0,0.0,2.0
18006,7.119113998459923e-05,0.015377286236673435,1.0,0.1,794.7378283262206,217.6319153493388,0.0,1.0,0.0,0.0,2.0
18007,0.0002565507050191347,0.055414952284133095,1.0,0.1,799.28633546718,213.14254324245545,0.0,1.0,0.0,0.0,2.0
18008,0.0008480511904272885,0.1831790571322943,0.0,0.1,808.9574067841976,206.71451755482195,0.0,1.0,0.0,0.0,2.0
18009,4.0154825718274126e-05,0.00867344235514721,1.0,0.1,816.7572861973314,201.8846665279961,0.0,1.0,0.0,0.0,2.0
18010,0.0003628663839533641,0.07837913893392666,1.0,0.1,818.2082922037581,201.54820855667708,0.0,1.0,0.0,0.0,2.0
18011,0.00010970368646506694,0.02369599627645446,1.0,0.1,818.8729420251166,198.70316792472298,0.0,1.0,0.0,0.0,2.0
18012,0.0002694609712844112,0.05820356979743282,1.0,0.1,819.717847185377,199.0937401761233,0.0,1.0,0.0,0.0,2.0
18013,0.000777739561671928,0.16799174532113645,0.0,0.1,822.8962274307349,194.0756486078324,0.0,1.0,0.0,0.0,2.0
18014,0.00045977758761673817,0.09931195892521545,1.0,0.1,822.3610183546793,189.73307928038565,0.0,1.0,0.0,0.0,2.0
18015,0.0003883224093357225,0.08387764041651606,1.0,0.1,823.0458949971079,187.59409874664107,0.0,1.0,0.0,0.0,2.0
18016,0.0005260135708476541,0.11361893130309328,0.0,0.1,823.4926936532843,185.68705913816532,0.0,1.0,0.0,0.0,2.0
18017,0.00011194462911334052,0.024180039888481553,1.0,0.1,823.9329480888119,182.86553346610737,0.0,1.0,0.0,0.0,2.0
18018,0.0006254475426913903,0.1350966692213403,0.0,0.1,823.9730761221199,183.8410174302032,0.0,1.0,0.0,0.0,2.0
18019,0.0004665371626942339,0.10077202714195452,0.0,0.1,825.4257563557824,185.57041055646778,0.0,1.0,0.0,0.0,2.0
18020,0.0010036057270064649,0.21677883703339643,0.0,0.1,823.5080515489856,190.03861840384405,0.0,1.0,0.0,0.0,2.0
18021,0.0010999063994845918,0.23757978228867183,0.0,0.1,818.9059055979645,197.24699646634318,0.0,1.0,0.0,0.0,2.0
18022,0.0006005669590773804,0.12972246316071417,0.0,0.1,813.5264073638397,200.76580257665466,0.0,1.0,0.0,0.0,2.0
18023,0.00016268084535844382,0.035139062597423866,1.0,0.1,807.6489319546821,201.4656871554629,0.0,1.0,0.0,0.0,2.0
18024,0.000736204775487174,0.1590202315052296,0.0,0.1,805.0088503786627,200.72091036864387,0.0,1.0,0.0,0.0,2.0
18025,0.0004411732945049898,0.0952934316130778,1.0,0.1,796.4419394944845,201.94988966248414,0.0,1.0,0.0,0.0,2.0
18026,0.0016833272722349827,0.36359869080275625,0.0,0.1,789.6643569551508,203.14856071683533,0.0,1.0,0.0,0.0,2.0
18027,0.0005867205735402244,0.12673164388468847,0.0,0.1,785.2777115164315,201.5661713658449,0.0,1.0,0.0,0.0,2.0
18028,0.001855775004028582,0.4008474008701737,0.0,0.1,782.0886585595958,200.3517170234422,0.0,1.0,0.0,0.0,2.0
18029,0.0011312740709798423,0.24435519933164596,0.0,0.1,775.085221288645,201.99746875119197,0.0,1.0,0.0,0.0,2.0
18030,0.001318717770863892,0.2848430385066007,0.0,0.1,761.6976624440213,206.45142923084111,0.0,1.0,0.0,0.0,2.0
18031,0.0009318026609487782,0.2012693747649361,0.0,0.1,749.2960235905874,212.33107471354123,0.0,1.0,0.0,0.0,2.0
18032,0.0004949895904733705,0.10691775154224804,0.0,0.1,741.4016132117818,216.35243599759272,0.0,1.0,0.0,0.0,2.0
18033,0.0012766888768942358,0.27576479740915494,0.0,0.1,738.2882956139769,217.18539253179773,0.0,1.0,0.0,0.0,2.0
18034,0.0003504218693790883,0.07569112378588308,1.0,0.1,737.6494847073111,217.93554975694542,0.0,1.0,0.0,0.0,2.0
18035,0.0010463288752731665,0.22600703705900396,0.0,0.1,736.7973133556599,221.49056734939344,0.0,1.0,0.0,0.0,2.0
18036,0.0004485082395056777,0.09687777973322638,1.0,0.1,735.8581774576314,227.1373081557172,0.0,1.0,0.0,0.0,2.0
18037,0.00020764949884522038,0.044852291750567604,1.0,0.1,735.2338770026759,228.8610613122011,0.0,1.0,0.0,0.0,2.0
18038,0.0004948527993348214,0.10688820465632143,0.0,0.1,734.9293643497247,230.5524930300253,0.0,1.0,0.0,0.0,2.0
18039,0.00013553859066640803,0.029276335583944137,1.0,0.1,734.3279745973676,232.8248750437053,0.0,1.0,0.0,0.0,2.0
18040,0.0003959991297493992,0.08553581202587023,1.0,0.1,734.1633580915959,233.65472055450928,0.0,1.0,0.0,0.0,2.0
18041,0.00018289086103828695,0.03950442598426998,1.0,0.1,735.6225971221775,233.71275897890305,0.0,1.0,0.0,0.0,2.0
18042,0.0007304092318105562,0.15776839407108015,0.0,0.1,735.7137119131432,233.74141218292303,0.0,1.0,0.0,0.0,2.0
18043,0.0007039373464625539,0.15205046683591164,0.0,0.1,736.5595445412301,234.5505160621912,0.0,1.0,0.0,0.0,2.0
18044,0.0004744357649593255,0.1024781252312143,0.0,0.1,737.4164289906173,234.5060780378111,0.0,1.0,0.0,0.0,2.0
18045,0.0005503123318419954,0.118867463677871,0.0,0.1,733.8913553732306,236.1949339594123,0.0,1.0,0.0,0.0,2.0
18046,0.00047870788748030716,0.10340090369574635,0.0,0.1,730.7663271744789,237.10523677341286,0.0,1.0,0.0,0.0,2.0
18047,0.000348981112493937,0.0753799202986904,1.0,0.1,726.1978575408484,238.51052989122854,0.0,1.0,0.0,0.0,2.0
18048,0.0007403918598385727,0.1599246417251317,0.0,0.1,720.5170202939318,240.40852673404692,0.0,1.0,0.0,0.0,2.0
18049,0.0009671937645671042,0.2089138531464945,0.0,0.1,710.1059155111514,244.71856483321065,0.0,1.0,0.0,0.0,2.0
18050,0.0007036702489026345,0.15199277376296905,0.0,0.1,698.3278904458505,253.21908653726638,0.0,1.0,0.0,0.0,2.0
18051,0.00026152132948164733,0.056488607168035825,1.0,0.1,694.4587868386196,255.81475794067364,0.0,1.0,0.0,0.0,2.0
18052,0.0008783493140675211,0.18972345183858455,0.0,0.1,691.0554317539709,257.552357443056,0.0,1.0,0.0,0.0,2.0
18053,0.000662496650796848,0.14309927657211918,0.0,0.1,684.7324544923104,261.96364320762444,0.0,1.0,0.0,0.0,2.0
18054,0.000436174380091084,0.09421366609967415,1.0,0.1,678.7132409300873,267.13833879514556,0.0,1.0,0.0,0.0,2.0
18055,0.0002380937027381663,0.051428239791443925,1.0,0.1,676.5883846449914,268.86832554903475,0.0,1.0,0.0,0.0,2.0
18056,0.00013769806179769734,0.029742781348302622,1.0,0.1,675.191881141076,270.0407817263279,0.0,1.0,0.0,0.0,2.0
18057,0.00038110428883011727,0.08231852638730533,1.0,0.1,672.4132870691923,271.6695644114812,0.0,1.0,0.0,0.0,2.0
18058,0.0004143609453431166,0.08950196419411319,1.0,0.1,670.1714905258923,272.1994382921906,0.0,1.0,0.0,0.0,2.0
18059,0.00023121471430114063,0.04994237828904637,1.0,0.1,665.6669434838406,274.9712589484752,0.0,1.0,0.0,0.0,2.0
18060,4.3254216282161434e-05,0.009342910716946871,1.0,0.1,663.9676896480951,275.56749203156636,0.0,1.0,0.0,0.0,2.0
18061,5.144496561696102e-05,0.011112112573263581,1.0,0.1,663.8334423601317,275.8559416604341,0.0,1.0,0.0,0.0,2.0
18062,0.0001929477082298456,0.04167670497764665,1.0,0.1,664.2802588470397,275.5332291894513,0.0,1.0,0.0,0.0,2.0
18063,1.9115847307191128e-05,0.004129023018353283,1.0,0.1,665.9394415330017,273.8879640092134,0.0,1.0,0.0,0.0,2.0
18064,0.00010896088656855228,0.023535551498807292,1.0,0.1,666.2049113476095,273.5481041774805,0.0,1.0,0.0,0.0,2.0
18065,0.00010533512631126414,0.022752387283233054,1.0,0.1,667.4100651543373,271.8036630555117,0.0,1.0,0.0,0.0,2.0
18066,0.0005132676971736762,0.11086582258951407,0.0,0.1,668.5220922162986,270.198003676055,0.0,1.0,0.0,0.0,2.0
18067,8.287379527175334e-05,0.01790073977869872,1.0,0.1,669.0777243974843,269.75145023799104,0.0,1.0,0.0,0.0,2.0
18068,0.00013715062276230792,0.029624534516658512,1.0,0.1,670.3889121598525,268.00309011351794,0.0,1.0,0.0,0.0,2.0
18069,7.917224789470598e-05,0.01710120554525649,1.0,0.1,671.0573452951684,267.84610537963863,0.0,1.0,0.0,0.0,2.0
18070,0.00024264073030543713,0.05241039774597442,1.0,0.1,672.5904008817183,266.0367350450664,0.0,1.0,0.0,0.0,2.0
18071,0.0003380393975935857,0.07301650988021452,1.0,0.1,673.3531256838526,265.35209431701657,0.0,1.0,0.0,0.0,2.0
18072,0.00013992823582873888,0.030224498939007596,1.0,0.1,673.4897957323211,265.90861946532743,0.0,1.0,0.0,0.0,2.0
18073,0.00019775125284293463,0.04271427061407388,1.0,0.1,673.5540445881862,265.83848875492345,0.0,1.0,0.0,0.0,2.0
18074,0.00016007980048757733,0.03457723690531671,1.0,0.1,673.4332463296549,266.22024332410996,0.0,1.0,0.0,0.0,2.0
18075,9.376616306516734e-05,0.020253491222076144,1.0,0.1,673.1924303790643,266.8515023311277,0.0,1.0,0.0,0.0,2.0
18076,7.832724551903639e-05,0.01691868503211186,1.0,0.1,674.0698027666521,266.27369928270866,0.0,1.0,0.0,0.0,2.0
18077,0.00017706137699067468,0.03824525742998573,1.0,0.1,673.5428742060002,266.391255918274,0.0,1.0,0.0,0.0,2.0
18078,7.729792783812986e-05,0.016696352413036047,1.0,0.1,673.694814576262,266.23618940750646,0.0,1.0,0.0,0.0,2.0
18079,0.0003311954452971435,0.071538216184183,1.0,0.1,673.5637976062716,265.89023956129915,0.0,1.0,0.0,0.0,2.0
18080,8.515134557803102e-05,0.0183926906448547,1.0,0.1,674.1906361721013,266.43419414703004,0.0,1.0,0.0,0.0,2.0
18081,4.681143134880514e-05,0.010111269171341912,1.0,0.1,674.5072518341868,267.04698558404107,0.0,1.0,0.0,0.0,2.0
18082,0.00036090709161738685,0.07795593178935556,1.0,0.1,673.433750645012,267.46977051456696,0.0,1.0,0.0,0.0,2.0
18083,0.0005515989031126076,0.11914536307232325,0.0,0.1,673.9556242054083,267.21480300230405,0.0,1.0,0.0,0.0,2.0
18084,6.87466095114166e-05,0.014849267654465986,1.0,0.1,674.5150303594925,266.7202308786657,0.0,1.0,0.0,0.0,2.0
18085,5.434467113774901e-05,0.011738448965753788,1.0,0.1,673.9461064448042,266.99520975569243,0.0,1.0,0.0,0.0,2.0
18086,0.00010316088219872577,0.022282750554924766,1.0,0.1,674.1745265537155,266.7464360379847,0.0,1.0,0.0,0.0,2.0
18087,8.021767990963079e-05,0.01732701886048025,1.0,0.1,674.0838688661993,266.7668600353839,0.0,1.0,0.0,0.0,2.0
18088,0.00012020700923229656,0.025964713994176058,1.0,0.1,673.8257714175156,266.6841814411796,0.0,1.0,0.0,0.0,2.0
18089,5.828593211670006e-05,0.012589761337207213,1.0,0.1,674.3528006774428,266.52169293151064,0.0,1.0,0.0,0.0,2.0
18090,9.502679701804432e-05,0.020525788155897576,1.0,0.1,674.5165719178161,266.6588151329871,0.0,1.0,0.0,0.0,2.0
18091,6.019998878158248e-05,0.013003197576821817,1.0,0.1,674.8897753763009,266.5873557677659,0.0,1.0,0.0,0.0,2.0
18092,7.046006021880042e-05,0.01521937300726089,1.0,0.1,674.2937555740195,266.946662150616,0.0,1.0,0.0,0.0,2.0
18093,9.397133407883973e-05,0.020297808161029385,1.0,0.1,674.5930893581645,267.07615431015313,0.0,1.0,0.0,0.0,2.0
18094,7.650887101415753e-05,0.016525916139058027,1.0,0.1,675.3356307611328,266.1315692441157,0.0,1.0,0.0,0.0,2.0
18095,8.17643944806793e-05,0.01766110920782673,1.0,0.1,675.114040460755,266.19469339714067,0.0,1.0,0.0,0.0,2.0
18096,0.00011188112280594687,0.024166322526084524,1.0,0.1,675.0206035137284,265.83819493931605,0.0,1.0,0.0,0.0,2.0
18097,4.842316461706619e-05,0.010459403557286296,1.0,0.1,675.1170880622732,265.46297414201683,0.0,1.0,0.0,0.0,2.0
18098,0.0001042675497288369,0.02252179074142877,1.0,0.1,674.7254263290428,266.41597865587426,0.0,1.0,0.0,0.0,2.0
18099,3.396909435568082e-05,0.0073373243808270575,1.0,0.1,673.699043826822,267.04509241240174,0.0,1.0,0.0,0.0,2.0
18100,6.585171159210667e-05,0.01422396970389504,1.0,0.1,673.6188431265392,267.30586797525206,0.0,1.0,0.0,0.0,2.0
18101,6.362511411469449e-05,0.01374302464877401,1.0,0.1,674.0330972905074,267.0777973292883,0.0,1.0,0.0,0.0,2.0
18102,6.949203509335203e-05,0.015010279580164038,1.0,0.1,674.1671896787681,267.1596120703005,0.0,1.0,0.0,0.0,2.0
18103,6.1327138714834e-05,0.013246661962404144,1.0,0.1,674.7259050654376,266.860650697975,0.0,1.0,0.0,0.0,2.0
18104,6.585812046546695e-05,0.014225354020540861,1.0,0.1,674.4919619516509,266.89729647468863,0.0,1.0,0.0,0.0,2.0
18105,5.8639600329626734e-05,0.012666153671199375,1.0,0.1,674.9696804820787,266.5929956741011,0.0,1.0,0.0,0.0,2.0
18106,1.813602745508264e-05,0.003917381930297851,1.0,0.1,674.9740141688545,266.4468565841169,0.0,1.0,0.0,0.0,2.0
18107,0.00016309834933886852,0.0352292434571956,1.0,0.1,675.2235880955426,266.1812359427702,0.0,1.0,0.0,0.0,2.0
18108,0.00025935023161796465,0.05601965002948037,1.0,0.1,675.0080109106866,266.54595868252073,0.0,1.0,0.0,0.0,2.0
18109,0.00011830007028602029,0.025552815181780385,1.0,0.1,673.6972774890885,267.62431887149546,0.0,1.0,0.0,0.0,2.0
18110,0.0001403980012622683,0.030325968272649953,1.0,0.1,675.4030716312665,267.13303206620543,0.0,1.0,0.0,0.0,2.0
18111,0.0005887093934281793,0.12716122898048676,0.0,0.1,677.5675550668706,265.4450269463205,0.0,1.0,0.0,0.0,2.0
18112,0.00029567808837215547,0.06386646708838559,1.0,0.1,683.7574233126807,259.95488035194404,0.0,1.0,0.0,0.0,2.0
18113,0.00010980226196376594,0.023717288584173442,1.0,0.1,688.5869625770789,257.18594760803586,0.0,1.0,0.0,0.0,2.0
18114,5.1713622645767476e-05,0.011170142491485775,1.0,0.1,689.7935317885863,257.5990294363915,0.0,1.0,0.0,0.0,2.0
18115,0.0007060603878611489,0.15250904377800817,0.0,0.1,692.0690438836707,260.75696516884364,0.0,1.0,0.0,0.0,2.0
18116,0.00018467532003542733,0.03988986912765231,1.0,0.1,693.6445943821166,263.51905612617446,0.0,1.0,0.0,0.0,2.0
18117,0.0004661294166767639,0.100683954002181,0.0,0.1,698.8325732352056,257.8807152139574,0.0,1.0,0.0,0.0,2.0
18118,0.0004240127254287595,0.09158674869261206,1.0,0.1,702.2998980961372,253.95541990410078,0.0,1.0,0.0,0.0,2.0
18119,0.0016868287098893893,0.3643550013361081,0.0,0.1,706.7181820184326,249.29159136214577,0.0,1.0,0.0,0.0,2.0
18120,3.7801280660377134e-05,0.008165076622641461,1.0,0.1,710.0930724812289,245.10394684719577,0.0,1.0,0.0,0.0,2.0
18121,0.00012712230242122128,0.0274584173229838,1.0,0.1,712.034179303646,244.5639698987663,0.0,1.0,0.0,0.0,2.0
18122,0.00033925946531110834,0.07328004450719941,1.0,0.1,715.2072719066102,248.47646283761813,0.0,1.0,0.0,0.0,2.0
18123,0.0010930731591026173,0.23610380236616535,0.0,0.1,716.4779505931642,249.85999420244468,0.0,1.0,0.0,0.0,2.0
18124,0.0009980964044267538,0.21558882335617882,0.0,0.1,717.6773626667398,251.69929338503528,0.0,1.0,0.0,0.0,2.0
18125,0.0008832147873386343,0.19077439406514501,0.0,0.1,723.4313125272627,250.58644723960785,0.0,1.0,0.0,0.0,2.0
18126,0.0004057859067122694,0.0876497558498502,1.0,0.1,724.6432200513658,249.15416184359293,0.0,1.0,0.0,0.0,2.0
18127,0.0004342024133852119,0.09378772129120577,1.0,0.1,724.648824069167,248.3625504242116,0.0,1.0,0.0,0.0,2.0
18128,0.0006569035295014477,0.1418911623723127,0.0,0.1,725.4854486564459,247.41367249610317,0.0,1.0,0.0,0.0,2.0
18129,0.0007217897485492725,0.15590658568664287,0.0,0.1,726.5279256490894,249.10085739318896,0.0,1.0,0.0,0.0,2.0
18130,0.0010226069723940222,0.2208831060371088,0.0,0.1,728.3027329014545,253.10143237125033,0.0,1.0,0.0,0.0,2.0
18131,0.00040936506365609496,0.0884228537497165,1.0,0.1,731.5004756262435,257.9997614054494,0.0,1.0,0.0,0.0,2.0
18132,0.001934319619375613,0.4178130377851324,0.0,0.1,733.916098203656,260.1068331401529,0.0,1.0,0.0,0.0,2.0
18133,0.0009666061180155067,0.20878692149134945,0.0,0.1,737.2855447109318,270.3700745818066,0.0,1.0,0.0,0.0,2.0
18134,0.0026486181739253556,0.5721015255678767,0.0,0.1,741.0581345695614,279.6191260792431,0.0,1.0,0.0,0.0,2.0
18135,0.0014305293878209189,0.3089943477693185,0.0,0.1,742.9200447224225,291.3077309847929,0.0,1.0,0.0,0.0,2.0
18136,0.0035176288289676906,0.7598078270570212,0.0,0.1,745.2288214924203,296.64878320916193,0.0,1.0,0.0,0.0,2.0
18137,0.0025960650774547915,0.5607500567302349,0.0,0.1,750.287278962972,304.9564798169849,0.0,1.0,0.0,0.0,2.0
18138,0.002465861140139428,0.5326260062701165,0.0,0.1,753.6359395472687,314.39703891690976,0.0,1.0,0.0,0.0,2.0
18139,0.0018611081297336938,0.4019993560224779,0.0,0.1,758.0563194000031,322.89223884172407,0.0,1.0,0.0,0.0,2.0
18140,0.001194979071818414,0.2581154795127774,0.0,0.1,758.174885460706,331.59490996242397,0.0,1.0,0.0,0.0,2.0
18141,0.0018660547702592995,0.4030678303760087,0.0,0.1,759.0333764443701,335.9436987921824,0.0,1.0,0.0,0.0,2.0
18142,0.0011416216144717881,0.24659026872590623,0.0,0.1,759.6545217363096,341.1466160819202,0.0,1.0,0.0,0.0,2.0
18143,0.0013790839442727378,0.29788213196291136,0.0,0.1,762.1712901507775,344.8459935174998,0.0,1.0,0.0,0.0,2.0
18144,0.00030594273207149595,0.06608363012744312,1.0,0.1,764.1781977971305,346.10069220555266,0.0,1.0,0.0,0.0,2.0
18145,0.0019474549464131067,0.42065026842523107,0.0,0.1,766.2666385196313,348.8765475931767,0.0,1.0,0.0,0.0,2.0
18146,0.0018824996554564289,0.40661992557858867,0.0,0.1,765.095046056925,354.09898937134176,0.0,1.0,0.0,0.0,2.0
18147,0.0014381597071967285,0.31064249675449335,0.0,0.1,761.4328591917186,357.99838927662677,0.0,1.0,0.0,0.0,2.0
18148,0.0015677732219506345,0.33863901594133705,0.0,0.1,759.0352244704391,360.92242193133126,0.0,1.0,0.0,0.0,2.0
18149,0.00018186877405692773,0.03928365519629639,1.0,0.1,754.0447666916891,363.41910114582413,0.0,1.0,0.0,0.0,2.0
18150,0.0008224195939191124,0.17764263228652827,0.0,0.1,750.7041138545534,365.56278723246413,0.0,1.0,0.0,0.0,2.0
18151,0.0007664882923283135,0.16556147114291572,0.0,0.1,745.4980233952278,369.8706805669598,0.0,1.0,0.0,0.0,2.0
18152,0.001029438378762932,0.22235868981279333,0.0,0.1,738.1352309294981,376.1688768452353,0.0,1.0,0.0,0.0,2.0
18153,0.00024418154362418327,0.052743213422823586,1.0,0.1,732.4358309562534,382.4701185738683,0.0,1.0,0.0,0.0,2.0
18154,0.0014402830789433075,0.31110114505175446,0.0,0.1,731.310027579792,385.65958383645574,0.0,1.0,0.0,0.0,2.0
18155,0.0016202916206403354,0.34998299005831246,0.0,0.1,727.6963207989196,390.5096544493422,0.0,1.0,0.0,0.0,2.0
18156,0.001711107632623236,0.369599248646619,0.0,0.1,720.9532047720924,395.41236565594676,0.0,1.0,0.0,0.0,2.0
18157,0.0014093176876975905,0.30441262054267954,0.0,0.1,717.5383785230863,399.6671969131522,0.0,1.0,0.0,0.0,2.0
18158,0.0007137519831724761,0.15417042836525485,0.0,0.1,713.8385661163384,402.43947046976524,0.0,1.0,0.0,0.0,2.0
18159,0.0011272581608902101,0.2434877627522854,0.0,0.1,710.2743873015108,404.2526965580134,0.0,1.0,0.0,0.0,2.0
18160,0.0011705360882071016,0.25283579505273396,0.0,0.1,705.5256750645268,408.30073490778943,0.0,1.0,0.0,0.0,2.0
18161,0.0011259508405891746,0.2432053815672617,0.0,0.1,700.1664521588307,411.2175503854128,0.0,1.0,0.0,0.0,2.0
18162,0.00038178313772260834,0.0824651577480834,1.0,0.1,,,0.0,1.0,,,2.0
18163,0.0007058766515128655,0.15246935672677894,0.0,0.1,,,0.0,1.0,,,2.0
18164,0.00035565760800219893,0.07682204332847498,1.0,0.1,,,0.0,1.0,,,2.0
18165,0.0012285469300545037,0.26536613689177285,0.0,0.1,,,0.0,1.0,,,2.0
18166,0.00031541775534700653,0.06813023515495341,1.0,0.1,687.0483603357777,418.9244327410572,0.0,1.0,0.0,0.0,2.0
18167,0.0004027976945682347,0.08700430202673871,1.0,0.1,688.2824911605283,420.8907866583514,0.0,1.0,0.0,0.0,2.0
18168,0.0004827592150063315,0.10427599044136761,0.0,0.1,689.7065895685201,421.05619253186774,0.0,1.0,0.0,0.0,2.0
18169,0.0015636166900575787,0.33774120505243704,0.0,0.1,692.2427693404549,420.44998430695034,0.0,1.0,0.0,0.0,2.0
18170,0.0019987120977561675,0.4317218131153322,0.0,0.1,690.4983504696359,422.24350419874446,0.0,1.0,0.0,0.0,2.0
18171,0.0009672289252802089,0.20892144786052513,0.0,0.1,691.0393801673425,422.1842766531478,0.0,1.0,0.0,0.0,2.0
18172,0.0017929001073755224,0.38726642319311283,0.0,0.1,691.7549206195558,421.2636427165086,0.0,1.0,0.0,0.0,2.0
18173,0.0008635932180056641,0.18653613508922345,0.0,0.1,696.1566533132552,419.74731820905816,0.0,1.0,0.0,0.0,2.0
18174,0.0006091819939876203,0.13158331070132598,0.0,0.1,701.4295323167253,420.7341058157135,0.0,1.0,0.0,0.0,2.0
18175,0.00026243044992834205,0.05668497718452188,1.0,0.1,703.8135975389808,421.75405097346436,0.0,1.0,0.0,0.0,2.0
18176,0.0002691937222972604,0.05814584401620825,1.0,0.1,706.4046148864109,421.8032724373192,0.0,1.0,0.0,0.0,2.0
18177,0.0005754802120254125,0.12430372579748909,0.0,0.1,,,0.0,1.0,,,2.0
18178,0.00042982581853155715,0.09284237680281635,1.0,0.1,708.8345450384907,417.56180705441733,0.0,1.0,0.0,0.0,2.0
18179,0.001960021038631744,0.4233645443444567,0.0,0.1,711.6457317131297,413.8438743557536,0.0,1.0,0.0,0.0,2.0
18180,0.0005548642869318771,0.11985068597728547,0.0,0.1,715.882875556332,412.7443277178974,0.0,1.0,0.0,0.0,2.0
18181,0.0003982551042894323,0.08602310252651739,1.0,0.1,717.4997608372576,412.5976803342914,0.0,1.0,0.0,0.0,2.0
18182,0.000673897292768135,0.14556181523791714,0.0,0.1,,,0.0,1.0,,,2.0
18183,0.0002753705888263419,0.059480047186489846,1.0,0.1,,,0.0,1.0,,,2.0
18184,0.00036975658650075703,0.07986742268416351,1.0,0.1,723.8639308254702,400.32936112176003,0.0,1.0,0.0,0.0,2.0
18185,0.0003883728475189848,0.08388853506410071,1.0,0.1,,,0.0,1.0,,,2.0
18186,0.00048812783130805314,0.10543561156253947,0.0,0.1,725.5332347340299,399.05704020020966,0.0,1.0,0.0,0.0,2.0
18187,0.0009676899001957856,0.2090210184422897,0.0,0.1,725.3704596865182,398.49885441809573,0.0,1.0,0.0,0.0,2.0
18188,0.0012971338848498338,0.2801809191275641,0.0,0.1,725.6244288027785,395.96012407562273,0.0,1.0,0.0,0.0,2.0
18189,0.00015175275800709072,0.032778595729531596,1.0,0.1,722.4248548015887,394.14168200477314,0.0,1.0,0.0,0.0,2.0
18190,0.0005115420665225644,0.11049308636887391,0.0,0.1,,,0.0,1.0,,,2.0
18191,0.0009898770015071587,0.21381343232554628,0.0,0.1,,,0.0,1.0,,,2.0
18192,0.00024868788506188894,0.05371658317336801,1.0,0.1,719.3679912105154,391.81161803254895,0.0,1.0,0.0,0.0,2.0
18193,6.964790783038326e-05,0.015043948091362785,1.0,0.1,720.6522965541564,390.79962439051013,0.0,1.0,0.0,0.0,2.0
18194,0.00013409409144853702,0.028964323752884,1.0,0.1,717.6380191883596,388.2143706174155,0.0,1.0,0.0,0.0,2.0
18195,0.00019016558987737032,0.04107576741351199,1.0,0.1,715.7509559928279,389.942611582785,0.0,1.0,0.0,0.0,2.0
18196,0.0006800009267418694,0.14688020017624379,0.0,0.1,,,0.0,1.0,,,2.0
18197,0.00014472146070298035,0.031259835511843755,1.0,0.1,705.8682800264185,397.98369174538215,0.0,1.0,0.0,0.0,2.0
18198,7.58408260379637e-05,0.01638161842420016,1.0,0.1,703.510763731475,398.977087843016,0.0,1.0,0.0,0.0,2.0
18199,0.000635819402164183,0.1373369908674635,0.0,0.1,703.233526728213,398.6607828054364,0.0,1.0,0.0,0.0,2.0
18200,0.0003014081193518012,0.06510415377998906,1.0,0.1,700.0139821536326,396.8667868507963,0.0,1.0,0.0,0.0,2.0
18201,3.934313946760819e-05,0.00849811812500337,1.0,0.1,697.4489751294823,397.52136798604016,0.0,1.0,0.0,0.0,2.0
18202,0.00020253174017679474,0.04374685587818767,1.0,0.1,690.7880878599324,398.0512624518874,0.0,1.0,0.0,0.0,2.0
18203,0.0008468134006602402,0.18291169454261189,0.0,0.1,678.8932028043954,401.2636314396934,0.0,1.0,0.0,0.0,2.0
18204,0.0003012685716133409,0.06507401146848163,1.0,0.1,,,0.0,1.0,,,2.0
18205,0.0006671234438088586,0.14409866386271347,0.0,0.1,669.9005965939327,404.74038986598345,0.0,1.0,0.0,0.0,2.0
18206,0.0005455348682279297,0.11783553153723283,0.0,0.1,663.9956408510415,409.27120354126714,0.0,1.0,0.0,0.0,2.0
18207,0.00044156324074212465,0.09537766000029893,1.0,0.1,656.8154563472496,411.2761699876256,0.0,1.0,0.0,0.0,2.0
18208,0.0009578370470536237,0.20689280216358272,0.0,0.1,652.9066805471927,412.7649635524694,0.0,1.0,0.0,0.0,2.0
18209,0.001455379540897642,0.31436198083389066,0.0,0.1,645.8762671697098,417.1297340988975,0.0,1.0,0.0,0.0,2.0
18210,0.000931396186949525,0.2011815763810974,0.0,0.1,637.7394471535771,421.75133603223367,0.0,1.0,0.0,0.0,2.0
18211,0.00044491050915038984,0.0961006699764842,1.0,0.1,633.59226493418,425.9821850424935,0.0,1.0,0.0,0.0,2.0
18212,0.0003917955963892727,0.08462784882008291,1.0,0.1,626.3117353466473,429.9923509185842,0.0,1.0,0.0,0.0,2.0
18213,0.00018972645167196145,0.040980913561143674,1.0,0.1,622.025683463354,432.342582017064,0.0,1.0,0.0,0.0,2.0
18214,0.00042749441693369953,0.0923387940576791,1.0,0.1,616.9025138389023,435.6958768657812,0.0,1.0,0.0,0.0,2.0
18215,0.00042796944267646053,0.09244139961811547,1.0,0.1,612.9235747715863,438.35047025054445,0.0,1.0,0.0,0.0,2.0
18216,0.00017614324638924443,0.0380469412200768,1.0,0.1,611.4388631577697,439.95623677540607,0.0,1.0,0.0,0.0,2.0
18217,0.00036926827163572717,0.07976194667331707,1.0,0.1,609.9969298700017,440.05818313092544,0.0,1.0,0.0,0.0,2.0
18218,0.00015836303693702656,0.034206415978397735,1.0,0.1,611.4989398519867,437.4927146104288,0.0,1.0,0.0,0.0,2.0
18219,0.0005415668699910047,0.11697844391805702,0.0,0.1,610.2411242386553,434.84812680042415,0.0,1.0,0.0,0.0,2.0
18220,0.0013530125173624784,0.2922507037502953,0.0,0.1,605.9239488346977,434.1051246960661,0.0,1.0,0.0,0.0,2.0
18221,0.00014340064454674065,0.03097453922209598,1.0,0.1,604.793366354174,431.27224435322574,0.0,1.0,0.0,0.0,2.0
18222,0.0003483006015967282,0.07523292994489329,1.0,0.1,604.3573119210115,431.1650229365816,0.0,1.0,0.0,0.0,2.0
18223,0.00039405648895873965,0.08511620161508776,1.0,0.1,599.6657066489445,432.8070803382006,0.0,1.0,0.0,0.0,2.0
18224,0.0005411224997087077,0.11688245993708085,0.0,0.1,596.9020276557384,434.3794382168424,0.0,1.0,0.0,0.0,2.0
18225,0.0001881602436324191,0.04064261262460253,1.0,0.1,595.2299207389789,434.941699426165,0.0,1.0,0.0,0.0,2.0
18226,0.0001652015555297044,0.03568353599441615,1.0,0.1,594.6897442060713,434.8784313162819,0.0,1.0,0.0,0.0,2.0
18227,0.0014425033186315358,0.31158071682441174,0.0,0.1,593.9856900278111,432.8929267851192,0.0,1.0,0.0,0.0,2.0
18228,0.00012276763302923827,0.026517808734315466,1.0,0.1,595.2973972824834,432.2849085981771,0.0,1.0,0.0,0.0,2.0
18229,0.0006464428905429764,0.1396316643572829,0.0,0.1,598.5866528501931,429.4438881720431,0.0,1.0,0.0,0.0,2.0
18230,0.00037595881966987166,0.08120710504869227,1.0,0.1,603.1364889750346,424.3855408131614,0.0,1.0,0.0,0.0,2.0
18231,0.00029675276953050795,0.06409859821858972,1.0,0.1,605.1182606853356,422.69410527494665,0.0,1.0,0.0,0.0,2.0
18232,0.0004193708031979327,0.09058409349075347,1.0,0.1,608.1611141425674,419.2498715991712,0.0,1.0,0.0,0.0,2.0
18233,0.0006441676849780937,0.13914021995526824,0.0,0.1,609.4807745710714,416.10326627278766,0.0,1.0,0.0,0.0,2.0
18234,0.00036141183156202346,0.07806495561739707,1.0,0.1,613.1310929099345,412.5464041420863,0.0,1.0,0.0,0.0,2.0
18235,0.00036791034629345907,0.07946863479938716,1.0,0.1,616.9530467549121,411.5782760091103,0.0,1.0,0.0,0.0,2.0
18236,0.0009183231157594519,0.1983577930040416,0.0,0.1,624.6847888757103,404.0025724826343,0.0,1.0,0.0,0.0,2.0
18237,0.0010532217188167342,0.22749589126441458,0.0,0.1,627.0989689814859,399.85264258254574,0.0,1.0,0.0,0.0,2.0
18238,0.0015534784686624563,0.3355513492310906,0.0,0.1,630.4405846662264,396.03579136334776,0.0,1.0,0.0,0.0,2.0
18239,0.00065378601642189,0.14121777954712825,0.0,0.1,634.672396794685,388.91194996233514,0.0,1.0,0.0,0.0,2.0
18240,0.000885273894525782,0.1912191612175689,0.0,0.1,638.0746683707309,386.0021828899657,0.0,1.0,0.0,0.0,2.0
18241,0.0013117227506871507,0.2833321141484246,0.0,0.1,,,0.0,1.0,,,2.0
18242,0.0007855128054936307,0.16967076598662423,0.0,0.1,,,0.0,1.0,,,2.0
18243,0.00024408704089149284,0.05272280083256245,1.0,0.1,,,0.0,1.0,,,2.0
18244,0.00039180903132018935,0.0846307507651609,1.0,0.1,,,0.0,1.0,,,2.0
18245,8.175076152985137e-05,0.017658164490447895,1.0,0.1,,,0.0,1.0,,,2.0
18246,0.0002580982178201278,0.0557492150491476,1.0,0.1,,,0.0,1.0,,,2.0
18247,0.0008614681861315904,0.18607712820442354,0.0,0.1,698.2801611397931,349.34011473397095,0.0,1.0,0.0,0.0,2.0
18248,0.000706922225320586,0.15269520066924658,0.0,0.1,,,0.0,1.0,,,2.0
18249,0.0007601371300670236,0.1641896200944771,0.0,0.1,715.6493411677009,350.65675693915057,0.0,1.0,0.0,0.0,2.0
18250,0.000896791630705314,0.19370699223234783,0.0,0.1,726.512577638036,354.404850220672,0.0,1.0,0.0,0.0,2.0
18251,0.0016519300910567292,0.35681689966825353,0.0,0.1,736.5429975723633,355.9994819278125,0.0,1.0,0.0,0.0,2.0
18252,0.0005127071847269614,0.11074475190102367,0.0,0.1,745.6709826382894,358.6594666649425,0.0,1.0,0.0,0.0,2.0
18253,0.0004336175643406613,0.09366139389758284,1.0,0.1,752.3924067340636,358.66509415638774,0.0,1.0,0.0,0.0,2.0
18254,0.0003976344894949959,0.08588904973091913,1.0,0.1,760.4402594011231,357.4855387015325,0.0,1.0,0.0,0.0,2.0
18255,0.0030761631390968987,0.6644512380449301,0.0,0.1,763.1830272611443,357.5538948861379,0.0,1.0,0.0,0.0,2.0
18256,0.0011624838406283317,0.2510965095757196,0.0,0.1,765.7300189654921,358.2168508987192,0.0,1.0,0.0,0.0,2.0
18257,0.0006575305846195542,0.1420266062778237,0.0,0.1,767.1815113589158,359.5090637160596,0.0,1.0,0.0,0.0,2.0
18258,0.0010836752481409436,0.23407385359844382,0.0,0.1,767.292102601435,360.8856696292919,0.0,1.0,0.0,0.0,2.0
18259,0.0009484381512964041,0.2048626406800233,0.0,0.1,764.0965652836876,366.4706692380299,0.0,1.0,0.0,0.0,2.0
18260,0.0009519385676996044,0.20561873062311456,0.0,0.1,764.1421773533897,372.4439445445718,0.0,1.0,0.0,0.0,2.0
18261,4.4890063722068304e-05,0.009696253763966753,1.0,0.1,766.3372212002953,379.45961314783597,0.0,1.0,0.0,0.0,2.0
18262,0.002744134001564077,0.5927329443378406,0.0,0.1,768.1109910565057,382.71609481436207,0.0,1.0,0.0,0.0,2.0
18263,0.001237500316841373,0.26730006843773657,0.0,0.1,770.7325862552459,385.58188291267004,0.0,1.0,0.0,0.0,2.0
18264,0.0013975123809124538,0.30186267427709,0.0,0.1,769.9938014444451,390.19964509928803,0.0,1.0,0.0,0.0,2.0
18265,0.0016591795029030484,0.3583827726270585,0.0,0.1,772.503350362162,398.85364748385416,0.0,1.0,0.0,0.0,2.0
18266,0.0006731656299647884,0.1454037760723943,0.0,0.1,775.8457453416714,404.0528939964878,0.0,1.0,0.0,0.0,2.0
18267,0.0007922157718289791,0.17111860671505946,0.0,0.1,777.6633711122752,409.7256895652089,0.0,1.0,0.0,0.0,2.0
18268,0.0004793352375613488,0.10353641131325134,0.0,0.1,779.8742813894102,413.1133451009871,0.0,1.0,0.0,0.0,2.0
18269,0.0006321437274147506,0.13654304512158613,0.0,0.1,785.1828505722697,415.79591870066696,0.0,1.0,0.0,0.0,2.0
18270,0.0008289569909824671,0.1790547100522129,0.0,0.1,787.9943194901762,420.2868046827284,0.0,1.0,0.0,0.0,2.0
18271,0.0006127115778440941,0.13234570081432434,0.0,0.1,789.136313406574,421.8365137336844,0.0,1.0,0.0,0.0,2.0
18272,0.0008987508604256469,0.19413018585193972,0.0,0.1,792.4860140901859,426.3984394623939,0.0,1.0,0.0,0.0,2.0
18273,0.0002227872222361753,0.048122040003013865,1.0,0.1,795.3890692845631,426.8159678011827,0.0,1.0,0.0,0.0,2.0
18274,0.0004808420669286756,0.10386188645659393,0.0,0.1,795.4429117569109,425.6213626553025,0.0,1.0,0.0,0.0,2.0
18275,0.0006094477171713479,0.13164070690901114,0.0,0.1,797.45614488488,423.359021730662,0.0,1.0,0.0,0.0,2.0
18276,0.00015935497849899684,0.034420675355783324,1.0,0.1,798.1632650824113,423.60375219883247,0.0,1.0,0.0,0.0,2.0
18277,0.0005878872344613506,0.12698364264365172,0.0,0.1,798.2926437758359,423.34311229393506,0.0,1.0,0.0,0.0,2.0
18278,0.0009760308285478453,0.21082265896633456,0.0,0.1,798.195965736632,423.3854483950452,0.0,1.0,0.0,0.0,2.0
18279,0.0006291375425086634,0.1358937091818713,0.0,0.1,798.124475738143,421.2141304692666,0.0,1.0,0.0,0.0,2.0
18280,5.8137018661114594e-05,0.012557596030800752,1.0,0.1,796.6268026254411,418.4513156842388,0.0,1.0,0.0,0.0,2.0
18281,0.0009041381055405127,0.19529383079675075,0.0,0.1,794.4689962725238,416.31266870244775,0.0,1.0,0.0,0.0,2.0
18282,0.0006094950140680618,0.13165092303870132,0.0,0.1,790.6292202951029,409.283738587072,0.0,1.0,0.0,0.0,2.0
18283,0.002488077537668107,0.5374247481363111,0.0,0.1,785.6559160385088,401.6103457990651,0.0,1.0,0.0,0.0,2.0
18284,0.0004255880763454543,0.09192702449061813,1.0,0.1,777.4164945248729,397.7872420714821,0.0,1.0,0.0,0.0,2.0
18285,0.0014967012065185727,0.3232874606080117,0.0,0.1,770.7081193117446,394.8908240732514,0.0,1.0,0.0,0.0,2.0
18286,0.000755424924428483,0.16317178367655233,0.0,0.1,760.1499278551524,394.2265490836972,0.0,1.0,0.0,0.0,2.0
18287,0.0017059420027259963,0.36848347258881525,0.0,0.1,746.0597974314535,392.1202745170227,0.0,1.0,0.0,0.0,2.0
18288,0.00026740595738413157,0.057759686794972426,1.0,0.1,729.883572940489,392.6680896530596,0.0,1.0,0.0,0.0,2.0
18289,0.0008523882513090665,0.18411586228275836,0.0,0.1,723.7203085587129,393.23762778113706,0.0,1.0,0.0,0.0,2.0
18290,0.00039006501625950594,0.08425404351205328,1.0,0.1,713.3264794193993,393.7182094596389,0.0,1.0,0.0,0.0,2.0
18291,0.0007701602203134345,0.16635460758770185,0.0,0.1,703.1095477536655,397.3586576829085,0.0,1.0,0.0,0.0,2.0
18292,0.0016722443070279923,0.3612047703180463,0.0,0.1,694.0234869025501,398.8497844941697,0.0,1.0,0.0,0.0,2.0
18293,0.00040550155752385917,0.08758833642515358,1.0,0.1,687.1390089857157,396.7903302055887,0.0,1.0,0.0,0.0,2.0
18294,0.0003117845825048871,0.06734546982105562,1.0,0.1,680.7399339104167,396.7798359281185,0.0,1.0,0.0,0.0,2.0
18295,0.0007387918695959995,0.15957904383273588,0.0,0.1,670.5525386512256,398.166217762966,0.0,1.0,0.0,0.0,2.0
18296,0.00010150285768449033,0.021924617259849913,1.0,0.1,667.0695805172753,398.2212026823196,0.0,1.0,0.0,0.0,2.0
18297,0.0008300212333927471,0.17928458641283337,0.0,0.1,665.4212691838978,398.14692424581807,0.0,1.0,0.0,0.0,2.0
18298,0.00015234034812866036,0.03290551519579064,1.0,0.1,664.3033012510804,397.81119567417255,0.0,1.0,0.0,0.0,2.0
18299,0.002084747200948406,0.45030539540485565,0.0,0.1,660.4633326837353,395.35875122802196,0.0,1.0,0.0,0.0,2.0
18300,0.0001441758059880093,0.031141974093410008,1.0,0.1,655.4244852068089,394.3347723813626,0.0,1.0,0.0,0.0,2.0
18301,0.000385982495903606,0.08337221911517889,1.0,0.1,652.1786125563215,396.549103577375,0.0,1.0,0.0,0.0,2.0
18302,0.001070663257996661,0.2312632637272788,0.0,0.1,648.778979214395,400.65323635439995,0.0,1.0,0.0,0.0,2.0
18303,0.0006213585782324376,0.13421345289820652,0.0,0.1,648.4689290201461,401.42232220448,0.0,1.0,0.0,0.0,2.0
18304,0.000760261390939563,0.1642164604429456,0.0,0.1,648.749879204228,403.0201898554122,0.0,1.0,0.0,0.0,2.0
18305,0.0012408030473526472,0.2680134582281718,0.0,0.1,648.4852592600454,403.61598538166896,0.0,1.0,0.0,0.0,2.0
18306,5.564486397943787e-05,0.01201929061955858,1.0,0.1,646.6689386640785,401.08832673425024,0.0,1.0,0.0,0.0,2.0
18307,0.0009811822173720014,0.2119353589523523,0.0,0.1,646.9284602712182,398.8941748046956,0.0,1.0,0.0,0.0,2.0
18308,0.0007392053129574651,0.15966834759881246,0.0,0.1,643.6946246410179,396.5220462405681,0.0,1.0,0.0,0.0,2.0
18309,0.0005829149610199226,0.1259096315803033,0.0,0.1,644.112304332621,393.14854048834627,0.0,1.0,0.0,0.0,2.0
18310,0.0008971390034683803,0.19378202474917017,0.0,0.1,640.9436432820343,390.100009580678,0.0,1.0,0.0,0.0,2.0
18311,0.0002244184374320852,0.048474382485330404,1.0,0.1,639.960684646387,384.43447144039015,0.0,1.0,0.0,0.0,2.0
18312,0.0007016880276431227,0.1515646139709145,0.0,0.1,639.0620366930535,384.30979310548304,0.0,1.0,0.0,0.0,2.0
18313,0.0005682047483004899,0.12273222563290583,0.0,0.1,634.8281427883061,381.9689462290708,0.0,1.0,0.0,0.0,2.0
18314,0.00039503059152578754,0.08532660776957011,1.0,0.1,633.0921765451288,380.03988276269695,0.0,1.0,0.0,0.0,2.0
18315,0.0004739962314843961,0.10238318600062957,0.0,0.1,634.3830703227296,379.23578037394725,0.0,1.0,0.0,0.0,2.0
18316,0.00022727554421691907,0.049091517550854516,1.0,0.1,636.620157765047,377.47203086541253,0.0,1.0,0.0,0.0,2.0
18317,0.0005911213419628414,0.12768220986397374,0.0,0.1,636.9015052612336,376.8536444217072,0.0,1.0,0.0,0.0,2.0
18318,0.0002656789722712058,0.05738665801058046,1.0,0.1,635.2998599882881,375.26908795983536,0.0,1.0,0.0,0.0,2.0
18319,0.0002543333063067561,0.05493599416225931,1.0,0.1,633.4212061033874,377.44618182597105,0.0,1.0,0.0,0.0,2.0
18320,0.00015106950443556516,0.03263101295808208,1.0,0.1,629.5956857530645,380.2976888238799,0.0,1.0,0.0,0.0,2.0
18321,0.000951966303308167,0.2056247215145641,0.0,0.1,631.3116405575105,381.00353647859805,0.0,1.0,0.0,0.0,2.0
18322,0.0010038506068843754,0.21683173108702508,0.0,0.1,630.6407016153488,385.9162816530947,0.0,1.0,0.0,0.0,2.0
18323,5.615808449238132e-05,0.012130146250354365,1.0,0.1,625.9380175617061,391.0737454609307,0.0,1.0,0.0,0.0,2.0
18324,0.00026555516476150755,0.05735991558848564,1.0,0.1,621.2079934986972,393.93874738101846,0.0,1.0,0.0,0.0,2.0
18325,0.00014887967631724866,0.032158010084525714,1.0,0.1,617.5543102141573,394.45114279062625,0.0,1.0,0.0,0.0,2.0
18326,0.00036442719153988835,0.07871627337261589,1.0,0.1,614.9048804833259,393.88803469049407,0.0,1.0,0.0,0.0,2.0
18327,0.0006481681484007188,0.14000432005455526,0.0,0.1,609.2680516176191,392.6978105135273,0.0,1.0,0.0,0.0,2.0
18328,0.0006053740131996112,0.13076078685111603,0.0,0.1,603.6608504364406,390.54455928007206,0.0,1.0,0.0,0.0,2.0
18329,0.0005749476431215366,0.12418869091425191,0.0,0.1,597.8434840474897,389.9688150058882,0.0,1.0,0.0,0.0,2.0
18330,0.0007678715129991028,0.1658602468078062,0.0,0.1,597.1298620954695,390.6391406861492,0.0,1.0,0.0,0.0,2.0
18331,0.00042842833174229716,0.09254051965633618,1.0,0.1,597.0889860852147,388.82870004231336,0.0,1.0,0.0,0.0,2.0
18332,0.00011869402356362468,0.025637909089742932,1.0,0.1,601.0106042206689,384.1115771491094,0.0,1.0,0.0,0.0,2.0
18333,0.0007543963428097019,0.16294961004689562,0.0,0.1,602.2118120970281,378.75339359993467,0.0,1.0,0.0,0.0,2.0
18334,0.00011134985871767963,0.0240515694830188,1.0,0.1,598.6657339976871,376.44746287514874,0.0,1.0,0.0,0.0,2.0
18335,0.000740732513108723,0.15999822283148415,0.0,0.1,598.0626220658277,376.4145665967126,0.0,1.0,0.0,0.0,2.0
18336,0.0011017012875211734,0.23796747810457344,0.0,0.1,596.7924701411014,377.1424950150574,0.0,1.0,0.0,0.0,2.0
18337,0.00022930860180380355,0.04953065798962157,1.0,0.1,598.0470708813212,384.39929042221314,0.0,1.0,0.0,0.0,2.0
18338,0.00035364053335603296,0.07638635520490313,1.0,0.1,597.2684598830534,387.9179882084867,0.0,1.0,0.0,0.0,2.0
18339,0.000408197504636434,0.08817066100146974,1.0,0.1,596.8542984133255,388.89827449564655,0.0,1.0,0.0,0.0,2.0
18340,0.00013605165330144662,0.02938715711311247,1.0,0.1,592.3476013128954,390.71806634696924,0.0,1.0,0.0,0.0,2.0
18341,0.0005363842794730825,0.11585900436618582,0.0,0.1,586.7782008283131,391.3102637820192,0.0,1.0,0.0,0.0,2.0
18342,0.0009397175083682862,0.20297898180754984,0.0,0.1,577.5898804646315,392.31051574538037,0.0,1.0,0.0,0.0,2.0
18343,0.000514944208932192,0.11122794912935348,0.0,0.1,570.2668420356794,391.7088260418357,0.0,1.0,0.0,0.0,2.0
18344,0.0011699415904785277,0.252707383543362,0.0,0.1,567.0511632244346,391.14895568866916,0.0,1.0,0.0,0.0,2.0
18345,0.0009184532239849669,0.19838589638075285,0.0,0.1,563.5694765385531,388.3667640602577,0.0,1.0,0.0,0.0,2.0
18346,0.002196875561498289,0.47452512128363045,0.0,0.1,560.44338833478,387.69718632633425,0.0,1.0,0.0,0.0,2.0
18347,0.0007943156367155505,0.17157217753055892,0.0,0.1,559.4876835011158,386.2362791468789,0.0,1.0,0.0,0.0,2.0
18348,0.0011642822252596794,0.2514849606560908,0.0,0.1,556.0375460852348,388.0390603238814,0.0,1.0,0.0,0.0,2.0
18349,0.0013450879881027116,0.29053900543018574,0.0,0.1,550.0179949690792,391.70087793959857,0.0,1.0,0.0,0.0,2.0
18350,0.002807421056129392,0.6064029481239487,0.0,0.1,544.4165487752842,395.4844640103841,0.0,1.0,0.0,0.0,2.0
18351,0.0002194664137189014,0.0474047453632827,1.0,0.1,534.0259963200682,403.48746233973975,0.0,1.0,0.0,0.0,2.0
18352,0.0009414849307656113,0.20336074504537205,0.0,0.1,523.2430431333198,412.2433768545735,0.0,1.0,0.0,0.0,2.0
18353,0.0014087014906826703,0.3042795219874568,0.0,0.1,516.3292534733893,418.4752106180488,0.0,1.0,0.0,0.0,2.0
18354,0.001675007782073356,0.36180168092784487,0.0,0.1,503.2425848319836,430.90410364382365,0.0,1.0,0.0,0.0,2.0
18355,0.003033474382114102,0.6552304665366461,0.0,0.1,490.00594214168586,441.6306919676203,0.0,1.0,0.0,0.0,2.0
18356,0.0013503919905569672,0.29168466996030495,0.0,0.1,474.4182382274209,454.9829547344839,0.0,1.0,0.0,0.0,2.0
18357,0.0030502110742997484,0.6588455920487456,0.0,0.1,465.0543322605832,463.4404137608253,0.0,1.0,0.0,0.0,2.0
18358,0.0019526958153375585,0.4217822961129126,0.0,0.1,452.5317277053121,472.7126330642475,0.0,1.0,0.0,0.0,2.0
18359,0.002996064428770945,0.6471499166145241,0.0,0.1,444.2695395801962,481.39376424184786,0.0,1.0,0.0,0.0,2.0
18360,0.004262901488038502,0.9207867214163166,0.0,0.1,434.4727764986043,489.3897042751618,0.0,1.0,0.0,0.0,2.0
18361,0.0014123026772729014,0.3050573782909467,0.0,0.1,426.3092894449367,496.92600456060666,0.0,1.0,0.0,0.0,2.0
18362,0.0026813616492370467,0.5791741162352021,0.0,0.1,419.0280057439605,503.3446190332869,0.0,1.0,0.0,0.0,2.0
18363,0.0027527565302922848,0.5945954105431336,0.0,0.1,410.89450475225675,513.8240304534683,0.0,1.0,0.0,0.0,2.0
18364,0.0033550444774779896,0.7246896071352458,0.0,0.1,399.859300931881,525.290059315875,0.0,1.0,0.0,0.0,2.0
18365,0.001341222675846948,0.2897040979829408,0.0,0.1,392.7807461869853,534.6839214317683,0.0,1.0,0.0,0.0,2.0
18366,0.0026009004962958345,0.5617945071999003,0.0,0.1,388.12244244109957,539.5960868378216,0.0,1.0,0.0,0.0,2.0
18367,0.002063005256531619,0.4456091354108297,0.0,0.1,382.3678276541966,546.747446189141,0.0,1.0,0.0,0.0,2.0
18368,0.002711809251022054,0.5857507982207637,0.0,0.1,374.4754205859509,554.5742705664152,0.0,1.0,0.0,0.0,2.0
18369,0.002129725083269559,0.4600206179862248,0.0,0.1,368.62738224930496,560.2969519500716,0.0,1.0,0.0,0.0,2.0
18370,0.0030887529783432434,0.6671706433221406,0.0,0.1,366.18261109981,563.5868200429845,0.0,1.0,0.0,0.0,2.0
18371,0.0022432857965390776,0.4845497320524408,0.0,0.1,,,0.0,1.0,,,2.0
18372,0.002217890943392339,0.4790644437727453,0.0,0.1,349.1835867916639,576.2801239290781,0.0,1.0,0.0,0.0,2.0
18373,0.0016881468604255218,0.36463972185191273,0.0,0.1,340.375830682938,584.4744896377962,0.0,1.0,0.0,0.0,2.0
18374,0.0016036817753580079,0.3463952634773297,0.0,0.1,334.8033999158374,590.9467849903795,0.0,1.0,0.0,0.0,2.0
18375,0.0012128298204168472,0.261971241210039,0.0,0.1,330.6133613493088,594.411797805622,0.0,1.0,0.0,0.0,2.0
18376,0.0024059795584943414,0.5196915846347777,0.0,0.1,323.9225273362955,599.8360650073101,0.0,1.0,0.0,0.0,2.0
18377,0.0010261938097214961,0.22165786289984316,0.0,0.1,321.48125604393516,604.631198743335,0.0,1.0,0.0,0.0,2.0
18378,0.0016607217261158489,0.35871589284102334,0.0,0.1,,,0.0,1.0,,,2.0
18379,0.0005016113749169083,0.10834805698205219,0.0,0.1,306.3220263375637,618.9117104483299,0.0,1.0,0.0,0.0,2.0
18380,0.00250058222848251,0.5401257613522222,0.0,0.1,305.25708946100735,618.9151251883454,0.0,1.0,0.0,0.0,2.0
18381,0.002507495324302707,0.5416189900493846,0.0,0.1,304.003671462351,620.3923842445463,0.0,1.0,0.0,0.0,2.0
18382,0.0022931349713243925,0.49531715380606883,0.0,0.1,304.5534067848013,620.9460932170763,0.0,1.0,0.0,0.0,2.0
18383,0.0014034644442243996,0.3031483199524703,0.0,0.1,305.9264464845179,622.3432269827001,0.0,1.0,0.0,0.0,2.0
18384,0.0019218153479285092,0.415112115152558,0.0,0.1,305.9502288170523,622.2731497184863,0.0,1.0,0.0,0.0,2.0
18385,0.0020866896783286676,0.45072497051899224,0.0,0.1,305.85947895949585,620.2981831134834,0.0,1.0,0.0,0.0,2.0
18386,0.00026436549725075405,0.05710294740616287,1.0,0.1,306.1535816843657,619.7854041653022,0.0,1.0,0.0,0.0,2.0
18387,0.0007621462207498278,0.1646235836819628,0.0,0.1,315.2126076273777,614.9082577096686,0.0,1.0,0.0,0.0,2.0
18388,0.0003264724123739367,0.07051804107277033,1.0,0.1,328.46385016356794,608.5429298285939,0.0,1.0,0.0,0.0,2.0
18389,0.00012518885280782784,0.02704079220649081,1.0,0.1,331.7652323660431,608.9230434320968,0.0,1.0,0.0,0.0,2.0
18390,0.0005116162348539565,0.1105091067284546,0.0,0.1,337.9170831948513,608.5247724311176,0.0,1.0,0.0,0.0,2.0
18391,0.0003686368691798527,0.07962556374284818,1.0,0.1,338.70690984028334,611.4136767433027,0.0,1.0,0.0,0.0,2.0
18392,0.0006477671851137701,0.13991771198457434,0.0,0.1,340.47345281315353,611.2841492248482,0.0,1.0,0.0,0.0,2.0
18393,0.000563870549158343,0.12179603861820208,0.0,0.1,343.96542347095675,609.238360686348,0.0,1.0,0.0,0.0,2.0
18394,0.000517620650304211,0.11180606046570957,0.0,0.1,350.4818231786847,604.89821659215,0.0,1.0,0.0,0.0,2.0
18395,0.001016071375943717,0.2194714172038429,0.0,0.1,353.4436522155435,606.070597535557,0.0,1.0,0.0,0.0,2.0
18396,0.00041514100407948496,0.08967045688116876,1.0,0.1,350.91661841978316,610.0375865610466,0.0,1.0,0.0,0.0,2.0
18397,9.415302922659134e-05,0.02033705431294373,1.0,0.1,347.27473153214584,614.4129213135484,0.0,1.0,0.0,0.0,2.0
18398,0.0003394895134520285,0.07332973490563816,1.0,0.1,346.8221457160235,615.688553817017,0.0,1.0,0.0,0.0,2.0
18399,0.000796807583529064,0.17211043804227782,0.0,0.1,347.65816877805355,618.7115972309423,0.0,1.0,0.0,0.0,2.0
18400,0.00047632972152634616,0.10288721984969078,0.0,0.1,349.3707482009127,623.4145296304397,0.0,1.0,0.0,0.0,2.0
18401,0.0003832804148617107,0.08278856961012951,1.0,0.1,347.53467846573676,627.8791870927246,0.0,1.0,0.0,0.0,2.0
18402,0.001049876514597734,0.22677332715311052,0.0,0.1,346.9581965961885,629.9531018189302,0.0,1.0,0.0,0.0,2.0
18403,0.0015164403700713388,0.3275511199354092,0.0,0.1,344.80869021713465,634.9261641481219,0.0,1.0,0.0,0.0,2.0
18404,0.0017651937255854567,0.38128184472645865,0.0,0.1,345.49644408177573,636.5924018583762,0.0,1.0,0.0,0.0,2.0
18405,0.0014489763854806312,0.31297889926381633,0.0,0.1,345.8402265573463,643.3753316944038,0.0,1.0,0.0,0.0,2.0
18406,0.001224868932393826,0.26457168939706643,0.0,0.1,340.740722424166,649.229829215343,0.0,1.0,0.0,0.0,2.0
18407,0.001832633642333604,0.3958488667440585,0.0,0.1,338.1713487274035,652.6506310037647,1.0,0.0,0.0,0.0,2.0
18408,0.00044841266036361533,0.09685713463854091,1.0,0.1,335.82895731390204,659.6634090616748,1.0,0.0,0.0,0.0,2.0
18409,0.0016266128620814207,0.3513483782095869,0.0,0.1,330.3892989171087,665.5237121828344,1.0,0.0,0.0,0.0,2.0
18410,0.0028225027727342834,0.6096605989106052,0.0,0.1,320.396188954904,670.9098486063821,1.0,0.0,0.0,0.0,2.0
18411,0.0003958481747707118,0.08550320575047375,1.0,0.1,317.2403205507626,674.2734082450256,1.0,0.0,0.0,0.0,2.0
18412,0.003829127356628503,0.8270915090317567,0.0,0.1,309.8678837009689,681.6481757479219,1.0,0.0,0.0,0.0,2.0
18413,0.001553987425417565,0.33566128389019406,0.0,0.1,299.55501198484285,692.73508550884,1.0,0.0,0.0,0.0,2.0
18414,0.0012720759663197557,0.27476840872506725,0.0,0.1,292.51868109469046,701.7572491415657,1.0,0.0,0.0,0.0,2.0
18415,0.0013892126345863899,0.3000699290706602,0.0,0.1,285.3438325457693,713.3644384435692,1.0,0.0,0.0,0.0,2.0
18416,0.0028575678252766375,0.6172346502597538,0.0,0.1,279.8776078522232,720.2065763395366,1.0,0.0,0.0,0.0,2.0
18417,0.00220077075178806,0.475366482386221,0.0,0.1,273.53597906703914,732.631331260551,1.0,0.0,0.0,0.0,2.0
18418,0.0035794197937399487,0.7731546754478289,0.0,0.1,266.1852962418375,744.8367982219726,1.0,0.0,0.0,0.0,2.0
18419,0.0010531734350608633,0.22748546197314648,0.0,0.1,262.4993940342497,751.464816397061,1.0,0.0,0.0,0.0,2.0
18420,0.002831018175096731,0.611499925820894,0.0,0.1,261.8559903727054,755.5298162385725,1.0,0.0,0.0,0.0,2.0
18421,0.002809834436189394,0.6069242382169091,0.0,0.1,255.91409404756453,760.7475083229283,1.0,0.0,0.0,0.0,2.0
18422,0.0028974762552691716,0.6258548711381411,0.0,0.1,250.92907762096306,766.3171288450507,1.0,0.0,0.0,0.0,2.0
18423,0.002248486548777103,0.4856730945358542,0.0,0.1,247.63042804750677,769.0811125682833,1.0,0.0,0.0,0.0,2.0
18424,0.00173485638787209,0.37472897978037145,0.0,0.1,243.82090525844006,771.2628670798113,1.0,0.0,0.0,0.0,2.0
18425,0.001953363562160197,0.4219265294266025,0.0,0.1,241.64061847668876,773.0078353544199,1.0,0.0,0.0,0.0,2.0
18426,0.002185482439957221,0.4720642070307598,0.0,0.1,235.6960192264541,776.8982457267097,1.0,0.0,0.0,0.0,2.0
18427,0.0013709317150161445,0.2961212504434872,0.0,0.1,228.99238716625294,782.6655554197318,1.0,0.0,0.0,0.0,2.0
18428,0.0012364474989885106,0.2670726597815183,0.0,0.1,222.14848826868797,792.4015125224179,1.0,0.0,0.0,0.0,2.0
18429,0.0014411370307952566,0.3112855986517754,0.0,0.1,218.86146537999062,797.138436526863,1.0,0.0,0.0,0.0,2.0
18430,0.0021642251551231575,0.46747263350660206,0.0,0.1,213.7256638521393,804.8462110775257,1.0,0.0,0.0,0.0,2.0
18431,0.0017772769594370159,0.38389182323839544,0.0,0.1,211.3332452205591,812.595764511624,1.0,0.0,0.0,0.0,2.0
18432,0.0021650537568570077,0.46765161148111367,0.0,0.1,211.25913399908006,819.3517924786196,1.0,0.0,0.0,0.0,2.0
18433,0.0008305961798166294,0.17940877484039194,0.0,0.1,210.88200498219004,830.1212690741623,1.0,0.0,0.0,0.0,2.0
18434,0.0028110036706447197,0.6071767928592595,0.0,0.1,210.1222134781114,834.1803862194354,1.0,0.0,0.0,0.0,2.0
18435,0.0024364286147344344,0.5262685807826378,0.0,0.1,210.96147656310058,841.9809379359466,1.0,0.0,0.0,0.0,2.0
18436,0.003087304181825253,0.6668577032742546,0.0,0.1,211.07017546385367,847.1793674179479,1.0,0.0,0.0,0.0,2.0
18437,0.0012835183848272534,0.2772399711226867,0.0,0.1,210.56874658741637,848.5700708571547,1.0,0.0,0.0,0.0,2.0
18438,0.0016227268341065873,0.35050899616702286,0.0,0.1,210.5585510897053,850.3044963050666,1.0,0.0,0.0,0.0,2.0
18439,0.001014998271206883,0.21923962658068671,0.0,0.1,210.77073052040888,857.4046593090181,1.0,0.0,0.0,0.0,2.0
18440,0.0027303691344327014,0.5897597330374634,0.0,0.1,210.2673959492797,863.3650920805164,1.0,0.0,0.0,0.0,2.0
18441,0.0007434150139243472,0.160577643007659,0.0,0.1,208.45999324663214,870.2412397035292,1.0,0.0,0.0,0.0,2.0
18442,0.0012170706870649566,0.2628872684060306,0.0,0.1,207.76461580533183,872.6996220570361,1.0,0.0,0.0,0.0,2.0
18443,0.00112623470228291,0.24326669569310858,0.0,0.1,208.2596506698949,875.3459532196929,1.0,0.0,0.0,0.0,2.0
18444,0.0013973272562999004,0.3018226873607785,0.0,0.1,210.13025485006253,879.8489573622379,1.0,0.0,0.0,0.0,2.0
18445,0.0011741784553288498,0.2536225463510316,0.0,0.1,215.51145790238016,886.1112750990383,1.0,0.0,0.0,0.0,2.0
18446,0.0006286936763735827,0.13579783409669385,0.0,0.1,219.8320461625887,891.9432265135658,1.0,0.0,0.0,0.0,2.0
18447,0.002642422023000839,0.5707631569681813,0.0,0.1,219.91323349126407,893.2693978415723,1.0,0.0,0.0,0.0,2.0
18448,0.0012814229755094954,0.276787362710051,0.0,0.1,220.5901829564573,896.846919438687,1.0,0.0,0.0,0.0,2.0
18449,0.001430586894528392,0.3090067692181327,0.0,0.1,221.9497854246484,897.5849515619979,1.0,0.0,0.0,0.0,2.0
18450,0.0004972552409759722,0.10740713205081,0.0,0.1,223.67982539553114,898.2909972934895,1.0,0.0,0.0,0.0,2.0
18451,0.001708557005159755,0.36904831311450714,0.0,0.1,224.48256716041246,898.353591027449,1.0,0.0,0.0,0.0,2.0
18452,0.0005901505376122229,0.12747251612424013,0.0,0.1,227.78102340896638,895.0828438861662,1.0,0.0,0.0,0.0,2.0
18453,0.0003935699143555988,0.08501110150080934,1.0,0.1,227.21815179445528,891.7220027102966,1.0,0.0,0.0,0.0,2.0
18454,0.0011707685824541205,0.25288601381009,0.0,0.1,228.13663730790034,886.5379689538462,1.0,0.0,0.0,0.0,2.0
18455,0.0008129311806680607,0.1755931350243011,0.0,0.1,234.0530055547033,877.0427618589864,1.0,0.0,0.0,0.0,2.0
18456,0.00020038155867105453,0.04328241667294778,1.0,0.1,236.218895243464,873.8932126980202,1.0,0.0,0.0,0.0,2.0
18457,0.0005529440503936964,0.11943591488503842,0.0,0.1,239.1709760714076,867.6668803060201,1.0,0.0,0.0,0.0,2.0
18458,0.0005037915370331868,0.10881897199916835,0.0,0.1,240.88469821707406,863.0657918525908,1.0,0.0,0.0,0.0,2.0
18459,0.0006085775314685252,0.13145274679720145,0.0,0.1,243.30460319492167,857.4633223193914,1.0,0.0,0.0,0.0,2.0
18460,0.0002083560840556421,0.04500491415601869,1.0,0.1,243.86412758292258,852.2220827485692,1.0,0.0,0.0,0.0,2.0
18461,0.0007108639243984255,0.15354660767005993,0.0,0.1,243.31661030452545,848.4941078694218,1.0,0.0,0.0,0.0,2.0
18462,0.00019124758958972862,0.041309479351381385,1.0,0.1,248.70842111746308,840.4417010114344,1.0,0.0,0.0,0.0,2.0
18463,0.00047553099386244535,0.10271469467428819,0.0,0.1,251.78927844700465,834.648701355904,1.0,0.0,0.0,0.0,2.0
18464,0.000618690218441131,0.1336370871832843,0.0,0.1,254.6953412348599,830.3672594458981,1.0,0.0,0.0,0.0,2.0
18465,0.00028780431182576926,0.06216573135436616,1.0,0.1,257.00773521541413,827.8314940999614,1.0,0.0,0.0,0.0,2.0
18466,0.00029490685270146954,0.06369988018351742,1.0,0.1,260.1427076400375,826.3702414755693,1.0,0.0,0.0,0.0,2.0
18467,0.0006981858865157049,0.15080815148739224,0.0,0.1,262.309540688169,824.7766939716147,1.0,0.0,0.0,0.0,2.0
18468,0.0016844062564903616,0.3638317514019181,0.0,0.1,263.92706845049435,821.7685076185178,1.0,0.0,0.0,0.0,2.0
18469,,,,0.1,263.4640558501564,821.6356378396961,1.0,0.0,0.0,0.0,2.0
18470,,,,0.1,263.82721649394176,822.7484265431291,,,0.0,0.0,2.0
18471,,,,0.1,265.6260792713258,823.4215818431928,,,0.0,0.0,2.0
18472,0.001001463824206604,0.21631618602862648,0.0,0.1,265.67184705661333,824.7619498404075,1.0,0.0,0.0,0.0,2.0
18473,0.000228943291188788,0.0494517508967782,1.0,0.1,263.07998715112967,825.0941650882695,1.0,0.0,0.0,0.0,2.0
18474,0.0011431136505993015,0.24691254852944913,0.0,0.1,260.43150768832646,826.4509641495159,1.0,0.0,0.0,0.0,2.0
18475,0.0009277980743781017,0.20040438406567,0.0,0.1,255.71774638829322,829.9338775614045,1.0,0.0,0.0,0.0,2.0
18476,0.0006614333602999725,0.14286960582479405,0.0,0.1,251.73396548104742,830.769371319326,1.0,0.0,0.0,0.0,2.0
18477,0.00032633183372626903,0.0704876760848741,1.0,0.1,252.81311147314386,830.0014307758456,1.0,0.0,0.0,0.0,2.0
18478,0.00013975485697989708,0.030187049107657772,1.0,0.1,251.718149040095,829.0992918568938,1.0,0.0,0.0,0.0,2.0
18479,0.0009325386244464733,0.20142834288043823,0.0,0.1,249.9210567772503,825.2138960064694,1.0,0.0,0.0,0.0,2.0
18480,0.000440676377525393,0.09518609754548489,1.0,0.1,247.24596945348705,824.7922294751975,1.0,0.0,0.0,0.0,2.0
18481,0.0006577236335890313,0.14206830485523078,0.0,0.1,241.0712812995677,826.7863108554642,1.0,0.0,0.0,0.0,2.0
18482,0.00023725691042438067,0.05124749265166623,1.0,0.1,238.58702797492796,825.1676318185578,1.0,0.0,0.0,0.0,2.0
18483,0.0005227050978390302,0.11290430113323052,0.0,0.1,238.42452101259013,823.4270131584908,1.0,0.0,0.0,0.0,2.0
18484,0.0009767138647259507,0.21097019478080536,0.0,0.1,233.76970477703702,816.3633152405675,1.0,0.0,0.0,0.0,2.0
18485,0.0006725782959518649,0.1452769119256028,0.0,0.1,228.93307340575572,812.2181368783388,1.0,0.0,0.0,0.0,2.0
18486,0.0005883947680059561,0.12709326988928651,0.0,0.1,223.5836307302487,807.7540179594336,1.0,0.0,0.0,0.0,2.0
18487,0.0011710330184431228,0.25294313198371454,0.0,0.1,221.71925590089796,805.1990468183312,1.0,0.0,0.0,0.0,2.0
18488,,,,0.1,224.8301234860102,801.493285521388,1.0,0.0,0.0,0.0,2.0
18489,,,,0.1,228.4341822348458,800.414355149238,,,0.0,0.0,2.0
18490,,,,0.1,229.75865338187612,799.8710186927349,,,0.0,0.0,2.0
18491,0.0007603358797346335,0.16423255002268083,0.0,0.1,233.5374013374188,802.4949898051851,1.0,0.0,0.0,0.0,2.0
18492,0.0009560816218153632,0.20651363031211845,0.0,0.1,236.32773049288522,803.6222717004208,1.0,0.0,0.0,0.0,2.0
18493,0.0005905277490150664,0.12755399378725435,0.0,0.1,239.7312788283997,807.2446562980656,1.0,0.0,0.0,0.0,2.0
18494,0.0009237966290733329,0.1995400718798399,0.0,0.1,239.3498963408438,811.8227526951929,1.0,0.0,0.0,0.0,2.0
18495,7.058195186451919e-05,0.015245701602736146,1.0,0.1,238.87164475684236,810.2909575743826,1.0,0.0,0.0,0.0,2.0
18496,0.00030414099446090566,0.06569445480355562,1.0,0.1,238.71922353237994,810.1567555852598,1.0,0.0,0.0,0.0,2.0
18497,0.0006259530947070036,0.13520586845671279,0.0,0.1,237.17631392899992,808.9052309912059,1.0,0.0,0.0,0.0,2.0
18498,0.0003348562821640983,0.07232895694744523,1.0,0.1,232.34718681551678,809.1853247786833,1.0,0.0,0.0,0.0,2.0
18499,0.0005738090192064316,0.12394274814858923,0.0,0.1,228.0420859364411,812.1460912931254,1.0,0.0,0.0,0.0,2.0
18500,0.000496556565997604,0.10725621825548247,0.0,0.1,224.5845525557766,812.18924371124,1.0,0.0,0.0,0.0,2.0
18501,0.0008141982571106598,0.17586682353590252,0.0,0.1,222.95065124062378,812.5692358518287,1.0,0.0,0.0,0.0,2.0
18502,0.00015362342808406784,0.033182660466158656,1.0,0.1,218.13639324756988,808.2788785189911,1.0,0.0,0.0,0.0,2.0
18503,0.00013895448228358912,0.03001416817325525,1.0,0.1,213.67917969536012,808.8806168421072,1.0,0.0,0.0,0.0,2.0
18504,9.082593519519854e-05,0.019618402002162885,1.0,0.1,211.11195687983147,808.1323389108528,1.0,0.0,0.0,0.0,2.0
18505,0.00014059091327876566,0.03036763726821339,1.0,0.1,209.23558702382937,810.681875556469,1.0,0.0,0.0,0.0,2.0
18506,0.000666064034438178,0.14386983143864646,0.0,0.1,208.95445931879587,811.4454456747218,1.0,0.0,0.0,0.0,2.0
18507,0.00042762351177994115,0.09236667854446728,1.0,0.1,210.4774325461108,813.4449884653548,1.0,0.0,0.0,0.0,2.0
18508,0.0001765164179263094,0.038127546272082834,1.0,0.1,211.7335844311327,813.5695612993428,1.0,0.0,0.0,0.0,2.0
18509,0.00010624589825063838,0.02294911402213789,1.0,0.1,211.1678180139927,813.6093489146646,1.0,0.0,0.0,0.0,2.0
18510,0.0002951771408951473,0.06375826243335182,1.0,0.1,210.32842983199566,814.8239548419992,1.0,0.0,0.0,0.0,2.0
18511,0.0005951718036435011,0.12855710958699623,0.0,0.1,210.20695885817986,816.266059933981,1.0,0.0,0.0,0.0,2.0
18512,0.00016509527271175642,0.035660578905739385,1.0,0.1,213.31721436418505,815.9717401149221,1.0,0.0,0.0,0.0,2.0
18513,0.0006877188487466002,0.14854727132926565,0.0,0.1,217.84291440066,820.9414652793097,1.0,0.0,0.0,0.0,2.0
18514,0.00142613288216497,0.30804470254763355,0.0,0.1,218.80189657510178,823.6507961863275,1.0,0.0,0.0,0.0,2.0
18515,0.0012684058230929092,0.27397565778806837,0.0,0.1,222.3530676774941,825.5063538163932,1.0,0.0,0.0,0.0,2.0
18516,0.0007738763050612962,0.16715728189323997,0.0,0.1,223.4272983139857,824.5017995655692,1.0,0.0,0.0,0.0,2.0
18517,0.0008105250940031911,0.17507342030468925,0.0,0.1,227.0314878227691,821.1353637759344,1.0,0.0,0.0,0.0,2.0
18518,0.002070603693762795,0.4472503978527637,0.0,0.1,231.28959365733644,816.338650776456,1.0,0.0,0.0,0.0,2.0
18519,0.00037015796346892793,0.07995412010928843,1.0,0.1,235.5230828995439,814.3834562072043,1.0,0.0,0.0,0.0,2.0
18520,0.001663876830319992,0.35939739534911824,0.0,0.1,242.92496349225016,814.4260079435973,1.0,0.0,0.0,0.0,2.0
18521,0.0011486198903423648,0.24810189631395077,0.0,0.1,246.3549354097869,817.118808310573,1.0,0.0,0.0,0.0,2.0
18522,0.0010555324719317034,0.22799501393724794,0.0,0.1,250.22538925899903,817.7285345834672,1.0,0.0,0.0,0.0,2.0
18523,0.0003452017291614589,0.07456357349887513,1.0,0.1,253.00007870448303,814.325050506962,1.0,0.0,0.0,0.0,2.0
18524,0.001536396766891359,0.33186170164853357,0.0,0.1,253.4078129760333,814.0975213454309,1.0,0.0,0.0,0.0,2.0
18525,0.0008033047931785762,0.17351383532657247,0.0,0.1,254.51584076755168,814.5250263400264,1.0,0.0,0.0,0.0,2.0
18526,0.000701567480508183,0.1515385757897675,0.0,0.1,255.25158751470252,816.3640531467837,1.0,0.0,0.0,0.0,2.0
18527,0.00046587810371007235,0.10062967040137563,0.0,0.1,261.2694205473949,818.2927415434144,1.0,0.0,0.0,0.0,2.0
18528,0.0012885635238848447,0.27832972115912646,0.0,0.1,260.0313231553038,822.0153990917306,1.0,0.0,0.0,0.0,2.0
18529,7.902343553789245e-05,0.017069062076184766,1.0,0.1,263.16894939215297,830.3962504289423,1.0,0.0,0.0,0.0,2.0
18530,0.0010061234477962745,0.21732266472399528,0.0,0.1,263.56885783906307,840.7763030402385,1.0,0.0,0.0,0.0,2.0
18531,0.0006124565339528212,0.13229061133380937,0.0,0.1,265.24085969554096,845.945749737318,1.0,0.0,0.0,0.0,2.0
18532,0.0001044540846755027,0.022562082289908584,1.0,0.1,266.3187500501965,850.8083513618424,1.0,0.0,0.0,0.0,2.0
18533,0.0008276510085532078,0.1787726178474929,0.0,0.1,266.3361498636959,850.8407035794482,1.0,0.0,0.0,0.0,2.0
18534,0.00039971135188196884,0.08633765200650528,1.0,0.1,259.3825786274618,844.8820781626308,1.0,0.0,0.0,0.0,2.0
18535,8.624451341421211e-05,0.018628814897469818,1.0,0.1,253.49323849853718,841.8483816591669,1.0,0.0,0.0,0.0,2.0
18536,0.00033345507361741097,0.07202629590136078,1.0,0.1,253.23690345758413,845.8903489238534,1.0,0.0,0.0,0.0,2.0
18537,0.0007189528682057727,0.1552938195324469,0.0,0.1,252.81542184325113,846.7802864969307,1.0,0.0,0.0,0.0,2.0
18538,0.00023572690132748992,0.050917010686737825,1.0,0.1,251.676350911719,847.333125858788,1.0,0.0,0.0,0.0,2.0
18539,0.00048095066352418715,0.10388534332122443,0.0,0.1,251.70626228670668,848.9827036030262,1.0,0.0,0.0,0.0,2.0
18540,0.0002055096056311214,0.04439007481632223,1.0,0.1,253.5076225515772,854.2078051627898,1.0,0.0,0.0,0.0,2.0
18541,0.00014085345826000408,0.030424346984160883,1.0,0.1,252.66186081065857,862.97979669861,1.0,0.0,0.0,0.0,2.0
18542,0.0004296375631111406,0.09280171363200637,1.0,0.1,250.43105530869576,865.7059232980893,1.0,0.0,0.0,0.0,2.0
18543,0.0004289069136126973,0.09264389334034262,1.0,0.1,251.48089011873145,869.8972577644281,1.0,0.0,0.0,0.0,2.0
18544,0.000749853017982248,0.16196825188416558,0.0,0.1,252.53458148878826,874.6828165853245,1.0,0.0,0.0,0.0,2.0
18545,0.000563683077229263,0.12175554468152079,0.0,0.1,255.9487367307691,884.7030532929156,1.0,0.0,0.0,0.0,2.0
18546,0.0016462563272166527,0.355591366678797,0.0,0.1,256.4429460628489,889.7237698393238,1.0,0.0,0.0,0.0,2.0
18547,0.001201913298249481,0.2596132724218879,0.0,0.1,258.56082140362486,899.7880662917797,1.0,0.0,0.0,0.0,2.0
18548,0.0027879071693097737,0.6021879485709112,0.0,0.1,262.80085982225086,911.6824554354268,1.0,0.0,0.0,0.0,2.0
18549,0.0004716375399190208,0.1018737086225085,0.0,0.1,268.2947356063673,919.5496395758186,1.0,0.0,0.0,0.0,2.0
18550,0.0030741986124010454,0.6640269002786258,0.0,0.1,268.3884502472365,924.2383950424604,1.0,0.0,0.0,0.0,2.0
18551,0.0020620784220881337,0.4454089391710369,0.0,0.1,266.63274260549804,930.9510490347503,1.0,0.0,0.0,0.0,2.0
18552,0.002192620272694792,0.47360597890207506,0.0,0.1,268.8208517499437,940.4887200354566,1.0,0.0,0.0,0.0,2.0
18553,0.0013274271947777848,0.2867242740720015,0.0,0.1,269.7870387711045,952.1255733861436,1.0,0.0,0.0,0.0,2.0
18554,0.001660043446366877,0.35856938441524544,0.0,0.1,269.8275584531389,961.2492719748061,1.0,0.0,0.0,0.0,2.0
18555,0.0018308406362928255,0.39546157743925037,0.0,0.1,270.95602776010173,965.0475775070264,1.0,0.0,0.0,0.0,2.0
18556,0.0016087303824235187,0.34748576260348,0.0,0.1,271.57968594529814,969.1107447668551,1.0,0.0,0.0,0.0,2.0
18557,0.0009065094719037216,0.19580604593120388,0.0,0.1,272.3231438404763,976.2176760536943,1.0,0.0,0.0,0.0,2.0
18558,0.002736778444188087,0.5911441439446269,0.0,0.1,274.30245740600867,982.0932678245241,1.0,0.0,0.0,0.0,2.0
18559,0.00012072433955564313,0.026076457344018915,1.0,0.1,275.01755629284753,986.717380089934,1.0,0.0,0.0,0.0,2.0
18560,0.0015831228108041892,0.34195452713370483,0.0,0.1,275.7248374738925,989.7444400260897,1.0,0.0,0.0,0.0,2.0
18561,0.0013869242672074327,0.29957564171680545,0.0,0.1,277.22828985670884,990.4441471602137,1.0,0.0,0.0,0.0,2.0
18562,0.000975255980916917,0.21065529187805407,0.0,0.1,281.13352502707005,988.9731764896255,1.0,0.0,0.0,0.0,2.0
18563,0.0009098541059317052,0.19652848688124833,0.0,0.1,288.356133279456,991.073061115076,1.0,0.0,0.0,0.0,2.0
18564,0.0010274525285990392,0.22192974617739247,0.0,0.1,290.832211693904,993.1274354027116,1.0,0.0,0.0,0.0,2.0
18565,0.001441700205890633,0.3114072444723768,0.0,0.1,295.6060871653017,994.4759619701023,1.0,0.0,0.0,0.0,2.0
18566,0.0008319372392132251,0.17969844367005663,0.0,0.1,297.57231639950714,992.5069491382775,1.0,0.0,0.0,0.0,2.0
18567,0.0006895622296668736,0.1489454416080447,0.0,0.1,300.8681129845872,987.8242034191808,1.0,0.0,0.0,0.0,2.0
18568,0.0015250840919670996,0.32941816386489353,0.0,0.1,306.4510690535041,984.4280118602803,1.0,0.0,0.0,0.0,2.0
18569,0.0012408689748394763,0.2680276985653269,0.0,0.1,309.457908711131,980.9254835507779,1.0,0.0,0.0,0.0,2.0
18570,0.0005787977634189907,0.12502031689850202,0.0,0.1,314.20758312809807,977.4668156178102,1.0,0.0,0.0,0.0,2.0
18571,0.00035413056693765765,0.07649220245853405,1.0,0.1,315.23735407749916,973.7141911665241,1.0,0.0,0.0,0.0,2.0
18572,0.00010644782978382753,0.022992731233306744,1.0,0.1,318.79039378405315,974.7268958959,1.0,0.0,0.0,0.0,2.0
18573,0.00015975920023883608,0.034507987251588594,1.0,0.1,320.8093991122541,974.9763443968519,1.0,0.0,0.0,0.0,2.0
18574,0.00022241161327712558,0.04804090846785913,1.0,0.1,322.27558644126583,971.6752779403926,1.0,0.0,0.0,0.0,2.0
18575,0.00027414765175028485,0.05921589277806153,1.0,0.1,328.7490485876801,963.6890017339875,1.0,0.0,0.0,0.0,2.0
18576,0.000604061475338433,0.13047727867310155,0.0,0.1,334.8940898014177,960.8858660353204,1.0,0.0,0.0,0.0,2.0
18577,0.0005013434854517124,0.10829019285756987,0.0,0.1,337.8847597231916,960.6620222312315,1.0,0.0,0.0,0.0,2.0
18578,0.00047284692269061436,0.1021349353011727,0.0,0.1,340.1707640941157,961.6521449766439,1.0,0.0,0.0,0.0,2.0
18579,0.0013387934432294495,0.2891793837375611,0.0,0.1,343.658378494157,967.3717460469348,1.0,0.0,0.0,0.0,2.0
18580,0.00037614534001522484,0.08124739344328857,1.0,0.1,344.0187380523767,975.0068544670937,1.0,0.0,0.0,0.0,2.0
18581,0.00115988358310197,0.2505348539500255,0.0,0.1,345.7831143228597,981.6411216068132,1.0,0.0,0.0,0.0,2.0
18582,0.0006928078561562966,0.14964649692976006,0.0,0.1,349.0863858503988,985.1585964683802,1.0,0.0,0.0,0.0,2.0
18583,0.0011414722019681303,0.24655799562511616,0.0,0.1,352.5599355237607,993.8896088601673,1.0,0.0,0.0,0.0,2.0
18584,0.001395244035197475,0.30137271160265466,0.0,0.1,356.1513197804912,997.8254082618415,1.0,0.0,0.0,0.0,2.0
18585,0.00045592417434198114,0.09847962165786793,1.0,0.1,359.3224162614795,1003.0927770149037,1.0,0.0,0.0,0.0,2.0
18586,0.0014480142976183647,0.31277108828556677,0.0,0.1,359.2501289783982,1007.8616072662238,1.0,0.0,0.0,0.0,2.0
18587,0.0028554386050101926,0.6167747386822017,0.0,0.1,361.461155507292,1016.2778458990931,1.0,0.0,0.0,0.0,2.0
18588,0.0018177137120696002,0.39262616180703364,0.0,0.1,364.13626527273607,1026.049151270995,1.0,0.0,0.0,0.0,2.0
18589,0.0032129947834031013,0.6940068732150699,0.0,0.1,364.9128556616947,1032.9232703604198,1.0,0.0,0.0,0.0,2.0
18590,0.0011925628536477394,0.2575935763879117,0.0,0.1,366.82293463631424,1040.2268706898005,1.0,0.0,0.0,0.0,2.0
18591,0.003876074475811185,0.837232086775216,0.0,0.1,369.0960455529749,1044.2670444059058,1.0,0.0,0.0,0.0,2.0
18592,0.004072067001219599,0.8795664722634333,0.0,0.1,373.3449685258639,1053.4745481322993,1.0,0.0,0.0,0.0,2.0
18593,0.0021221782970874477,0.4583905121708887,0.0,0.1,375.2520023713657,1057.1106426080955,1.0,0.0,0.0,0.0,2.0
18594,0.0016050448524105507,0.34668968812067896,0.0,0.1,377.6039714783448,1062.7495455576616,1.0,0.0,0.0,0.0,2.0
18595,0.0023524287882522176,0.508124618262479,0.0,0.1,378.30002444220895,1065.4950294862654,1.0,0.0,0.0,0.0,2.0
18596,0.0019126796703574371,0.41313880879720644,0.0,0.1,378.35112820591144,1068.8622656082825,1.0,0.0,0.0,0.0,2.0
18597,0.0005021875715762898,0.1084725154604786,0.0,0.1,379.60181477209227,1072.6449612982326,1.0,0.0,0.0,0.0,2.0
18598,0.000415663839993053,0.08978338943849946,1.0,0.1,382.5287543849758,1075.8843131496606,1.0,0.0,0.0,0.0,2.0
18599,0.0006876905543937577,0.14854115974905166,0.0,0.1,386.5713315133964,1081.2905940074181,1.0,0.0,0.0,0.0,2.0
18600,0.0007442581082993074,0.1607597513926504,0.0,0.1,388.4951726362863,1083.5312837255772,1.0,0.0,0.0,0.0,2.0
18601,0.0002911212246335667,0.06288218452085041,1.0,0.1,389.54451698396605,1085.4026189140038,1.0,0.0,0.0,0.0,2.0
18602,0.0006993100613432179,0.15105097325013506,0.0,0.1,391.0869911582984,1088.4660535077735,1.0,0.0,0.0,0.0,2.0
18603,0.0010312018236432628,0.22273959390694476,0.0,0.1,392.91437442228744,1090.7559712742413,1.0,0.0,0.0,0.0,2.0
18604,0.0004679649813366231,0.10108043596871058,0.0,0.1,389.0686134440051,1087.8797550190952,1.0,0.0,0.0,0.0,2.0
18605,0.00029558827251306523,0.06384706686282209,1.0,0.1,388.0189741130761,1087.5432653860537,1.0,0.0,0.0,0.0,2.0
18606,0.0007680271324829261,0.16589386061631203,0.0,0.1,388.4654612919414,1088.1419276076078,1.0,0.0,0.0,0.0,2.0
18607,0.0002446329894288829,0.052840725716638705,1.0,0.1,389.0832165285841,1089.619412576602,1.0,0.0,0.0,0.0,2.0
18608,0.00014158835479743405,0.030583084636245754,1.0,0.1,389.9461661665266,1090.858817898212,1.0,0.0,0.0,0.0,2.0
18609,0.0003722543674094466,0.08040694336044046,1.0,0.1,391.1573554629416,1091.6250568305225,1.0,0.0,0.0,0.0,2.0
18610,5.957072683052945e-05,0.012867276995394361,1.0,0.1,392.8836024550376,1092.8699458586188,1.0,0.0,0.0,0.0,2.0
18611,0.001977118001122165,0.4270574882423876,0.0,0.1,392.4852853636464,1090.4612014989464,1.0,0.0,0.0,0.0,2.0
18612,3.278422631545707e-05,0.007081392884138727,1.0,0.1,393.453088641913,1090.2052620254738,1.0,0.0,0.0,0.0,2.0
18613,0.0021052904574390898,0.4547427388068434,0.0,0.1,394.21394035921844,1090.4722272994738,1.0,0.0,0.0,0.0,2.0
18614,0.0008243196984108959,0.17805305485675352,0.0,0.1,396.40770563095924,1092.3239285712395,1.0,0.0,0.0,0.0,2.0
18615,0.0006433327712325188,0.13895987858622405,0.0,0.1,397.63566348509164,1092.3067067891675,1.0,0.0,0.0,0.0,2.0
18616,0.0007860063002878569,0.16977736086217707,0.0,0.1,400.2925417299464,1091.2742152521691,1.0,0.0,0.0,0.0,2.0
18617,0.00029924806071512266,0.0646375811144665,1.0,0.1,404.93101466746094,1092.5808193321748,1.0,0.0,0.0,0.0,2.0
18618,3.391147468622532e-05,0.00732487853222467,1.0,0.1,405.4608470029924,1092.3038911909541,1.0,0.0,0.0,0.0,2.0
18619,0.0002767256821928078,0.05977274735364649,1.0,0.1,409.2819195725824,1093.9137611024667,1.0,0.0,0.0,0.0,2.0
18620,0.00010754527504917165,0.023229779410621074,1.0,0.1,409.5306405993025,1093.8330819132298,1.0,0.0,0.0,0.0,2.0
18621,0.0003808725129152912,0.08226846278970291,1.0,0.1,411.56705825219547,1094.3395999158365,1.0,0.0,0.0,0.0,2.0
18622,8.353656352526044e-05,0.018043897721456256,1.0,0.1,411.59562905188295,1094.4995027729851,1.0,0.0,0.0,0.0,2.0
18623,0.00015281199992998225,0.03300739198487617,1.0,0.1,411.6778737492933,1094.7383247453872,1.0,0.0,0.0,0.0,2.0
18624,0.00047420587323012797,0.10242846861770764,0.0,0.1,411.44486252657384,1095.9937609708397,1.0,0.0,0.0,0.0,2.0
18625,0.0005376496038428178,0.11613231443004866,0.0,0.1,410.7380758295992,1096.0168976487946,1.0,0.0,0.0,0.0,2.0
18626,0.00042917453097089713,0.09270169868971377,1.0,0.1,411.1276675817325,1096.1236954161743,1.0,0.0,0.0,0.0,2.0
18627,0.0006819555190719081,0.14730239211953214,0.0,0.1,411.14726404826143,1096.012881275197,1.0,0.0,0.0,0.0,2.0
18628,0.000629870672974469,0.13605206536248532,0.0,0.1,409.0290333547325,1096.354271288002,1.0,0.0,0.0,0.0,2.0
18629,0.00036730742710036043,0.07933840425367786,1.0,0.1,406.45632423231757,1097.8278404616003,1.0,0.0,0.0,0.0,2.0
18630,0.00041553532814823566,0.08975563088001891,1.0,0.1,404.6265639463355,1098.6585756097556,1.0,0.0,0.0,0.0,2.0
18631,0.0006298779693305859,0.13605364137540657,0.0,0.1,404.61251012624587,1098.7923215479127,1.0,0.0,0.0,0.0,2.0
18632,0.0006063707426858254,0.13097608042013828,0.0,0.1,407.4689613731327,1102.1512838755632,1.0,0.0,0.0,0.0,2.0
18633,0.0010451535264955707,0.2257531617230433,0.0,0.1,410.63022645989713,1104.7444478770135,1.0,0.0,0.0,0.0,2.0
18634,0.00095840500546141,0.20701548117966456,0.0,0.1,412.602964695852,1106.4108548700551,1.0,0.0,0.0,0.0,2.0
18635,0.0002174052087398851,0.04695952508781518,1.0,0.1,413.58008256734,1107.4333198692789,1.0,0.0,0.0,0.0,2.0
18636,0.00025139175332439636,0.05430061871806961,1.0,0.1,412.5859801612365,1107.2371499534102,1.0,0.0,0.0,0.0,2.0
18637,0.0005763613311509443,0.12449404752860396,0.0,0.1,411.88120709716776,1107.4091443707232,1.0,0.0,0.0,0.0,2.0
18638,0.00020296883040734872,0.043841267367987324,1.0,0.1,410.85024029385863,1107.5443797309151,1.0,0.0,0.0,0.0,2.0
18639,0.0002188712087411129,0.04727618108808039,1.0,0.1,409.91087011816785,1107.3474862424493,1.0,0.0,0.0,0.0,2.0
18640,0.0001406741419275154,0.03038561465634333,1.0,0.1,409.9155203567653,1110.0746041929704,1.0,0.0,0.0,0.0,2.0
18641,0.00027842556241462204,0.060139921481558355,1.0,0.1,409.89598744061874,1110.3096080640894,1.0,0.0,0.0,0.0,2.0
18642,0.00031876056737630964,0.06885228255328288,1.0,0.1,409.132711371431,1111.2318363710597,1.0,0.0,0.0,0.0,2.0
18643,0.00017030850865663546,0.03678663786983326,1.0,0.1,408.6995850537839,1111.7613195530034,1.0,0.0,0.0,0.0,2.0
18644,0.0004890361471531274,0.10563180778507553,0.0,0.1,401.81515993425666,1107.4864835738879,1.0,0.0,0.0,0.0,2.0
18645,0.00013981545490960248,0.030200138260474137,1.0,0.1,400.6095036889344,1107.2589838647757,1.0,0.0,0.0,0.0,2.0
18646,0.0002623907528930852,0.05667640262490641,1.0,0.1,,,1.0,0.0,,,2.0
18647,0.0002408518026633813,0.05202398937529036,1.0,0.1,,,1.0,0.0,,,2.0
18648,0.00019714894247402506,0.042584171574389415,1.0,0.1,,,1.0,0.0,,,2.0
18649,0.0002908254064310751,0.06281828778911222,1.0,0.1,401.42700284858677,1111.8346884975558,1.0,0.0,0.0,0.0,2.0
18650,0.0006042204795870656,0.13051162359080618,0.0,0.1,403.69669064345595,1113.3292089932045,1.0,0.0,0.0,0.0,2.0
18651,0.00033272513982355315,0.07186863020188748,1.0,0.1,406.74790232441217,1116.244710044947,1.0,0.0,0.0,0.0,2.0
18652,0.00020685718397810642,0.04468115173927099,1.0,0.1,409.1822679311966,1118.9149002426695,1.0,0.0,0.0,0.0,2.0
18653,3.553466542084428e-05,0.007675487730902365,1.0,0.1,409.24275554632806,1119.4137978255146,1.0,0.0,0.0,0.0,2.0
18654,0.00039411092758177797,0.08512796035766404,1.0,0.1,409.63376846615,1119.242480134761,1.0,0.0,0.0,0.0,2.0
18655,0.00043788911801704515,0.09458404949168175,1.0,0.1,411.0915411345161,1117.8282807934704,1.0,0.0,0.0,0.0,2.0
18656,0.0001587533901958908,0.03429073228231241,1.0,0.1,414.28634194544844,1117.8670890706685,1.0,0.0,0.0,0.0,2.0
18657,2.4401299302675396e-05,0.005270680649377886,1.0,0.1,416.3528206631352,1118.7060115368502,1.0,0.0,0.0,0.0,2.0
18658,0.00015555120832565724,0.033599060998341965,1.0,0.1,415.95942328637074,1117.7186508041916,1.0,0.0,0.0,0.0,2.0
18659,0.0005150941517548136,0.11126033677903974,0.0,0.1,414.59935596413953,1116.0534951008256,1.0,0.0,0.0,0.0,2.0
18660,0.00014758142290544532,0.03187758734757619,1.0,0.1,414.4821474997424,1115.8376596807325,1.0,0.0,0.0,0.0,2.0
18661,0.0002111500539320303,0.045608411649318545,1.0,0.1,411.51238428899586,1110.8702025113394,1.0,0.0,0.0,0.0,2.0
18662,0.00039134846969689837,0.08453126945453004,1.0,0.1,408.15719231272755,1105.5060815020624,1.0,0.0,0.0,0.0,2.0
18663,0.0003783256411617361,0.081718338490935,1.0,0.1,405.6876182591758,1104.6176078138867,1.0,0.0,0.0,0.0,2.0
18664,0.0002871414413685193,0.06202255133560017,1.0,0.1,404.3234554583463,1105.3558908340408,1.0,0.0,0.0,0.0,2.0
18665,0.00040240862349943295,0.08692026267587752,1.0,0.1,401.6931695806818,1102.5697093936797,1.0,0.0,0.0,0.0,2.0
18666,0.00039916833405315583,0.08622036015548167,1.0,0.1,401.46092745917554,1095.2786830811485,1.0,0.0,0.0,0.0,2.0
18667,0.0004484747959407898,0.0968705559232106,1.0,0.1,400.1597383459801,1088.9509316391398,1.0,0.0,0.0,0.0,2.0
18668,0.0006838982570741473,0.14772202352801583,0.0,0.1,404.08293264563713,1088.682407094884,1.0,0.0,0.0,0.0,2.0
18669,0.0004763207340958513,0.10288527856470388,0.0,0.1,405.8736425136476,1086.8446381950935,1.0,0.0,0.0,0.0,2.0
18670,0.0003114677241679338,0.0672770284202737,1.0,0.1,407.1829765764478,1086.8400698600365,1.0,0.0,0.0,0.0,2.0
18671,0.0007232766302302381,0.15622775212973145,0.0,0.1,407.1596465965717,1085.773166837818,1.0,0.0,0.0,0.0,2.0
18672,0.0004192549866426567,0.09055907711481385,1.0,0.1,406.13808888019423,1083.2326201024084,1.0,0.0,0.0,0.0,2.0
18673,0.00036192666726979973,0.07817616013027674,1.0,0.1,404.1893579335833,1079.7123348202422,1.0,0.0,0.0,0.0,2.0
18674,0.0005247086332781308,0.11333706478807627,0.0,0.1,402.7924237103328,1075.6550741384049,1.0,0.0,0.0,0.0,2.0
18675,0.0005613834217735884,0.1212588191030951,0.0,0.1,403.18324518096847,1073.2949621470013,1.0,0.0,0.0,0.0,2.0
18676,5.813779496416278e-05,0.012557763712259161,1.0,0.1,402.3918190845998,1072.139419232513,1.0,0.0,0.0,0.0,2.0
18677,0.0005807259214289728,0.12543679902865812,0.0,0.1,,,1.0,0.0,,,2.0
18678,0.0003082469253617877,0.06658133587814614,1.0,0.1,,,1.0,0.0,,,2.0
18679,0.0006589623116438803,0.14233585931507817,0.0,0.1,,,1.0,0.0,,,2.0
18680,0.00011347325908566971,0.024510223962504657,1.0,0.1,,,1.0,0.0,,,2.0
18681,0.000410900629875202,0.08875453605304363,1.0,0.1,,,1.0,0.0,,,2.0
18682,0.00041114503006954686,0.08880732649502213,1.0,0.1,,,1.0,0.0,,,2.0
18683,0.001384099107031309,0.29896540711876274,0.0,0.1,408.00468844007503,1082.5970707374527,1.0,0.0,0.0,0.0,2.0
18684,0.0007460582736931661,0.16114858711772387,0.0,0.1,,,1.0,0.0,,,2.0
18685,0.0002905516674945686,0.06275916017882682,1.0,0.1,421.035140091783,1086.8485890163772,1.0,0.0,0.0,0.0,2.0
18686,0.0007113927581615398,0.15366083576289258,0.0,0.1,423.6702356370532,1087.9428376935527,1.0,0.0,0.0,0.0,2.0
18687,0.0009584395469683687,0.20702294214516764,0.0,0.1,425.93244360265913,1089.6231215472483,1.0,0.0,0.0,0.0,2.0
18688,0.0008286149214313892,0.17898082302918006,0.0,0.1,430.17909320972785,1092.2916391980223,1.0,0.0,0.0,0.0,2.0
18689,0.0013049295801061617,0.28186478930293096,0.0,0.1,434.6977425478736,1097.887531155731,1.0,0.0,0.0,0.0,2.0
18690,0.0017232066349355053,0.37221263314606917,0.0,0.1,441.63164079520476,1104.6478530745885,1.0,0.0,0.0,0.0,2.0
18691,0.0008964808013445065,0.19363985309041343,0.0,0.1,450.34111172112125,1111.943715031668,1.0,0.0,0.0,0.0,2.0
18692,0.0015132369708838233,0.32685918571090583,0.0,0.1,457.12418793145906,1121.112661408797,1.0,0.0,0.0,0.0,2.0
18693,0.0013777691201961144,0.29759812996236074,0.0,0.1,461.7235845282324,1126.2685491476425,1.0,0.0,0.0,0.0,2.0
18694,0.0006678351625893408,0.1442523951192976,0.0,0.1,,,1.0,0.0,,,2.0
18695,0.0009638543300321808,0.20819253528695106,0.0,0.1,,,1.0,0.0,,,2.0
18696,0.0010854500223478733,0.23445720482714066,0.0,0.1,465.8688978337544,1137.5404580295613,1.0,0.0,0.0,0.0,2.0
18697,0.00035745848822894144,0.07721103345745135,1.0,0.1,463.8156424060047,1137.4003240620177,1.0,0.0,0.0,0.0,2.0
18698,0.00013939205108369008,0.030108683034077058,1.0,0.1,461.39367376186476,1134.4263930809504,1.0,0.0,0.0,0.0,2.0
18699,0.0005069764750981151,0.10950691862119286,0.0,0.1,458.0498216159533,1131.2283006514028,1.0,0.0,0.0,0.0,2.0
18700,0.0001578761216723942,0.03410124228123715,1.0,0.1,452.44016199362414,1128.2470553915962,1.0,0.0,0.0,0.0,2.0
18701,0.000551004337420872,0.11901693688290835,0.0,0.1,,,1.0,0.0,,,2.0
18702,0.0004840560813042055,0.1045561135617084,0.0,0.1,,,1.0,0.0,,,2.0
18703,0.0001885469445818314,0.04072614002967558,1.0,0.1,,,1.0,0.0,,,2.0
18704,0.0009408016282992293,0.20321315171263352,0.0,0.1,,,1.0,0.0,,,2.0
18705,0.0005932666702407685,0.128145600772006,0.0,0.1,,,1.0,0.0,,,2.0
18706,0.0007732549980527532,0.16702307957939472,0.0,0.1,,,1.0,0.0,,,2.0
18707,0.0003998679460833565,0.08637147635400501,1.0,0.1,,,1.0,0.0,,,2.0
18708,0.0005322935096577779,0.11497539808608002,0.0,0.1,,,1.0,0.0,,,2.0
18709,0.0005155883976202903,0.11136709388598272,0.0,0.1,,,1.0,0.0,,,2.0
18710,0.00014769774133773975,0.031902712128951786,1.0,0.1,,,1.0,0.0,,,2.0
18711,0.00039722024573914024,0.0857995730796543,1.0,0.1,,,1.0,0.0,,,2.0
18712,0.0006320804439142471,0.13652937588547737,0.0,0.1,,,1.0,0.0,,,2.0
18713,0.000501751644630864,0.10837835524026664,0.0,0.1,,,1.0,0.0,,,2.0
18714,0.0017361508708201314,0.37500858809714843,0.0,0.1,,,1.0,0.0,,,2.0
18715,0.00025959481221918837,0.05607247943934469,1.0,0.1,,,1.0,0.0,,,2.0
18716,0.00010610026493099799,0.022917657225095565,1.0,0.1,,,1.0,0.0,,,2.0
18717,0.000470471311424943,0.10162180326778769,0.0,0.1,,,1.0,0.0,,,2.0
18718,0.0006057758299050614,0.13084757925949328,0.0,0.1,,,1.0,0.0,,,2.0
18719,8.565513085129843e-05,0.018501508263880462,1.0,0.1,,,1.0,0.0,,,2.0
18720,0.000676937865982287,0.146218579052174,0.0,0.1,,,1.0,0.0,,,2.0
18721,0.00023802176967734916,0.05141270225030742,1.0,0.1,,,1.0,0.0,,,2.0
18722,0.0004858361708973222,0.10494061291382159,0.0,0.1,,,1.0,0.0,,,2.0
18723,0.0002736640023575471,0.059111424509230175,1.0,0.1,,,1.0,0.0,,,2.0
18724,0.0008663491951526266,0.18713142615296732,0.0,0.1,,,1.0,0.0,,,2.0
18725,0.0004894911532865598,0.10573008910989691,0.0,0.1,,,1.0,0.0,,,2.0
18726,0.00019883228297884684,0.04294777312343092,1.0,0.1,,,1.0,0.0,,,2.0
18727,0.0007126541211183993,0.15393329016157425,0.0,0.1,,,1.0,0.0,,,2.0
18728,0.0009192859261478161,0.19856576004792828,0.0,0.1,,,1.0,0.0,,,2.0
18729,0.0005419233793531913,0.11705544994028932,0.0,0.1,,,1.0,0.0,,,2.0
18730,,,,0.1,368.9078117856442,1056.7857696098472,1.0,0.0,0.0,0.0,2.0
18731,,,,0.1,365.4521077149217,1054.362516148199,,,0.0,0.0,2.0
18732,,,,0.1,,,,,,,2.0
18733,0.0005723203328027025,0.12362119188538373,0.0,0.1,366.22587336798796,1056.1974494703209,1.0,0.0,0.0,0.0,2.0
18734,0.00032000806881989953,0.0691217428650983,1.0,0.1,,,1.0,0.0,,,2.0
18735,0.00024545558112247675,0.05301840552245498,1.0,0.1,,,1.0,0.0,,,2.0
18736,0.0008694218192196963,0.1877951129514544,0.0,0.1,391.932800943558,1078.3976642063835,1.0,0.0,0.0,0.0,2.0
18737,0.0002083912711514504,0.04501251456871329,1.0,0.1,401.03829902366294,1085.3757608182723,1.0,0.0,0.0,0.0,2.0
18738,0.0005576238738963679,0.12044675676161545,0.0,0.1,404.4440114136144,1089.398932048647,1.0,0.0,0.0,0.0,2.0
18739,0.0003462744536093798,0.07479528197962604,1.0,0.1,405.7845043326787,1093.7610701045053,1.0,0.0,0.0,0.0,2.0
18740,0.00041059963832999817,0.0886895218792796,1.0,0.1,407.110811693845,1097.092395901583,1.0,0.0,0.0,0.0,2.0
18741,0.00028024731906594843,0.06053342091824487,1.0,0.1,408.09731969609385,1099.4257887903377,1.0,0.0,0.0,0.0,2.0
18742,0.0007323619560409376,0.1581901825048425,0.0,0.1,409.68475591060985,1103.2406464157752,1.0,0.0,0.0,0.0,2.0
18743,0.0005581892079105534,0.12056886890867953,0.0,0.1,414.5553645761937,1108.7934350504727,1.0,0.0,0.0,0.0,2.0
18744,0.0016824622796743538,0.36341185240966045,0.0,0.1,414.72078633416163,1110.082872448708,1.0,0.0,0.0,0.0,2.0
18745,0.001110420462628926,0.23985081992784804,0.0,0.1,419.46438970276944,1115.710830393874,1.0,0.0,0.0,0.0,2.0
18746,0.0009213235345410629,0.19900588346086961,0.0,0.1,422.5536150069368,1119.8267629777915,1.0,0.0,0.0,0.0,2.0
18747,0.0008364611503751054,0.1806756084810228,0.0,0.1,425.9740362154637,1127.1803410614546,1.0,0.0,0.0,0.0,2.0
18748,0.00019808989842377709,0.04278741805953585,1.0,0.1,426.3149484176824,1129.9785049123238,1.0,0.0,0.0,0.0,2.0
18749,0.0004318042582154995,0.09326971977454789,1.0,0.1,425.3278208436721,1129.0558633192732,1.0,0.0,0.0,0.0,2.0
18750,0.0006253443137134665,0.13507437176210876,0.0,0.1,423.74110039724616,1127.6886520642224,1.0,0.0,0.0,0.0,2.0
18751,0.002400901342507057,0.5185946899815244,0.0,0.1,419.5874866798066,1125.1049888101984,1.0,0.0,0.0,0.0,2.0
18752,0.00043255902527420515,0.09343274945922832,1.0,0.1,414.2726224320801,1122.074348782844,1.0,0.0,0.0,0.0,2.0
18753,0.0003442619398821988,0.07436057901455494,1.0,0.1,410.6372460489456,1119.8361230573316,1.0,0.0,0.0,0.0,2.0
18754,0.0016218124993081055,0.3503114998505508,0.0,0.1,405.862505179488,1115.9531073441228,1.0,0.0,0.0,0.0,2.0
18755,0.00013780950066306482,0.029766852143222,1.0,0.1,399.10131486822326,1113.3599405159698,1.0,0.0,0.0,0.0,2.0
18756,0.0003727242437953587,0.08050843665979748,1.0,0.1,396.67102265517724,1112.9340200247934,1.0,0.0,0.0,0.0,2.0
18757,0.00011882225488607477,0.025665607055392153,1.0,0.1,396.7203364316834,1113.3551647724898,1.0,0.0,0.0,0.0,2.0
18758,0.0016455281513762618,0.35543408069727256,0.0,0.1,396.99604664096694,1114.3052705023813,1.0,0.0,0.0,0.0,2.0
18759,0.0001670209072951684,0.036076515975756375,1.0,0.1,396.25131779081727,1113.7716791756375,1.0,0.0,0.0,0.0,2.0
18760,0.00046729177309009443,0.1009350229874604,0.0,0.1,398.7779554977093,1116.5153644474071,1.0,0.0,0.0,0.0,2.0
18761,0.0002201021568663673,0.04754206588313534,1.0,0.1,401.92640012950835,1122.858074863763,1.0,0.0,0.0,0.0,2.0
18762,0.000548261136327418,0.1184244054467223,0.0,0.1,403.24638478124706,1126.2948081072132,1.0,0.0,0.0,0.0,2.0
18763,4.343655127544969e-05,0.009382295075497133,1.0,0.1,404.70082155868073,1128.8103997197568,1.0,0.0,0.0,0.0,2.0
18764,0.0004050396790868711,0.08748857068276415,1.0,0.1,403.4700692244498,1127.9442301531622,1.0,0.0,0.0,0.0,2.0
18765,0.0005249092868164142,0.11338040595234546,0.0,0.1,,,1.0,0.0,,,2.0
18766,0.00022099777449736523,0.04773551929143089,1.0,0.1,400.1905822430833,1128.6068837301252,1.0,0.0,0.0,0.0,2.0
18767,0.0005150592663853063,0.11125280153922616,0.0,0.1,400.0320068103836,1129.9255921212307,1.0,0.0,0.0,0.0,2.0
18768,0.0002575733678347078,0.0556358474522969,1.0,0.1,,,1.0,0.0,,,2.0
18769,0.0006068226747498327,0.1310736977459639,0.0,0.1,,,1.0,0.0,,,2.0
18770,4.962946254127067e-05,0.010719963908914465,1.0,0.1,404.2630618550582,1135.804786162833,1.0,0.0,0.0,0.0,2.0
18771,0.0003235185912247983,0.06988001570455643,1.0,0.1,403.34033708431963,1133.2197123029507,1.0,0.0,0.0,0.0,2.0
18772,0.0005202268490162596,0.11236899938751208,0.0,0.1,402.35902470650956,1130.4968553159338,1.0,0.0,0.0,0.0,2.0
18773,0.00024253560043719147,0.05238768969443336,1.0,0.1,401.5460121476152,1125.8793611672054,1.0,0.0,0.0,0.0,2.0
18774,0.0006067431670628443,0.1310565240855744,0.0,0.1,398.52482523376193,1118.5997489518031,1.0,0.0,0.0,0.0,2.0
18775,8.645800972004576e-05,0.018674930099529887,1.0,0.1,,,1.0,0.0,,,2.0
18776,0.0004840679264762666,0.10455867211887358,0.0,0.1,,,1.0,0.0,,,2.0
18777,0.0012250087312020198,0.2646018859396363,0.0,0.1,392.7076621884145,1104.756481539159,1.0,0.0,0.0,0.0,2.0
18778,0.0005113769894067497,0.11045742971185793,0.0,0.1,395.7564569850118,1099.1433004924124,1.0,0.0,0.0,0.0,2.0
18779,0.001313081846003533,0.2836256787367632,0.0,0.1,389.97734152553244,1087.1764007254192,1.0,0.0,0.0,0.0,2.0
18780,0.00022980703742355677,0.049638320083488265,1.0,0.1,389.7670762737275,1083.8583016059545,1.0,0.0,0.0,0.0,2.0
18781,0.0005496204832488892,0.11871802438176006,0.0,0.1,386.2068762973542,1075.5853866826499,1.0,0.0,0.0,0.0,2.0
18782,0.0007457221066913269,0.1610759750453266,0.0,0.1,385.87294648651437,1072.5830633623211,1.0,0.0,0.0,0.0,2.0
18783,0.00028592423687578196,0.06175963516516891,1.0,0.1,385.7876958539717,1070.912174048597,1.0,0.0,0.0,0.0,2.0
18784,0.0006772101625310511,0.14627739510670706,0.0,0.1,385.9939288292464,1069.9525916635992,1.0,0.0,0.0,0.0,2.0
18785,0.0005184064887762198,0.11197580157566348,0.0,0.1,389.3062596481283,1071.2696302703728,1.0,0.0,0.0,0.0,2.0
18786,0.00025175568426187675,0.05437922780056538,1.0,0.1,387.270002594898,1068.8636995481652,1.0,0.0,0.0,0.0,2.0
18787,0.0015518119839390337,0.3351913885308313,0.0,0.1,389.8530894833646,1071.10339910702,1.0,0.0,0.0,0.0,2.0
18788,0.0006150074953164521,0.13284161898835367,0.0,0.1,392.1634767963927,1072.72983355308,1.0,0.0,0.0,0.0,2.0
18789,0.000541186925415872,0.11689637588982836,0.0,0.1,393.09309913437664,1072.8517948933913,1.0,0.0,0.0,0.0,2.0
18790,0.00032042969424208646,0.06921281395629068,1.0,0.1,394.7396670299833,1072.5599123351874,1.0,0.0,0.0,0.0,2.0
18791,0.0007243913843467779,0.15646853901890403,0.0,0.1,395.5026519943442,1072.1266036057375,1.0,0.0,0.0,0.0,2.0
18792,6.911465429512531e-05,0.014928765327747067,1.0,0.1,394.35657705709497,1070.9311052490648,1.0,0.0,0.0,0.0,2.0
18793,0.00048396155997688066,0.10453569695500622,0.0,0.1,393.50133363961055,1069.8990403970981,1.0,0.0,0.0,0.0,2.0
18794,0.0002880664402864762,0.062222351101878855,1.0,0.1,394.07335751941673,1069.7542847818763,1.0,0.0,0.0,0.0,2.0
18795,0.0015666396815845736,0.3383941712222679,0.0,0.1,393.6343560389181,1068.1136551237662,1.0,0.0,0.0,0.0,2.0
18796,0.0004197652596875665,0.09066929609251437,1.0,0.1,396.07112250835064,1068.3977677047008,1.0,0.0,0.0,0.0,2.0
18797,0.0004552844369151024,0.09834143837366212,1.0,0.1,400.56994298900963,1071.6905775858027,1.0,0.0,0.0,0.0,2.0
18798,0.0012685243339517578,0.2740012561335797,0.0,0.1,402.99727435590165,1073.059754354855,1.0,0.0,0.0,0.0,2.0
18799,0.0005720549252425065,0.12356386385238141,0.0,0.1,410.57984606881297,1075.731111023259,1.0,0.0,0.0,0.0,2.0
18800,0.000642502637370708,0.13878056967207292,0.0,0.1,411.7515438894811,1077.6839713646611,1.0,0.0,0.0,0.0,2.0
18801,0.0002748692651102816,0.059371761263820835,1.0,0.1,412.35438720864875,1075.7439554226373,1.0,0.0,0.0,0.0,2.0
18802,0.0005784070057852188,0.12493591324960727,0.0,0.1,412.06947441869715,1072.9096646601029,1.0,0.0,0.0,0.0,2.0
18803,0.0004746813261339502,0.10253116644493325,0.0,0.1,410.03675662738596,1065.862848524152,1.0,0.0,0.0,0.0,2.0
18804,0.0003205863532561609,0.06924665230333076,1.0,0.1,409.0452802770544,1061.137858837875,1.0,0.0,0.0,0.0,2.0
18805,0.0013823900407741868,0.29859624880722435,0.0,0.1,407.1994085930348,1055.112496289134,1.0,0.0,0.0,0.0,2.0
18806,0.00022558648005844013,0.048726679692623065,1.0,0.1,399.3028458446329,1037.5792448175525,1.0,0.0,0.0,0.0,2.0
18807,0.0007420015037990179,0.16027232482058787,0.0,0.1,394.0667367469288,1026.6689195311471,1.0,0.0,0.0,0.0,2.0
18808,0.0005552867004907449,0.1199419273060009,0.0,0.1,,,1.0,0.0,,,2.0
18809,0.0005513632941525021,0.11909447153694046,0.0,0.1,,,1.0,0.0,,,2.0
18810,0.0004964410034994441,0.10723125675587994,0.0,0.1,,,1.0,0.0,,,2.0
18811,0.00011074041809791516,0.023919930309149674,1.0,0.1,383.68282342742674,1000.0988548943546,1.0,0.0,0.0,0.0,2.0
18812,0.0006920220480660334,0.1494767623822632,0.0,0.1,380.0666644351429,988.4226413747331,1.0,0.0,0.0,0.0,2.0
18813,0.000524269536960327,0.11324221998343062,0.0,0.1,378.4250970113704,979.9916089274606,1.0,0.0,0.0,0.0,2.0
18814,0.0006078992987171593,0.1313062485229064,0.0,0.1,376.6107060905927,976.2659536422447,1.0,0.0,0.0,0.0,2.0
18815,,,,0.1,373.3566493952507,970.199309047761,1.0,0.0,0.0,0.0,2.0
18816,,,,0.1,369.95321680120617,965.6435396023074,,,0.0,0.0,2.0
18817,,,,0.1,364.66057161277774,953.1385143556332,,,0.0,0.0,2.0
18818,,,,0.1,357.96435403278855,938.3203447737025,,,0.0,0.0,2.0
18819,,,,0.1,271.6489369649611,1007.740519852895,,,0.0,0.0,2.0
18820,,,,0.1,,,,,,,2.0
18821,,,,0.1,,,,,,,2.0
18822,,,,0.1,,,,,,,2.0
18823,,,,0.1,,,,,,,2.0
18824,,,,0.1,,,,,,,2.0
18825,,,,0.1,,,,,,,2.0
18826,0.0012040969013993044,0.26008493070224975,0.0,0.1,,,1.0,0.0,,,2.0
18827,0.001086384878025529,0.23465913365351423,0.0,0.1,,,1.0,0.0,,,2.0
18828,0.0011884398305920894,0.2567030034078913,0.0,0.1,,,1.0,0.0,,,2.0
18829,0.0003975549950095083,0.0858718789220538,1.0,0.1,,,1.0,0.0,,,2.0
18830,0.00016835738630652372,0.036365195442209126,1.0,0.1,,,1.0,0.0,,,2.0
18831,0.0003560038827197849,0.07689683866747353,1.0,0.1,,,1.0,0.0,,,2.0
18832,0.00011964865480416695,0.02584410943770006,1.0,0.1,,,1.0,0.0,,,2.0
18833,0.0002534360734296942,0.054742191860813944,1.0,0.1,,,1.0,0.0,,,2.0
18834,0.0011735718001729897,0.2534915088373658,0.0,0.1,,,1.0,0.0,,,2.0
18835,0.0005300496022327101,0.1144907140822654,0.0,0.1,,,1.0,0.0,,,2.0
18836,0.0014311368800082045,0.30912556608177216,0.0,0.1,,,1.0,0.0,,,2.0
18837,0.0008495609899713098,0.1835051738338029,0.0,0.1,,,1.0,0.0,,,2.0
18838,0.00031590858743850387,0.06823625488671684,1.0,0.1,,,1.0,0.0,,,2.0
18839,0.001374042157782204,0.2967931060809561,0.0,0.1,,,1.0,0.0,,,2.0
18840,0.0015504477034642072,0.33489670394826876,0.0,0.1,,,1.0,0.0,,,2.0
18841,0.0006860928655243123,0.14819605895325144,0.0,0.1,,,1.0,0.0,,,2.0
18842,0.00015890377807985538,0.03432321606524876,1.0,0.1,,,1.0,0.0,,,2.0
18843,0.0019784306459505875,0.4273410195253269,0.0,0.1,279.2666792774832,809.2426618214147,1.0,0.0,0.0,0.0,2.0
18844,0.0010815701879001336,0.23361916058642887,0.0,0.1,,,1.0,0.0,,,2.0
18845,0.000413570168197253,0.08933115633060665,1.0,0.1,277.0277607840121,789.4106995582938,1.0,0.0,0.0,0.0,2.0
18846,0.0008518631977230687,0.18400245070818286,0.0,0.1,,,1.0,0.0,,,2.0
18847,0.0007219549700228478,0.15594227352493514,0.0,0.1,269.8195180777217,782.0389872384027,1.0,0.0,0.0,0.0,2.0
18848,,,,0.1,,,1.0,0.0,,,2.0
18849,,,,0.1,,,,,,,2.0
18850,0.0021991598342625297,0.4750185242007065,0.0,0.1,,,1.0,0.0,,,2.0
18851,,,,0.1,,,1.0,0.0,,,2.0
18852,,,,0.1,,,,,,,2.0
18853,,,,0.1,,,1.0,0.0,,,2.0
18854,,,,0.1,,,,,,,2.0
18855,0.002348217014210357,0.5072148750694372,0.0,0.1,,,1.0,0.0,,,2.0
18856,0.0014377137779808186,0.3105461760438568,0.0,0.1,241.57633822393421,720.0189008324115,1.0,0.0,0.0,0.0,2.0
18857,0.0008153205745967774,0.1761092441129039,0.0,0.1,247.2455404763601,713.6768016828091,1.0,0.0,0.0,0.0,2.0
18858,0.002611820030152721,0.5641531265129878,0.0,0.1,255.65965068003442,701.3475229000519,1.0,0.0,0.0,0.0,2.0
18859,0.002758902289404902,0.5959228945114589,0.0,0.1,266.16958820302875,686.7209223443283,1.0,0.0,0.0,0.0,2.0
18860,0.0025223729194212897,0.5448325505949986,0.0,0.1,273.0371330796334,673.6940668833832,1.0,0.0,0.0,0.0,2.0
18861,0.00455268453249898,0.9833798590197798,0.0,0.1,278.87076572746724,666.1275501822499,1.0,0.0,0.0,0.0,2.0
18862,0.003859947373558166,0.8337486326885639,0.0,0.1,291.13152593517515,646.8550112906718,1.0,0.0,0.0,0.0,2.0
18863,0.002701841816819553,0.5835978324330234,0.0,0.1,298.96668821960714,634.7321782949244,1.0,0.0,0.0,0.0,2.0
18864,0.002372186364656578,0.5123922547658208,0.0,0.1,308.59185433272086,621.2184917453978,1.0,0.0,0.0,0.0,2.0
18865,0.0009677556978576721,0.2090352307372572,0.0,0.1,,,1.0,0.0,,,2.0
18866,0.0019481943428715444,0.4208099780602536,0.0,0.1,318.6841492434307,606.920588126041,1.0,0.0,0.0,0.0,2.0
18867,0.002585115054191337,0.5583848517053288,0.0,0.1,322.09671929037296,600.2780521641205,1.0,0.0,0.0,0.0,2.0
18868,0.0054513405526051256,1.177489559362707,0.0,0.1,,,1.0,0.0,,,2.0
18869,0.00120372690753338,0.2600050120272101,0.0,0.1,334.0399431670859,586.857845584426,1.0,0.0,0.0,0.0,2.0
18870,0.0014018649155624863,0.3028028217614971,0.0,0.1,334.26366074059877,585.306740395357,1.0,0.0,0.0,0.0,2.0
18871,0.0029064046145569054,0.6277833967442915,0.0,0.1,,,1.0,0.0,,,2.0
18872,0.000648625763880064,0.14010316499809383,0.0,0.1,,,1.0,0.0,,,2.0
18873,0.00025297983277334374,0.05464364387904225,1.0,0.1,,,1.0,0.0,,,2.0
18874,0.0006384066032545906,0.13789582630299158,0.0,0.1,,,1.0,0.0,,,2.0
18875,0.0003077195154004498,0.06646741532649716,1.0,0.1,,,1.0,0.0,,,2.0
18876,0.0003329938925031512,0.07192668078068067,1.0,0.1,335.2409665480711,577.0884540675657,1.0,0.0,0.0,0.0,2.0
18877,0.0007116966428124682,0.15372647484749316,0.0,0.1,330.61576272684226,577.1059830969257,1.0,0.0,0.0,0.0,2.0
18878,0.0003270329079486012,0.07063910811689786,1.0,0.1,327.4836463179174,578.5960564550148,1.0,0.0,0.0,0.0,2.0
18879,0.0003616065106330212,0.07810700629673258,1.0,0.1,325.70944339052954,579.2773508057976,1.0,0.0,0.0,0.0,2.0
18880,0.00047593267574027535,0.10280145795989948,0.0,0.1,323.0131120759834,578.8123953464533,1.0,0.0,0.0,0.0,2.0
18881,9.144525028315019e-05,0.019752174061160442,1.0,0.1,323.28781355340976,578.2874245259736,1.0,0.0,0.0,0.0,2.0
18882,0.00043620437102760094,0.09422014414196181,1.0,0.1,313.1672560894846,584.2259425219197,1.0,0.0,0.0,0.0,2.0
18883,0.00039393621898343035,0.08509022330042096,1.0,0.1,302.2185948820677,590.7313328601948,1.0,0.0,0.0,0.0,2.0
18884,0.00039244347345698496,0.08476779026670876,1.0,0.1,298.92923226460294,592.0977397780968,1.0,0.0,0.0,0.0,2.0
18885,0.0003084412244650612,0.06662330448445321,1.0,0.1,297.1834449528144,594.0847439734251,1.0,0.0,0.0,0.0,2.0
18886,0.0005161812409943431,0.1114951480547781,0.0,0.1,294.1191996986612,596.6997502348884,1.0,0.0,0.0,0.0,2.0
18887,0.0001481602835440111,0.032002621245506395,1.0,0.1,287.1107167544315,601.0176830059933,1.0,0.0,0.0,0.0,2.0
18888,0.001313679365317159,0.28375474290850633,0.0,0.1,287.721772960204,599.889330222561,1.0,0.0,0.0,0.0,2.0
18889,0.0025300635520795426,0.5464937272491812,0.0,0.1,291.39472624536876,596.2874417134619,1.0,0.0,0.0,0.0,2.0
18890,0.0013944293282532006,0.30119673490269133,0.0,0.1,292.9991538151577,592.5298299068887,1.0,0.0,0.0,0.0,2.0
18891,0.0006756208532169622,0.14593410429486384,0.0,0.1,295.6955089356282,587.2135608848666,1.0,0.0,0.0,0.0,2.0
18892,0.0020539419518226945,0.44365146159370206,0.0,0.1,298.990140222449,582.748605519546,1.0,0.0,0.0,0.0,2.0
18893,0.0025913092720266373,0.5597228027577537,0.0,0.1,306.96249692573844,572.604100019416,1.0,0.0,0.0,0.0,2.0
18894,0.0035287844974501133,0.7622174514492245,0.0,0.1,319.531106580111,557.7743517277735,1.0,0.0,0.0,0.0,2.0
18895,0.004798338783059199,1.036441177140787,0.0,0.1,333.61953008601677,541.805081837455,1.0,0.0,0.0,0.0,2.0
18896,0.0022231965086208917,0.4802104458621126,0.0,0.1,349.57776692207716,524.6324516455119,1.0,0.0,0.0,0.0,2.0
18897,0.004037814831662546,0.87216800363911,0.0,0.1,357.3950394008583,516.4398472124091,1.0,0.0,0.0,0.0,2.0
18898,0.0036106685926486346,0.779904416012105,0.0,0.1,369.9328470288727,503.76892718820693,1.0,0.0,0.0,0.0,2.0
18899,0.003962173644861413,0.8558295072900651,0.0,0.1,381.6587886777065,492.52401496462903,1.0,0.0,0.0,0.0,2.0
18900,0.001589561302517379,0.3433452413437539,0.0,0.1,395.0038406260899,479.7283602372877,1.0,0.0,0.0,0.0,2.0
18901,0.005886809857697042,1.271550929262561,0.0,0.1,401.43308068708825,473.877863034412,1.0,0.0,0.0,0.0,2.0
18902,0.005134792042152699,1.109115081104983,0.0,0.1,416.0225354228049,460.78209088416696,1.0,0.0,0.0,0.0,2.0
18903,0.0038615844452435256,0.8341022401726016,0.0,0.1,426.32293360866606,452.384497193403,1.0,0.0,0.0,0.0,2.0
18904,0.0041489239352825065,0.8961675700210214,0.0,0.1,438.1756955202877,442.5239343048594,1.0,0.0,0.0,0.0,2.0
18905,0.0018122951710034287,0.3914557569367406,0.0,0.1,446.34395441471884,435.60260320190946,1.0,0.0,0.0,0.0,2.0
18906,0.0038472665128931704,0.8310095667849249,0.0,0.1,452.7436110311476,429.97505254699297,1.0,0.0,0.0,0.0,2.0
18907,0.0034588120770023003,0.7471034086324969,0.0,0.1,461.7975826022653,421.44487609802235,1.0,0.0,0.0,0.0,2.0
18908,0.0031843243972537517,0.6878140698068104,0.0,0.1,474.48407716415454,409.60000197105256,1.0,0.0,0.0,0.0,2.0
18909,0.0017137679626510402,0.3701738799326247,0.0,0.1,480.54618823296266,405.45793511655444,1.0,0.0,0.0,0.0,2.0
18910,0.0015767207085028486,0.3405716730366153,0.0,0.1,493.98721909177493,391.6558497333758,1.0,0.0,0.0,0.0,2.0
18911,0.0025597428886549056,0.5529044639494597,0.0,0.1,499.1664544151652,386.88190924327154,1.0,0.0,0.0,0.0,2.0
18912,0.002150612964353265,0.4645324003003052,0.0,0.1,511.89171172998994,374.1526681910357,1.0,0.0,0.0,0.0,2.0
18913,0.0010042099579423583,0.2169093509155494,0.0,0.1,522.0877075715481,363.076241208114,1.0,0.0,0.0,0.0,2.0
18914,0.001109891369237322,0.23973653575526152,0.0,0.1,530.5142639518543,353.747325429751,1.0,0.0,0.0,0.0,2.0
18915,0.004336645776623468,0.936715487750669,0.0,0.1,533.8891519749061,349.68840015786526,1.0,0.0,0.0,0.0,2.0
18916,0.002659308955430886,0.5744107343730713,0.0,0.1,540.636020641004,341.6219877855476,1.0,0.0,0.0,0.0,2.0
18917,0.002667048424710631,0.5760824597374963,0.0,0.1,551.3065188673467,329.6792639076775,1.0,0.0,0.0,0.0,2.0
18918,0.0036741771156425487,0.7936222569787905,0.0,0.1,561.4627659338366,319.5985522964356,1.0,0.0,0.0,0.0,2.0
18919,0.0014403789860240913,0.31112186098120376,0.0,0.1,570.305810323699,310.28816687868175,1.0,0.0,0.0,0.0,2.0
18920,0.001618726293121635,0.3496448793142732,0.0,0.1,576.6759427803646,303.9679078426749,1.0,0.0,0.0,0.0,2.0
18921,0.0032756326912310135,0.707536661305899,0.0,0.1,585.6045425278959,295.09937278783065,1.0,0.0,0.0,0.0,2.0
18922,0.0025190973017580344,0.5441250171797355,0.0,0.1,597.9579366298115,283.36409262484614,1.0,0.0,0.0,0.0,2.0
18923,0.0008146697813152939,0.17596867276410347,0.0,0.1,609.7408406341375,273.0582409585983,1.0,0.0,0.0,0.0,2.0
18924,0.0028405251483009167,0.6135534320329981,0.0,0.1,616.4742835617607,266.8059012969485,1.0,0.0,0.0,0.0,2.0
18925,0.0027964973401215856,0.6040434254662626,0.0,0.1,629.5469641458076,256.98613879525743,0.0,1.0,0.0,0.0,2.0
18926,0.004100930099948452,0.8858009015888657,0.0,0.1,641.2003769595522,248.87312181305245,0.0,1.0,0.0,0.0,2.0
18927,0.004350889555730145,0.9397921440377115,0.0,0.1,651.0231928573342,243.50184047032218,0.0,1.0,0.0,0.0,2.0
18928,0.0015507285256911635,0.33495736154929134,0.0,0.1,663.9406871204077,235.27842032830722,0.0,1.0,0.0,0.0,2.0
18929,0.0048691853605146145,1.0517440378711567,0.0,0.1,670.4872664716446,230.9335848905269,0.0,1.0,0.0,0.0,2.0
18930,0.004857032604314043,1.0491190425318333,0.0,0.1,685.3398157083648,220.79158435453058,0.0,1.0,0.0,0.0,2.0
18931,0.001911793497596476,0.4129473954808388,0.0,0.1,697.7522153508685,215.1104959977695,0.0,1.0,0.0,0.0,2.0
18932,0.001463976270975717,0.31621887453075487,0.0,0.1,708.1705082958338,209.2241132311331,0.0,1.0,0.0,0.0,2.0
18933,0.0032984934845452676,0.7124745926617778,0.0,0.1,712.3004620199598,207.59085586475115,0.0,1.0,0.0,0.0,2.0
18934,0.0036739005054253135,0.7935625091718678,0.0,0.1,718.1115386304061,205.69606385917513,0.0,1.0,0.0,0.0,2.0
18935,0.001768628136858171,0.38202367756136496,0.0,0.1,723.278772944788,202.718796226592,0.0,1.0,0.0,0.0,2.0
18936,0.0037102550304831086,0.8014150865843515,0.0,0.1,727.4725281629404,203.60119384615965,0.0,1.0,0.0,0.0,2.0
18937,0.0010682324600335428,0.2307382113672453,0.0,0.1,731.2087416245458,203.34323584625827,0.0,1.0,0.0,0.0,2.0
18938,0.001803179889428874,0.38948685611663686,0.0,0.1,733.7020569535001,203.29606759160632,0.0,1.0,0.0,0.0,2.0
18939,0.0012970386887833371,0.28016035677720086,0.0,0.1,735.5281845718457,202.43145956852737,0.0,1.0,0.0,0.0,2.0
18940,0.001184710010976948,0.2558973623710208,0.0,0.1,734.2614485562309,201.80353937149047,0.0,1.0,0.0,0.0,2.0
18941,0.0009480001842453182,0.20476803979698874,0.0,0.1,733.5370120135177,203.1071923179946,0.0,1.0,0.0,0.0,2.0
18942,0.0007680617815261328,0.1659013448096447,0.0,0.1,733.7590815154193,202.89596929360442,0.0,1.0,0.0,0.0,2.0
18943,0.0006917102913344015,0.14940942292823073,0.0,0.1,734.6303080833966,202.56734049951427,0.0,1.0,0.0,0.0,2.0
18944,0.0008214219980637773,0.1774271515817759,0.0,0.1,736.9561914216247,202.83222972175327,0.0,1.0,0.0,0.0,2.0
18945,0.00019046987165291008,0.04114149227702858,1.0,0.1,736.2553630710537,204.32384134954546,0.0,1.0,0.0,0.0,2.0
18946,0.0004978294143667448,0.10753115350321688,0.0,0.1,733.4767367872873,206.19841411065278,0.0,1.0,0.0,0.0,2.0
18947,0.0009311980126445939,0.2011387707312323,0.0,0.1,732.4217984486203,208.3071742125966,0.0,1.0,0.0,0.0,2.0
18948,0.0005763052788116012,0.12448194022330587,0.0,0.1,,,0.0,1.0,,,2.0
18949,0.000363097324469683,0.07842902208545154,1.0,0.1,,,0.0,1.0,,,2.0
18950,0.00014528595892883932,0.03138176712862929,1.0,0.1,,,0.0,1.0,,,2.0
18951,0.0004984861651137948,0.10767301166457968,0.0,0.1,,,0.0,1.0,,,2.0
18952,0.0005613765541592465,0.12125733569839725,0.0,0.1,,,0.0,1.0,,,2.0
18953,0.0005503336598816094,0.11887207053442762,0.0,0.1,,,0.0,1.0,,,2.0
18954,0.00033007786425705906,0.07129681867952475,1.0,0.1,,,0.0,1.0,,,2.0
18955,0.0001319961578507713,0.028511170095766602,1.0,0.1,,,0.0,1.0,,,2.0
18956,0.0009953015250118247,0.21498512940255413,0.0,0.1,,,0.0,1.0,,,2.0
18957,0.00038765526786660687,0.08373353785918708,1.0,0.1,,,0.0,1.0,,,2.0
18958,0.0007963274244110933,0.17200672367279615,0.0,0.1,,,0.0,1.0,,,2.0
18959,0.000748789650279097,0.16173856446028495,0.0,0.1,,,0.0,1.0,,,2.0
18960,0.0006462452406640191,0.13958897198342815,0.0,0.1,,,0.0,1.0,,,2.0
18961,0.0004973552136692581,0.10742872615255974,0.0,0.1,,,0.0,1.0,,,2.0
18962,0.0017686101820412485,0.3820197993209097,0.0,0.1,,,0.0,1.0,,,2.0
18963,0.00038223767487444263,0.08256333777287961,1.0,0.1,,,0.0,1.0,,,2.0
18964,0.0004156793420023966,0.08978673787251766,1.0,0.1,,,0.0,1.0,,,2.0
18965,0.0003197290488681203,0.069061474555514,1.0,0.1,,,0.0,1.0,,,2.0
18966,0.0004767619321474583,0.10298057734385099,0.0,0.1,,,0.0,1.0,,,2.0
18967,,,,0.1,,,0.0,1.0,,,2.0
18968,,,,0.1,,,,,,,2.0
18969,,,,0.1,,,,,,,2.0
18970,,,,0.1,,,,,,,2.0
18971,,,,0.1,,,,,,,2.0
18972,,,,0.1,,,,,,,2.0
18973,,,,0.1,,,,,,,2.0
18974,,,,0.1,,,,,,,2.0
18975,,,,0.1,,,,,,,2.0
18976,,,,0.1,,,,,,,2.0
18977,,,,0.1,,,,,,,2.0
18978,,,,0.1,,,,,,,2.0
18979,,,,0.1,,,,,,,2.0
18980,,,,0.1,,,,,,,2.0
18981,,,,0.1,,,,,,,2.0
18982,,,,0.1,,,,,,,2.0
18983,,,,0.1,,,,,,,2.0
18984,,,,0.1,,,,,,,2.0
18985,,,,0.1,,,,,,,2.0
18986,,,,0.1,,,,,,,2.0
18987,,,,0.1,,,,,,,2.0
18988,,,,0.1,,,,,,,2.0
18989,,,,0.1,,,,,,,2.0
18990,,,,0.1,,,,,,,2.0
18991,,,,0.1,,,,,,,2.0
18992,,,,0.1,,,,,,,2.0
18993,,,,0.1,,,,,,,2.0
18994,,,,0.1,,,,,,,2.0
18995,,,,0.1,,,,,,,2.0
18996,,,,0.1,,,,,,,2.0
18997,,,,0.1,,,,,,,2.0
18998,,,,0.1,,,,,,,2.0
18999,0.0028246712346044027,0.610128986674551,0.0,0.1,,,0.0,1.0,,,2.0
19000,0.0012048537254369875,0.2602484046943893,0.0,0.1,,,0.0,1.0,,,2.0
19001,0.0020129848196874267,0.43480472105248413,0.0,0.1,525.0053160294189,397.31727240488783,0.0,1.0,0.0,0.0,2.0
19002,0.0013867094400183226,0.2995292390439577,0.0,0.1,520.0557153666978,406.3429493775406,0.0,1.0,0.0,0.0,2.0
19003,0.001551369757223898,0.33509586756036197,0.0,0.1,517.3483450632963,415.90556622517414,0.0,1.0,0.0,0.0,2.0
19004,0.0007009811920307403,0.1514119374786399,0.0,0.1,520.3003459862866,419.04031078869275,0.0,1.0,0.0,0.0,2.0
19005,0.0012894198386071683,0.27851468513914834,0.0,0.1,521.5328373783444,419.4602967135196,0.0,1.0,0.0,0.0,2.0
19006,0.0008842750464175494,0.19100341002619067,0.0,0.1,527.8834352435988,414.9225772434693,0.0,1.0,0.0,0.0,2.0
19007,0.0009328248241214627,0.20149016201023595,0.0,0.1,535.8429185551403,407.9077862307918,0.0,1.0,0.0,0.0,2.0
19008,0.0005743922583804991,0.12406872781018781,0.0,0.1,545.1316557747278,404.37861450555533,0.0,1.0,0.0,0.0,2.0
19009,0.0005315126118778277,0.1148067241656108,0.0,0.1,554.2916299946576,403.2873975725892,0.0,1.0,0.0,0.0,2.0
19010,0.0023735867467011202,0.512694737287442,0.0,0.1,556.970679424981,405.57655777666804,0.0,1.0,0.0,0.0,2.0
19011,0.0018671712292513193,0.403308985518285,0.0,0.1,560.1827308800342,406.3787100647739,0.0,1.0,0.0,0.0,2.0
19012,0.00044063902386781196,0.09517802915544739,1.0,0.1,562.0686951734028,405.5937057708253,0.0,1.0,0.0,0.0,2.0
19013,0.0007709071091459153,0.16651593557551772,0.0,0.1,566.9773519195226,403.42680456482304,0.0,1.0,0.0,0.0,2.0
19014,0.0023349383034156866,0.5043466735377883,0.0,0.1,568.7594624022765,404.42183519062615,0.0,1.0,0.0,0.0,2.0
19015,0.0012943269492718939,0.27957462104272907,0.0,0.1,575.3255402974011,402.47359033743646,0.0,1.0,0.0,0.0,2.0
19016,0.0024085787619424217,0.5202530125795631,0.0,0.1,579.3844045472733,408.2004539834433,0.0,1.0,0.0,0.0,2.0
19017,0.0010453442288453742,0.22579435343060084,0.0,0.1,583.4841141009871,413.03214633937694,0.0,1.0,0.0,0.0,2.0
19018,0.0005281048350106645,0.11407064436230353,0.0,0.1,586.2078438931995,419.06585921251417,0.0,1.0,0.0,0.0,2.0
19019,0.0032694745535485187,0.7062065035664801,0.0,0.1,586.9535884998858,423.4721424779967,0.0,1.0,0.0,0.0,2.0
19020,0.0025115352536222327,0.5424916147824023,0.0,0.1,590.1804458340658,431.4012444615763,0.0,1.0,0.0,0.0,2.0
19021,0.002290183267672891,0.4946795858173445,0.0,0.1,590.6057683346496,441.72103549489583,0.0,1.0,0.0,0.0,2.0
19022,0.0015153505710810593,0.32731572335350884,0.0,0.1,591.7523188418782,451.37088926429044,0.0,1.0,0.0,0.0,2.0
19023,0.0036883006200168563,0.796672933923641,0.0,0.1,594.0593508531963,452.65091103716816,0.0,1.0,0.0,0.0,2.0
19024,0.0012859557133247832,0.2777664340781532,0.0,0.1,597.4588610757029,459.0127666419298,0.0,1.0,0.0,0.0,2.0
19025,0.002852266628630112,0.6160895917841042,0.0,0.1,605.4709472953496,463.3009990734735,0.0,1.0,0.0,0.0,2.0
19026,0.0011202732170239407,0.24197901487717116,0.0,0.1,604.6828502707971,473.64260220246405,0.0,1.0,0.0,0.0,2.0
19027,0.0027905921900787632,0.6027679130570128,0.0,0.1,604.7165952792923,475.1688986196312,0.0,1.0,0.0,0.0,2.0
19028,0.0030476519908012915,0.6582928300130789,0.0,0.1,605.2503424558662,484.62263714429804,0.0,1.0,0.0,0.0,2.0
19029,0.002472910229306109,0.5341486095301196,0.0,0.1,608.465122483472,490.15742793563726,0.0,1.0,0.0,0.0,2.0
19030,0.0026006616615402572,0.5617429188926956,0.0,0.1,619.2155658373451,489.15458146061,0.0,1.0,0.0,0.0,2.0
19031,0.000936311886649038,0.20224336751619224,0.0,0.1,621.6176841195502,494.3395962627754,0.0,1.0,0.0,0.0,2.0
19032,0.0023652113873968133,0.5108856596777117,0.0,0.1,621.0812310370435,500.2407576589297,0.0,1.0,0.0,0.0,2.0
19033,0.0007337675649182855,0.15849379402234967,0.0,0.1,618.4487384081282,505.41621041599217,0.0,1.0,0.0,0.0,2.0
19034,0.0020397613169779037,0.4405884444672272,0.0,0.1,614.9490234252418,507.7300675639831,0.0,1.0,0.0,0.0,2.0
19035,0.0017482239352304444,0.377616370009776,0.0,0.1,610.0897573178337,505.6139440402858,0.0,1.0,0.0,0.0,2.0
19036,0.0005827418540272416,0.12587224046988418,0.0,0.1,,,0.0,1.0,,,2.0
19037,0.0009015743581461417,0.19474006135956662,0.0,0.1,,,0.0,1.0,,,2.0
19038,0.0009665380552938703,0.208772219943476,0.0,0.1,,,0.0,1.0,,,2.0
19039,0.0011034487328757108,0.23834492630115353,0.0,0.1,,,0.0,1.0,,,2.0
19040,0.0005389321725610897,0.11640934927319538,0.0,0.1,,,0.0,1.0,,,2.0
19041,0.0009705248251598489,0.2096333622345274,0.0,0.1,,,0.0,1.0,,,2.0
19042,0.00050813229399691,0.10975657550333258,0.0,0.1,,,0.0,1.0,,,2.0
19043,0.00018116292036612184,0.03913119079908232,1.0,0.1,,,0.0,1.0,,,2.0
19044,0.000810638635480147,0.17509794526371178,0.0,0.1,,,0.0,1.0,,,2.0
19045,0.00016128659583035482,0.034837904699356645,1.0,0.1,,,0.0,1.0,,,2.0
19046,0.0003093501496907068,0.06681963233319267,1.0,0.1,,,0.0,1.0,,,2.0
19047,6.585071278084901e-05,0.014223753960663386,1.0,0.1,591.0662458614373,487.8390638012004,0.0,1.0,0.0,0.0,2.0
19048,0.0001375257321640278,0.02970555814743001,1.0,0.1,592.039728395506,486.703003880641,0.0,1.0,0.0,0.0,2.0
19049,0.00037531844126517016,0.08106878331327676,1.0,0.1,,,0.0,1.0,,,2.0
19050,0.0005095059507068931,0.11005328535268892,0.0,0.1,,,0.0,1.0,,,2.0
19051,0.00035209943506663867,0.07605347797439395,1.0,0.1,,,0.0,1.0,,,2.0
19052,0.0008456542266166379,0.1826613129491938,0.0,0.1,,,0.0,1.0,,,2.0
19053,0.0010770229660159948,0.2326369606594549,0.0,0.1,,,0.0,1.0,,,2.0
19054,0.00027563533896370946,0.05953723321616125,1.0,0.1,,,0.0,1.0,,,2.0
19055,0.0006455287335448164,0.13943420644568036,0.0,0.1,,,0.0,1.0,,,2.0
19056,0.000618789625267671,0.13365855905781693,0.0,0.1,,,0.0,1.0,,,2.0
19057,0.0005732775317683914,0.12382794686197254,0.0,0.1,,,0.0,1.0,,,2.0
19058,0.0008442192948320158,0.1823513676837154,0.0,0.1,,,0.0,1.0,,,2.0
19059,0.0006191208975558166,0.13373011387205638,0.0,0.1,,,0.0,1.0,,,2.0
19060,0.00046442140774760214,0.10031502407348207,0.0,0.1,,,0.0,1.0,,,2.0
19061,0.00034575361494557143,0.07468278082824342,1.0,0.1,,,0.0,1.0,,,2.0
19062,0.00015476067957044377,0.03342830678721586,1.0,0.1,,,0.0,1.0,,,2.0
19063,0.0001684590215677568,0.036387148658635474,1.0,0.1,,,0.0,1.0,,,2.0
19064,0.0007368689126088314,0.15916368512350756,0.0,0.1,,,0.0,1.0,,,2.0
19065,0.0004714099206855793,0.10182454286808514,0.0,0.1,,,0.0,1.0,,,2.0
19066,0.00018344893789420578,0.039624970585148446,1.0,0.1,,,0.0,1.0,,,2.0
19067,0.00019963711083149818,0.043121615939603605,1.0,0.1,,,0.0,1.0,,,2.0
19068,0.00026559458891594993,0.057368431205845186,1.0,0.1,,,0.0,1.0,,,2.0
19069,9.66604752648034e-05,0.020878662657197535,1.0,0.1,,,0.0,1.0,,,2.0
19070,,,,0.1,,,0.0,1.0,,,2.0
19071,,,,0.1,,,,,,,2.0
19072,,,,0.1,,,,,,,2.0
19073,,,,0.1,,,,,,,2.0
19074,,,,0.1,,,,,,,2.0
19075,,,,0.1,,,,,,,2.0
19076,,,,0.1,,,,,,,2.0
19077,,,,0.1,564.1137462043199,484.7352717558909,,,0.0,0.0,2.0
19078,,,,0.1,,,,,,,2.0
19079,0.0008899968321193926,0.1922393157377888,0.0,0.1,563.5528473367519,497.74017516802724,0.0,1.0,0.0,0.0,2.0
19080,5.747823097731645e-05,0.012415297891100354,1.0,0.1,,,0.0,1.0,,,2.0
19081,0.0003880614059828077,0.08382126369228646,1.0,0.1,566.3306156418575,514.2271320091794,0.0,1.0,0.0,0.0,2.0
19082,0.0003994694599039916,0.08628540333926218,1.0,0.1,566.7029457969194,517.1672967157559,0.0,1.0,0.0,0.0,2.0
19083,0.0014990227941174702,0.3237889235293736,0.0,0.1,,,0.0,1.0,,,2.0
19084,0.0003260445254305734,0.07042561749300386,1.0,0.1,564.0025108403042,532.34226573777,0.0,1.0,0.0,0.0,2.0
19085,0.0004244103184844036,0.09167262879263118,1.0,0.1,565.6181770502817,535.7536853921476,0.0,1.0,0.0,0.0,2.0
19086,,,,0.1,565.0204286521717,536.360980100005,0.0,1.0,0.0,0.0,2.0
19087,,,,0.1,566.6059870376943,534.0158075187223,,,0.0,0.0,2.0
19088,0.0006771562619206014,0.1462657525748499,0.0,0.1,565.5678890684871,527.8585340310092,0.0,1.0,0.0,0.0,2.0
19089,0.0011265418236439254,0.24333303390708788,0.0,0.1,572.6774676151003,515.2945647646612,0.0,1.0,0.0,0.0,2.0
19090,0.0004860148164906588,0.1049792003619823,0.0,0.1,581.266192511259,501.86974606608305,0.0,1.0,0.0,0.0,2.0
19091,0.0018328675373104793,0.39589938805906355,0.0,0.1,581.9288977001528,496.0449886671904,0.0,1.0,0.0,0.0,2.0
19092,0.0006453291196504865,0.1393910898445051,0.0,0.1,,,0.0,1.0,,,2.0
19093,0.0009626890264224178,0.20794082970724226,0.0,0.1,590.029610373651,482.13192316708984,0.0,1.0,0.0,0.0,2.0
19094,0.0007658884113384987,0.16543189684911572,0.0,0.1,,,0.0,1.0,,,2.0
19095,0.0013318871880401114,0.2876876326166641,0.0,0.1,,,0.0,1.0,,,2.0
19096,0.0007703285953564104,0.16639097659698462,0.0,0.1,,,0.0,1.0,,,2.0
19097,0.0005888910081298459,0.12720045775604671,0.0,0.1,,,0.0,1.0,,,2.0
19098,0.0010159986059095716,0.21945569887646746,0.0,0.1,,,0.0,1.0,,,2.0
19099,5.519045901606897e-05,0.011921139147470897,1.0,0.1,,,0.0,1.0,,,2.0
19100,0.00037094230619390554,0.0801235381378836,1.0,0.1,,,0.0,1.0,,,2.0
19101,0.00034930066795338556,0.07544894427793128,1.0,0.1,,,0.0,1.0,,,2.0
19102,0.0006813919519374878,0.14718066161849738,0.0,0.1,,,0.0,1.0,,,2.0
19103,0.0001919780702107772,0.04146726316552788,1.0,0.1,,,0.0,1.0,,,2.0
19104,0.0011773428698242175,0.254306059882031,0.0,0.1,,,0.0,1.0,,,2.0
19105,0.0016591162376800802,0.3583691073388974,0.0,0.1,,,0.0,1.0,,,2.0
19106,0.00041677972756340296,0.09002442115369505,1.0,0.1,,,0.0,1.0,,,2.0
19107,0.0008432358042165648,0.182138933710778,0.0,0.1,683.7160384281187,312.366399184239,0.0,1.0,0.0,0.0,2.0
19108,0.0007147585999568732,0.1543878575906846,0.0,0.1,687.8066083649602,295.80776139108013,0.0,1.0,0.0,0.0,2.0
19109,0.0018579333549224404,0.4013136046632471,0.0,0.1,691.319570681386,285.5413190405281,0.0,1.0,0.0,0.0,2.0
19110,0.0017217134530869587,0.37189010586678306,0.0,0.1,697.8258272259076,268.322660925632,0.0,1.0,0.0,0.0,2.0
19111,0.0007692350320904098,0.16615476693152853,0.0,0.1,702.1693527855518,254.81510448614696,0.0,1.0,0.0,0.0,2.0
19112,0.0003960361090413167,0.08554379955292442,1.0,0.1,702.959386231894,243.6317682951679,0.0,1.0,0.0,0.0,2.0
19113,0.000737191442829001,0.15923335165106423,0.0,0.1,704.9751891345784,237.1358092849296,0.0,1.0,0.0,0.0,2.0
19114,0.0008090303722064974,0.17475056039660344,0.0,0.1,706.7773397077782,227.23772842600258,0.0,1.0,0.0,0.0,2.0
19115,0.0007185721859050726,0.15521159215549568,0.0,0.1,708.1338301571029,219.17425263872616,0.0,1.0,0.0,0.0,2.0
19116,0.0009159443172739923,0.19784397253118233,0.0,0.1,712.097777894474,210.5605956844151,0.0,1.0,0.0,0.0,2.0
19117,0.0005347586146223632,0.11550786075843045,0.0,0.1,718.6719619805721,201.24415232888134,0.0,1.0,0.0,0.0,2.0
19118,0.0015028393983514828,0.3246133100439203,0.0,0.1,721.6585110195407,197.54187932313704,0.0,1.0,0.0,0.0,2.0
19119,0.00038486403543235075,0.08313063165338776,1.0,0.1,723.2901674913278,192.96932815242172,0.0,1.0,0.0,0.0,2.0
19120,0.002667350776193276,0.5761477676577477,0.0,0.1,725.2479468695183,186.23798446280625,0.0,1.0,0.0,0.0,2.0
19121,0.0004082512351807065,0.0881822667990326,1.0,0.1,728.3507968683051,179.02337260676887,0.0,1.0,0.0,0.0,2.0
19122,0.001094955825594281,0.23651045832836468,0.0,0.1,728.3770449448754,177.8359835846751,0.0,1.0,0.0,0.0,2.0
19123,0.0011608394005137878,0.25074131051097814,0.0,0.1,730.1138612353676,174.0131214972658,0.0,1.0,0.0,0.0,2.0
19124,0.0025756965421403076,0.5563504531023065,0.0,0.1,735.2991132536571,169.01182190090964,0.0,1.0,0.0,0.0,2.0
19125,0.0011539956857922371,0.24926306813112323,0.0,0.1,742.7070051234874,161.20878680726196,0.0,1.0,0.0,0.0,2.0
19126,0.0005517679094344211,0.11918186843783495,0.0,0.1,750.4594767642782,154.5946997283597,0.0,1.0,0.0,0.0,2.0
19127,0.0018056651559817591,0.39002367369206,0.0,0.1,755.5925263925003,148.88596630714477,0.0,1.0,0.0,0.0,2.0
19128,0.003206854857067741,0.6926806491266321,0.0,0.1,765.7376589180417,138.61596978993262,0.0,1.0,0.0,0.0,2.0
19129,0.001445620610743196,0.3122540519205303,0.0,0.1,778.7041200148628,124.87634286933194,0.0,1.0,0.0,0.0,2.0
19130,0.0016123519841228372,0.34826802857053285,0.0,0.1,791.1064573418945,112.25290702227812,0.0,1.0,0.0,0.0,2.0
19131,0.0020565473764772063,0.44421423331907656,0.0,0.1,797.4886076580791,105.28753926171018,0.0,1.0,0.0,0.0,2.0
19132,0.003761874759040918,0.8125649479528383,0.0,0.1,806.6741931336305,95.46520150361216,0.0,1.0,0.0,0.0,2.0
19133,0.0027977774291111012,0.6043199246879979,0.0,0.1,815.4487653308965,88.21565520575466,0.0,1.0,0.0,0.0,2.0
19134,0.0027028280267198876,0.5838108537714958,0.0,0.1,826.719829292736,76.49769492395518,0.0,1.0,0.0,0.0,2.0
19135,0.003251707882320018,0.7023689025811239,0.0,0.1,838.2467539665021,65.48764289629595,0.0,1.0,0.0,1.0,2.0
19136,0.004012284560361617,0.8666534650381092,0.0,0.1,842.861055563338,63.11878979856297,0.0,1.0,0.0,1.0,2.0
19137,0.0028602182023017026,0.6178071316971678,0.0,0.1,851.939392718411,54.63518704371266,0.0,1.0,0.0,1.0,2.0
19138,0.002221745810698792,0.47989709511093914,0.0,0.1,859.6035020471198,47.28433827134285,0.0,1.0,0.0,1.0,2.0
19139,0.0015004671794387108,0.3241009107587615,0.0,0.1,869.0311302904768,41.006470432075666,0.0,1.0,0.0,1.0,2.0
19140,0.0010315109024952402,0.22280635493897188,0.0,0.1,873.0480730855858,41.26997074194676,0.0,1.0,0.0,1.0,2.0
19141,0.0035170342541488877,0.7596793988961598,0.0,0.1,871.9997061079368,41.06786392144544,0.0,1.0,0.0,1.0,2.0
19142,0.002352410070316168,0.5081205751882922,0.0,0.1,871.5365653953345,44.88759019703063,0.0,1.0,0.0,1.0,2.0
19143,0.0011447411419599311,0.24726408666334512,0.0,0.1,872.1946779556455,49.59312459441523,0.0,1.0,0.0,1.0,2.0
19144,0.0007158244488160647,0.15461808094427,0.0,0.1,875.8775469537153,52.032754761792496,0.0,1.0,0.0,1.0,2.0
19145,0.0011103039601466343,0.239825655391673,0.0,0.1,878.5418414740021,51.21831006931951,0.0,1.0,0.0,1.0,2.0
19146,0.0016468681308062516,0.3557235162541504,0.0,0.1,886.6757642114948,55.11843917653524,0.0,1.0,0.0,1.0,2.0
19147,0.0013317596092102316,0.28766007558941004,0.0,0.1,900.011627297412,60.4400546669129,0.0,1.0,0.0,1.0,2.0
19148,0.0004956491577771026,0.10706021807985416,0.0,0.1,911.965618145193,62.67526006033154,0.0,1.0,0.0,1.0,2.0
19149,0.0023917048235875442,0.5166082418949095,0.0,0.1,917.2678596913261,65.47858279424604,0.0,1.0,0.0,1.0,2.0
19150,0.0023628387765507156,0.5103731757349546,0.0,0.1,924.6899219668978,68.83506859982775,0.0,1.0,0.0,1.0,2.0
19151,0.0012280254125395858,0.2652534891085505,0.0,0.1,933.5910911266759,75.0484390324401,0.0,1.0,0.0,0.0,2.0
19152,0.002648184906622299,0.5720079398304166,0.0,0.1,945.5562424159001,84.0721620680244,0.0,1.0,0.0,0.0,2.0
19153,0.0015419613929313193,0.33306366087316497,0.0,0.1,954.8908341001206,92.14195395312294,0.0,1.0,0.0,0.0,2.0
19154,0.002728313279643667,0.5893156684030322,0.0,0.1,960.0483258542915,96.30802838809974,0.0,1.0,0.0,0.0,2.0
19155,0.0033877989354065595,0.7317645700478168,0.0,0.1,968.1776997346898,103.3215397136328,0.0,1.0,0.0,0.0,2.0
19156,0.0017942324726414624,0.38755421409055585,0.0,0.1,975.3424300534385,109.52093653373079,0.0,1.0,0.0,0.0,2.0
19157,0.0015409780504428885,0.3328512588956639,0.0,0.1,982.2600919631029,115.49038968678428,0.0,1.0,0.0,0.0,2.0
19158,0.0017073252399201592,0.3687822518227544,0.0,0.1,986.3362587944572,119.03119443349826,0.0,1.0,0.0,0.0,2.0
19159,0.0012648554817667476,0.2732087840616175,0.0,0.1,996.0412193263801,127.4109606330641,0.0,1.0,0.0,0.0,2.0
19160,0.0013558139143769082,0.2928558055054122,0.0,0.1,1001.0362709875876,131.59748458750613,0.0,1.0,0.0,0.0,2.0
19161,0.0025815499700312813,0.5576147935267568,0.0,0.1,1002.0480080131936,132.32488081233652,0.0,1.0,0.0,0.0,2.0
19162,0.0005694846642185508,0.12300868747120698,0.0,0.1,999.9430395085399,130.13065484936473,0.0,1.0,0.0,0.0,2.0
19163,0.0009448817888877548,0.20409446639975504,0.0,0.1,997.6885719864418,128.07082750795092,0.0,1.0,0.0,0.0,2.0
19164,0.001828893740362293,0.3950410479182553,0.0,0.1,992.3472280408108,123.89576013479218,0.0,1.0,0.0,0.0,2.0
19165,0.0020397904753765173,0.44059474268132776,0.0,0.1,986.8758569917999,119.50226497706093,0.0,1.0,0.0,0.0,2.0
19166,0.0009573671822389023,0.20679131136360293,0.0,0.1,981.0188561920536,114.12885372202634,0.0,1.0,0.0,0.0,2.0
19167,0.0019574197220764453,0.4228026599685122,0.0,0.1,976.8849227616718,110.22634215425498,0.0,1.0,0.0,0.0,2.0
19168,0.0011855296425406796,0.2560744027887868,0.0,0.1,967.741859162038,101.13730566146505,0.0,1.0,0.0,0.0,2.0
19169,0.001809324979389279,0.3908141955480843,0.0,0.1,965.572529971849,98.57893302449973,0.0,1.0,0.0,0.0,2.0
19170,0.0004994228408568098,0.10787533362507092,0.0,0.1,958.7527795367538,93.1964704923241,0.0,1.0,0.0,0.0,2.0
19171,0.0015651207379034826,0.3380660793871523,0.0,0.1,953.4774079396798,88.13583881029115,0.0,1.0,0.0,0.0,2.0
19172,0.0016723106153568354,0.36121909291707643,0.0,0.1,942.9354947339014,75.55504397704202,0.0,1.0,0.0,0.0,2.0
19173,0.0010930872268325872,0.23610684099583884,0.0,0.1,933.9986523073874,63.29873128115147,0.0,1.0,0.0,1.0,2.0
19174,0.001613741365988648,0.34856813505354795,0.0,0.1,,,0.0,1.0,,,2.0
19175,0.0009008637237606091,0.19458656433229157,0.0,0.1,,,0.0,1.0,,,2.0
19176,0.00026698033262445304,0.05766775184688186,1.0,0.1,,,0.0,1.0,,,2.0
19177,0.0001789848724341571,0.03866073244577793,1.0,0.1,,,0.0,1.0,,,2.0
19178,0.0002701220179525848,0.05834635587775832,1.0,0.1,905.2896788680675,44.83104943116645,0.0,1.0,0.0,1.0,2.0
19179,0.0003147816675771393,0.06799284019666209,1.0,0.1,905.1104133801023,47.4106166940526,0.0,1.0,0.0,1.0,2.0
19180,0.00046930796674145433,0.10137052081615414,0.0,0.1,896.4764371661498,45.835414175952465,0.0,1.0,0.0,1.0,2.0
19181,0.000721333875904812,0.1558081171954394,0.0,0.1,894.4389334662599,46.48038935203705,0.0,1.0,0.0,1.0,2.0
19182,0.0014125980453724653,0.3051211778004525,0.0,0.1,893.699025416216,48.45392013492928,0.0,1.0,0.0,1.0,2.0
19183,0.0009645654147570978,0.20834612958753315,0.0,0.1,891.9401026067607,50.28588114441704,0.0,1.0,0.0,1.0,2.0
19184,0.00021974575008357495,0.04746508201805219,1.0,0.1,889.7754892299429,55.3381715949905,0.0,1.0,0.0,1.0,2.0
19185,0.0013145673307228965,0.28394654343614567,0.0,0.1,889.3087157759513,57.27540850002468,0.0,1.0,0.0,1.0,2.0
19186,0.0013357034330470812,0.28851194153816956,0.0,0.1,886.2569449522551,61.93394294253566,0.0,1.0,0.0,1.0,2.0
19187,0.0003234312601983172,0.06986115220283652,1.0,0.1,878.8713748387404,67.05902857585872,0.0,1.0,0.0,1.0,2.0
19188,0.0008143042663001823,0.1758897215208394,0.0,0.1,867.8696761717282,68.77094173637124,0.0,1.0,0.0,1.0,2.0
19189,0.0008005910543539026,0.17292766774044296,0.0,0.1,862.5851168211542,64.74220382719685,0.0,1.0,0.0,1.0,2.0
19190,0.0014587586034657998,0.31509185834861275,0.0,0.1,860.2373782929078,64.59568094907667,0.0,1.0,0.0,1.0,2.0
19191,0.0013692868340294232,0.2957659561503554,0.0,0.1,854.2456096462882,61.34558465056502,0.0,1.0,0.0,1.0,2.0
19192,0.0017422753453056187,0.3763314745860136,0.0,0.1,849.9811320630181,59.11988236012001,0.0,1.0,0.0,1.0,2.0
19193,0.0004270209657638766,0.09223652860499734,1.0,0.1,842.6741942949125,61.685873331079904,0.0,1.0,0.0,1.0,2.0
19194,0.0006922684080185194,0.1495299761320002,0.0,0.1,837.6449753669459,66.08805828649304,0.0,1.0,0.0,1.0,2.0
19195,0.0004269934231881103,0.09223057940863183,1.0,0.1,832.9050114220836,71.92128590158768,0.0,1.0,0.0,0.0,2.0
19196,0.00033162117119827863,0.07163017297882819,1.0,0.1,828.6233591897734,73.9344155701303,0.0,1.0,0.0,0.0,2.0
19197,0.0003853008513822826,0.08322498389857305,1.0,0.1,827.0713751984581,72.73149429305913,0.0,1.0,0.0,0.0,2.0
19198,0.00036351065049373363,0.07851830050664647,1.0,0.1,824.6334335809304,77.17111606093414,0.0,1.0,0.0,0.0,2.0
19199,0.0007967045383497984,0.17208818028355646,0.0,0.1,824.9136614411099,79.19691080044332,0.0,1.0,0.0,0.0,2.0
19200,0.0005963945066844228,0.12882121344383532,0.0,0.1,820.7198428035346,89.41528893442506,0.0,1.0,0.0,0.0,2.0
19201,0.0009935162533660292,0.2145995107270623,0.0,0.1,821.1317799343329,92.26998851287019,0.0,1.0,0.0,0.0,2.0
19202,0.00031954086098404805,0.06902082597255438,1.0,0.1,820.3940317622834,89.89813321099301,0.0,1.0,0.0,0.0,2.0
19203,0.00013656709029274527,0.029498491503232978,1.0,0.1,819.9783119576113,89.68952407083563,0.0,1.0,0.0,0.0,2.0
19204,0.0009159205705948505,0.19783884324848772,0.0,0.1,820.4576833396371,87.67218674482524,0.0,1.0,0.0,0.0,2.0
19205,0.000754470035418254,0.16296552765034286,0.0,0.1,821.753525521425,79.00256428801285,0.0,1.0,0.0,0.0,2.0
19206,0.0004180210976260513,0.09029255708722708,1.0,0.1,818.4645764852883,80.09293008810049,0.0,1.0,0.0,0.0,2.0
19207,0.000357323539169136,0.07718188446053337,1.0,0.1,818.1908773627273,78.60943987553577,0.0,1.0,0.0,0.0,2.0
19208,0.00030399164301681756,0.0656621948916326,1.0,0.1,817.5593553212994,78.39386237852432,0.0,1.0,0.0,0.0,2.0
19209,0.000572078907459017,0.12356904401114766,0.0,0.1,,,0.0,1.0,,,2.0
19210,0.0004946321350823233,0.10684054117778184,0.0,0.1,,,0.0,1.0,,,2.0
19211,0.0007502679873703579,0.1620578852719973,0.0,0.1,,,0.0,1.0,,,2.0
19212,0.00022374657256138492,0.04832925967325914,1.0,0.1,,,0.0,1.0,,,2.0
19213,0.0006010550297401484,0.12982788642387205,0.0,0.1,,,0.0,1.0,,,2.0
19214,0.00027539452001601927,0.05948521632346017,1.0,0.1,,,0.0,1.0,,,2.0
19215,0.0001841187110099227,0.0397696415781433,1.0,0.1,816.9537710024018,69.82799278143474,0.0,1.0,0.0,0.0,2.0
19216,0.0001102478983514442,0.02381354604391195,1.0,0.1,818.6843497666506,69.01318989271395,0.0,1.0,0.0,1.0,2.0
19217,0.00015607200348489414,0.033711552752737135,1.0,0.1,819.8344864726902,68.36109420263008,0.0,1.0,0.0,1.0,2.0
19218,0.00011938333769300234,0.025786800941688507,1.0,0.1,822.6763301718388,66.45796359432941,0.0,1.0,0.0,1.0,2.0
19219,0.00043628315508258397,0.09423716149783815,1.0,0.1,824.5276908799165,66.93165539769711,0.0,1.0,0.0,1.0,2.0
19220,1.5497551335200104e-05,0.0033474710884032225,1.0,0.1,,,0.0,1.0,,,2.0
19221,0.00023751396604569704,0.05130301666587056,1.0,0.1,,,0.0,1.0,,,2.0
19222,0.00037615989901333805,0.08125053818688102,1.0,0.1,,,0.0,1.0,,,2.0
19223,0.0007836119548265603,0.16926018224253703,0.0,0.1,,,0.0,1.0,,,2.0
19224,0.0008961704502905539,0.19357281726275966,0.0,0.1,,,0.0,1.0,,,2.0
19225,1.933240348544539e-05,0.004175799152856204,1.0,0.1,806.7768999211778,86.15558347783201,0.0,1.0,0.0,0.0,2.0
19226,0.00043648188615472556,0.09428008740942072,1.0,0.1,803.6039476578921,88.58957071061242,0.0,1.0,0.0,0.0,2.0
19227,0.0004924008018531602,0.10635857320028261,0.0,0.1,,,0.0,1.0,,,2.0
19228,0.0008126648107569019,0.17553559912349082,0.0,0.1,,,0.0,1.0,,,2.0
19229,0.00024868731274419945,0.05371645955274708,1.0,0.1,,,0.0,1.0,,,2.0
19230,0.00020075995320636994,0.04336414989257591,1.0,0.1,,,0.0,1.0,,,2.0
19231,0.00036351566587724957,0.07851938382948591,1.0,0.1,787.6622238310088,106.04099359380888,0.0,1.0,0.0,0.0,2.0
19232,0.0004708445325453938,0.10170241902980506,0.0,0.1,784.1476669124263,112.19034382800648,0.0,1.0,0.0,0.0,2.0
19233,0.00030145059493149565,0.06511332850520306,1.0,0.1,784.4820764291392,113.42818469066128,0.0,1.0,0.0,0.0,2.0
19234,0.00035061417907104983,0.07573266267934677,1.0,0.1,784.957942317052,113.44614713415783,0.0,1.0,0.0,0.0,2.0
19235,0.0003235073492654207,0.06987758744133087,1.0,0.1,783.1429004907939,112.78056513404498,0.0,1.0,0.0,0.0,2.0
19236,2.2441111164333083e-05,0.0048472800114959455,1.0,0.1,,,0.0,1.0,,,2.0
19237,0.00015834285469453724,0.034202056614020045,1.0,0.1,,,0.0,1.0,,,2.0
19238,0.0005505303948042064,0.11891456527770858,0.0,0.1,,,0.0,1.0,,,2.0
19239,0.0017208713633797992,0.3717082144900366,0.0,0.1,,,0.0,1.0,,,2.0
19240,0.001698171057234043,0.36680494836255334,0.0,0.1,,,0.0,1.0,,,2.0
19241,0.002107454770431989,0.4552102304133096,0.0,0.1,,,0.0,1.0,,,2.0
19242,0.0014708998425850095,0.31771436599836206,0.0,0.1,,,0.0,1.0,,,2.0
19243,0.00021820773043235207,0.04713286977338805,1.0,0.1,,,0.0,1.0,,,2.0
19244,0.0004066032953076878,0.08782631178646057,1.0,0.1,,,0.0,1.0,,,2.0
19245,0.00037637986365580733,0.08129805054965439,1.0,0.1,,,0.0,1.0,,,2.0
19246,0.00020874380616710833,0.0450886621320954,1.0,0.1,,,0.0,1.0,,,2.0
19247,0.0012053942104991184,0.2603651494678096,0.0,0.1,,,0.0,1.0,,,2.0
19248,0.0002861353354353221,0.061805232454029586,1.0,0.1,,,0.0,1.0,,,2.0
19249,0.00047778857536049627,0.1032023322778672,0.0,0.1,,,0.0,1.0,,,2.0
19250,0.00018414067230246718,0.03977438521733291,1.0,0.1,,,0.0,1.0,,,2.0
19251,0.00015318165326726167,0.03308723710572852,1.0,0.1,,,0.0,1.0,,,2.0
19252,0.00014518486259654847,0.03135993032085447,1.0,0.1,,,0.0,1.0,,,2.0
19253,0.00014423968647712054,0.03115577227905804,1.0,0.1,,,0.0,1.0,,,2.0
19254,0.0005074520990311631,0.10960965339073123,0.0,0.1,,,0.0,1.0,,,2.0
19255,0.0004850263037173894,0.10476568160295611,0.0,0.1,,,0.0,1.0,,,2.0
19256,0.00033430013643126857,0.07220882946915402,1.0,0.1,697.1916187723544,185.8628193613598,0.0,1.0,0.0,0.0,2.0
19257,0.0006063311295813195,0.13096752398956502,0.0,0.1,692.2242748610415,190.82725047947767,0.0,1.0,0.0,0.0,2.0
19258,0.0007355877324124958,0.15888695020109908,0.0,0.1,682.2668253862944,202.72933762089502,0.0,1.0,0.0,0.0,2.0
19259,0.00011692691570422452,0.025256213792112497,1.0,0.1,673.3999437090733,215.97625969466074,0.0,1.0,0.0,0.0,2.0
19260,0.0004829970460096412,0.1043273619380825,0.0,0.1,665.5335125625786,227.21392464115345,0.0,1.0,0.0,0.0,2.0
19261,0.0006200729723136801,0.1339357620197549,0.0,0.1,661.9116439933863,233.22016914817115,0.0,1.0,0.0,0.0,2.0
19262,0.0010944515129665598,0.23640152680077692,0.0,0.1,658.7986120584017,237.74149953473201,0.0,1.0,0.0,0.0,2.0
19263,0.002401170861672002,0.5186529061211524,0.0,0.1,647.7835697682184,251.3353909954436,0.0,1.0,0.0,0.0,2.0
19264,0.002998935815207878,0.6477701360849016,0.0,0.1,631.9712939249416,266.9778482938823,0.0,1.0,0.0,0.0,2.0
19265,0.0011554346077912484,0.24957387528290967,0.0,0.1,613.3980289162619,285.1141791304595,0.0,1.0,0.0,0.0,2.0
19266,0.0036491023903739064,0.7882061163207638,0.0,0.1,607.4584500639581,292.0922880619001,0.0,1.0,0.0,0.0,2.0
19267,0.0033971337520445513,0.7337808904416231,0.0,0.1,598.4194232999722,304.4023111159783,0.0,1.0,0.0,0.0,2.0
19268,0.0027295812102418873,0.5895895414122476,0.0,0.1,587.6937283168605,316.52671899583936,0.0,1.0,0.0,0.0,2.0
19269,0.0021321616681769496,0.4605469203262211,0.0,0.1,575.4033002853956,329.3019198840374,0.0,1.0,0.0,0.0,2.0
19270,0.0009023030410183285,0.19489745685995896,0.0,0.1,567.7151255305189,341.2746300876631,0.0,1.0,0.0,0.0,2.0
19271,0.0024267398183850097,0.5241758007711621,0.0,0.1,563.1093047398914,346.3570311946302,0.0,1.0,0.0,0.0,2.0
19272,0.0027082391666193783,0.5849796599897857,0.0,0.1,557.1758467794439,354.0126725937156,0.0,1.0,0.0,0.0,2.0
19273,0.0011070227499856001,0.23911691399688964,0.0,0.1,548.1112416559243,362.3797991054894,0.0,1.0,0.0,0.0,2.0
19274,0.0007358142349109598,0.1589358747407673,0.0,0.1,539.7483505129512,370.9351466193823,0.0,1.0,0.0,0.0,2.0
19275,0.0026542088386297545,0.573309109144027,0.0,0.1,535.5433516548313,375.575044458109,0.0,1.0,0.0,0.0,2.0
19276,0.001562596023082121,0.3375207409857381,0.0,0.1,527.3470511236359,384.9464093256887,0.0,1.0,0.0,0.0,2.0
19277,0.002568025295227846,0.5546934637692148,0.0,0.1,520.6513682956931,391.8553326263794,0.0,1.0,0.0,0.0,2.0
19278,0.0018529504256734601,0.40023729194546737,0.0,0.1,511.69449529628145,399.0158901810862,0.0,1.0,0.0,0.0,2.0
19279,0.001567618773226207,0.3386056550168607,0.0,0.1,501.2675255658779,406.01535555233016,0.0,1.0,0.0,0.0,2.0
19280,0.001948819479938121,0.4209450076666341,0.0,0.1,495.93585944322393,409.4662780944621,0.0,1.0,0.0,0.0,2.0
19281,0.0014512892392267835,0.31347847567298526,0.0,0.1,486.00202304338836,416.619574854907,0.0,1.0,0.0,0.0,2.0
19282,0.0021229741855842608,0.4585624240862003,0.0,0.1,479.3977169986291,421.8461570419037,0.0,1.0,0.0,0.0,2.0
19283,0.0011347381484041776,0.24510344005530235,0.0,0.1,475.76444878361616,424.9557114844647,0.0,1.0,0.0,0.0,2.0
19284,0.0020631025013529906,0.44563014029224596,0.0,0.1,472.2721757447565,428.3342600859755,0.0,1.0,0.0,0.0,2.0
19285,0.0018109622950534781,0.3911678557315513,0.0,0.1,471.71233691687803,429.7706378349394,0.0,1.0,0.0,0.0,2.0
19286,0.0005713656779194484,0.12341498643060086,0.0,0.1,471.6497569505892,430.3365874399221,0.0,1.0,0.0,0.0,2.0
19287,0.00010823032275372785,0.023377749714805218,1.0,0.1,471.8707792978966,429.42846784621986,0.0,1.0,0.0,0.0,2.0
19288,0.0010590945610442313,0.22876442518555395,0.0,0.1,471.72306108962385,428.2897997582746,0.0,1.0,0.0,0.0,2.0
19289,0.0014696034827077391,0.31743435226487166,0.0,0.1,470.520078744342,428.8053022190639,0.0,1.0,0.0,0.0,2.0
19290,0.0018161670005757385,0.3922920721243595,0.0,0.1,469.79517976611965,426.1500925734514,0.0,1.0,0.0,0.0,2.0
19291,0.000970194662291974,0.2095620470550664,0.0,0.1,471.5136392587763,421.33587958697774,0.0,1.0,0.0,0.0,2.0
19292,0.00015611329291935174,0.03372047127057998,1.0,0.1,470.4739973384403,420.1684618807194,0.0,1.0,0.0,0.0,2.0
19293,0.0008911171897889348,0.1924813129944099,0.0,0.1,468.1671313742647,420.4517352308996,0.0,1.0,0.0,0.0,2.0
19294,0.0007793524787799819,0.1683401354164761,0.0,0.1,464.4061447066203,421.8958300931533,0.0,1.0,0.0,0.0,2.0
19295,0.00031848184306665605,0.06879207810239771,1.0,0.1,460.197919382124,422.67568975299287,0.0,1.0,0.0,0.0,2.0
19296,0.0005416165410568816,0.11698917286828642,0.0,0.1,,,0.0,1.0,,,2.0
19297,0.0005775516813912897,0.12475116318051857,0.0,0.1,,,0.0,1.0,,,2.0
19298,0.0003126634836771652,0.06753531247426768,1.0,0.1,,,0.0,1.0,,,2.0
19299,0.0012086503027015723,0.2610684653835396,0.0,0.1,,,0.0,1.0,,,2.0
19300,0.0008906341517031002,0.19237697676786963,0.0,0.1,,,0.0,1.0,,,2.0
19301,0.0003483508244338323,0.07524377807770777,1.0,0.1,,,0.0,1.0,,,2.0
19302,0.0006817275456151652,0.14725314985287566,0.0,0.1,,,0.0,1.0,,,2.0
19303,0.0009494188381010551,0.2050744690298279,0.0,0.1,,,0.0,1.0,,,2.0
19304,0.0010845054870962387,0.23425318521278757,0.0,0.1,,,0.0,1.0,,,2.0
19305,0.0008265800746164734,0.17854129611715827,0.0,0.1,,,0.0,1.0,,,2.0
19306,0.000596518334540071,0.12884796026065531,0.0,0.1,446.74845830304406,427.82628304854575,0.0,1.0,0.0,0.0,2.0
19307,0.0006340846027077697,0.13696227418487827,0.0,0.1,443.91906920605777,430.7924123996929,0.0,1.0,0.0,0.0,2.0
19308,0.0015575651791073072,0.3364340786871784,0.0,0.1,438.9436444230935,435.80314564376584,0.0,1.0,0.0,0.0,2.0
19309,0.0011549412529766674,0.24946731064296018,0.0,0.1,435.3786152867198,439.3296313502051,0.0,1.0,0.0,0.0,2.0
19310,0.0004196108283496839,0.09063593892353172,1.0,0.1,430.258091119832,444.1969615960155,0.0,1.0,0.0,0.0,2.0
19311,0.0026209171565979967,0.5661181058251673,0.0,0.1,427.369429575607,446.94111815506665,0.0,1.0,0.0,0.0,2.0
19312,0.0010967811970722598,0.23690473856760813,0.0,0.1,420.22646380069824,453.861629621547,0.0,1.0,0.0,0.0,2.0
19313,0.0016718920500492262,0.3611286828106329,0.0,0.1,411.8049459107944,462.1364964798828,0.0,1.0,0.0,0.0,2.0
19314,0.0018462450223526406,0.3987889248281704,0.0,0.1,401.7458959004654,472.06447371928977,0.0,1.0,0.0,0.0,2.0
19315,,,,0.1,385.867459263835,487.97411141604704,0.0,1.0,0.0,0.0,2.0
19316,,,,0.1,376.2929828345381,497.5794321671494,,,0.0,0.0,2.0
19317,,,,0.1,359.28319475045026,514.5259606837141,0.0,1.0,0.0,0.0,2.0
19318,,,,0.1,341.72535030079206,532.098903280715,,,0.0,0.0,2.0
19319,0.0021470552723222196,0.4637639388215994,0.0,0.1,323.93009849383736,549.8226050116477,0.0,1.0,0.0,0.0,2.0
19320,0.004142913040703429,0.8948692167919406,0.0,0.1,315.27859298226826,558.4729853952689,0.0,1.0,0.0,0.0,2.0
19321,0.005480496372167401,1.1837872163881586,0.0,0.1,298.99591713965754,574.7810832847667,0.0,1.0,0.0,0.0,2.0
19322,0.005452596381633592,1.1777608184328558,0.0,0.1,288.1125600849678,585.6540304554036,0.0,1.0,0.0,0.0,2.0
19323,0.0041845562077309495,0.9038641408698851,0.0,0.1,275.1830134874912,598.7245208273098,0.0,1.0,0.0,0.0,2.0
19324,0.0020230771173164568,0.4369846573403547,0.0,0.1,,,0.0,1.0,,,2.0
19325,0.004818310037694624,1.0407549681420387,0.0,0.1,251.30962407877118,622.8295855992532,0.0,1.0,0.0,0.0,2.0
19326,0.0034730704425579816,0.750183215592524,0.0,0.1,237.61248394319486,636.637156075017,0.0,1.0,0.0,0.0,2.0
19327,0.0038451818009996868,0.8305592690159324,0.0,0.1,228.8274419660393,645.4078975233351,1.0,0.0,0.0,0.0,2.0
19328,0.0012941528587039044,0.2795370174800434,0.0,0.1,222.188342254227,651.9045558749237,1.0,0.0,0.0,0.0,2.0
19329,0.002621492504944363,0.5662423810679824,0.0,0.1,218.8348930164903,655.280227310447,1.0,0.0,0.0,0.0,2.0
19330,0.002411495284793407,0.5208829815153759,0.0,0.1,211.16842655877852,662.7362247508287,1.0,0.0,0.0,0.0,2.0
19331,0.0032378203824088526,0.6993692026003122,0.0,0.1,202.87541157446566,671.0509836184947,1.0,0.0,0.0,0.0,2.0
19332,,,,0.1,195.44303929244774,678.6558470581988,1.0,0.0,0.0,0.0,2.0
19333,,,,0.1,191.45717090961134,682.5698150914097,,,0.0,0.0,2.0
19334,,,,0.1,190.34711896461445,683.7636523459583,,,0.0,0.0,2.0
19335,0.002141634141938369,0.4625929746586877,0.0,0.1,188.26210861135016,686.0972086645206,1.0,0.0,0.0,0.0,2.0
19336,0.0018094524967735503,0.3908417393030869,0.0,0.1,185.7223715580804,688.9740053769166,1.0,0.0,0.0,0.0,2.0
19337,0.0009379273129753105,0.20259229960266706,0.0,0.1,182.1242770087568,692.8479389291659,1.0,0.0,0.0,0.0,2.0
19338,0.0019593171265439415,0.42321249933349137,0.0,0.1,180.4325240299561,694.7114688441509,1.0,0.0,0.0,0.0,2.0
19339,0.002248420629903238,0.4856588560590994,0.0,0.1,172.7601360286864,702.6210872038365,1.0,0.0,0.0,0.0,2.0
19340,0.0021598215172828495,0.4665214477330955,0.0,0.1,163.59920363139477,711.8957238551313,1.0,0.0,0.0,0.0,2.0
19341,0.0019262248834806114,0.4160645748318121,0.0,0.1,157.16688030463806,718.4955292834751,1.0,0.0,0.0,0.0,2.0
19342,0.0017950695281463665,0.3877350180796152,0.0,0.1,154.68856620047848,720.8464440756329,1.0,0.0,0.0,0.0,2.0
19343,0.0027703965950007497,0.598405664520162,0.0,0.1,150.92942330103153,725.0082315945292,1.0,0.0,0.0,0.0,2.0
19344,0.0020918690724826402,0.4518437196562503,0.0,0.1,144.1336547230657,732.4740508847275,1.0,0.0,0.0,0.0,2.0
19345,0.001607951342415128,0.34731748996166767,0.0,0.1,134.30929306968113,743.0352690734077,1.0,0.0,0.0,0.0,2.0
19346,,,,0.1,124.26206622876035,755.1669319611524,1.0,0.0,0.0,0.0,2.0
19347,,,,0.1,119.23946807578419,761.388668408601,,,0.0,0.0,2.0
19348,0.0023562760045541353,0.5089556169836933,0.0,0.1,114.74346345745404,768.4511492289147,1.0,0.0,0.0,0.0,2.0
19349,0.001266517756452413,0.27356783539372126,0.0,0.1,111.49084687143666,774.0886348579945,1.0,0.0,0.0,0.0,2.0
19350,0.000839759880618263,0.18138813421354483,0.0,0.1,103.95972418344031,780.9812289928452,1.0,0.0,0.0,0.0,2.0
19351,0.0010811989232804822,0.23353896742858418,0.0,0.1,99.68000563983271,784.262293790089,1.0,0.0,0.0,0.0,2.0
19352,0.0020170105987552733,0.43567428933113905,0.0,0.1,90.82578744823972,790.7043614212594,1.0,0.0,0.0,0.0,2.0
19353,0.001785553220677394,0.3856794956663171,0.0,0.1,87.85282385420122,793.2048420586083,1.0,0.0,0.0,0.0,2.0
19354,,,,0.1,86.50329159772132,794.3310030725777,1.0,0.0,0.0,0.0,2.0
19355,,,,0.1,81.82670463785112,796.8617885222609,,,0.0,0.0,2.0
19356,,,,0.1,77.60925785092432,800.009803462518,,,0.0,0.0,2.0
19357,,,,0.1,75.64678127632106,800.8238759117668,,,0.0,0.0,2.0
19358,,,,0.1,73.50641257411255,801.6572056259529,,,0.0,0.0,2.0
19359,0.0012033987265062105,0.25993412492534146,0.0,0.1,71.06724149610173,804.180083565358,1.0,0.0,0.0,0.0,2.0
19360,0.0004548724528895209,0.09825244982413651,1.0,0.1,66.78870489083535,809.1057013456331,1.0,0.0,1.0,0.0,2.0
19361,0.0011582076622150886,0.25017285503845915,0.0,0.1,65.48834078160603,810.7747324894641,1.0,0.0,1.0,0.0,2.0
19362,0.0008689921069192669,0.18770229509456166,0.0,0.1,63.6610590507397,814.0385261521183,1.0,0.0,1.0,0.0,2.0
19363,0.000982680946521201,0.2122590844485794,0.0,0.1,,,1.0,0.0,,,2.0
19364,0.00062619994764771,0.13525918869190537,0.0,0.1,,,1.0,0.0,,,2.0
19365,0.0009692564026043361,0.2093593829625366,0.0,0.1,54.821893768220896,823.8862211778636,1.0,0.0,1.0,0.0,2.0
19366,0.001047339742393854,0.2262253843570725,0.0,0.1,,,1.0,0.0,,,2.0
19367,0.001801559302170953,0.38913680926892585,0.0,0.1,,,1.0,0.0,,,2.0
19368,0.002550600453400507,0.5509296979345095,0.0,0.1,,,1.0,0.0,,,2.0
19369,0.00018255638535367524,0.039432179236393854,1.0,0.1,,,1.0,0.0,,,2.0
19370,0.001644537812899074,0.3552201675862,0.0,0.1,,,1.0,0.0,,,2.0
19371,0.001451287339698018,0.3134780653747719,0.0,0.1,,,1.0,0.0,,,2.0
19372,0.0019503775716187034,0.42128155546963997,0.0,0.1,,,1.0,0.0,,,2.0
19373,0.0014822615599548855,0.3201684969502553,0.0,0.1,,,1.0,0.0,,,2.0
19374,0.0014382260271736762,0.31065682186951404,0.0,0.1,,,1.0,0.0,,,2.0
19375,0.0025674592302605296,0.5545711937362745,0.0,0.1,,,1.0,0.0,,,2.0
19376,0.0014873512075401776,0.32126786082867836,0.0,0.1,,,1.0,0.0,,,2.0
19377,0.0016665367529016292,0.3599719386267519,0.0,0.1,,,1.0,0.0,,,2.0
19378,0.0005076617646048876,0.10965494115465572,0.0,0.1,,,1.0,0.0,,,2.0
19379,0.001829494282671815,0.39517076505711207,0.0,0.1,,,1.0,0.0,,,2.0
19380,0.0005132747763369724,0.11086735168878604,0.0,0.1,,,1.0,0.0,,,2.0
19381,0.0012703634657247071,0.27439850859653675,0.0,0.1,,,1.0,0.0,,,2.0
19382,0.000993006986293888,0.2144895090394798,0.0,0.1,,,1.0,0.0,,,2.0
19383,0.0014402520299787416,0.3110944384754082,0.0,0.1,,,1.0,0.0,,,2.0
19384,0.0012391928580262961,0.26766565733368,0.0,0.1,,,1.0,0.0,,,2.0
19385,0.0017218023531553465,0.37190930828155483,0.0,0.1,,,1.0,0.0,,,2.0
19386,0.0021076503320806594,0.45525247172942246,0.0,0.1,,,1.0,0.0,,,2.0
19387,0.0006177260260189075,0.13342882162008401,0.0,0.1,,,1.0,0.0,,,2.0
19388,0.000781428585670327,0.16878857450479065,0.0,0.1,,,1.0,0.0,,,2.0
19389,0.001471445734103566,0.31783227856637025,0.0,0.1,,,1.0,0.0,,,2.0
19390,0.0005152410667610704,0.1112920704203912,0.0,0.1,,,1.0,0.0,,,2.0
19391,0.0008065888443412261,0.17422319037770484,0.0,0.1,,,1.0,0.0,,,2.0
19392,0.00030007926008366914,0.06481712017807253,1.0,0.1,,,1.0,0.0,,,2.0
19393,0.001005422282770984,0.21717121307853257,0.0,0.1,,,1.0,0.0,,,2.0
19394,0.0003836803518726615,0.08287495600449489,1.0,0.1,,,1.0,0.0,,,2.0
19395,0.0004555399539280315,0.0983966300484548,1.0,0.1,,,1.0,0.0,,,2.0
19396,0.00025999965754386724,0.056159926029475324,1.0,0.1,,,1.0,0.0,,,2.0
19397,0.00043342215568270646,0.0936191856274646,1.0,0.1,,,1.0,0.0,,,2.0
19398,0.0006232416515527263,0.1346201967353889,0.0,0.1,,,1.0,0.0,,,2.0
19399,0.00048047134375424724,0.10378181025091741,0.0,0.1,,,1.0,0.0,,,2.0
19400,4.091203749888816e-05,0.008837000099759844,1.0,0.1,,,1.0,0.0,,,2.0
19401,0.0006844545203649207,0.14784217639882288,0.0,0.1,,,1.0,0.0,,,2.0
19402,0.00041727833618356995,0.09013212061565111,1.0,0.1,,,1.0,0.0,,,2.0
19403,0.0009232492968063387,0.19942184811016916,0.0,0.1,,,1.0,0.0,,,2.0
19404,0.0006062191896143571,0.13094334495670112,0.0,0.1,,,1.0,0.0,,,2.0
19405,0.00018418636083175223,0.03978425393965848,1.0,0.1,,,1.0,0.0,,,2.0
19406,0.00015013841719297772,0.03242989811368319,1.0,0.1,,,1.0,0.0,,,2.0
19407,0.00030067400388276283,0.06494558483867677,1.0,0.1,,,1.0,0.0,,,2.0
19408,0.0002546898541046275,0.05501300848659955,1.0,0.1,,,1.0,0.0,,,2.0
19409,0.00016955669208971956,0.03662424549137942,1.0,0.1,,,1.0,0.0,,,2.0
19410,0.00013767319883154167,0.029737410947613,1.0,0.1,,,1.0,0.0,,,2.0
19411,4.258384034282253e-05,0.009198109514049667,1.0,0.1,,,1.0,0.0,,,2.0
19412,5.518667084069427e-05,0.011920320901589964,1.0,0.1,,,1.0,0.0,,,2.0
19413,0.0002132381207321787,0.0460594340781506,1.0,0.1,,,1.0,0.0,,,2.0
19414,0.00010002982204598757,0.021606441561933313,1.0,0.1,,,1.0,0.0,,,2.0
19415,0.0001507423343362786,0.03256034421663618,1.0,0.1,,,1.0,0.0,,,2.0
19416,0.00020440722498450448,0.044151960596652974,1.0,0.1,,,1.0,0.0,,,2.0
19417,0.000444224612339849,0.09595251626540738,1.0,0.1,,,1.0,0.0,,,2.0
19418,0.00022537283169916166,0.048680531647018924,1.0,0.1,,,1.0,0.0,,,2.0
19419,0.0004087635236111623,0.08829292110001107,1.0,0.1,61.012886838888484,842.2251678776216,1.0,0.0,1.0,0.0,2.0
19420,0.0006039227571318171,0.1304473155404725,0.0,0.1,,,1.0,0.0,,,2.0
19421,0.0007121390740666079,0.1538220399983873,0.0,0.1,67.30670974873793,839.2518943244025,1.0,0.0,1.0,0.0,2.0
19422,0.0005080577686578258,0.10974047803009036,0.0,0.1,68.6954981884789,837.255991876024,1.0,0.0,1.0,0.0,2.0
19423,0.00026302390514826513,0.056813163512025276,1.0,0.1,69.05211480488131,835.7603033486865,1.0,0.0,1.0,0.0,2.0
19424,0.0005507383802194388,0.11895949012739877,0.0,0.1,71.04695322665528,834.8738383058007,1.0,0.0,0.0,0.0,2.0
19425,0.0005534158221527805,0.1195378175850006,0.0,0.1,73.74453953820658,834.9085322407632,1.0,0.0,0.0,0.0,2.0
19426,0.0003642015690245683,0.07866753890930675,1.0,0.1,75.49436498569695,834.7350910060027,1.0,0.0,0.0,0.0,2.0
19427,,,,0.1,80.57987522165162,829.2394037039082,1.0,0.0,0.0,0.0,2.0
19428,,,,0.1,81.69587355428622,827.2240299433636,,,0.0,0.0,2.0
19429,0.00048503941231681566,0.10476851306043218,0.0,0.1,86.90065571954145,825.1040135991568,1.0,0.0,0.0,0.0,2.0
19430,0.0003264770781308981,0.070519048876274,1.0,0.1,90.5678241989758,824.2894891655661,1.0,0.0,0.0,0.0,2.0
19431,,,,0.1,92.98706188191638,823.203871714143,1.0,0.0,0.0,0.0,2.0
19432,,,,0.1,,,,,,,2.0
19433,,,,0.1,,,,,,,2.0
19434,0.0013280372381584415,0.2868560434422234,0.0,0.1,102.15068269067419,828.8257025299804,1.0,0.0,0.0,0.0,2.0
19435,0.0006722990480325974,0.14521659437504103,0.0,0.1,101.27924697932863,834.7689756146833,1.0,0.0,0.0,0.0,2.0
19436,0.0004907872515263294,0.10601004632968715,0.0,0.1,103.10623841503363,838.9997305178491,1.0,0.0,0.0,0.0,2.0
19437,0.00014352337474750907,0.03100104894546196,1.0,0.1,103.42420338225868,840.0692832423236,1.0,0.0,0.0,0.0,2.0
19438,9.617172876297172e-05,0.020773093412801893,1.0,0.1,99.92838115852639,841.7851471695421,1.0,0.0,0.0,0.0,2.0
19439,0.0008470638305682517,0.18296578740274236,0.0,0.1,97.94077061881362,842.0350292463121,1.0,0.0,0.0,0.0,2.0
19440,0.000497908750241605,0.10754829005218668,0.0,0.1,95.96399319630076,847.8750827961023,1.0,0.0,0.0,0.0,2.0
19441,0.0001325057356596058,0.02862123890247485,1.0,0.1,94.6162022333894,850.0794646459235,1.0,0.0,0.0,0.0,2.0
19442,0.0007580099002856371,0.16373013846169762,0.0,0.1,91.96584189263845,848.1488717694755,1.0,0.0,0.0,0.0,2.0
19443,0.0013918337446321742,0.30063608884054965,0.0,0.1,87.22874124734012,842.522661856923,1.0,0.0,0.0,0.0,2.0
19444,0.0010655930358798883,0.23016809575005587,0.0,0.1,84.2895316727138,842.4205790478283,1.0,0.0,0.0,0.0,2.0
19445,0.0004933518464380544,0.10656399883061975,0.0,0.1,80.15419228194028,843.9893661358878,1.0,0.0,0.0,0.0,2.0
19446,0.0006263159742896303,0.13528425044656014,0.0,0.1,79.74855047550751,846.6023162138906,1.0,0.0,0.0,0.0,2.0
19447,0.0007948721715017637,0.17169238904438094,0.0,0.1,77.78037543943115,857.121484935569,1.0,0.0,0.0,0.0,2.0
19448,0.0015894834906126814,0.3433284339723392,0.0,0.1,80.27904193795838,865.9832771079151,1.0,0.0,0.0,0.0,2.0
19449,0.000263376681705662,0.056889363248422996,1.0,0.1,82.79582770269333,872.2661941448414,1.0,0.0,0.0,0.0,2.0
19450,0.0004887310774279646,0.10556591272444037,0.0,0.1,85.56358397012629,872.0819851677807,1.0,0.0,0.0,0.0,2.0
19451,0.001957041551840464,0.4227209751975402,0.0,0.1,85.85216180688715,871.2797267396259,1.0,0.0,0.0,0.0,2.0
19452,0.0011427885335534033,0.24684232324753516,0.0,0.1,87.3397538480966,869.8476126643704,1.0,0.0,0.0,0.0,2.0
19453,0.0010844011412048944,0.2342306465002572,0.0,0.1,87.41744594410397,869.2896183832977,1.0,0.0,0.0,0.0,2.0
19454,0.0003159944736453558,0.06825480630739686,1.0,0.1,89.1769900514492,874.4406782291671,1.0,0.0,0.0,0.0,2.0
19455,0.0006533617870344358,0.14112614599943812,0.0,0.1,91.71328661398304,879.4740913293693,1.0,0.0,0.0,0.0,2.0
19456,0.0025182526869211943,0.543942580374978,0.0,0.1,95.18174018707495,889.4221979454858,1.0,0.0,0.0,0.0,2.0
19457,0.0010206983733716435,0.22047084864827501,0.0,0.1,102.69874735460644,903.5084824957389,1.0,0.0,0.0,0.0,2.0
19458,0.002558598311416974,0.5526572352660664,0.0,0.1,108.1581901066568,914.5201806920355,1.0,0.0,0.0,0.0,2.0
19459,0.0004139101056977993,0.08940458283072464,1.0,0.1,111.5635682861119,926.0078819714911,1.0,0.0,0.0,0.0,2.0
19460,0.0015086994050642726,0.3258790714938829,0.0,0.1,115.34107849794293,930.8749948931318,1.0,0.0,0.0,0.0,2.0
19461,,,,0.1,119.83223957816558,938.0406601637696,1.0,0.0,0.0,0.0,2.0
19462,,,,0.1,121.6972944485091,943.0571674707905,,,0.0,0.0,2.0
19463,,,,0.1,128.852089216261,950.0893418498206,,,0.0,0.0,2.0
19464,,,,0.1,134.91394504488383,955.3114320141739,,,0.0,0.0,2.0
19465,,,,0.1,145.86840381129758,965.917951715348,,,0.0,0.0,2.0
19466,,,,0.1,154.51657972023747,976.6983451378699,1.0,0.0,0.0,0.0,2.0
19467,,,,0.1,162.97696819129666,985.0651191896916,,,0.0,0.0,2.0
19468,0.0006681972342201056,0.14433060259154282,0.0,0.1,168.09130542383164,989.400523725246,1.0,0.0,0.0,0.0,2.0
19469,0.0028907258557989263,0.6243967848525681,0.0,0.1,169.505539190812,990.8010848441513,1.0,0.0,0.0,0.0,2.0
19470,0.0015410915156780817,0.3328757673864657,0.0,0.1,169.83487181919705,991.293834552977,1.0,0.0,0.0,0.0,2.0
19471,0.0013465761877241049,0.29086045654840664,0.0,0.1,168.46106110889514,987.8206613117111,1.0,0.0,0.0,0.0,2.0
19472,0.0016891826647302864,0.3648634555817419,0.0,0.1,171.65710747404339,989.7598761304652,1.0,0.0,0.0,0.0,2.0
19473,0.0021805180459365135,0.47099189792228696,0.0,0.1,174.44355122814554,992.77175197189,1.0,0.0,0.0,0.0,2.0
19474,0.001629480447065571,0.35196777656616335,0.0,0.1,180.58237896322458,998.2282493298015,1.0,0.0,0.0,0.0,2.0
19475,0.003174679649769051,0.6857308043501151,0.0,0.1,187.3886716677408,1005.4669586113682,1.0,0.0,0.0,0.0,2.0
19476,0.0025576164491471582,0.5524451530157862,0.0,0.1,198.42297628499563,1015.2069217996875,1.0,0.0,0.0,0.0,2.0
19477,0.0017530286208537525,0.37865418210441054,0.0,0.1,206.13208865451256,1022.6952062764832,1.0,0.0,0.0,0.0,2.0
19478,0.001989238631721062,0.42967554445174944,0.0,0.1,210.9772041225671,1027.4937932216624,1.0,0.0,0.0,0.0,2.0
19479,0.0024173407753027153,0.5221456074653865,0.0,0.1,219.394613971678,1034.7986781678956,1.0,0.0,0.0,0.0,2.0
19480,0.003251578998753347,0.702341063730723,0.0,0.1,224.09922737034242,1039.2609423265646,1.0,0.0,0.0,0.0,2.0
19481,0.0006725746689267204,0.14527612848817162,0.0,0.1,232.59867886888767,1048.1153711645434,1.0,0.0,0.0,0.0,2.0
19482,0.0015219495967086591,0.3287411128890704,0.0,0.1,236.3489491991165,1050.599282605825,1.0,0.0,0.0,0.0,2.0
19483,0.0014976792695460424,0.32349872222194515,0.0,0.1,245.4537952083151,1057.80941071054,1.0,0.0,0.0,0.0,2.0
19484,0.0021326580837306573,0.460654146085822,0.0,0.1,254.6393846217848,1064.7077204592595,1.0,0.0,0.0,0.0,2.0
19485,0.001430845892017054,0.3090627126756837,0.0,0.1,258.72104259269884,1066.1239241678904,1.0,0.0,0.0,0.0,2.0
19486,0.0017074064298327105,0.3687997888438655,0.0,0.1,260.1630388811945,1064.8757646545848,1.0,0.0,0.0,0.0,2.0
19487,0.001107193993426425,0.2391539025801078,0.0,0.1,264.69527074935223,1060.4317582210901,1.0,0.0,0.0,0.0,2.0
19488,0.0019387526264621304,0.4187705673158202,0.0,0.1,271.9856714812886,1057.661522321083,1.0,0.0,0.0,0.0,2.0
19489,0.0015695937345704659,0.33903224666722065,0.0,0.1,276.52297476989145,1056.9824561876494,1.0,0.0,0.0,0.0,2.0
19490,0.00036330183539174526,0.07847319644461698,1.0,0.1,277.8378983543605,1056.1669257357817,1.0,0.0,0.0,0.0,2.0
19491,0.00016181797677555657,0.03495268298352022,1.0,0.1,277.8233228712901,1055.8741225656258,1.0,0.0,0.0,0.0,2.0
19492,0.001108454178944605,0.2394261026520347,0.0,0.1,278.37725905705753,1051.9163403396124,1.0,0.0,0.0,0.0,2.0
19493,0.0005138703537252402,0.11099599640465188,0.0,0.1,278.1527505617717,1048.6762635023638,1.0,0.0,0.0,0.0,2.0
19494,0.0018140427765920939,0.3918332397438923,0.0,0.1,275.1767922525426,1043.7411099488256,1.0,0.0,0.0,0.0,2.0
19495,0.00023995314360630705,0.05182987901896232,1.0,0.1,268.88549565278623,1039.9266319707617,1.0,0.0,0.0,0.0,2.0
19496,0.0012806362217820811,0.27661742390492955,0.0,0.1,266.1279512613871,1036.95175604902,1.0,0.0,0.0,0.0,2.0
19497,0.0011367880020081555,0.24554620843376157,0.0,0.1,264.69185738402047,1034.9808332909925,1.0,0.0,0.0,0.0,2.0
19498,0.0013127060173602585,0.2835444997498158,0.0,0.1,263.7678868561426,1035.538299177403,1.0,0.0,0.0,0.0,2.0
19499,0.001056071466428989,0.22811143674866163,0.0,0.1,265.5601636276074,1039.4027487127837,1.0,0.0,0.0,0.0,2.0
19500,0.0011466937853205114,0.24768585762923048,0.0,0.1,265.4949974965019,1041.0140051306907,1.0,0.0,0.0,0.0,2.0
19501,0.0005900264403937772,0.12744571112505587,0.0,0.1,266.80922915361816,1043.4660544163046,1.0,0.0,0.0,0.0,2.0
19502,0.0012882618982287032,0.2782645700173999,0.0,0.1,268.9167718446232,1045.723479975273,1.0,0.0,0.0,0.0,2.0
19503,0.0003677574428800471,0.07943560766209018,1.0,0.1,268.9673711098933,1043.5608412861272,1.0,0.0,0.0,0.0,2.0
19504,9.281683524276234e-05,0.020048436412436664,1.0,0.1,268.5960945128734,1043.4252952542283,1.0,0.0,0.0,0.0,2.0
19505,0.00010334282220657131,0.022322049596619407,1.0,0.1,268.32249756091653,1042.980250345015,1.0,0.0,0.0,0.0,2.0
19506,0.00030648760655023564,0.0662013230148509,1.0,0.1,267.9276427299633,1042.042809948282,1.0,0.0,0.0,0.0,2.0
19507,0.0007111132406623381,0.15360045998306504,0.0,0.1,271.03976382232287,1041.5487988812308,1.0,0.0,0.0,0.0,2.0
19508,0.0004009575653835304,0.08660683412284256,1.0,0.1,274.45205788540983,1042.7752317684776,1.0,0.0,0.0,0.0,2.0
19509,0.00012709782600908799,0.027453130417963004,1.0,0.1,276.45207945229794,1043.421353606986,1.0,0.0,0.0,0.0,2.0
19510,0.00043043263138693526,0.09297344837957802,1.0,0.1,281.862381329809,1045.5811997269977,1.0,0.0,0.0,0.0,2.0
19511,0.0007432534626592466,0.16054274793439727,0.0,0.1,283.89035072374065,1046.208715774739,1.0,0.0,0.0,0.0,2.0
19512,0.00013688467826591008,0.029567090505436582,1.0,0.1,285.1871590026439,1048.374405517553,1.0,0.0,0.0,0.0,2.0
19513,0.0004480254174511483,0.09677349016944803,1.0,0.1,291.66235422238,1053.3668649114795,1.0,0.0,0.0,0.0,2.0
19514,0.00022389512813372346,0.04836134767688427,1.0,0.1,295.2001340250255,1055.7557684830335,1.0,0.0,0.0,0.0,2.0
19515,0.0009612699504478794,0.20763430929674195,0.0,0.1,301.94491306811886,1059.905711219151,1.0,0.0,0.0,0.0,2.0
19516,0.00011749634828876751,0.02537921123037378,1.0,0.1,303.42050867053536,1061.3518958124776,1.0,0.0,0.0,0.0,2.0
19517,0.0001705245353151102,0.0368332996280638,1.0,0.1,303.8335603010994,1061.90596829663,1.0,0.0,0.0,0.0,2.0
19518,0.00016996553560944647,0.03671255569164044,1.0,0.1,304.9579957930294,1062.2102942538986,1.0,0.0,0.0,0.0,2.0
19519,0.00016395095484463164,0.03541340624644043,1.0,0.1,307.51624550969876,1063.2407810665648,1.0,0.0,0.0,0.0,2.0
19520,0.0004440714930534284,0.09591944249954054,1.0,0.1,313.28603154244104,1064.894020636377,1.0,0.0,0.0,0.0,2.0
19521,0.0007598039346442401,0.16411764988315586,0.0,0.1,319.1931334045693,1063.2369362032482,1.0,0.0,0.0,0.0,2.0
19522,0.0003551264372153816,0.07670731043852243,1.0,0.1,324.9413953507139,1065.182371723627,1.0,0.0,0.0,0.0,2.0
19523,0.000265332244412864,0.05731176479317862,1.0,0.1,326.1917118291453,1066.4329238110208,1.0,0.0,0.0,0.0,2.0
19524,0.0004364577457235345,0.09427487307628345,1.0,0.1,325.9000658785224,1063.504144981159,1.0,0.0,0.0,0.0,2.0
19525,0.0011611672857562941,0.25081213372335953,0.0,0.1,329.04739633840256,1060.3027726447683,1.0,0.0,0.0,0.0,2.0
19526,0.00020915166323159495,0.04517675925802451,1.0,0.1,331.32322823133796,1055.396062938128,1.0,0.0,0.0,0.0,2.0
19527,0.0007959001021560987,0.17191442206571733,0.0,0.1,332.30827359569355,1053.963174640654,1.0,0.0,0.0,0.0,2.0
19528,0.0018688437133182383,0.40367024207673946,0.0,0.1,337.55507335697735,1053.8893582112294,1.0,0.0,0.0,0.0,2.0
19529,0.0013664513815651081,0.2951534984180634,0.0,0.1,346.88250178821346,1058.95991089169,1.0,0.0,0.0,0.0,2.0
19530,0.0012868827846141957,0.27796668147666626,0.0,0.1,357.25413459200064,1065.116071271404,1.0,0.0,0.0,0.0,2.0
19531,0.001823811916456726,0.39394337395465284,0.0,0.1,362.9076621009532,1068.9240262971089,1.0,0.0,0.0,0.0,2.0
19532,0.0028612225555407567,0.6180240719968034,0.0,0.1,,,1.0,0.0,,,2.0
19533,0.0014974488007076412,0.32344894095285054,0.0,0.1,,,1.0,0.0,,,2.0
19534,0.0026626646532346655,0.5751355650986878,0.0,0.1,,,1.0,0.0,,,2.0
19535,0.0006220455826141326,0.13436184584465266,0.0,0.1,,,1.0,0.0,,,2.0
19536,0.0021916263044699912,0.4733912817655181,0.0,0.1,,,1.0,0.0,,,2.0
19537,0.0009539030089971868,0.20604304994339234,0.0,0.1,,,1.0,0.0,,,2.0
19538,0.0014112423848110596,0.3048283551191889,0.0,0.1,,,1.0,0.0,,,2.0
19539,0.0009467370050560892,0.20449519309211528,0.0,0.1,,,1.0,0.0,,,2.0
19540,0.0003947457887710748,0.08526509037455217,1.0,0.1,,,1.0,0.0,,,2.0
19541,0.0007706749199051892,0.16646578269952086,0.0,0.1,,,1.0,0.0,,,2.0
19542,0.0006249964894510204,0.1349992417214204,0.0,0.1,,,1.0,0.0,,,2.0
19543,0.00019584543916299586,0.042302614859207104,1.0,0.1,,,1.0,0.0,,,2.0
19544,0.00048734166505822645,0.10526579965257692,0.0,0.1,,,1.0,0.0,,,2.0
19545,0.00014309011831594058,0.030907465556243165,1.0,0.1,,,1.0,0.0,,,2.0
19546,0.0002879758182142387,0.06220277673427556,1.0,0.1,389.67661176150966,1097.6983241319183,1.0,0.0,0.0,0.0,2.0
19547,5.2380194190747734e-05,0.01131412194520151,1.0,0.1,,,1.0,0.0,,,2.0
19548,0.00046865368220415496,0.10122919535609748,0.0,0.1,,,1.0,0.0,,,2.0
19549,0.00019384728032473015,0.041871012550141716,1.0,0.1,,,1.0,0.0,,,2.0
19550,0.0005270126337674944,0.11383472889377881,0.0,0.1,,,1.0,0.0,,,2.0
19551,0.00044365528002260037,0.09582954048488168,1.0,0.1,,,1.0,0.0,,,2.0
19552,0.00036524785562818703,0.07889353681568839,1.0,0.1,,,1.0,0.0,,,2.0
19553,0.00022549039108155973,0.04870592447361691,1.0,0.1,,,1.0,0.0,,,2.0
19554,0.0001155213322008127,0.02495260775537554,1.0,0.1,,,1.0,0.0,,,2.0
19555,0.00015763673716303657,0.034049535227215905,1.0,0.1,,,1.0,0.0,,,2.0
19556,0.0002846258953017967,0.0614791933851881,1.0,0.1,,,1.0,0.0,,,2.0
19557,0.0008556234850687692,0.18481467277485417,0.0,0.1,,,1.0,0.0,,,2.0
19558,0.0012120527625661035,0.2618033967142784,0.0,0.1,,,1.0,0.0,,,2.0
19559,0.001519709507789883,0.3282572536826147,0.0,0.1,406.66200353421715,1117.0968921553065,1.0,0.0,0.0,0.0,2.0
19560,0.00120758152153446,0.26083760865144334,0.0,0.1,,,1.0,0.0,,,2.0
19561,0.0007772396872553785,0.16788377244716177,0.0,0.1,417.2813069495236,1131.6741847642056,1.0,0.0,0.0,0.0,2.0
19562,0.0005775820474367309,0.12475772224633386,0.0,0.1,421.10776415579153,1137.131991298028,1.0,0.0,0.0,0.0,2.0
19563,0.0016979576395524314,0.36675885014332515,0.0,0.1,422.3176694348363,1138.7678459534172,1.0,0.0,0.0,0.0,2.0
19564,0.0010181743267477289,0.21992565457750943,0.0,0.1,426.5668133221862,1143.0616621480651,1.0,0.0,0.0,0.0,2.0
19565,0.0024344624831601548,0.5258438963625934,0.0,0.1,,,1.0,0.0,,,2.0
19566,0.0030103591388065125,0.6502375739822067,0.0,0.1,433.73680020494777,1150.0909109177292,1.0,0.0,0.0,0.0,2.0
19567,0.0010922877141818217,0.2359341462632735,0.0,0.1,,,1.0,0.0,,,2.0
19568,0.002240127130833475,0.4838674602600305,0.0,0.1,,,1.0,0.0,,,2.0
19569,0.0009691860760249202,0.20934419242138277,0.0,0.1,,,1.0,0.0,,,2.0
19570,0.000988049239282587,0.2134186356850388,0.0,0.1,,,1.0,0.0,,,2.0
19571,0.0004133885354143205,0.08929192364949323,1.0,0.1,,,1.0,0.0,,,2.0
19572,0.0022791483512313165,0.4922960438659644,0.0,0.1,,,1.0,0.0,,,2.0
19573,0.0010574202903261458,0.2284027827104475,0.0,0.1,,,1.0,0.0,,,2.0
19574,0.0011762927274643312,0.2540792291322955,0.0,0.1,,,1.0,0.0,,,2.0
19575,0.0014613089409502746,0.3156427312452593,0.0,0.1,,,1.0,0.0,,,2.0
19576,0.0003639045119671635,0.07860337458490732,1.0,0.1,,,1.0,0.0,,,2.0
19577,0.0011371134512249542,0.2456165054645901,0.0,0.1,,,1.0,0.0,,,2.0
19578,0.0012756495242380137,0.27554029723541096,0.0,0.1,,,1.0,0.0,,,2.0
19579,0.0007150337784654982,0.1544472961485476,0.0,0.1,,,1.0,0.0,,,2.0
19580,0.0007622402128780527,0.16464388598165938,0.0,0.1,,,1.0,0.0,,,2.0
19581,0.0015627726991507508,0.33755890301656216,0.0,0.1,,,1.0,0.0,,,2.0
19582,0.0020455091979026383,0.4418299867469699,0.0,0.1,,,1.0,0.0,,,2.0
19583,0.0012740088008004393,0.27518590097289486,0.0,0.1,,,1.0,0.0,,,2.0
19584,0.0026052114994609228,0.5627256838835594,0.0,0.1,,,1.0,0.0,,,2.0
19585,0.0007392981117012511,0.15968839212747024,0.0,0.1,,,1.0,0.0,,,2.0
19586,0.003212137675857995,0.6938217379853269,0.0,0.1,,,1.0,0.0,,,2.0
19587,0.0021096368207914476,0.4556815532909527,0.0,0.1,,,1.0,0.0,,,2.0
19588,0.0023879271420745546,0.5157922626881039,0.0,0.1,,,1.0,0.0,,,2.0
19589,0.0011136875931373154,0.24055652011766013,0.0,0.1,,,1.0,0.0,,,2.0
19590,0.0011025796838686327,0.2381572117156247,0.0,0.1,,,1.0,0.0,,,2.0
19591,0.00031488582781913376,0.0680153388089329,1.0,0.1,,,1.0,0.0,,,2.0
19592,0.001002390583784883,0.21651636609753472,0.0,0.1,,,1.0,0.0,,,2.0
19593,0.0009476461203655758,0.20469156199896438,0.0,0.1,,,1.0,0.0,,,2.0
19594,0.00041054512612935154,0.08867774724393994,1.0,0.1,,,1.0,0.0,,,2.0
19595,0.0006262775999434128,0.1352759615877772,0.0,0.1,,,1.0,0.0,,,2.0
19596,0.0004969915419374574,0.1073501730584908,0.0,0.1,,,1.0,0.0,,,2.0
19597,0.0010950779755500213,0.23653684271880457,0.0,0.1,,,1.0,0.0,,,2.0
19598,0.001169374719535403,0.25258493941964705,0.0,0.1,,,1.0,0.0,,,2.0
19599,0.0015441094102418829,0.3335276326122467,0.0,0.1,,,1.0,0.0,,,2.0
19600,0.0011439910164655744,0.24710205955656406,0.0,0.1,,,1.0,0.0,,,2.0
19601,0.0005761028569843809,0.12443821710862628,0.0,0.1,,,1.0,0.0,,,2.0
19602,0.0005573965929084734,0.12039766406823026,0.0,0.1,,,1.0,0.0,,,2.0
19603,0.0016034536226729103,0.3463459824973486,0.0,0.1,,,1.0,0.0,,,2.0
19604,,,,0.1,,,1.0,0.0,,,2.0
19605,,,,0.1,,,,,,,2.0
19606,,,,0.1,,,,,,,2.0
19607,,,,0.1,,,,,,,2.0
19608,0.0006598575137947852,0.1425292229796736,0.0,0.1,,,1.0,0.0,,,2.0
19609,0.0006369676182269939,0.13758500553703068,0.0,0.1,,,1.0,0.0,,,2.0
19610,0.0006163185459970785,0.13312480593536896,0.0,0.1,,,1.0,0.0,,,2.0
19611,0.0004806883329544362,0.10382867991815822,0.0,0.1,,,1.0,0.0,,,2.0
19612,0.00016388604404388786,0.035399385513479785,1.0,0.1,,,1.0,0.0,,,2.0
19613,0.0007239633922540242,0.15637609272686923,0.0,0.1,,,1.0,0.0,,,2.0
19614,0.0007181973045569732,0.15513061778430623,0.0,0.1,,,1.0,0.0,,,2.0
19615,0.00044143839414755487,0.09535069313587186,1.0,0.1,,,1.0,0.0,,,2.0
19616,0.0002587865013671967,0.05589788429531449,1.0,0.1,,,1.0,0.0,,,2.0
19617,0.0009932681710783365,0.21454592495292069,0.0,0.1,,,1.0,0.0,,,2.0
19618,0.0006264069770775582,0.13530390704875256,0.0,0.1,,,1.0,0.0,,,2.0
19619,0.0007220462055864961,0.15596198040668316,0.0,0.1,,,1.0,0.0,,,2.0
19620,,,,0.1,,,1.0,0.0,,,2.0
19621,,,,0.1,,,,,,,2.0
19622,,,,0.1,,,,,,,2.0
19623,,,,0.1,,,,,,,2.0
19624,,,,0.1,,,1.0,0.0,,,2.0
19625,,,,0.1,,,,,,,2.0
19626,,,,0.1,,,,,,,2.0
19627,,,,0.1,,,,,,,2.0
19628,,,,0.1,,,,,,,2.0
19629,,,,0.1,,,,,,,2.0
19630,,,,0.1,,,,,,,2.0
19631,,,,0.1,341.4304292340008,1141.980710177019,,,0.0,0.0,2.0
19632,0.0010983435828471172,0.23724221389497735,0.0,0.1,,,1.0,0.0,,,2.0
19633,0.0018909592167530942,0.4084471908186683,0.0,0.1,,,1.0,0.0,,,2.0
19634,0.0008996942783667549,0.19433396412721907,0.0,0.1,,,1.0,0.0,,,2.0
19635,0.0011037041493069915,0.2384000962503102,0.0,0.1,,,1.0,0.0,,,2.0
19636,0.0014553178043166155,0.31434864573238896,0.0,0.1,317.78201317499907,1140.5908047555483,1.0,0.0,0.0,0.0,2.0
19637,0.0007258045169639999,0.15677377566422399,0.0,0.1,319.65741199350293,1146.470609163575,1.0,0.0,0.0,0.0,2.0
19638,0.001125040979506987,0.24300885157350918,0.0,0.1,317.11048996047657,1149.191820238918,1.0,0.0,0.0,0.0,2.0
19639,0.0007375313115622441,0.15930676329744473,0.0,0.1,,,1.0,0.0,,,2.0
19640,0.000976108994788377,0.21083954287428947,0.0,0.1,318.75912161187887,1157.362065476633,1.0,0.0,0.0,0.0,2.0
19641,0.0016786666495622958,0.3625919963054559,0.0,0.1,319.1489155810316,1160.4102644131033,1.0,0.0,0.0,0.0,2.0
19642,0.00158350351073917,0.34203675831966074,0.0,0.1,323.75944030182745,1165.7045651938454,1.0,0.0,0.0,0.0,2.0
19643,0.0005642645999379602,0.1218811535865994,0.0,0.1,324.8877867316452,1168.4303615492154,1.0,0.0,0.0,0.0,2.0
19644,0.0014719737272585595,0.31794632508784887,0.0,0.1,323.40654194398854,1168.6994803311131,1.0,0.0,0.0,0.0,2.0
19645,0.00130683557260917,0.2822764836835807,0.0,0.1,325.1392900908347,1171.6420192529488,1.0,0.0,0.0,0.0,2.0
19646,0.0004206020331566283,0.09085003916183171,1.0,0.1,327.7942471701094,1175.80907650399,1.0,0.0,0.0,0.0,2.0
19647,0.001244372277730571,0.26878441198980335,0.0,0.1,330.7639882686569,1178.564986529922,1.0,0.0,0.0,0.0,2.0
19648,0.001119267902609403,0.24176186696363103,0.0,0.1,330.8109822531295,1178.4104113414517,1.0,0.0,0.0,0.0,2.0
19649,0.0005863298092528688,0.12664723879861967,0.0,0.1,331.5856144098301,1178.9292158090093,1.0,0.0,0.0,0.0,2.0
19650,0.0014445673949851118,0.31202655731678414,0.0,0.1,335.00080898693705,1182.362196989014,1.0,0.0,0.0,0.0,2.0
19651,0.0013339910999758844,0.28814207759479105,0.0,0.1,338.0038780052362,1185.2711654948525,1.0,0.0,0.0,0.0,2.0
19652,0.0004124543825769532,0.0890901466366219,1.0,0.1,341.17002179220606,1188.41895028012,1.0,0.0,0.0,0.0,2.0
19653,0.0008983211024553039,0.19403735813034564,0.0,0.1,343.1166283539741,1190.6720428582994,1.0,0.0,0.0,0.0,2.0
19654,0.0008590939200079603,0.18556428672171943,0.0,0.1,,,1.0,0.0,,,2.0
19655,0.001988191229693957,0.42944930561389466,0.0,0.1,,,1.0,0.0,,,2.0
19656,0.001500048843332168,0.3240105501597483,0.0,0.1,,,1.0,0.0,,,2.0
19657,0.0006809737770081221,0.14709033583375436,0.0,0.1,351.5675131887749,1202.2865205273108,1.0,0.0,0.0,0.0,2.0
19658,0.0014699365636871838,0.3175062977564317,0.0,0.1,354.1267665224216,1204.9979925758757,1.0,0.0,0.0,0.0,2.0
19659,0.0015043047726392993,0.32492983089008864,0.0,0.1,353.8997706097241,1205.6893619660782,1.0,0.0,0.0,0.0,2.0
19660,0.0015508264023168692,0.3349785029004438,0.0,0.1,355.03175885502,1207.4894872665122,1.0,0.0,0.0,0.0,2.0
19661,0.0007528280027224986,0.16261084858805971,0.0,0.1,,,1.0,0.0,,,2.0
19662,0.00043397672357807585,0.09373897229286439,1.0,0.1,,,1.0,0.0,,,2.0
19663,0.0007205143991639721,0.15563111021941797,0.0,0.1,355.69097684328386,1209.8081623978458,1.0,0.0,0.0,0.0,2.0
19664,0.0005671366909230759,0.12250152523938442,0.0,0.1,,,1.0,0.0,,,2.0
19665,0.0005747772389420573,0.12415188361148437,0.0,0.1,,,1.0,0.0,,,2.0
19666,0.00022643855040657975,0.04891072688782122,1.0,0.1,,,1.0,0.0,,,2.0
19667,0.0009310192760442613,0.20110016362556044,0.0,0.1,,,1.0,0.0,,,2.0
19668,,,,0.1,,,1.0,0.0,,,2.0
19669,,,,0.1,336.2334997932755,1187.822686632856,,,0.0,0.0,2.0
19670,,,,0.1,327.4323635868245,1178.8373450212314,,,0.0,0.0,2.0
19671,,,,0.1,,,,,,,2.0
19672,,,,0.1,323.59610689785853,1173.566871250597,,,0.0,0.0,2.0
19673,,,,0.1,321.5901602044675,1171.0187557355982,,,0.0,0.0,2.0
19674,,,,0.1,323.3997920007374,1173.5818971496394,,,0.0,0.0,2.0
19675,0.0012830634698217979,0.27714170948150835,0.0,0.1,325.9242446379368,1176.6195011207658,1.0,0.0,0.0,0.0,2.0
19676,0.001003255858838575,0.2167032655091322,0.0,0.1,325.7886403905266,1176.6579922771177,1.0,0.0,0.0,0.0,2.0
19677,0.001511637602047663,0.32651372204229523,0.0,0.1,327.0286127619251,1178.2176517625664,1.0,0.0,0.0,0.0,2.0
19678,0.0024541069386921285,0.5300870987574998,0.0,0.1,319.98361204176086,1171.8312883243664,1.0,0.0,0.0,0.0,2.0
19679,0.0017355752832074274,0.3748842611728043,0.0,0.1,308.29919829853054,1161.3895805840823,1.0,0.0,0.0,0.0,2.0
19680,0.0028751813743183923,0.6210391768527728,0.0,0.1,301.0173945834515,1155.081951102913,1.0,0.0,0.0,0.0,2.0
19681,0.0034613457104978353,0.7476506734675324,0.0,0.1,284.4679473535558,1138.916972728456,1.0,0.0,0.0,0.0,2.0
19682,0.0034665970963056575,0.748784972802022,0.0,0.1,,,1.0,0.0,,,2.0
19683,0.002743220754470757,0.5925356829656836,0.0,0.1,265.2041118194195,1115.1505769555783,1.0,0.0,0.0,0.0,2.0
19684,0.0015326526937774507,0.33105298185592935,0.0,0.1,,,1.0,0.0,,,2.0
19685,0.0022737876388123036,0.4911381299834576,0.0,0.1,270.21050290455406,1113.0331599668807,1.0,0.0,0.0,0.0,2.0
19686,0.003306571827640576,0.7142195147703645,0.0,0.1,272.91602426560496,1108.762468079556,1.0,0.0,0.0,0.0,2.0
19687,0.0021234403458282496,0.45866311469890186,0.0,0.1,275.46548047278543,1103.9702283206655,1.0,0.0,0.0,0.0,2.0
19688,0.0014812362709738112,0.31994703453034323,0.0,0.1,286.9590286910554,1104.2131078262275,1.0,0.0,0.0,0.0,2.0
19689,0.0018099645977920238,0.39095235312307713,0.0,0.1,295.1781338582403,1106.2868858061254,1.0,0.0,0.0,0.0,2.0
19690,0.0017545571167626292,0.37898433722072794,0.0,0.1,306.78128945574196,1109.375989258438,1.0,0.0,0.0,0.0,2.0
19691,0.0024258108901702986,0.5239751522767845,0.0,0.1,314.6656062782386,1109.5785929150136,1.0,0.0,0.0,0.0,2.0
19692,0.002073376892281577,0.4478494087328206,0.0,0.1,320.2617136477603,1109.6740317868582,1.0,0.0,0.0,0.0,2.0
19693,0.0009410829918123472,0.203273926231467,0.0,0.1,320.75568377567095,1103.7007969972913,1.0,0.0,0.0,0.0,2.0
19694,0.0019851315412587967,0.4287884129119001,0.0,0.1,323.19071602645494,1103.545101268483,1.0,0.0,0.0,0.0,2.0
19695,0.0018746639277665918,0.40492740839758384,0.0,0.1,323.38960088885557,1099.4070654271634,1.0,0.0,0.0,0.0,2.0
19696,0.0013673965507930476,0.2953576549712983,0.0,0.1,311.2742240785399,1088.0152486700872,1.0,0.0,0.0,0.0,2.0
19697,0.0002651341855913229,0.057268984087725745,1.0,0.1,,,1.0,0.0,,,2.0
19698,0.0007329276457287439,0.15831237147740868,0.0,0.1,294.63720061720903,1074.847995444548,1.0,0.0,0.0,0.0,2.0
19699,0.0005591137352058519,0.12076856680446403,0.0,0.1,291.47454474959795,1072.4434113483017,1.0,0.0,0.0,0.0,2.0
19700,0.0012484457740356769,0.2696642871917062,0.0,0.1,284.9465264131206,1067.180539430453,1.0,0.0,0.0,0.0,2.0
19701,0.0014506936231665484,0.3133498226039744,0.0,0.1,269.9479906007879,1055.5886175978862,1.0,0.0,0.0,0.0,2.0
19702,0.0003743486819313099,0.08085931529716293,1.0,0.1,245.6013567315104,1035.8815554853554,1.0,0.0,0.0,0.0,2.0
19703,0.0009629262979024822,0.20799208034693617,0.0,0.1,231.3651067480517,1022.7138669874591,1.0,0.0,0.0,0.0,2.0
19704,0.0010969149429781281,0.2369336276832757,0.0,0.1,211.3087430075431,1006.2313695232519,1.0,0.0,0.0,0.0,2.0
19705,0.0009692124415808648,0.2093498873814668,0.0,0.1,193.3925470775107,989.3405275222016,1.0,0.0,0.0,0.0,2.0
19706,0.00035271665797970505,0.0761867981236163,1.0,0.1,180.93951690160222,977.6281245848296,1.0,0.0,0.0,0.0,2.0
19707,0.000889546448284498,0.19214203282945158,0.0,0.1,175.33064001074962,973.5837607154917,1.0,0.0,0.0,0.0,2.0
19708,0.0008830043359168141,0.19072893655803183,0.0,0.1,169.84237748151506,967.6170965761648,1.0,0.0,0.0,0.0,2.0
19709,0.0010377387473321873,0.22415156942375247,0.0,0.1,164.51573568498992,965.3626500489826,1.0,0.0,0.0,0.0,2.0
19710,0.0008185487466076834,0.17680652926725962,0.0,0.1,158.93996541375665,957.9909334142649,1.0,0.0,0.0,0.0,2.0
19711,0.00013562299725684992,0.029294567407479585,1.0,0.1,155.64952048338955,952.4662327722405,1.0,0.0,0.0,0.0,2.0
19712,0.0005616244581314952,0.12131088295640298,0.0,0.1,147.8455712978672,941.0098263262203,1.0,0.0,0.0,0.0,2.0
19713,5.446724929822562e-05,0.011764925848416735,1.0,0.1,144.41343068431433,931.5952221325142,1.0,0.0,0.0,0.0,2.0
19714,0.0018834039839748145,0.40681526053855993,0.0,0.1,137.4723100303289,920.08160056095,1.0,0.0,0.0,0.0,2.0
19715,0.0011215450115126153,0.24225372248672492,0.0,0.1,130.96089594510215,914.0826312865677,1.0,0.0,0.0,0.0,2.0
19716,0.002430952373155843,0.5250857126016621,0.0,0.1,127.21737028674862,910.8388083784064,1.0,0.0,0.0,0.0,2.0
19717,0.0008790074929469347,0.1898656184765379,0.0,0.1,117.28352776574445,900.1365402347853,1.0,0.0,0.0,0.0,2.0
19718,0.0011939477257702253,0.25789270876636866,0.0,0.1,109.47129369406711,886.1239691613179,1.0,0.0,0.0,0.0,2.0
19719,0.0004422300310983865,0.09552168671725149,1.0,0.1,102.55810228000092,874.3912275069316,1.0,0.0,0.0,0.0,2.0
19720,0.0009521014232520083,0.2056539074224338,0.0,0.1,97.10490265559672,859.7789009150247,1.0,0.0,0.0,0.0,2.0
19721,0.0021811897952506384,0.4711369957741379,0.0,0.1,95.08175536344446,851.8058552153277,1.0,0.0,0.0,0.0,2.0
19722,0.002204124471827519,0.47609088591474413,0.0,0.1,90.42133089585421,842.3491537513495,1.0,0.0,0.0,0.0,2.0
19723,0.0026315999859230824,0.5684255969593858,0.0,0.1,85.95464243545807,838.0811462320883,1.0,0.0,0.0,0.0,2.0
19724,0.0013919419829467828,0.3006594683165051,0.0,0.1,82.28445889901606,831.0959562820817,1.0,0.0,0.0,0.0,2.0
19725,0.0010307791569014256,0.22264829789070795,0.0,0.1,80.17166142836241,829.4807172407268,1.0,0.0,0.0,0.0,2.0
19726,0.0019838563215471587,0.42851296545418627,0.0,0.1,77.99534732788901,828.509547896649,1.0,0.0,0.0,0.0,2.0
19727,0.00250865916858024,0.5418703804133318,0.0,0.1,74.06642169478437,824.4659949577973,1.0,0.0,0.0,0.0,2.0
19728,0.0008220989408432376,0.17757337122213934,0.0,0.1,71.52482904013374,821.9854057163066,1.0,0.0,0.0,0.0,2.0
19729,0.0011953269417453883,0.2581906194170039,0.0,0.1,70.15305811254751,821.7208822628565,1.0,0.0,0.0,0.0,2.0
19730,0.0008705420413099043,0.18803708092293933,0.0,0.1,68.14247139392049,823.8119381723009,1.0,0.0,1.0,0.0,2.0
19731,0.0011140388098294584,0.24063238292316302,0.0,0.1,63.98766319765161,828.3946486629096,1.0,0.0,1.0,0.0,2.0
19732,0.0014924379776320913,0.3223666031685317,0.0,0.1,60.69215996217708,831.0105944110849,1.0,0.0,1.0,0.0,2.0
19733,0.0008368619185628851,0.1807621744095832,0.0,0.1,59.297114635788716,830.9701448934342,1.0,0.0,1.0,0.0,2.0
19734,0.0006269679720605618,0.13542508196508135,0.0,0.1,60.815819475355894,828.2438720041276,1.0,0.0,1.0,0.0,2.0
19735,0.0012956159442223346,0.27985304395202426,0.0,0.1,62.393051900988915,821.377435766387,1.0,0.0,1.0,0.0,2.0
19736,0.0014967338761479518,0.3232945172479576,0.0,0.1,64.55040271480682,815.5900822490528,1.0,0.0,1.0,0.0,2.0
19737,0.0008644484444646068,0.18672086400435509,0.0,0.1,70.57124489152244,806.6686320657369,1.0,0.0,0.0,0.0,2.0
19738,0.0014326017047018738,0.3094419682156047,0.0,0.1,75.21571707289094,801.7949244349128,1.0,0.0,0.0,0.0,2.0
19739,0.000396152343555993,0.08556890620809449,1.0,0.1,86.65178146501447,791.3474390075602,1.0,0.0,0.0,0.0,2.0
19740,0.0004863007070401504,0.10504095272067249,0.0,0.1,103.55254468497735,774.7588266386493,1.0,0.0,0.0,0.0,2.0
19741,,,,0.1,119.96806518666526,758.4421349775688,1.0,0.0,0.0,0.0,2.0
19742,,,,0.1,133.54637799239418,744.0969429817056,,,0.0,0.0,2.0
19743,0.0024489990859972006,0.5289838025753953,0.0,0.1,139.0734432600794,738.2868766816746,1.0,0.0,0.0,0.0,2.0
19744,0.003108413301108659,0.6714172730394704,0.0,0.1,148.64098133923434,727.5280000866721,1.0,0.0,0.0,0.0,2.0
19745,0.002908857164852628,0.6283131476081677,0.0,0.1,157.3271714791194,718.1028803350824,1.0,0.0,0.0,0.0,2.0
19746,0.00300704546443972,0.6495218203189795,0.0,0.1,165.8641674575261,709.0588208789143,1.0,0.0,0.0,0.0,2.0
19747,0.001117732100285592,0.2414301336616879,0.0,0.1,174.50437609979872,699.919312815392,1.0,0.0,0.0,0.0,2.0
19748,0.0025680174961328173,0.5546917791646886,0.0,0.1,179.43546513274683,694.9453805263684,1.0,0.0,0.0,0.0,2.0
19749,0.00324626012714577,0.7011921874634863,0.0,0.1,188.15449536524383,685.8502903360775,1.0,0.0,0.0,0.0,2.0
19750,0.00315840234504754,0.6822149065302686,0.0,0.1,195.3051535732798,678.5237012892475,1.0,0.0,0.0,0.0,2.0
19751,0.0011282747384814503,0.24370734351199325,0.0,0.1,201.48133863268598,672.1779010242561,1.0,0.0,0.0,0.0,2.0
19752,0.003615983281050254,0.7810523887068549,0.0,0.1,204.2528828434846,669.4036845010762,1.0,0.0,0.0,0.0,2.0
19753,0.00325783415528029,0.7036921775405427,0.0,0.1,212.8718541453835,660.8716094731353,1.0,0.0,0.0,0.0,2.0
19754,0.0013559643871500018,0.29288830762440043,0.0,0.1,222.05835463259868,651.973787135388,1.0,0.0,0.0,0.0,2.0
19755,0.0029840714860742824,0.644559440992045,0.0,0.1,231.94729542702936,642.9509532659055,1.0,0.0,0.0,0.0,2.0
19756,0.0012628529768230305,0.2727762429937746,0.0,0.1,243.19239702569314,632.7968407554285,1.0,0.0,0.0,0.0,2.0
19757,0.003376044332014413,0.7292255757151133,0.0,0.1,247.21292038449215,629.9503998329105,1.0,0.0,0.0,0.0,2.0
19758,0.0026473763438775422,0.5718332902775491,0.0,0.1,255.81798849989164,623.5021489411753,1.0,0.0,0.0,0.0,2.0
19759,0.002841554795235274,0.6137758357708192,0.0,0.1,268.5676472758811,612.4075067749424,1.0,0.0,0.0,0.0,2.0
19760,0.001078549340799581,0.23296665761270952,0.0,0.1,281.8583403815362,600.2409312776219,1.0,0.0,0.0,0.0,2.0
19761,0.002465295452854031,0.5325038178164707,0.0,0.1,289.9774473934103,592.2746778394586,1.0,0.0,0.0,0.0,2.0
19762,0.004172870559099893,0.9013400407655769,0.0,0.1,300.98235089647346,582.3552349679527,1.0,0.0,0.0,0.0,2.0
19763,0.002969980018391096,0.6415156839724767,0.0,0.1,313.1462572934527,571.8377932489193,1.0,0.0,0.0,0.0,2.0
19764,0.003711570478044808,0.8016992232576785,0.0,0.1,324.8711133030864,562.3064661349031,1.0,0.0,0.0,0.0,2.0
19765,0.00200984828924801,0.4341272304775702,0.0,0.1,332.8764473596836,555.3458459401363,1.0,0.0,0.0,0.0,2.0
19766,0.0028365821414048464,0.6127017425434469,0.0,0.1,337.12045753137585,552.4097348751105,1.0,0.0,0.0,0.0,2.0
19767,0.004094825574216114,0.8844823240306806,0.0,0.1,349.2690493030567,543.3812641646896,1.0,0.0,0.0,0.0,2.0
19768,0.002832047343691656,0.6117222262373978,0.0,0.1,361.4695371842216,532.3455778544172,1.0,0.0,0.0,0.0,2.0
19769,0.0028464486269143144,0.614832903413492,0.0,0.1,368.71744597113513,524.986497687296,1.0,0.0,0.0,0.0,2.0
19770,0.0021136215823469888,0.4565422617869496,0.0,0.1,370.81874115210746,524.1150969543216,1.0,0.0,0.0,0.0,2.0
19771,0.0029035770731958613,0.627172647810306,0.0,0.1,376.3192894249106,522.2145266687485,1.0,0.0,0.0,0.0,2.0
19772,0.0025396453701226596,0.5485633999464945,0.0,0.1,384.96437785413184,518.0402336387571,1.0,0.0,0.0,0.0,2.0
19773,,,,0.1,392.68963837425105,515.2547150857422,1.0,0.0,0.0,0.0,2.0
19774,,,,0.1,399.6700104209877,514.9922568094904,,,0.0,0.0,2.0
19775,0.0031782527161700372,0.686502586692728,0.0,0.1,402.8982088342806,514.7030639683613,1.0,0.0,0.0,0.0,2.0
19776,0.0024414420754804225,0.5273514883037713,0.0,0.1,411.1768015020996,511.10547529524905,1.0,0.0,0.0,0.0,2.0
19777,,,,0.1,420.938856577975,509.8175592455153,1.0,0.0,0.0,0.0,2.0
19778,,,,0.1,428.41731096023295,510.4766180860439,,,0.0,0.0,2.0
19779,,,,0.1,433.05026517627,510.64250668395556,,,0.0,0.0,2.0
19780,,,,0.1,443.22647989508414,508.3673542887599,,,0.0,0.0,2.0
19781,,,,0.1,451.77584621514296,507.9332129098787,,,0.0,0.0,2.0
19782,,,,0.1,458.8698103516514,507.3454191896821,,,0.0,0.0,2.0
19783,,,,0.1,462.40932646608013,507.23942845751833,,,0.0,0.0,2.0
19784,,,,0.1,465.4377911376638,506.890540670869,,,0.0,0.0,2.0
19785,,,,0.1,469.93852608677923,511.45056271157034,1.0,0.0,0.0,0.0,2.0
19786,,,,0.1,479.9165871721835,511.17462518386327,,,0.0,0.0,2.0
19787,,,,0.1,487.8248597241191,510.7686868706849,,,0.0,0.0,2.0
19788,,,,0.1,492.0144224529121,510.8074008169847,,,0.0,0.0,2.0
19789,,,,0.1,499.567346670353,509.0371057720689,,,0.0,0.0,2.0
19790,,,,0.1,505.24561787113623,511.39839005769085,1.0,0.0,0.0,0.0,2.0
19791,,,,0.1,511.94503966996376,514.9012106825679,,,0.0,0.0,2.0
19792,,,,0.1,515.4720646867887,518.0133798622569,,,0.0,0.0,2.0
19793,,,,0.1,522.6157973597577,520.3917608328067,1.0,0.0,0.0,0.0,2.0
19794,,,,0.1,,,,,,,2.0
19795,,,,0.1,541.1032159896034,521.5272796393507,,,0.0,0.0,2.0
19796,,,,0.1,551.9944860419021,522.9980910413216,,,0.0,0.0,2.0
19797,,,,0.1,556.4843069279636,523.4453784394736,,,0.0,0.0,2.0
19798,,,,0.1,,,,,,,2.0
19799,0.0025039244215964993,0.5408476750648439,0.0,0.1,569.9878613523841,527.8713267801884,1.0,0.0,0.0,0.0,2.0
19800,,,,0.1,577.9971789739869,527.6071442701602,1.0,0.0,0.0,0.0,2.0
19801,,,,0.1,592.589177225446,523.2057047910665,,,0.0,0.0,2.0
19802,0.0022269308953626657,0.48101707339833577,0.0,0.1,596.4265580164722,522.2026716552608,1.0,0.0,0.0,0.0,2.0
19803,0.001987337940845699,0.42926499522267103,0.0,0.1,604.0392058898756,520.9414841126705,1.0,0.0,0.0,0.0,2.0
19804,0.0023659596251811494,0.5110472790391283,0.0,0.1,611.0404391633622,519.2759897693268,1.0,0.0,0.0,0.0,2.0
19805,0.0005839004792396613,0.12612250351576684,0.0,0.1,616.8602202346126,507.2948104119269,1.0,0.0,0.0,0.0,2.0
19806,0.001876407740396999,0.4053040719257518,0.0,0.1,623.2996721488025,500.25889222713124,1.0,0.0,0.0,0.0,2.0
19807,0.002078597996585846,0.4489771672625428,0.0,0.1,634.5098081828966,486.0114606562117,1.0,0.0,0.0,0.0,2.0
19808,0.0023222508817690684,0.5016061904621189,0.0,0.1,644.9663337832981,469.7648222310283,1.0,0.0,0.0,0.0,2.0
19809,0.002914525537430607,0.6295375160850111,0.0,0.1,657.3792739431132,453.6209739296432,1.0,0.0,0.0,0.0,2.0
19810,0.0023137927736423037,0.4997792391067376,0.0,0.1,669.9282229948095,440.3078605015534,1.0,0.0,0.0,0.0,2.0
19811,0.003487575136076816,0.7533162293925924,0.0,0.1,675.7079672626018,433.1141015386865,1.0,0.0,0.0,0.0,2.0
19812,0.0049966437684774425,1.0792750539911276,0.0,0.1,690.3518259304739,422.43707382114707,0.0,1.0,0.0,0.0,2.0
19813,0.005223625784205833,1.12830316938846,0.0,0.1,708.0619256776024,414.03827457096855,0.0,1.0,0.0,0.0,2.0
19814,0.002053116775673703,0.4434732235455199,0.0,0.1,722.3726772113268,403.3041784360628,0.0,1.0,0.0,0.0,2.0
19815,0.0034419893109907166,0.7434696911739948,0.0,0.1,729.1408086461267,397.9961585783387,0.0,1.0,0.0,0.0,2.0
19816,0.0073266303206074666,1.5825521492512127,0.0,0.1,746.3538614547347,386.5952306000533,0.0,1.0,0.0,0.0,2.0
19817,0.005533741060221147,1.1952880690077679,0.0,0.1,765.4983707242634,379.8920766204541,0.0,1.0,0.0,0.0,2.0
19818,0.005212220583757916,1.12583964609171,0.0,0.1,784.627075315376,377.5782797905052,0.0,1.0,0.0,0.0,2.0
19819,0.0040421871443202615,0.8731124231731765,0.0,0.1,805.1459414080191,378.98352458845073,0.0,1.0,0.0,0.0,2.0
19820,0.0017915201701041142,0.3869683567424887,0.0,0.1,815.3050604821966,378.2384863489281,0.0,1.0,0.0,0.0,2.0
19821,0.0059719179794498105,1.2899342835611591,0.0,0.1,829.3081970636708,376.4426629419483,0.0,1.0,0.0,0.0,2.0
19822,0.002852107589032814,0.6160552392310877,0.0,0.1,840.2280370306291,371.65540891977014,0.0,1.0,0.0,0.0,2.0
19823,0.0005526239685610316,0.11936677720918283,0.0,0.1,852.0750697738368,375.73530848989924,0.0,1.0,0.0,0.0,2.0
19824,0.0034290040219443286,0.740664868739975,0.0,0.1,857.8209917065254,378.31820490835435,0.0,1.0,0.0,0.0,2.0
19825,0.003521729881114995,0.760693654320839,0.0,0.1,868.6845623433162,381.0420265361692,0.0,1.0,0.0,0.0,2.0
19826,0.0025529228577450902,0.5514313372729395,0.0,0.1,877.497031953717,380.8784529653592,0.0,1.0,0.0,0.0,2.0
19827,0.0015239225755551426,0.32916727631991083,0.0,0.1,885.1528768456238,380.14578884527185,0.0,1.0,0.0,0.0,2.0
19828,0.0030278590569254933,0.6540175562959066,0.0,0.1,891.7264588742362,373.9368606179682,0.0,1.0,0.0,0.0,2.0
19829,0.0022991352879171956,0.4966132221901142,0.0,0.1,897.4823135037756,372.1022684393231,0.0,1.0,0.0,0.0,2.0
19830,0.0034412998012807497,0.7433207570766419,0.0,0.1,907.7488027221472,370.2114650365256,0.0,1.0,0.0,0.0,2.0
19831,0.0027874580788466124,0.6020909450308684,0.0,0.1,916.1004944041276,369.2464040183355,0.0,1.0,0.0,0.0,2.0
19832,0.0012037812231193812,0.26001674419378634,0.0,0.1,921.7594141843958,368.13130853598057,0.0,1.0,0.0,0.0,2.0
19833,0.002784346189409504,0.6014187769124529,0.0,0.1,925.9946942380323,369.0175671920258,0.0,1.0,0.0,0.0,2.0
19834,0.0024843320437091683,0.5366157214411804,0.0,0.1,933.0387086073878,369.3923069085757,0.0,1.0,0.0,0.0,2.0
19835,0.0021911655307809337,0.4732917546486817,0.0,0.1,941.0761587674037,369.04318336458874,0.0,1.0,0.0,0.0,2.0
19836,0.0026648094927648066,0.5755988504371983,0.0,0.1,950.8822995983973,370.12536586784375,0.0,1.0,0.0,0.0,2.0
19837,0.0019888722723344922,0.4295964108242504,0.0,0.1,961.1216719343718,374.03816845196286,0.0,1.0,0.0,0.0,2.0
19838,0.0036705231268055216,0.7928329953899927,0.0,0.1,964.0965051606784,374.95823798902813,0.0,1.0,0.0,0.0,2.0
19839,0.001178295369577095,0.2545117998286526,0.0,0.1,967.1463346846284,375.20372319038285,0.0,1.0,0.0,0.0,2.0
19840,0.00021804754306202145,0.047098269301396635,1.0,0.1,970.4619350729098,372.7648993893525,0.0,1.0,0.0,0.0,2.0
19841,0.0018345993675776707,0.3962734633967769,0.0,0.1,974.0529773922625,367.11607452397675,0.0,1.0,0.0,0.0,2.0
19842,0.0009390049839414608,0.2028250765313555,0.0,0.1,975.1850369472526,364.22443717436727,0.0,1.0,0.0,0.0,2.0
19843,0.0007819299669262296,0.1688968728560656,0.0,0.1,979.2678089165065,363.23877032587166,0.0,1.0,0.0,0.0,2.0
19844,0.0011375875506697047,0.24571891094465625,0.0,0.1,981.3876552216116,362.8989106306422,0.0,1.0,0.0,0.0,2.0
19845,0.0005844329221541026,0.12623751118528617,0.0,0.1,985.4356702607321,363.2902385038009,0.0,1.0,0.0,0.0,2.0
19846,0.00022935423974583047,0.04954051578509938,1.0,0.1,985.5369627003233,362.3334743750425,0.0,1.0,0.0,0.0,2.0
19847,0.00031267433124120795,0.06753765554810091,1.0,0.1,985.8580959288212,363.3966262838112,0.0,1.0,0.0,0.0,2.0
19848,0.0006814260143756315,0.1471880191051364,0.0,0.1,982.5477988650725,363.2086086880185,0.0,1.0,0.0,0.0,2.0
19849,0.0013457188705219795,0.29067527603274756,0.0,0.1,975.0145516198489,361.05691561632545,0.0,1.0,0.0,0.0,2.0
19850,0.00012625037290213667,0.02727008054686152,1.0,0.1,,,0.0,1.0,,,2.0
19851,0.0018760821036376797,0.40523373438573884,0.0,0.1,968.1173164041393,359.513011602135,0.0,1.0,0.0,0.0,2.0
19852,,,,0.1,967.4468035739643,359.48201482148784,0.0,1.0,0.0,0.0,2.0
19853,,,,0.1,962.7725474644059,359.6282943384811,,,0.0,0.0,2.0
19854,0.0014196704382346025,0.30664881465867416,0.0,0.1,959.9003562494906,359.722050358073,0.0,1.0,0.0,0.0,2.0
19855,0.0004155862534445726,0.08976663074402769,1.0,0.1,956.4485705797114,359.88352673425646,0.0,1.0,0.0,0.0,2.0
19856,0.0001445090138996211,0.031213947002318155,1.0,0.1,955.906525373879,360.7289230439306,0.0,1.0,0.0,0.0,2.0
19857,0.0005220732172971892,0.11276781493619288,0.0,0.1,953.1238577566983,359.7626819671067,0.0,1.0,0.0,0.0,2.0
19858,0.0010683861245479244,0.23077140290235168,0.0,0.1,953.0584228354884,361.6104228966488,0.0,1.0,0.0,0.0,2.0
19859,0.0008527696685419266,0.18419824840505616,0.0,0.1,952.2181534606133,365.86684923884786,0.0,1.0,0.0,0.0,2.0
19860,0.0018435550092334794,0.3982078819944316,0.0,0.1,949.2644960980664,368.9312237069878,0.0,1.0,0.0,0.0,2.0
19861,0.0013978069895274978,0.30192630973793955,0.0,0.1,940.9536106956781,376.1511438729083,0.0,1.0,0.0,0.0,2.0
19862,0.0010165828681255892,0.21958189951512727,0.0,0.1,932.6788701185765,386.716078612994,0.0,1.0,0.0,0.0,2.0
19863,0.0008765896196601822,0.18934335784659936,0.0,0.1,925.2247183061637,395.6389682957943,0.0,1.0,0.0,0.0,2.0
19864,0.00015326327179051,0.033104866706750155,1.0,0.1,921.8945958623854,404.19557799081394,0.0,1.0,0.0,0.0,2.0
19865,0.0025047166482633507,0.5410187960248838,0.0,0.1,920.9522231158525,409.13052112136046,0.0,1.0,0.0,0.0,2.0
19866,0.0010817664446237673,0.23366155203873376,0.0,0.1,918.8756562870432,416.48106264313947,0.0,1.0,0.0,0.0,2.0
19867,0.0013109364404116125,0.2831622711289083,0.0,0.1,916.2627768187692,422.70198544836387,0.0,1.0,0.0,0.0,2.0
19868,0.0008896756237303566,0.19216993472575702,0.0,0.1,916.2852017256811,428.9204978177001,0.0,1.0,0.0,0.0,2.0
19869,0.0013185180819477189,0.2847999057007073,0.0,0.1,915.1040285927155,432.13401332909365,0.0,1.0,0.0,0.0,2.0
19870,0.0011856390166100888,0.25609802758777916,0.0,0.1,917.8498230765196,438.5968612992916,0.0,1.0,0.0,0.0,2.0
19871,0.0016732182856130735,0.3614151496924239,0.0,0.1,922.5919459568288,447.81029632644487,0.0,1.0,0.0,0.0,2.0
19872,0.0008111560463197355,0.1752097060050629,0.0,0.1,925.1531203326648,454.38032020700615,0.0,1.0,0.0,0.0,2.0
19873,0.0007990035713247506,0.17258477140614611,0.0,0.1,924.8980073594674,457.82485554424073,0.0,1.0,0.0,0.0,2.0
19874,0.0009527982847100151,0.20580442949736327,0.0,0.1,923.7463547686483,459.2360662221268,0.0,1.0,0.0,0.0,2.0
19875,0.0011082716700285987,0.2393866807261773,0.0,0.1,924.4812377484833,463.56998686274204,0.0,1.0,0.0,0.0,2.0
19876,0.00038067952342131343,0.0822267770590037,1.0,0.1,929.2928677438927,470.76539566137467,0.0,1.0,0.0,0.0,2.0
19877,0.0005965627635718168,0.12885755693151243,0.0,0.1,928.4046403999822,474.86468801899593,0.0,1.0,0.0,0.0,2.0
19878,0.00043479644391167954,0.09391603188492278,1.0,0.1,925.4925281616582,473.17107358909806,0.0,1.0,0.0,0.0,2.0
19879,0.000775406321656211,0.16748776547774158,0.0,0.1,922.0420692790643,474.49407250386844,0.0,1.0,0.0,0.0,2.0
19880,0.0009033611144690911,0.19512600072532368,0.0,0.1,920.4532775770739,476.8273128850214,0.0,1.0,0.0,0.0,2.0
19881,0.0005412445505220217,0.11690882291275669,0.0,0.1,917.3554497661396,478.1245238544588,0.0,1.0,0.0,0.0,2.0
19882,0.0003187489904023676,0.06884978192691141,1.0,0.1,911.77215627807,475.6764898274962,0.0,1.0,0.0,0.0,2.0
19883,0.00035751726350371647,0.07722372891680276,1.0,0.1,909.0362849343069,474.555905338361,0.0,1.0,0.0,0.0,2.0
19884,0.0005278836909031999,0.1140228772350912,0.0,0.1,900.9268730202564,470.2976301794702,0.0,1.0,0.0,0.0,2.0
19885,0.00042951706669396055,0.09277568640589548,1.0,0.1,893.8353850315261,468.20840075579537,0.0,1.0,0.0,0.0,2.0
19886,0.0003866013713321349,0.08350589620774114,1.0,0.1,887.2421108364309,465.9804894590248,0.0,1.0,0.0,0.0,2.0
19887,0.0006875177968012419,0.14850384410906825,0.0,0.1,884.4492402823884,467.3112260560857,0.0,1.0,0.0,0.0,2.0
19888,0.0006157418771053,0.13300024545474481,0.0,0.1,880.73743050374,466.2302603295753,0.0,1.0,0.0,0.0,2.0
19889,,,,0.1,876.0724582370145,457.07468387891095,0.0,1.0,0.0,0.0,2.0
19890,,,,0.1,,,,,,,2.0
19891,,,,0.1,,,,,,,2.0
19892,,,,0.1,,,,,,,2.0
19893,,,,0.1,,,,,,,2.0
19894,,,,0.1,,,,,,,2.0
19895,,,,0.1,870.5116433843808,467.57216365403673,,,0.0,0.0,2.0
19896,,,,0.1,,,,,,,2.0
19897,,,,0.1,867.4892693002114,471.90922487527035,,,0.0,0.0,2.0
19898,,,,0.1,866.067592317626,470.6033232364521,,,0.0,0.0,2.0
19899,,,,0.1,859.6091805592129,462.65625221762696,,,0.0,0.0,2.0
19900,,,,0.1,,,,,,,2.0
19901,,,,0.1,854.2884468633661,456.3486043022695,,,0.0,0.0,2.0
19902,,,,0.1,,,,,,,2.0
19903,,,,0.1,,,,,,,2.0
19904,,,,0.1,844.8710229127129,446.55320715852406,,,0.0,0.0,2.0
19905,,,,0.1,,,,,,,2.0
19906,,,,0.1,839.0390652290588,436.293566019069,,,0.0,0.0,2.0
19907,,,,0.1,837.8923905820407,432.85909565557637,,,0.0,0.0,2.0
19908,,,,0.1,841.2784560344118,434.02466977622765,,,0.0,0.0,2.0
19909,,,,0.1,852.9978705301661,435.05487863754735,,,0.0,0.0,2.0
19910,,,,0.1,863.8857232588166,433.3777602156947,,,0.0,0.0,2.0
19911,,,,0.1,,,,,,,2.0
19912,0.0011782897460821085,0.2545105851537355,0.0,0.1,895.7232630147901,432.5688181642114,0.0,1.0,0.0,0.0,2.0
19913,0.0006971847277640493,0.15059190119703467,0.0,0.1,911.2788735201568,436.99791488364235,0.0,1.0,0.0,0.0,2.0
19914,0.0007841341835406799,0.16937298364478687,0.0,0.1,917.8567357355663,439.0843056212453,0.0,1.0,0.0,0.0,2.0
19915,0.0009893642276578415,0.21370267317409378,0.0,0.1,926.1237168025574,441.51194515143743,0.0,1.0,0.0,0.0,2.0
19916,0.000501137728367247,0.10824574932732535,0.0,0.1,935.2344770676135,438.831397889086,0.0,1.0,0.0,0.0,2.0
19917,0.0015400800128966049,0.33265728278566664,0.0,0.1,942.0642480581098,438.4642473525037,0.0,1.0,0.0,0.0,2.0
19918,0.0005609045445230659,0.12115538161698224,0.0,0.1,951.9820483870187,435.11169689444796,0.0,1.0,0.0,0.0,2.0
19919,0.001748679807862456,0.37771483849829046,0.0,0.1,956.2418188067708,438.25100756312264,0.0,1.0,0.0,0.0,2.0
19920,0.0016522605298703403,0.3568882744519935,0.0,0.1,964.337860280411,442.69699600808525,0.0,1.0,0.0,0.0,2.0
19921,0.0028775036902807,0.6215407971006313,0.0,0.1,978.5113268404252,446.70344757427915,0.0,1.0,0.0,0.0,2.0
19922,0.0002479559734172712,0.05355849025813059,1.0,0.1,990.2944946171318,453.8283690701994,0.0,1.0,0.0,0.0,2.0
19923,0.001987234819954642,0.4292427211102027,0.0,0.1,994.6987107638247,455.4950972260638,0.0,1.0,0.0,0.0,2.0
19924,0.002916188363828812,0.6298966865870234,0.0,0.1,1001.9795681364724,454.6143448806654,0.0,1.0,0.0,0.0,2.0
19925,0.0016368142216660257,0.35355187187986153,0.0,0.1,1011.2924008382475,455.03700664487536,0.0,1.0,0.0,0.0,2.0
19926,0.001324232524178023,0.28603422522245303,0.0,0.1,1015.7565494944225,453.3995814910062,0.0,1.0,0.0,0.0,2.0
19927,0.0005664551655325806,0.1223543157550374,0.0,0.1,1020.5925449477951,450.2175613605155,0.0,1.0,0.0,0.0,2.0
19928,0.001221696299311644,0.26388640065131513,0.0,0.1,1021.7473756402173,447.0158935752819,0.0,1.0,0.0,0.0,2.0
19929,0.0012124781565557544,0.26189528181604294,0.0,0.1,1020.2181140077021,439.7821455189786,0.0,1.0,0.0,0.0,2.0
19930,0.001557020684630258,0.33631646788013575,0.0,0.1,1021.7291399624885,437.7937756854561,0.0,1.0,0.0,0.0,2.0
19931,0.0008917530379965797,0.19261865620726124,0.0,0.1,1021.4701920250103,433.8937634218069,0.0,1.0,0.0,0.0,2.0
19932,0.001059163470134584,0.22877930954907016,0.0,0.1,1021.8134674794101,431.675744736278,0.0,1.0,0.0,0.0,2.0
19933,0.0010737992019850906,0.23194062762877957,0.0,0.1,1022.957838727213,428.76318860058166,0.0,1.0,0.0,0.0,2.0
19934,0.0005571902328083105,0.12035309028659509,0.0,0.1,1024.1414472195738,424.38468478926,0.0,1.0,0.0,0.0,2.0
19935,0.0007543910854854089,0.16294847446484834,0.0,0.1,1023.793400405981,422.6776212489292,0.0,1.0,0.0,0.0,2.0
19936,0.0009304032140724535,0.20096709423964995,0.0,0.1,1023.4830260041381,419.45564499423745,0.0,1.0,0.0,0.0,2.0
19937,0.0022072575292174704,0.4767676263109736,0.0,0.1,1022.8639040872085,418.5388039537672,0.0,1.0,0.0,0.0,2.0
19938,0.0012317515581010954,0.2660583365498366,0.0,0.1,1018.7254763990787,412.64324147666014,0.0,1.0,0.0,0.0,2.0
19939,0.001713316788077673,0.37007642622477743,0.0,0.1,1011.0314094661431,402.12898489358287,0.0,1.0,0.0,0.0,2.0
19940,0.0014320815719171612,0.3093296195341068,0.0,0.1,1006.0416306247345,393.82989175987547,0.0,1.0,0.0,0.0,2.0
19941,0.0010476128125081858,0.22628436750176814,0.0,0.1,1001.8262456126321,384.05811367972063,0.0,1.0,0.0,0.0,2.0
19942,0.0007948524415331561,0.17168812737116174,0.0,0.1,992.5842548410474,374.1731940353468,0.0,1.0,0.0,0.0,2.0
19943,0.00040518341345788657,0.0875196173069035,1.0,0.1,980.7379416244515,358.02405819579053,0.0,1.0,0.0,0.0,2.0
19944,0.0014063329914352802,0.3037679261500205,0.0,0.1,970.1448954428708,346.13722832376254,0.0,1.0,0.0,0.0,2.0
19945,0.0006320266739369088,0.13651776157037232,0.0,0.1,962.3945330090717,339.98826069695207,0.0,1.0,0.0,0.0,2.0
19946,0.0012180087754696863,0.26308989550145223,0.0,0.1,957.3163278894147,334.5959792548594,0.0,1.0,0.0,0.0,2.0
19947,0.0010385880777485004,0.2243350247936761,0.0,0.1,950.055688381056,326.9550705945044,0.0,1.0,0.0,0.0,2.0
19948,0.0009402783345463761,0.20310012026201724,0.0,0.1,946.7478659443424,323.68883617785247,0.0,1.0,0.0,0.0,2.0
19949,0.00012073940471524065,0.02607971141849198,1.0,0.1,944.6697556585989,321.48140037009233,0.0,1.0,0.0,0.0,2.0
19950,0.0005119249356053845,0.11057578609076305,0.0,0.1,942.1042805252589,318.6323840016065,0.0,1.0,0.0,0.0,2.0
19951,0.0005506182911530248,0.11893355088905336,0.0,0.1,938.8188986605757,313.51626273536414,0.0,1.0,0.0,0.0,2.0
19952,0.0006643763600390354,0.14350529376843166,0.0,0.1,938.9467815222093,311.3703490040707,0.0,1.0,0.0,0.0,2.0
19953,0.0005616144236463975,0.12130871550762186,0.0,0.1,940.3091014890181,311.81355344265984,0.0,1.0,0.0,0.0,2.0
19954,0.00021821240350501818,0.047133879157083926,1.0,0.1,942.4929468858904,312.37356690780825,0.0,1.0,0.0,0.0,2.0
19955,0.0015467580066742925,0.3340997294416472,0.0,0.1,943.9560404348958,312.5229094039149,0.0,1.0,0.0,0.0,2.0
19956,0.0012277770173154165,0.26519983574012995,0.0,0.1,948.6492203575536,309.8732052574488,0.0,1.0,0.0,0.0,2.0
19957,0.0013698035556548678,0.29587756802145143,0.0,0.1,954.2454633753981,310.00526573264335,0.0,1.0,0.0,0.0,2.0
19958,0.0010266607635327609,0.22175872492307636,0.0,0.1,964.7949864120999,311.99267541812117,0.0,1.0,0.0,0.0,2.0
19959,0.00407757338720736,0.8807558516367898,0.0,0.1,971.1267275867683,313.04671698288513,0.0,1.0,0.0,0.0,2.0
19960,0.0031253048401352203,0.6750658454692076,0.0,0.1,984.738502005153,317.763189387142,0.0,1.0,0.0,0.0,2.0
19961,0.003376379379343873,0.7292979459382766,0.0,0.1,998.3895083325278,322.5717138635681,0.0,1.0,0.0,0.0,2.0
19962,0.0016224098623838859,0.3504405302749194,0.0,0.1,1011.4407096374958,328.8605720136975,0.0,1.0,0.0,0.0,2.0
19963,0.0021889274476490275,0.4728083286921899,0.0,0.1,1027.581456770653,335.66626871328555,0.0,1.0,0.0,0.0,2.0
19964,0.001752429418484071,0.37852475439255934,0.0,0.1,1035.154703200068,340.6522038551503,0.0,1.0,0.0,0.0,2.0
19965,0.0036074936034775204,0.7792186183511444,0.0,0.1,1050.9385900926598,346.64508926409655,0.0,1.0,0.0,0.0,2.0
19966,0.0045715239612229225,0.9874491756241512,0.0,0.1,1065.0995721015745,351.07178110480777,0.0,1.0,0.0,0.0,2.0
19967,0.0011827559993325956,0.25547529585584067,0.0,0.1,1082.076604206903,361.30649932319443,0.0,1.0,0.0,0.0,2.0
19968,0.005094645765820192,1.1004434854171614,0.0,0.1,1084.4135045636253,362.0120535453822,0.0,1.0,0.0,0.0,2.0
19969,0.002297052986327218,0.4961634450466792,0.0,0.1,,,0.0,1.0,,,2.0
19970,0.004003853832746982,0.8648324278733482,0.0,0.1,,,0.0,1.0,,,2.0
19971,0.0023621501422555684,0.5102244307272028,0.0,0.1,1119.6029428078953,394.08577574095574,0.0,1.0,0.0,0.0,2.0
19972,0.0009387401851911839,0.20276788000129572,0.0,0.1,1121.9762347288388,397.15959514136296,0.0,1.0,0.0,0.0,2.0
19973,0.0020554530447367903,0.44397785766314674,0.0,0.1,1122.9670645777258,398.04670017828204,0.0,1.0,0.0,0.0,2.0
19974,0.001387551511518624,0.2997111264880228,0.0,0.1,1125.618657546416,399.9094174432686,0.0,1.0,0.0,0.0,2.0
19975,0.0007126394390435211,0.15393011883340055,0.0,0.1,1124.9610008425436,403.4168100240777,0.0,1.0,0.0,0.0,2.0
19976,0.0011082328698354402,0.23937829988445508,0.0,0.1,1124.6958778910498,408.3204186593654,0.0,1.0,0.0,0.0,2.0
19977,0.0010837610982060595,0.23409239721250885,0.0,0.1,1127.3530512111813,412.88969812258927,0.0,1.0,0.0,0.0,2.0
19978,0.000607359555243125,0.131189663932515,0.0,0.1,1127.3339870034958,416.29111259324696,0.0,1.0,0.0,0.0,2.0
19979,0.0014913314561590893,0.3221275945303633,0.0,0.1,1129.3390639725876,420.92265981629225,0.0,1.0,0.0,0.0,2.0
19980,0.0005245715499888337,0.11330745479758808,0.0,0.1,1132.559271979566,423.9922171078031,0.0,1.0,0.0,0.0,2.0
19981,0.00027978555263297574,0.06043367936872276,1.0,0.1,1135.3896702580503,427.50793689554763,0.0,1.0,0.0,0.0,2.0
19982,0.0008974605684104265,0.19385148277665212,0.0,0.1,1138.2166259506598,430.00033383824734,0.0,1.0,0.0,0.0,2.0
19983,0.0012003949426168537,0.25928530760524043,0.0,0.1,1142.2859300787852,435.46050636607856,0.0,1.0,0.0,0.0,2.0
19984,0.0005698860936536865,0.1230953962291963,0.0,0.1,1145.2993734596403,437.54801763200453,0.0,1.0,0.0,0.0,2.0
19985,0.0005399071312801099,0.11661994035650375,0.0,0.1,1148.1030589496831,438.01612823358965,0.0,1.0,0.0,0.0,2.0
19986,0.0011651274811945618,0.2516675359380254,0.0,0.1,1148.4621464057604,437.2570871104432,0.0,1.0,0.0,0.0,2.0
19987,0.0010095227773348294,0.21805691990432316,0.0,0.1,,,0.0,1.0,,,2.0
19988,0.0022630509291404824,0.4888190006943442,0.0,0.1,,,0.0,1.0,,,2.0
19989,0.001663334851348751,0.35928032789133024,0.0,0.1,,,0.0,1.0,,,2.0
19990,0.00017009837735192373,0.03674124950801553,1.0,0.1,,,0.0,1.0,,,2.0
19991,0.001756711532154375,0.37944969094534503,0.0,0.1,,,0.0,1.0,,,2.0
19992,0.0017425146018910315,0.37638315400846284,0.0,0.1,,,0.0,1.0,,,2.0
19993,0.0023739044249901356,0.5127633557978692,0.0,0.1,,,0.0,1.0,,,2.0
19994,0.0005900642297740833,0.127453873631202,0.0,0.1,,,0.0,1.0,,,2.0
19995,0.0021090092629600984,0.45554600079938123,0.0,0.1,,,0.0,1.0,,,2.0
19996,0.0030832107582362974,0.6659735237790403,0.0,0.1,,,0.0,1.0,,,2.0
19997,0.0012027476886049906,0.259793500738678,0.0,0.1,1202.7088545508132,484.72867053015676,0.0,1.0,0.0,0.0,2.0
19998,0.0026323611439341963,0.5685900070897864,0.0,0.1,1213.3288754888115,498.59039371370096,0.0,1.0,0.0,0.0,2.0
19999,0.001043665869716884,0.22543182785884697,0.0,0.1,1217.106391924563,502.2540119840829,0.0,1.0,0.0,0.0,2.0
20000,0.0006312977132778382,0.13636030606801305,0.0,0.1,1220.6325200041697,503.6903086811345,0.0,1.0,0.0,0.0,2.0
20001,0.0013321065188301507,0.28773500806731256,0.0,0.1,1225.3630913375014,509.3263459153491,0.0,1.0,0.0,0.0,2.0
20002,0.0017147385360314878,0.37038352378280137,0.0,0.1,,,0.0,1.0,,,2.0
20003,0.0007515909137156725,0.16234363736258525,0.0,0.1,,,0.0,1.0,,,2.0
20004,0.0018416768826855722,0.39780220666008365,0.0,0.1,,,0.0,1.0,,,2.0
20005,0.0018782768427806952,0.4057077980406302,0.0,0.1,,,0.0,1.0,,,2.0
20006,0.001148848294614013,0.24815123163662678,0.0,0.1,,,0.0,1.0,,,2.0
20007,0.0011291809456009901,0.24390308424981386,0.0,0.1,,,0.0,1.0,,,2.0
20008,0.00048666769223488333,0.1051202215227348,0.0,0.1,,,0.0,1.0,,,2.0
20009,0.0022328000929959955,0.4822848200871351,0.0,0.1,,,0.0,1.0,,,2.0
20010,0.0012823162338113066,0.27698030650324224,0.0,0.1,,,0.0,1.0,,,2.0
20011,0.0018969746852709587,0.4097465320185271,0.0,0.1,,,0.0,1.0,,,2.0
20012,0.0016510639602357814,0.3566298154109288,0.0,0.1,,,0.0,1.0,,,2.0
20013,0.0014765807886825476,0.31894145035543026,0.0,0.1,,,0.0,1.0,,,2.0
20014,0.0011049817690802627,0.23867606212133674,0.0,0.1,,,0.0,1.0,,,2.0
20015,0.0011372329289050347,0.2456423126434875,0.0,0.1,,,0.0,1.0,,,2.0
20016,0.00015951517150725362,0.034455277045566786,1.0,0.1,,,0.0,1.0,,,2.0
20017,0.00024281755162841405,0.05244859115173744,1.0,0.1,,,0.0,1.0,,,2.0
20018,0.0003782296024337386,0.08169759412568754,1.0,0.1,,,0.0,1.0,,,2.0
20019,0.00041635289009586283,0.08993222426070638,1.0,0.1,,,0.0,1.0,,,2.0
20020,0.001327618668714989,0.28676563244243763,0.0,0.1,,,0.0,1.0,,,2.0
20021,0.0005157205272048657,0.111395633876251,0.0,0.1,,,0.0,1.0,,,2.0
20022,0.0010000555812881933,0.21601200555824976,0.0,0.1,1269.4362127840666,564.6626486716324,0.0,1.0,0.0,0.0,2.0
20023,0.0007916230240336952,0.17099057319127817,0.0,0.1,1263.1354242873736,555.7337724121793,0.0,1.0,0.0,0.0,2.0
20024,0.0008122604284605047,0.175448252547469,0.0,0.1,1255.0097712480149,549.628657793025,0.0,1.0,0.0,0.0,2.0
20025,0.0012494554506598174,0.2698823773425206,0.0,0.1,1252.1084991791918,544.9405696392456,0.0,1.0,0.0,0.0,2.0
20026,0.0002394039747577785,0.051711258547680154,1.0,0.1,1250.0580403307256,545.0888210051506,0.0,1.0,0.0,0.0,2.0
20027,0.0004954692689165508,0.10702136208597499,0.0,0.1,1248.3286660175286,544.780378528948,0.0,1.0,0.0,0.0,2.0
20028,0.0016392498787677087,0.35407797381382505,0.0,0.1,1242.9428012556784,544.5532277825317,0.0,1.0,0.0,0.0,2.0
20029,0.002036630106691593,0.43991210304538403,0.0,0.1,1231.3040584375412,540.2746315403544,0.0,1.0,0.0,0.0,2.0
20030,0.0012513186786037975,0.2702848345784203,0.0,0.1,1220.3607325253856,535.5535183126433,0.0,1.0,0.0,0.0,2.0
20031,0.001362513512985254,0.29430291880481485,0.0,0.1,1209.5727215455058,529.533459797037,0.0,1.0,0.0,0.0,2.0
20032,0.0011885803035919925,0.2567333455758704,0.0,0.1,1202.4262326970147,528.2879026915205,0.0,1.0,0.0,0.0,2.0
20033,0.0006109203555037069,0.13195879678880068,0.0,0.1,1196.6729289912284,526.6803460142324,0.0,1.0,0.0,0.0,2.0
20034,0.0010865342446246238,0.23469139683891876,0.0,0.1,1187.6120735953732,523.6889964650842,0.0,1.0,0.0,0.0,2.0
20035,0.0006298962541128988,0.13605759088838615,0.0,0.1,1180.2903865558415,523.4129107700063,0.0,1.0,0.0,0.0,2.0
20036,0.0011741572954717342,0.2536179758218946,0.0,0.1,1176.4792297081315,522.3068222982442,0.0,1.0,0.0,0.0,2.0
20037,3.328025707077943e-05,0.007188535527288358,1.0,0.1,1168.2094145132185,519.4938462600174,0.0,1.0,0.0,0.0,2.0
20038,0.0003016473920550557,0.06515583668389203,1.0,0.1,1163.5669247626245,518.1103480005903,0.0,1.0,0.0,0.0,2.0
20039,0.0004498951391645218,0.09717735005953672,1.0,0.1,1156.3169992889646,515.6014604450213,0.0,1.0,0.0,0.0,2.0
20040,0.0007523329704928512,0.16250392162645588,0.0,0.1,1148.8080316057592,512.5957486547388,0.0,1.0,0.0,0.0,2.0
20041,0.00044855171979541576,0.0968871714758098,1.0,0.1,,,0.0,1.0,,,2.0
20042,0.00020098693292206054,0.04341317751116508,1.0,0.1,,,0.0,1.0,,,2.0
20043,0.0010072215798730831,0.21755986125258597,0.0,0.1,,,0.0,1.0,,,2.0
20044,0.000401993235193037,0.086830538801696,1.0,0.1,,,0.0,1.0,,,2.0
20045,0.0010836103014247387,0.2340598251077436,0.0,0.1,,,0.0,1.0,,,2.0
20046,0.0013848862192169732,0.29913542335086624,0.0,0.1,,,0.0,1.0,,,2.0
20047,0.0009486552415711413,0.20490953217936653,0.0,0.1,,,0.0,1.0,,,2.0
20048,0.0006654614097882598,0.14373966451426412,0.0,0.1,,,0.0,1.0,,,2.0
20049,0.0018644415963113999,0.40271938480326236,0.0,0.1,1116.8942931915537,505.75011593942156,0.0,1.0,0.0,0.0,2.0
20050,0.0009158893280184512,0.19783209485198547,0.0,0.1,1119.1419004244917,504.62935351860835,0.0,1.0,0.0,0.0,2.0
20051,0.0012844729125381016,0.27744614910822996,0.0,0.1,1117.9429923663183,504.4727894594391,0.0,1.0,0.0,0.0,2.0
20052,,,,0.1,,,0.0,1.0,,,2.0
20053,,,,0.1,1112.6890579273047,499.02912225953236,,,0.0,0.0,2.0
20054,,,,0.1,1110.4606942780144,496.3007638933756,,,0.0,0.0,2.0
20055,,,,0.1,,,,,,,2.0
20056,,,,0.1,,,,,,,2.0
20057,,,,0.1,,,,,,,2.0
20058,,,,0.1,1104.972681337435,367.9893341137921,,,0.0,0.0,2.0
20059,,,,0.1,,,,,,,2.0
20060,0.0020376440375109877,0.4401311121023733,0.0,0.1,1095.8579213611818,490.31125298546095,0.0,1.0,0.0,0.0,2.0
20061,0.0032271707764974663,0.6970688877234528,0.0,0.1,1093.3305314446516,486.5242181117979,0.0,1.0,0.0,0.0,2.0
20062,,,,0.1,1084.8579050417918,478.51791378475417,0.0,1.0,0.0,0.0,2.0
20063,,,,0.1,,,,,,,2.0
20064,0.0019199192048101924,0.4147025482390016,0.0,0.1,,,0.0,1.0,,,2.0
20065,0.001931030526434857,0.41710259370992914,0.0,0.1,1078.2890069824477,467.06901077259556,0.0,1.0,0.0,0.0,2.0
20066,0.0007459886853205486,0.1611335560292385,0.0,0.1,1077.146374820365,461.36733922716473,0.0,1.0,0.0,0.0,2.0
20067,0.00022558276890098758,0.04872587808261332,1.0,0.1,1077.5329277887226,461.7937457197931,0.0,1.0,0.0,0.0,2.0
20068,0.0016815021525231242,0.36320446494499486,0.0,0.1,1075.1324472386018,460.0170256253376,0.0,1.0,0.0,0.0,2.0
20069,0.002255636901980712,0.48721757082783385,0.0,0.1,1072.1569991051547,455.04060532774326,0.0,1.0,0.0,0.0,2.0
20070,0.0014152398581819905,0.30569180936731,0.0,0.1,1065.4418563246181,448.62082798744007,0.0,1.0,0.0,0.0,2.0
20071,0.0004247021540467489,0.09173566527409775,1.0,0.1,1057.6961981814804,441.82700962134106,0.0,1.0,0.0,0.0,2.0
20072,0.0012560277244884515,0.27130198848950554,0.0,0.1,1052.5592460409257,440.4025899432826,0.0,1.0,0.0,0.0,2.0
20073,0.0013715555568989187,0.2962560002901664,0.0,0.1,,,0.0,1.0,,,2.0
20074,0.0018092078452540683,0.39078889457487875,0.0,0.1,,,0.0,1.0,,,2.0
20075,0.0005341254408246305,0.1153710952181202,0.0,0.1,,,0.0,1.0,,,2.0
20076,0.001775793698680531,0.38357143891499473,0.0,0.1,,,0.0,1.0,,,2.0
20077,0.0013454102635905949,0.2906086169355685,0.0,0.1,1022.3894765219071,419.50444753441036,0.0,1.0,0.0,0.0,2.0
20078,0.0015395442464191972,0.3325415572265466,0.0,0.1,1027.93517110578,416.7348968309656,0.0,1.0,0.0,0.0,2.0
20079,0.0008495458438192575,0.1835019022649596,0.0,0.1,1034.60217178276,412.5738664126842,0.0,1.0,0.0,0.0,2.0
20080,0.0014511532569557533,0.31344910350244276,0.0,0.1,1040.5187744861983,409.80242732103994,0.0,1.0,0.0,0.0,2.0
20081,0.001943517004167598,0.41979967290020115,0.0,0.1,1044.2670204897788,406.9664741798866,0.0,1.0,0.0,0.0,2.0
20082,0.002703122755514837,0.5838745151912048,0.0,0.1,1052.0036291381914,400.4684192129221,0.0,1.0,0.0,0.0,2.0
20083,0.0026072618029392646,0.5631685494348811,0.0,0.1,1059.8958662203404,389.3413855065055,0.0,1.0,0.0,0.0,2.0
20084,0.0007568460791429867,0.16347875309488513,0.0,0.1,1065.0068911957933,378.20476468552187,0.0,1.0,0.0,0.0,2.0
20085,0.0012224997098936397,0.2640599373370262,0.0,0.1,1067.257924473678,373.9698805668061,0.0,1.0,0.0,0.0,2.0
20086,0.0019360524090173677,0.4181873203477514,0.0,0.1,1066.8922111790132,365.64731406917554,0.0,1.0,0.0,0.0,2.0
20087,0.0019103463869420592,0.4126348195794848,0.0,0.1,1068.4720764694694,359.93065382117896,0.0,1.0,0.0,0.0,2.0
20088,0.0016113156851107926,0.3480441879839312,0.0,0.1,1069.5700187445598,355.7582535545531,0.0,1.0,0.0,0.0,2.0
20089,0.0008782983783325659,0.18971244971983423,0.0,0.1,1064.6109777803395,348.8991308982056,0.0,1.0,0.0,0.0,2.0
20090,0.0014478629425899163,0.3127383955994219,0.0,0.1,1061.0338663032528,345.45755753787677,0.0,1.0,0.0,0.0,2.0
20091,0.0017514285399159745,0.3783085646218505,0.0,0.1,1057.6085508016808,341.2700097073214,0.0,1.0,0.0,0.0,2.0
20092,0.0008443000486897163,0.18236881051697873,0.0,0.1,1056.5987178156784,336.77473508876136,0.0,1.0,0.0,0.0,2.0
20093,0.0007275493978468277,0.1571506699349148,0.0,0.1,1056.9810205339813,332.78864992670015,0.0,1.0,0.0,0.0,2.0
20094,,,,0.1,1056.7993106070412,332.55507264436017,0.0,1.0,0.0,0.0,2.0
20095,,,,0.1,1057.5248416757086,332.18773180293215,,,0.0,0.0,2.0
20096,,,,0.1,1060.5687986569508,332.50977601553205,,,0.0,0.0,2.0
20097,,,,0.1,1064.5719987121677,334.7912965180622,,,0.0,0.0,2.0
20098,,,,0.1,1064.5707819333325,334.25413136590066,,,0.0,0.0,2.0
20099,0.00015168979323997668,0.032764995339834964,1.0,0.1,1069.9780346765879,336.6806496334569,0.0,1.0,0.0,0.0,2.0
20100,0.0011175372101929182,0.24138803740167036,0.0,0.1,1072.798867518093,340.70570550168003,0.0,1.0,0.0,0.0,2.0
20101,0.001348406389682404,0.2912557801713993,0.0,0.1,1073.649922114719,343.4100564659482,0.0,1.0,0.0,0.0,2.0
20102,0.0007651350163499193,0.16526916353158255,0.0,0.1,1075.0897670349873,346.5013809075094,0.0,1.0,0.0,0.0,2.0
20103,0.0005860293956604675,0.12658234946266098,0.0,0.1,1075.1646313020879,349.9367668717249,0.0,1.0,0.0,0.0,2.0
20104,0.002143531141237649,0.46300272650733215,0.0,0.1,1072.4593661660635,352.2702778852631,0.0,1.0,0.0,0.0,2.0
20105,0.0006092830051466832,0.13160512911168357,0.0,0.1,1073.245837700382,355.4399909761765,0.0,1.0,0.0,0.0,2.0
20106,0.0017500251843590926,0.378005439821564,0.0,0.1,1078.8191360624035,359.1518104455508,0.0,1.0,0.0,0.0,2.0
20107,0.0004676316136115982,0.10100842854010521,0.0,0.1,1084.8808827584867,360.151631020165,0.0,1.0,0.0,0.0,2.0
20108,0.0002965625764414208,0.06405751651134689,1.0,0.1,1085.5794253793804,361.25802713217723,0.0,1.0,0.0,0.0,2.0
20109,0.0006789771139956421,0.1466590566230587,0.0,0.1,1084.6613411093626,363.79414610817577,0.0,1.0,0.0,0.0,2.0
20110,0.00043772821130429743,0.09454929364172825,1.0,0.1,1084.616076718238,365.8745986706136,0.0,1.0,0.0,0.0,2.0
20111,0.0004955937855990504,0.10704825768939491,0.0,0.1,,,0.0,1.0,,,2.0
20112,0.0005963272979369417,0.1288066963543794,0.0,0.1,,,0.0,1.0,,,2.0
20113,0.0001951212058048218,0.04214618045384151,1.0,0.1,,,0.0,1.0,,,2.0
20114,0.0007757426874132848,0.1675604204812695,0.0,0.1,,,0.0,1.0,,,2.0
20115,0.0003778623217746706,0.08161826150332885,1.0,0.1,1108.11897000196,366.50261444006435,0.0,1.0,0.0,0.0,2.0
20116,0.0005220722917409411,0.1127676150160433,0.0,0.1,1114.7507883347164,362.9458977531178,0.0,1.0,0.0,0.0,2.0
20117,0.0006572478013832121,0.1419655250987738,0.0,0.1,1114.42800177,356.8638763658119,0.0,1.0,0.0,0.0,2.0
20118,0.0005904853764352803,0.12754484131002053,0.0,0.1,1113.4953291553531,343.470663194744,0.0,1.0,0.0,0.0,2.0
20119,0.0011823812407768127,0.2553943480077916,0.0,0.1,1109.0546848800122,331.26475604450724,0.0,1.0,0.0,0.0,2.0
20120,0.0002617399799343107,0.05653583566581112,1.0,0.1,1107.0726442203725,325.3320041703202,0.0,1.0,0.0,0.0,2.0
20121,0.0002979985100025314,0.0643676781605468,1.0,0.1,1106.350656124738,322.9461520026038,0.0,1.0,0.0,0.0,2.0
20122,0.0017491737838097666,0.37782153730290957,0.0,0.1,1105.587135726817,318.39826272638044,0.0,1.0,0.0,0.0,2.0
20123,0.00027575428600531407,0.059562925777147835,1.0,0.1,1104.563228489003,313.8714031667502,0.0,1.0,0.0,0.0,2.0
20124,0.0015430996234363393,0.3333095186622493,0.0,0.1,1099.5427133176288,301.8729630810334,0.0,1.0,0.0,0.0,2.0
20125,0.0028279207985759717,0.6108308924924098,0.0,0.1,1086.2391120805185,281.21496500405107,0.0,1.0,0.0,0.0,2.0
20126,0.0003182946236711899,0.06875163871297703,1.0,0.1,1083.3000524935176,274.515308331118,0.0,1.0,0.0,0.0,2.0
20127,0.0027609550615161236,0.5963662932874828,0.0,0.1,1083.0186267630006,268.96760463642477,0.0,1.0,0.0,0.0,2.0
20128,0.0028741028508150633,0.6208062157760538,0.0,0.1,1080.051909015218,261.72638572127124,0.0,1.0,0.0,0.0,2.0
20129,0.0004842020926550904,0.10458765201349952,0.0,0.1,1077.2721005386518,254.1189219354427,0.0,1.0,0.0,0.0,2.0
20130,9.370815417578518e-05,0.020240961301969597,1.0,0.1,1076.6061944219566,251.4677408413784,0.0,1.0,0.0,0.0,2.0
20131,0.0006967053923827032,0.1504883647546639,0.0,0.1,1075.7028815148003,247.7639796482785,0.0,1.0,0.0,0.0,2.0
20132,0.00019974776720247644,0.04314551771573491,1.0,0.1,1075.045526175166,244.04969675896004,0.0,1.0,0.0,0.0,2.0
20133,0.00034391815128034786,0.07428632067655513,1.0,0.1,1074.3074226555477,241.63067118030676,0.0,1.0,0.0,0.0,2.0
20134,0.000272177476932033,0.05879033501731913,1.0,0.1,1070.1000593158633,234.2328310373292,0.0,1.0,0.0,0.0,2.0
20135,0.0017103265549116794,0.3694305358609227,0.0,0.1,1068.4626791621126,231.8776753067949,0.0,1.0,0.0,0.0,2.0
20136,5.509609306197699e-05,0.011900756101387031,1.0,0.1,1066.0356834676759,228.11239847406839,0.0,1.0,0.0,0.0,2.0
20137,0.0003810273408339288,0.08230190562012862,1.0,0.1,1067.8822829207093,229.88716839607025,0.0,1.0,0.0,0.0,2.0
20138,0.00020201725257811882,0.04363572655687367,1.0,0.1,1069.9622421175866,232.07926326591,0.0,1.0,0.0,0.0,2.0
20139,0.00010339541836174434,0.02233341036613678,1.0,0.1,1071.1131700010671,233.124288020608,0.0,1.0,0.0,0.0,2.0
20140,0.000180748853234706,0.0390417522986965,1.0,0.1,1073.471396152106,234.5299147641033,0.0,1.0,0.0,0.0,2.0
20141,0.0003003242932763244,0.06487004734768606,1.0,0.1,1075.4854861712872,235.65941153884154,0.0,1.0,0.0,0.0,2.0
20142,0.00037398864134637424,0.08078154653081684,1.0,0.1,1080.572976663955,239.3091460348806,0.0,1.0,0.0,0.0,2.0
20143,0.00012580408578522146,0.027173682529607834,1.0,0.1,1075.382471571519,233.32963207437572,0.0,1.0,0.0,0.0,2.0
20144,0.00019891246974301693,0.042965093464491656,1.0,0.1,1067.4808005156685,224.53676643149453,0.0,1.0,0.0,0.0,2.0
20145,0.0008154855172104458,0.1761448717174563,0.0,0.1,1056.3693389567195,211.84949144534403,0.0,1.0,0.0,0.0,2.0
20146,0.0006489296531702987,0.14016880508478452,0.0,0.1,1045.0847027359246,198.37880804463762,0.0,1.0,0.0,0.0,2.0
20147,0.0017672654910239015,0.3817293460611627,0.0,0.1,1037.4813756623628,188.87580607540144,0.0,1.0,0.0,0.0,2.0
20148,0.0009724826158815916,0.21005624503042378,0.0,0.1,1036.433357383179,186.7822242613459,0.0,1.0,0.0,0.0,2.0
20149,0.00011037602814266279,0.02384122207881516,1.0,0.1,1032.1139899636348,180.7732329209374,0.0,1.0,0.0,0.0,2.0
20150,0.0018120302103557847,0.3913985254368495,0.0,0.1,1025.714931338225,172.07970037166118,0.0,1.0,0.0,0.0,2.0
20151,0.0007477698498403223,0.16151828756550962,0.0,0.1,1019.1785503681637,163.9642457154792,0.0,1.0,0.0,0.0,2.0
20152,0.00040562966084356625,0.08761600674221032,1.0,0.1,1016.6275413878534,158.74877145551844,0.0,1.0,0.0,0.0,2.0
20153,0.0005990355506187344,0.12939167893364661,0.0,0.1,1015.4705738116127,156.18598143433772,0.0,1.0,0.0,0.0,2.0
20154,0.0008577954108260104,0.18528380873841827,0.0,0.1,1015.8456741548345,153.6905542716412,0.0,1.0,0.0,0.0,2.0
20155,0.0012127913313152291,0.2619629275640895,0.0,0.1,1009.7046445732736,145.54069223874424,0.0,1.0,0.0,0.0,2.0
20156,0.001150762210291595,0.24856463742298449,0.0,0.1,1002.1825323554851,135.5758264650021,0.0,1.0,0.0,0.0,2.0
20157,0.0012199389911207686,0.26350682208208603,0.0,0.1,998.3998901364996,130.71704950414673,0.0,1.0,0.0,0.0,2.0
20158,8.645021658062277e-05,0.018673246781414517,1.0,0.1,995.578541227227,126.31051952627615,0.0,1.0,0.0,0.0,2.0
20159,0.0021594666712097302,0.4664448009813017,0.0,0.1,995.6631059676733,125.2799410869978,0.0,1.0,0.0,0.0,2.0
20160,0.0022778924065314883,0.4920247598108015,0.0,0.1,991.2973976371683,120.07410550373537,0.0,1.0,0.0,0.0,2.0
20161,0.0003456170824670861,0.0746532898128906,1.0,0.1,989.0508228557695,116.98588906689511,0.0,1.0,0.0,0.0,2.0
20162,0.0010152746227210289,0.21929931850774223,0.0,0.1,987.0926331859389,114.7816651330074,0.0,1.0,0.0,0.0,2.0
20163,0.001298038694587406,0.28037635803087974,0.0,0.1,988.0589714391633,115.03995723390992,0.0,1.0,0.0,0.0,2.0
20164,0.0011995267449584316,0.2590977769110212,0.0,0.1,983.5240818634621,110.19037912091828,0.0,1.0,0.0,0.0,2.0
20165,0.0003768129011804366,0.08139158665497431,1.0,0.1,978.9495810266247,105.30490129866774,0.0,1.0,0.0,0.0,2.0
20166,0.0015305779235898517,0.330604831495408,0.0,0.1,975.0985073439275,101.49131862696296,0.0,1.0,0.0,0.0,2.0
20167,0.0026652507729364255,0.5756941669542679,0.0,0.1,965.3808022565527,91.99166813155074,0.0,1.0,0.0,0.0,2.0
20168,0.001972922220104757,0.4261511995426276,0.0,0.1,953.1421929641845,80.35970346011703,0.0,1.0,0.0,0.0,2.0
20169,0.002696834095556268,0.582516164640154,0.0,0.1,,,0.0,1.0,,,2.0
20170,0.0014625317146020754,0.3159068503540483,0.0,0.1,,,0.0,1.0,,,2.0
20171,0.0017182246758628646,0.37113652998637875,0.0,0.1,,,0.0,1.0,,,2.0
20172,0.002106844826543561,0.4550784825334092,0.0,0.1,,,0.0,1.0,,,2.0
20173,0.0008319938988412526,0.17971068214971056,0.0,0.1,,,0.0,1.0,,,2.0
20174,,,,0.1,916.7297213612985,45.666768828569104,0.0,1.0,0.0,1.0,2.0
20175,,,,0.1,913.592444147784,41.71833390611498,,,0.0,1.0,2.0
20176,,,,0.1,912.867001962309,39.288611363045085,,,0.0,1.0,2.0
20177,,,,0.1,910.2538900706026,36.76269535632671,,,0.0,1.0,2.0
20178,0.0003122158016559826,0.06743861315769226,1.0,0.1,902.9036709034402,31.123594416292637,0.0,1.0,0.0,1.0,2.0
20179,9.22255058552054e-05,0.019920709264724366,1.0,0.1,894.1280467298928,28.842030596979242,0.0,1.0,0.0,1.0,2.0
20180,0.0003758907066069423,0.08119239262709954,1.0,0.1,891.5900748438831,29.149349276346605,0.0,1.0,0.0,1.0,2.0
20181,0.00034055011786512837,0.07355882545886773,1.0,0.1,888.8440187333397,28.611313273743516,0.0,1.0,0.0,1.0,2.0
20182,0.0006505951517814897,0.14052855278480178,0.0,0.1,887.1229285192069,25.808473756215886,0.0,1.0,0.0,1.0,2.0
20183,0.0005348167479611583,0.11552041755961019,0.0,0.1,880.5998473542176,15.24084339992908,0.0,1.0,0.0,1.0,2.0
20184,0.0004784474551719669,0.10334465031714486,0.0,0.1,879.8541521704993,11.344577466193993,0.0,1.0,0.0,1.0,2.0
20185,0.001547357311702346,0.33422917932770674,0.0,0.1,875.706214586313,3.401460738843694,0.0,1.0,0.0,1.0,2.0
20186,0.0022201813156506388,0.47955916418053796,0.0,0.1,869.8344587691274,7.430930546336155,0.0,1.0,0.0,1.0,2.0
20187,0.0014270574323228512,0.30824440538173586,0.0,0.1,,,0.0,1.0,,,2.0
20188,0.0012120161763614784,0.2617954940940794,0.0,0.1,,,0.0,1.0,,,2.0
20189,0.0015443834807782508,0.33358683184810217,0.0,0.1,,,0.0,1.0,,,2.0
20190,0.0015462586154364128,0.3339918609342652,0.0,0.1,873.1482659816535,38.142102425436505,0.0,1.0,0.0,1.0,2.0
20191,0.0014963890427844816,0.32322003324144805,0.0,0.1,873.1363604442081,46.631308701831934,0.0,1.0,0.0,1.0,2.0
20192,0.0002195454823928929,0.04742182419686487,1.0,0.1,,,0.0,1.0,,,2.0
20193,0.0015737115815277769,0.33992170160999985,0.0,0.1,,,0.0,1.0,,,2.0
20194,0.001113575399865331,0.24053228637091154,0.0,0.1,855.0695095252534,52.46693779793282,0.0,1.0,0.0,1.0,2.0
20195,0.0011795596919829219,0.2547848934683111,0.0,0.1,853.531676466304,60.69753326417525,0.0,1.0,0.0,1.0,2.0
20196,0.0014714011087454924,0.3178226394890264,0.0,0.1,848.5707403047024,68.5718991957775,0.0,1.0,0.0,1.0,2.0
20197,0.0013289307032432608,0.2870490319005443,0.0,0.1,845.7736442897864,73.4661631428165,0.0,1.0,0.0,0.0,2.0
20198,0.001441709819126568,0.3114093209313387,0.0,0.1,843.4605981303488,75.63326799472557,0.0,1.0,0.0,0.0,2.0
20199,0.0012241353639313788,0.2644132386091778,0.0,0.1,836.9696298072329,77.44220189439855,0.0,1.0,0.0,0.0,2.0
20200,0.0017685396552165767,0.3820045655267806,0.0,0.1,830.1255702899819,81.12742018956085,0.0,1.0,0.0,0.0,2.0
20201,0.0005384458527687965,0.11630430419806004,0.0,0.1,823.166682991055,86.87136222037641,0.0,1.0,0.0,0.0,2.0
20202,0.0014488532025630375,0.3129522917536161,0.0,0.1,821.5341768006584,89.51530495787992,0.0,1.0,0.0,0.0,2.0
20203,0.0011128152477954821,0.24036809352382416,0.0,0.1,818.4573859931756,94.72757020640445,0.0,1.0,0.0,0.0,2.0
20204,0.0007399419194226509,0.1598274545952926,0.0,0.1,817.1641740546613,99.73703558910042,0.0,1.0,0.0,0.0,2.0
20205,0.0014116400954054555,0.30491426060757837,0.0,0.1,817.4215357388639,104.66817840025574,0.0,1.0,0.0,0.0,2.0
20206,9.260080264087517e-05,0.020001773370429035,1.0,0.1,815.1893501339259,113.01827865139313,0.0,1.0,0.0,0.0,2.0
20207,0.0009111374272227408,0.19680568428011203,0.0,0.1,814.5420718651386,115.7126278831376,0.0,1.0,0.0,0.0,2.0
20208,0.0024411970986224375,0.5272985733024466,0.0,0.1,814.0065215888919,121.25982495879659,0.0,1.0,0.0,0.0,2.0
20209,0.002535367076298328,0.547639288480439,0.0,0.1,813.4896716257483,127.0033869613826,0.0,1.0,0.0,0.0,2.0
20210,0.0010899783736846673,0.23543532871588813,0.0,0.1,812.0102386515628,133.39067475563647,0.0,1.0,0.0,0.0,2.0
20211,0.002473203100983832,0.5342118698125078,0.0,0.1,809.7180724067558,136.30138443870575,0.0,1.0,0.0,0.0,2.0
20212,0.0020913978018669795,0.4517419252032676,0.0,0.1,805.4410027400714,140.86318793772332,0.0,1.0,0.0,0.0,2.0
20213,0.0015737987644957247,0.3399405331310765,0.0,0.1,801.531390940691,145.82436118834963,0.0,1.0,0.0,0.0,2.0
20214,0.0022855589570962105,0.4936807347327815,0.0,0.1,803.3588471290475,150.02565799262612,0.0,1.0,0.0,0.0,2.0
20215,0.0007576843656528071,0.16365982298100634,0.0,0.1,805.6012842529783,155.11609591938688,0.0,1.0,0.0,0.0,2.0
20216,0.002090123564506882,0.4514666899334865,0.0,0.1,807.8483724578191,157.4496357176288,0.0,1.0,0.0,0.0,2.0
20217,0.0018596836151642203,0.40169166087547165,0.0,0.1,810.1975774891711,164.13485749623177,0.0,1.0,0.0,0.0,2.0
20218,0.001657696895762517,0.3580625294847037,0.0,0.1,815.845783402507,171.38696782217374,0.0,1.0,0.0,0.0,2.0
20219,2.9672466376293663e-05,0.006409252737279432,1.0,0.1,821.9593990823829,177.81990120817284,0.0,1.0,0.0,0.0,2.0
20220,0.001042007655609806,0.22507365361171808,0.0,0.1,824.3567836626358,180.2325214172264,0.0,1.0,0.0,0.0,2.0
20221,0.0016497184901013873,0.35633919386189966,0.0,0.1,827.2838716429934,186.44258431293397,0.0,1.0,0.0,0.0,2.0
20222,0.0011972277487949385,0.25860119373970675,0.0,0.1,830.2873888426426,189.71870459608277,0.0,1.0,0.0,0.0,2.0
20223,0.0011637385703071052,0.25136753118633476,0.0,0.1,831.7764995198447,191.25168173345332,0.0,1.0,0.0,0.0,2.0
20224,0.00020355272347135711,0.04396738826981314,1.0,0.1,836.4084193254818,196.18923805795367,0.0,1.0,0.0,0.0,2.0
20225,0.0017931801776587236,0.3873269183742843,0.0,0.1,838.5163367231934,198.2623328816397,0.0,1.0,0.0,0.0,2.0
20226,0.000773665282127026,0.1671117009394376,0.0,0.1,843.5346511122302,201.40211934777798,0.0,1.0,0.0,0.0,2.0
20227,0.0007255564258999653,0.1567201879943925,0.0,0.1,847.7599818256318,203.4538981945627,0.0,1.0,0.0,0.0,2.0
20228,0.00036546621417509454,0.07894070226182043,1.0,0.1,847.9385466472444,205.62451709377007,0.0,1.0,0.0,0.0,2.0
20229,0.0016036617160727312,0.34639093067170995,0.0,0.1,847.4299258102922,207.4523670282331,0.0,1.0,0.0,0.0,2.0
20230,0.0009394802220962031,0.20292772797277986,0.0,0.1,846.2522185865756,211.26749273839127,0.0,1.0,0.0,0.0,2.0
20231,0.0011673430520361674,0.2521460992398122,0.0,0.1,845.635820932999,214.895045510474,0.0,1.0,0.0,0.0,2.0
20232,0.0009560202125037378,0.20650036590080736,0.0,0.1,846.7408253175262,219.5680891390313,0.0,1.0,0.0,0.0,2.0
20233,0.0007702486921123274,0.16637371749626273,0.0,0.1,847.1085897419347,224.91120249274,0.0,1.0,0.0,0.0,2.0
20234,0.0007924776794052531,0.17117517875153468,0.0,0.1,846.7972387125146,226.51619606834333,0.0,1.0,0.0,0.0,2.0
20235,0.0012787155623567004,0.2762025614690473,0.0,0.1,844.7564413266971,230.00339009495525,0.0,1.0,0.0,0.0,2.0
20236,0.0024390633008985895,0.5268376729940953,0.0,0.1,844.4437816686799,237.1328807911837,0.0,1.0,0.0,0.0,2.0
20237,0.00094317639301819,0.20372610089192905,0.0,0.1,844.5642951434204,245.78059309164857,0.0,1.0,0.0,0.0,2.0
20238,0.0020122926578242475,0.43465521409003743,0.0,0.1,846.1717571587469,248.1558257207924,0.0,1.0,0.0,0.0,2.0
20239,0.002459337791158672,0.5312169628902731,0.0,0.1,847.5885791723707,254.43325824591707,0.0,1.0,0.0,0.0,2.0
20240,0.002326638695723622,0.5025539582763023,0.0,0.1,847.4989463685147,258.5014206105934,0.0,1.0,0.0,0.0,2.0
20241,0.001399753665108981,0.3023467916635399,0.0,0.1,846.730054610856,264.65370503368587,0.0,1.0,0.0,0.0,2.0
20242,0.0021295713422596237,0.4599874099280788,0.0,0.1,846.8316407289419,265.5599608169912,0.0,1.0,0.0,0.0,2.0
20243,0.0016612540232028062,0.35883086901180616,0.0,0.1,847.71715720393,269.99445616452425,0.0,1.0,0.0,0.0,2.0
20244,0.0012175767084726783,0.2629965690300985,0.0,0.1,848.5031325930157,273.3195080351539,0.0,1.0,0.0,0.0,2.0
20245,0.0012992317299774271,0.2806340536751243,0.0,0.1,846.0691093084416,276.6834365723278,0.0,1.0,0.0,0.0,2.0
20246,0.0019081868729113386,0.41216836454884914,0.0,0.1,842.6675537236678,277.25380743620025,0.0,1.0,0.0,0.0,2.0
20247,0.000626305604961007,0.13528201067157752,0.0,0.1,840.4983917706995,276.9013671664873,0.0,1.0,0.0,0.0,2.0
20248,0.0015587515571605225,0.33669033634667284,0.0,0.1,837.0042853806589,275.1201161973304,0.0,1.0,0.0,0.0,2.0
20249,0.0019115604994569349,0.412897067882698,0.0,0.1,835.1908233275323,275.91068682552844,0.0,1.0,0.0,0.0,2.0
20250,,,,0.1,836.5656022317356,281.7896689212256,0.0,1.0,0.0,0.0,2.0
20251,,,,0.1,839.6150709485056,284.59225827154233,,,0.0,0.0,2.0
20252,0.0009415131252066923,0.20336683504464553,0.0,0.1,838.9518075780645,286.93810859318376,0.0,1.0,0.0,0.0,2.0
20253,0.0008491673768957643,0.18342015340948511,0.0,0.1,834.8717780768934,288.86592311505683,0.0,1.0,0.0,0.0,2.0
20254,0.0005881455206621686,0.12703943246302843,0.0,0.1,831.2751343378468,287.27870762519296,0.0,1.0,0.0,0.0,2.0
20255,0.0015512388139602166,0.3350675838154068,0.0,0.1,828.248698081494,286.0855538868013,0.0,1.0,0.0,0.0,2.0
20256,0.000722838658990178,0.15613315034187844,0.0,0.1,828.1445124173696,285.3118796550232,0.0,1.0,0.0,0.0,2.0
20257,,,,0.1,,,0.0,1.0,,,2.0
20258,,,,0.1,828.8455619491609,289.44244016074526,,,0.0,0.0,2.0
20259,0.0016338415226010647,0.35290976888183,0.0,0.1,828.2462785018004,291.1558030698218,0.0,1.0,0.0,0.0,2.0
20260,0.0007225953738157838,0.15608060074420932,0.0,0.1,823.5462012416326,292.0934328344578,0.0,1.0,0.0,0.0,2.0
20261,0.00044594923978133407,0.09632503579276816,1.0,0.1,822.2438248121382,291.90855134764564,0.0,1.0,0.0,0.0,2.0
20262,0.0012268879333749698,0.26500779360899346,0.0,0.1,821.5033918588002,291.20081102700885,0.0,1.0,0.0,0.0,2.0
20263,,,,0.1,820.5556683881017,292.13456443846053,0.0,1.0,0.0,0.0,2.0
20264,,,,0.1,819.5011644207216,291.5755527044548,,,0.0,0.0,2.0
20265,0.0017129546725533063,0.36999820927151417,0.0,0.1,817.6027476880384,289.2951225941606,0.0,1.0,0.0,0.0,2.0
20266,0.0009924577962299424,0.2143708839856676,0.0,0.1,815.0706241660624,285.93611988543785,0.0,1.0,0.0,0.0,2.0
20267,0.0010758264436726334,0.23237851183328884,0.0,0.1,815.8284878257638,284.4369707710471,0.0,1.0,0.0,0.0,2.0
20268,0.0012773142311209241,0.2758998739221196,0.0,0.1,819.4345444127778,282.0468355433288,0.0,1.0,0.0,0.0,2.0
20269,0.00011876460300772752,0.025653154249669147,1.0,0.1,825.3029969750876,283.2616257319616,0.0,1.0,0.0,0.0,2.0
20270,0.0003397591357333579,0.07338797331840531,1.0,0.1,828.0654065256931,283.35600177394787,0.0,1.0,0.0,0.0,2.0
20271,0.0005357523290190707,0.11572250306811926,0.0,0.1,839.4164959189235,285.97694521934915,0.0,1.0,0.0,0.0,2.0
20272,0.00038229871706484917,0.08257652288600742,1.0,0.1,847.5838049369004,287.9906582894574,0.0,1.0,0.0,0.0,2.0
20273,6.983872409848028e-05,0.015085164405271741,1.0,0.1,849.7544832257686,290.54832070371265,0.0,1.0,0.0,0.0,2.0
20274,0.0006876557098160537,0.14853363332026762,0.0,0.1,850.4485517216024,290.309625178014,0.0,1.0,0.0,0.0,2.0
20275,5.464802729574415e-05,0.011803973895880737,1.0,0.1,856.8431804636325,287.2044121947295,0.0,1.0,0.0,0.0,2.0
20276,0.00015948989979234208,0.034449818355145885,1.0,0.1,856.6203350333715,285.55417553288004,0.0,1.0,0.0,0.0,2.0
20277,0.0002182271279707745,0.04713705964168729,1.0,0.1,,,0.0,1.0,,,2.0
20278,0.0002808507352395447,0.060663758811741665,1.0,0.1,,,0.0,1.0,,,2.0
20279,0.00019778026986163883,0.04272053829011399,1.0,0.1,,,0.0,1.0,,,2.0
20280,0.00015870996236141147,0.034281351870064876,1.0,0.1,,,0.0,1.0,,,2.0
20281,0.0011608467452995182,0.25074289698469593,0.0,0.1,,,0.0,1.0,,,2.0
20282,0.0002330612814909831,0.05034123680205235,1.0,0.1,,,0.0,1.0,,,2.0
20283,0.0005113917943390566,0.11046062757723624,0.0,0.1,,,0.0,1.0,,,2.0
20284,0.000801109215710294,0.1730395905934235,0.0,0.1,,,0.0,1.0,,,2.0
20285,0.0011288844161638882,0.24383903389139985,0.0,0.1,,,0.0,1.0,,,2.0
20286,0.0006686058260789356,0.14441885843305008,0.0,0.1,,,0.0,1.0,,,2.0
20287,0.0012502479987689071,0.27005356773408395,0.0,0.1,,,0.0,1.0,,,2.0
20288,0.0016817752842376423,0.3632634613953307,0.0,0.1,,,0.0,1.0,,,2.0
20289,0.0009485761227584819,0.2048924425158321,0.0,0.1,,,0.0,1.0,,,2.0
20290,0.00032082457938195397,0.06929810914650206,1.0,0.1,895.8598923024161,296.2964225576484,0.0,1.0,0.0,0.0,2.0
20291,0.00031401368979767816,0.06782695699629848,1.0,0.1,891.784852711,298.8814622624217,0.0,1.0,0.0,0.0,2.0
20292,0.000301534249645434,0.06513139792341376,1.0,0.1,888.5813495506959,298.23897202732724,0.0,1.0,0.0,0.0,2.0
20293,0.0005967550825137643,0.1288990978229731,0.0,0.1,,,0.0,1.0,,,2.0
20294,0.000544976878075829,0.11771500566437906,0.0,0.1,882.8281290019648,295.59450530909515,0.0,1.0,0.0,0.0,2.0
20295,0.0004054144399205852,0.0875695190228464,1.0,0.1,881.777672426613,293.96502717225746,0.0,1.0,0.0,0.0,2.0
20296,0.00047018509842141,0.10155998125902456,0.0,0.1,,,0.0,1.0,,,2.0
20297,0.0009013942022226357,0.1947011476800893,0.0,0.1,,,0.0,1.0,,,2.0
20298,0.0007952583384602832,0.1717758011074212,0.0,0.1,,,0.0,1.0,,,2.0
20299,0.000784451103005332,0.16944143824915173,0.0,0.1,,,0.0,1.0,,,2.0
20300,0.0006997873308503289,0.15115406346367105,0.0,0.1,,,0.0,1.0,,,2.0
20301,0.0014239612430612886,0.3075756285012384,0.0,0.1,877.2518837731649,278.2565529561301,0.0,1.0,0.0,0.0,2.0
20302,4.9371907188111855e-05,0.010664331952632162,1.0,0.1,878.9969312021974,280.23818777512093,0.0,1.0,0.0,0.0,2.0
20303,0.0005854313825654228,0.12645317863413133,0.0,0.1,,,0.0,1.0,,,2.0
20304,0.001151762902626903,0.24878078696741104,0.0,0.1,885.1386575790712,275.69350790616073,0.0,1.0,0.0,0.0,2.0
20305,,,,0.1,,,0.0,1.0,,,2.0
20306,,,,0.1,,,,,,,2.0
20307,0.002258616330525584,0.48786112739352616,0.0,0.1,890.8062755768196,278.29058488806703,0.0,1.0,0.0,0.0,2.0
20308,0.0009368036701464001,0.20234959275162243,0.0,0.1,940.6883195223352,183.36213879373759,0.0,1.0,0.0,0.0,2.0
20309,4.869877338746559e-05,0.010518935051692567,1.0,0.1,881.9055962920963,293.2047290506302,0.0,1.0,0.0,0.0,2.0
20310,0.0014975873531560494,0.3234788682817067,0.0,0.1,879.9720571320944,297.04863019345527,0.0,1.0,0.0,0.0,2.0
20311,0.0011822897746912287,0.2553745913333054,0.0,0.1,880.2628206166269,302.1378820225351,0.0,1.0,0.0,0.0,2.0
20312,0.000716679670874318,0.1548028089088527,0.0,0.1,877.3645976480592,309.5218807120373,0.0,1.0,0.0,0.0,2.0
20313,0.0011098004333783525,0.23971689360972415,0.0,0.1,871.3120398243802,317.8013115830438,0.0,1.0,0.0,0.0,2.0
20314,0.0008368683132868667,0.18076355566996322,0.0,0.1,868.9190965088153,327.8153491195493,0.0,1.0,0.0,0.0,2.0
20315,0.0015082464361972382,0.32578123021860345,0.0,0.1,865.5230059053088,330.3498154740389,0.0,1.0,0.0,0.0,2.0
20316,0.0009173677453321024,0.19815143299173413,0.0,0.1,862.9843268077176,343.11029257921575,0.0,1.0,0.0,0.0,2.0
20317,0.0011364419109846553,0.24547145277268556,0.0,0.1,861.6668170057094,350.91954619645526,0.0,1.0,0.0,0.0,2.0
20318,0.0004746638466009415,0.10252739086580337,0.0,0.1,859.9113365010876,358.3124087251387,0.0,1.0,0.0,0.0,2.0
20319,0.0014313090184568643,0.3091627479866827,0.0,0.1,857.2351716784485,362.97555147931183,0.0,1.0,0.0,0.0,2.0
20320,0.0007583768650883196,0.16380940285907702,0.0,0.1,856.7647398019571,370.2994677025795,0.0,1.0,0.0,0.0,2.0
20321,0.00042186220714862584,0.09112223674410319,1.0,0.1,852.5419873858975,375.25925435134735,0.0,1.0,0.0,0.0,2.0
20322,0.0015531701442280076,0.33548475115324966,0.0,0.1,853.2538358599529,380.54134605295866,0.0,1.0,0.0,0.0,2.0
20323,0.0007029782126590951,0.15184329393436455,0.0,0.1,853.470455772792,386.3432485499615,0.0,1.0,0.0,0.0,2.0
20324,0.00014543304423186908,0.03141353755408372,1.0,0.1,853.706533776155,387.9477122326305,0.0,1.0,0.0,0.0,2.0
20325,0.0016598041971807199,0.3585177065910355,0.0,0.1,851.0211628654431,388.90702625876503,0.0,1.0,0.0,0.0,2.0
20326,0.001583656211857511,0.3420697417612224,0.0,0.1,849.3289501143759,392.75001582486686,0.0,1.0,0.0,0.0,2.0
20327,0.0020224197909809566,0.43684267485188666,0.0,0.1,,,0.0,1.0,,,2.0
20328,0.002587358172554145,0.5588693652716954,0.0,0.1,,,0.0,1.0,,,2.0
20329,0.0019196663661245012,0.4146479350828922,0.0,0.1,,,0.0,1.0,,,2.0
20330,0.0014096713056391795,0.3044890020180628,0.0,0.1,,,0.0,1.0,,,2.0
20331,0.0023399540766348226,0.5054300805531217,0.0,0.1,858.4601731314352,413.50406951387197,0.0,1.0,0.0,0.0,2.0
20332,0.001390123130791559,0.3002665962509768,0.0,0.1,,,0.0,1.0,,,2.0
20333,0.0011577720487017896,0.25007876251958655,0.0,0.1,,,0.0,1.0,,,2.0
20334,0.002658816646284026,0.5743043955973496,0.0,0.1,,,0.0,1.0,,,2.0
20335,0.0010497231761228787,0.2267402060425418,0.0,0.1,,,0.0,1.0,,,2.0
20336,0.0008806735423503422,0.1902254851476739,0.0,0.1,,,0.0,1.0,,,2.0
20337,0.0020924283139754406,0.4519645158186951,0.0,0.1,,,0.0,1.0,,,2.0
20338,0.0008912873842097143,0.19251807498929832,0.0,0.1,,,0.0,1.0,,,2.0
20339,0.0021980745533106485,0.4747841035151001,0.0,0.1,,,0.0,1.0,,,2.0
20340,0.0016371071059211018,0.353615134878958,0.0,0.1,,,0.0,1.0,,,2.0
20341,0.0003952554055810667,0.08537516760551041,1.0,0.1,,,0.0,1.0,,,2.0
20342,0.001519479915415489,0.32820766172974564,0.0,0.1,,,0.0,1.0,,,2.0
20343,0.0012861871927738952,0.27781643363916136,0.0,0.1,,,0.0,1.0,,,2.0
20344,0.0006800988912289685,0.1469013605054572,0.0,0.1,,,0.0,1.0,,,2.0
20345,0.00017081432455405248,0.03689589410367534,1.0,0.1,,,0.0,1.0,,,2.0
20346,0.0007401352217771492,0.15986920790386422,0.0,0.1,,,0.0,1.0,,,2.0
20347,,,,0.1,,,0.0,1.0,,,2.0
20348,,,,0.1,,,,,,,2.0
20349,,,,0.1,,,0.0,1.0,,,2.0
20350,,,,0.1,,,,,,,2.0
20351,,,,0.1,,,,,,,2.0
20352,,,,0.1,,,,,,,2.0
20353,,,,0.1,,,0.0,1.0,,,2.0
20354,,,,0.1,,,,,,,2.0
20355,,,,0.1,,,,,,,2.0
20356,,,,0.1,,,,,,,2.0
20357,,,,0.1,,,,,,,2.0
20358,,,,0.1,,,,,,,2.0
20359,,,,0.1,,,,,,,2.0
20360,,,,0.1,,,,,,,2.0
20361,,,,0.1,,,,,,,2.0
20362,,,,0.1,,,,,,,2.0
20363,,,,0.1,,,,,,,2.0
20364,,,,0.1,,,,,,,2.0
20365,,,,0.1,,,,,,,2.0
20366,,,,0.1,,,,,,,2.0
20367,,,,0.1,,,,,,,2.0
20368,,,,0.1,,,,,,,2.0
20369,,,,0.1,,,,,,,2.0
20370,,,,0.1,,,,,,,2.0
20371,,,,0.1,,,,,,,2.0
20372,,,,0.1,,,,,,,2.0
20373,,,,0.1,,,,,,,2.0
20374,,,,0.1,,,0.0,1.0,,,2.0
20375,,,,0.1,,,,,,,2.0
20376,,,,0.1,,,,,,,2.0
20377,0.0013487403766921419,0.2913279213655027,0.0,0.1,,,0.0,1.0,,,2.0
20378,,,,0.1,,,0.0,1.0,,,2.0
20379,,,,0.1,,,,,,,2.0
20380,,,,0.1,,,,,,,2.0
20381,,,,0.1,,,,,,,2.0
20382,0.0015527214885832433,0.33538784153398055,0.0,0.1,,,0.0,1.0,,,2.0
20383,0.0009349946055270746,0.20195883479384813,0.0,0.1,,,0.0,1.0,,,2.0
20384,0.0011099572071986623,0.23975075675491106,0.0,0.1,765.7418780714684,400.3992928205357,0.0,1.0,0.0,0.0,2.0
20385,0.0011555863469238884,0.2496066509355599,0.0,0.1,754.2358099140305,400.2350206227983,0.0,1.0,0.0,0.0,2.0
20386,0.000500972523671146,0.10821006511296753,0.0,0.1,757.5575558497385,399.32115781658433,0.0,1.0,0.0,0.0,2.0
20387,0.0009515256597963576,0.20552954251601324,0.0,0.1,764.5702429383746,401.95616643283734,0.0,1.0,0.0,0.0,2.0
20388,0.0013411764003644939,0.2896941024787307,0.0,0.1,768.3839126300142,401.60443520161385,0.0,1.0,0.0,0.0,2.0
20389,0.001160095021153076,0.25058052456906443,0.0,0.1,773.9568172375086,409.9141536854165,0.0,1.0,0.0,0.0,2.0
20390,0.00041340243997938387,0.08929492703554692,1.0,0.1,777.1074555423376,405.86855368266686,0.0,1.0,0.0,0.0,2.0
20391,0.0014264700673403009,0.308117534545505,0.0,0.1,779.0943511193337,403.55084412597967,0.0,1.0,0.0,0.0,2.0
20392,0.001013289308595789,0.21887049065669045,0.0,0.1,782.7964950297178,399.41218863544134,0.0,1.0,0.0,0.0,2.0
20393,0.001215479541026105,0.2625435808616387,0.0,0.1,788.4183554830955,393.2974790078441,0.0,1.0,0.0,0.0,2.0
20394,0.0011209432448048536,0.24212374087784838,0.0,0.1,796.8461418241766,388.01380144447313,0.0,1.0,0.0,0.0,2.0
20395,0.00043063881718762725,0.09301798451252749,1.0,0.1,798.2177731643679,381.45626195065324,0.0,1.0,0.0,0.0,2.0
20396,0.00018082407785618914,0.039058000816936854,1.0,0.1,798.9763773946329,379.25667261749487,0.0,1.0,0.0,0.0,2.0
20397,0.001387652161876394,0.29973286696530116,0.0,0.1,806.2370192974898,371.6911338093885,0.0,1.0,0.0,0.0,2.0
20398,0.00027035769389034377,0.058397261880314265,1.0,0.1,808.3064656267251,370.93372291582943,0.0,1.0,0.0,0.0,2.0
20399,0.0004523379033793968,0.09770498712994971,1.0,0.1,812.3229570339716,372.45553645234685,0.0,1.0,0.0,0.0,2.0
20400,0.0005908346803634794,0.12762029095851155,0.0,0.1,813.6740028371478,372.2265144928297,0.0,1.0,0.0,0.0,2.0
20401,0.000271655343068564,0.05867755410280982,1.0,0.1,812.3201663311394,369.9525888544711,0.0,1.0,0.0,0.0,2.0
20402,0.0007489175808615749,0.1617661974661002,0.0,0.1,811.1513161025366,368.66923828402884,0.0,1.0,0.0,0.0,2.0
20403,0.00027894083589075644,0.0602512205524034,1.0,0.1,814.8111455541117,362.38054164180824,0.0,1.0,0.0,0.0,2.0
20404,0.00014552670621363034,0.03143376854214415,1.0,0.1,816.8737892088297,360.0294067539767,0.0,1.0,0.0,0.0,2.0
20405,0.00031627826504394504,0.06831610524949214,1.0,0.1,817.5019582625076,359.2958369428268,0.0,1.0,0.0,0.0,2.0
20406,0.0001340380181742704,0.02895221192564241,1.0,0.1,820.9906638258441,359.27630815064845,0.0,1.0,0.0,0.0,2.0
20407,0.00030171964029229487,0.0651714423031357,1.0,0.1,824.9285777980441,358.2423175866229,0.0,1.0,0.0,0.0,2.0
20408,6.3099840397274e-05,0.013629565525811186,1.0,0.1,822.4658331572373,358.63872963109793,0.0,1.0,0.0,0.0,2.0
20409,0.00014759484177649586,0.03188048582372311,1.0,0.1,824.9646256938319,359.35723690585587,0.0,1.0,0.0,0.0,2.0
20410,0.000220394495430591,0.04760521101300766,1.0,0.1,826.334877997784,359.7582847135088,0.0,1.0,0.0,0.0,2.0
20411,0.0006164806584113176,0.1331598222168446,0.0,0.1,831.3536772611315,358.2961384414383,0.0,1.0,0.0,0.0,2.0
20412,0.000703598211558908,0.15197721369672415,0.0,0.1,837.1362592022134,360.5321310568358,0.0,1.0,0.0,0.0,2.0
20413,0.00043474247624732945,0.09390437486942316,1.0,0.1,836.522999739318,359.7507047530433,0.0,1.0,0.0,0.0,2.0
20414,0.00019173931839716742,0.04141569277378816,1.0,0.1,835.1700095377055,358.8892734056596,0.0,1.0,0.0,0.0,2.0
20415,0.00025691779332163615,0.05549424335747341,1.0,0.1,835.0205276274886,358.11619288720067,0.0,1.0,0.0,0.0,2.0
20416,0.00011351800050285112,0.024519888108615842,1.0,0.1,840.2912539913783,352.8195139671983,0.0,1.0,0.0,0.0,2.0
20417,5.69956801395621e-05,0.012311066910145415,1.0,0.1,843.9124458893104,352.7376076342873,0.0,1.0,0.0,0.0,2.0
20418,0.0003914246649186177,0.08454772762242142,1.0,0.1,843.5872015902353,353.5534479559531,0.0,1.0,0.0,0.0,2.0
20419,0.0008151541445294053,0.17607329521835152,0.0,0.1,842.1207228634942,352.34816509607157,0.0,1.0,0.0,0.0,2.0
20420,0.0006426990020429949,0.13882298444128693,0.0,0.1,834.5056918064171,352.70382551411825,0.0,1.0,0.0,0.0,2.0
20421,0.0001582703077750876,0.03418638647941892,1.0,0.1,831.7407490339102,350.09729400286164,0.0,1.0,0.0,0.0,2.0
20422,0.0001969533203582799,0.04254191719738846,1.0,0.1,830.9871243971099,349.8831909681256,0.0,1.0,0.0,0.0,2.0
20423,0.0005103141729950917,0.1102278613669398,0.0,0.1,829.6747113574781,350.44453774432037,0.0,1.0,0.0,0.0,2.0
20424,0.00011646883382661066,0.025157268106547902,1.0,0.1,826.1384615556055,351.585340265197,0.0,1.0,0.0,0.0,2.0
20425,0.00035488048785609457,0.07665418537691643,1.0,0.1,822.7108256002715,354.2823432113368,0.0,1.0,0.0,0.0,2.0
20426,6.408120873868354e-05,0.013841541087555644,1.0,0.1,821.4818598704874,356.93943406366674,0.0,1.0,0.0,0.0,2.0
20427,0.00023760624903768735,0.05132294979214047,1.0,0.1,820.4365710586793,358.1605171312102,0.0,1.0,0.0,0.0,2.0
20428,1.613346211667413e-05,0.003484827817201612,1.0,0.1,819.345001218598,359.49564536799744,0.0,1.0,0.0,0.0,2.0
20429,0.00015791769827052244,0.03411022282643285,1.0,0.1,819.1009600513763,360.9979393168351,0.0,1.0,0.0,0.0,2.0
20430,0.00016819919953869062,0.036331027100357176,1.0,0.1,820.4161388390049,361.9453973655385,0.0,1.0,0.0,0.0,2.0
20431,0.00018170941879718576,0.03924923446019213,1.0,0.1,820.0546397012704,362.24388608523685,0.0,1.0,0.0,0.0,2.0
20432,0.0003802363246090962,0.08213104611556478,1.0,0.1,819.0477852011791,363.03367708102746,0.0,1.0,0.0,0.0,2.0
20433,0.0003463260510610126,0.07480642702917874,1.0,0.1,817.642367077569,363.86446494353066,0.0,1.0,0.0,0.0,2.0
20434,0.00012452367874048808,0.026897114607945423,1.0,0.1,812.8375678164247,362.57340924519804,0.0,1.0,0.0,0.0,2.0
20435,0.00027839995043321946,0.0601343892935754,1.0,0.1,808.1764924365965,361.83880961542786,0.0,1.0,0.0,0.0,2.0
20436,0.0006886271197502188,0.14874345786604726,0.0,0.1,,,0.0,1.0,,,2.0
20437,0.0005240211819155542,0.1131885752937597,0.0,0.1,800.1599248858572,366.5448066491975,0.0,1.0,0.0,0.0,2.0
20438,0.00023859368045904417,0.05153623497915354,1.0,0.1,796.1845876903379,367.34146833538716,0.0,1.0,0.0,0.0,2.0
20439,0.0005541565071559754,0.11969780554569069,0.0,0.1,,,0.0,1.0,,,2.0
20440,0.00013309862600793603,0.028749303217714184,1.0,0.1,,,0.0,1.0,,,2.0
20441,0.0003906599999316775,0.08438255998524236,1.0,0.1,790.7645077395916,370.70073232064,0.0,1.0,0.0,0.0,2.0
20442,0.00045610316639348863,0.09851828394099355,1.0,0.1,789.2367389101585,372.35299741172855,0.0,1.0,0.0,0.0,2.0
20443,0.0004861843050981626,0.10501580990120311,0.0,0.1,787.0113507342404,372.1731759113428,0.0,1.0,0.0,0.0,2.0
20444,0.0002298365950207736,0.0496447045244871,1.0,0.1,784.7886943715451,370.86628427672946,0.0,1.0,0.0,0.0,2.0
20445,0.0011472824168931954,0.2478130020489302,0.0,0.1,782.1053448365751,369.16743678786025,0.0,1.0,0.0,0.0,2.0
20446,0.00016041862837772115,0.034650423729587765,1.0,0.1,778.4507375258888,367.35144075034543,0.0,1.0,0.0,0.0,2.0
20447,0.00047995140601011355,0.10366950369818452,0.0,0.1,778.0920214541795,364.52581906303584,0.0,1.0,0.0,0.0,2.0
20448,0.00015659362042747346,0.033824222012334274,1.0,0.1,776.5119515599782,364.1169716266901,0.0,1.0,0.0,0.0,2.0
20449,0.00010831671617806806,0.023396410694462702,1.0,0.1,778.9649915427477,363.3206737917425,0.0,1.0,0.0,0.0,2.0
20450,0.00043768353481215194,0.09453964351942482,1.0,0.1,778.8392638096149,362.63265522836394,0.0,1.0,0.0,0.0,2.0
20451,0.00021954594475237114,0.04742192406651217,1.0,0.1,775.6175753984203,366.21539880970386,0.0,1.0,0.0,0.0,2.0
20452,0.0005758630617006508,0.12438642132734057,0.0,0.1,772.2858753474171,370.63518633188636,0.0,1.0,0.0,0.0,2.0
20453,0.00024342284055670679,0.052579333560248666,1.0,0.1,769.8851127596251,372.66330922743253,0.0,1.0,0.0,0.0,2.0
20454,0.0005229964372410427,0.11296723044406522,0.0,0.1,768.250055876623,373.3581678459004,0.0,1.0,0.0,0.0,2.0
20455,0.000489946182040713,0.10582837532079402,0.0,0.1,764.4383365142512,373.1786306036528,0.0,1.0,0.0,0.0,2.0
20456,6.213586439260102e-05,0.01342134670880182,1.0,0.1,766.0713459005179,369.38469666133824,0.0,1.0,0.0,0.0,2.0
20457,0.000564136042785852,0.12185338524174404,0.0,0.1,766.505325697927,362.0342544799992,0.0,1.0,0.0,0.0,2.0
20458,0.00020511913386811483,0.044305732915512805,1.0,0.1,765.0506556986951,358.2816575165114,0.0,1.0,0.0,0.0,2.0
20459,0.000549579229836929,0.11870911364477668,0.0,0.1,764.293878181827,358.4606155677787,0.0,1.0,0.0,0.0,2.0
20460,6.153619482992204e-05,0.013291818083263162,1.0,0.1,764.5212628968909,360.6755850737286,0.0,1.0,0.0,0.0,2.0
20461,0.00020279108067191098,0.043802873425132775,1.0,0.1,764.9282926271433,362.2653929134191,0.0,1.0,0.0,0.0,2.0
20462,0.00012763219874302334,0.027568554928493045,1.0,0.1,765.2078569622427,360.7604214086197,0.0,1.0,0.0,0.0,2.0
20463,0.00017198023791246728,0.03714773138909293,1.0,0.1,766.5707289969502,360.02058223245433,0.0,1.0,0.0,0.0,2.0
20464,0.00014086519437891626,0.030426881985845915,1.0,0.1,768.6537810443314,357.44196383717053,0.0,1.0,0.0,0.0,2.0
20465,0.0002902669071034054,0.06269765193433557,1.0,0.1,766.9607287797347,357.7045035375581,0.0,1.0,0.0,0.0,2.0
20466,0.00029198858687061875,0.06306953476405365,1.0,0.1,771.8151707019769,354.464266312495,0.0,1.0,0.0,0.0,2.0
20467,0.00019540228437430311,0.04220689342484948,1.0,0.1,775.7682330767799,351.21286431684445,0.0,1.0,0.0,0.0,2.0
20468,0.00015397062766229512,0.03325765557505574,1.0,0.1,776.0138523913836,348.8330978856933,0.0,1.0,0.0,0.0,2.0
20469,0.0001898377879320082,0.041004962193313774,1.0,0.1,773.9196691377003,345.65416936241826,0.0,1.0,0.0,0.0,2.0
20470,0.00044589812734383846,0.09631399550626911,1.0,0.1,773.7610749473514,345.1321694072594,0.0,1.0,0.0,0.0,2.0
20471,0.00043007874586944154,0.09289700910779938,1.0,0.1,770.6422446978136,346.2108273466513,0.0,1.0,0.0,0.0,2.0
20472,0.00014580603994150353,0.03149410462736476,1.0,0.1,768.9065242576978,346.7295525099329,0.0,1.0,0.0,0.0,2.0
20473,0.0001285566600946631,0.027768238580447226,1.0,0.1,763.1598710020683,348.91145366840556,0.0,1.0,0.0,0.0,2.0
20474,0.0001923533819920773,0.041548330510288695,1.0,0.1,760.2205458499926,348.19688619199377,0.0,1.0,0.0,0.0,2.0
20475,9.436200859107687e-05,0.020382193855672606,1.0,0.1,757.8773230518058,350.00074105057115,0.0,1.0,0.0,0.0,2.0
20476,6.844725633327935e-05,0.014784607367988341,1.0,0.1,756.1271758968951,350.83644882187065,0.0,1.0,0.0,0.0,2.0
20477,0.0006447553351609253,0.13926715239475987,0.0,0.1,754.2964625575654,350.73427570298793,0.0,1.0,0.0,0.0,2.0
20478,0.00046332793218680483,0.10007883335234985,0.0,0.1,746.0585210849504,351.9375827047798,0.0,1.0,0.0,0.0,2.0
20479,9.757030769962452e-05,0.021075186463118897,1.0,0.1,741.4497328354863,351.19827907524973,0.0,1.0,0.0,0.0,2.0
20480,0.00016817780992754608,0.03632640694434995,1.0,0.1,738.0072743460992,354.04657420256365,0.0,1.0,0.0,0.0,2.0
20481,0.00013377093460699552,0.02889452187511103,1.0,0.1,736.2545186989406,356.15439397081224,0.0,1.0,0.0,0.0,2.0
20482,0.00013698606620673708,0.029588990300655208,1.0,0.1,729.384333805024,361.1311054986696,0.0,1.0,0.0,0.0,2.0
20483,0.00037240601894306477,0.080439700091702,1.0,0.1,725.670429232532,364.85561427738725,0.0,1.0,0.0,0.0,2.0
20484,0.00013066482974641056,0.028223603225224683,1.0,0.1,724.8306389237563,362.76415297451075,0.0,1.0,0.0,0.0,2.0
20485,7.550485840363157e-05,0.01630904941518442,1.0,0.1,721.9076991148285,361.1099126896275,0.0,1.0,0.0,0.0,2.0
20486,0.00038775161971828654,0.0837543498591499,1.0,0.1,718.0710553874653,360.32842130956607,0.0,1.0,0.0,0.0,2.0
20487,0.0004797756772441044,0.10363154628472654,0.0,0.1,711.368357963737,358.36554586467435,0.0,1.0,0.0,0.0,2.0
20488,0.000192237950085956,0.041523397218566495,1.0,0.1,708.6097396544646,358.7855671230494,0.0,1.0,0.0,0.0,2.0
20489,0.0010809504359086863,0.23348529415627628,0.0,0.1,707.406778886758,360.1706597037232,0.0,1.0,0.0,0.0,2.0
20490,0.0003486037893099858,0.07529841849095693,1.0,0.1,706.6146244942037,360.8579830688333,0.0,1.0,0.0,0.0,2.0
20491,0.00029032402615721377,0.06270998964995818,1.0,0.1,705.8135529296603,358.51899261458357,0.0,1.0,0.0,0.0,2.0
20492,0.00039455563633021383,0.08522401744732619,1.0,0.1,700.9210227618618,352.11096976170654,0.0,1.0,0.0,0.0,2.0
20493,0.0002507685046482438,0.05416599700402065,1.0,0.1,698.4313476517632,345.1489224176108,0.0,1.0,0.0,0.0,2.0
20494,6.345906774818462e-05,0.013707158633607877,1.0,0.1,696.0802713702568,335.22236364752405,0.0,1.0,0.0,0.0,2.0
20495,0.0007018374183318547,0.1515968823596806,0.0,0.1,697.4138132809185,330.8519441663274,0.0,1.0,0.0,0.0,2.0
20496,0.00017935963535127677,0.038741681235875784,1.0,0.1,700.9775466162304,318.2179526912921,0.0,1.0,0.0,0.0,2.0
20497,0.0001560771318297935,0.0337126604752354,1.0,0.1,702.5273582611642,306.05752134188793,0.0,1.0,0.0,0.0,2.0
20498,0.00018212616414615181,0.03933925145556879,1.0,0.1,700.7105256742474,300.27849354157655,0.0,1.0,0.0,0.0,2.0
20499,0.00021936259230651004,0.047382319938206165,1.0,0.1,699.5560522550459,298.1247356699838,0.0,1.0,0.0,0.0,2.0
20500,0.0002635613350872312,0.05692924837884193,1.0,0.1,697.1449842627711,296.31330281350836,0.0,1.0,0.0,0.0,2.0
20501,0.0002071495266360194,0.044744297753380194,1.0,0.1,695.3531299798523,295.9783377613055,0.0,1.0,0.0,0.0,2.0
20502,0.0005272342051701681,0.1138825883167563,0.0,0.1,690.3948573814725,297.1500800300669,0.0,1.0,0.0,0.0,2.0
20503,0.00040587125232097036,0.08766819050132961,1.0,0.1,685.7431888752399,299.11925184697327,0.0,1.0,0.0,0.0,2.0
20504,0.0009733176901989099,0.21023662108296454,0.0,0.1,685.4884834581547,297.8876833047954,0.0,1.0,0.0,0.0,2.0
20505,0.0011148370275712086,0.24080479795538104,0.0,0.1,681.7641143406292,301.0591451662158,0.0,1.0,0.0,0.0,2.0
20506,0.0008448064113414076,0.18247818484974404,0.0,0.1,675.4238895115478,305.88897963668137,0.0,1.0,0.0,0.0,2.0
20507,0.0002623801502203283,0.05667411244759092,1.0,0.1,666.9365805220319,310.16761261692307,0.0,1.0,0.0,0.0,2.0
20508,0.0013333167922496285,0.2879964271259198,0.0,0.1,662.8839243836471,313.29398571678036,0.0,1.0,0.0,0.0,2.0
20509,0.002000728354078956,0.4321573244810545,0.0,0.1,656.2081004160349,317.04385570589596,0.0,1.0,0.0,0.0,2.0
20510,0.0015441452250829957,0.3335353686179271,0.0,0.1,648.7182176908468,320.23309931711526,0.0,1.0,0.0,0.0,2.0
20511,0.0022661871951147085,0.4894964341447771,0.0,0.1,642.0768465372349,322.85783731394116,0.0,1.0,0.0,0.0,2.0
20512,0.002234464813329156,0.48264439967909767,0.0,0.1,631.4658499244466,322.76472031916825,0.0,1.0,0.0,0.0,2.0
20513,0.00181359480262887,0.3917364773678359,0.0,0.1,625.4576448470312,325.5166320735763,0.0,1.0,0.0,0.0,2.0
20514,0.002930752747479057,0.6330425934554763,0.0,0.1,620.6735183389288,326.6101146806339,0.0,1.0,0.0,0.0,2.0
20515,0.0008654680483407094,0.18694109844159323,0.0,0.1,615.8012569492197,327.6274374047637,0.0,1.0,0.0,0.0,2.0
20516,0.000513024673721546,0.11081332952385395,0.0,0.1,606.6886514250311,330.3997975026737,0.0,1.0,0.0,0.0,2.0
20517,0.001470275731508198,0.3175795580057708,0.0,0.1,603.942970725527,329.74937144962445,0.0,1.0,0.0,0.0,2.0
20518,0.0009487273423539406,0.20492510594845117,0.0,0.1,597.9182064928168,329.4172721433333,0.0,1.0,0.0,0.0,2.0
20519,0.0017852496792882299,0.38561393072625766,0.0,0.1,592.2149372463093,332.1238509484991,0.0,1.0,0.0,0.0,2.0
20520,0.001417708587394276,0.3062250548771636,0.0,0.1,588.2214628514473,334.2605712714492,0.0,1.0,0.0,0.0,2.0
20521,0.0012044617152488569,0.2601637304937531,0.0,0.1,589.9587184538896,327.25386694229786,0.0,1.0,0.0,0.0,2.0
20522,0.002021589043581207,0.43666323341354074,0.0,0.1,593.8117982554646,320.26379997358015,0.0,1.0,0.0,0.0,2.0
20523,0.001722764071294897,0.37211703939969776,0.0,0.1,602.0603945798147,304.31637415599,0.0,1.0,0.0,0.0,2.0
20524,0.0017531810966875186,0.378687116884504,0.0,0.1,606.5768141222153,294.25868906493554,0.0,1.0,0.0,0.0,2.0
20525,0.0008202846954428961,0.17718149421566556,0.0,0.1,608.9705498457807,288.96871696399484,0.0,1.0,0.0,0.0,2.0
20526,0.0018838947580414162,0.4069212677369459,0.0,0.1,610.2445920613171,286.11481193947054,0.0,1.0,0.0,0.0,2.0
20527,0.0011114758717527414,0.24007878829859217,0.0,0.1,610.8696084759499,281.76832197838337,0.0,1.0,0.0,0.0,2.0
20528,0.000984184325393498,0.2125838142849956,0.0,0.1,610.9549024253666,277.40521170515416,0.0,1.0,0.0,0.0,2.0
20529,0.0020924110987199968,0.4519607973235193,0.0,0.1,612.3992585074575,272.7757771092169,0.0,1.0,0.0,0.0,2.0
20530,0.0003922270830110057,0.08472104993037724,1.0,0.1,611.4124347806919,272.5496262419036,0.0,1.0,0.0,0.0,2.0
20531,0.001794542345377962,0.3876211466016398,0.0,0.1,610.2907386370382,273.52522925739487,0.0,1.0,0.0,0.0,2.0
20532,0.001899442589610941,0.41027959935596325,0.0,0.1,607.8346666099538,275.8513811450308,0.0,1.0,0.0,0.0,2.0
20533,0.0005151969624993656,0.11128254389986296,0.0,0.1,607.0693140628842,278.667436193658,0.0,1.0,0.0,0.0,2.0
20534,0.0005808868389969091,0.12547155722333236,0.0,0.1,605.518733731439,282.27682182745644,0.0,1.0,0.0,0.0,2.0
20535,0.0012091001310177549,0.2611656282998351,0.0,0.1,604.4766630214312,283.54085218972557,0.0,1.0,0.0,0.0,2.0
20536,0.0002506908954553625,0.0541492334183583,1.0,0.1,601.3699145482684,286.9463202315725,0.0,1.0,0.0,0.0,2.0
20537,0.0004395505938434665,0.09494292827018877,1.0,0.1,598.0714162194814,289.14377098693706,0.0,1.0,0.0,0.0,2.0
20538,0.00017481748805124042,0.03776057741906793,1.0,0.1,594.7948682833957,292.06242652329286,0.0,1.0,0.0,0.0,2.0
20539,0.0002059258131728396,0.044479975645333354,1.0,0.1,591.0408421186701,294.88282545181033,0.0,1.0,0.0,0.0,2.0
20540,0.0006530155268813648,0.1410513538063748,0.0,0.1,588.9928847219766,296.1722682531984,0.0,1.0,0.0,0.0,2.0
20541,0.0005860095844914036,0.12657807025014317,0.0,0.1,584.4647833461862,298.8436053361887,0.0,1.0,0.0,0.0,2.0
20542,0.0009904187579212243,0.21393045171098446,0.0,0.1,579.1899462234067,301.5031111676902,0.0,1.0,0.0,0.0,2.0
20543,0.001122149987693139,0.24238439734171807,0.0,0.1,573.8660703138759,304.2164516270619,0.0,1.0,0.0,0.0,2.0
20544,0.0029209686125859606,0.6309292203185675,0.0,0.1,569.5777272768229,307.3492097965588,0.0,1.0,0.0,0.0,2.0
20545,0.001406372655593092,0.3037764936081079,0.0,0.1,565.4997953002874,310.43337386544073,0.0,1.0,0.0,0.0,2.0
20546,0.0019908698445083623,0.43002788641380624,0.0,0.1,561.9163787122211,313.2826449585535,0.0,1.0,0.0,0.0,2.0
20547,0.002750116297412779,0.5940251202411603,0.0,0.1,556.1161586661578,318.3937288161236,0.0,1.0,0.0,0.0,2.0
20548,0.00032509236457819107,0.07021995074888927,1.0,0.1,551.9396203174466,321.84778423193234,0.0,1.0,0.0,0.0,2.0
20549,0.0016513745109683635,0.3566968943691665,0.0,0.1,552.2374205331137,321.4514012633315,0.0,1.0,0.0,0.0,2.0
20550,0.0023275766413727796,0.5027565545365205,0.0,0.1,551.3556864116454,322.2928251539026,0.0,1.0,0.0,0.0,2.0
20551,0.002110211500511561,0.4558056841104971,0.0,0.1,556.3615113787541,317.28672617065695,0.0,1.0,0.0,0.0,2.0
20552,0.00031148300178818786,0.06728032838624858,1.0,0.1,570.6392375515495,303.0468953266614,0.0,1.0,0.0,0.0,2.0
20553,0.00013143932920366608,0.02839089510799187,1.0,0.1,579.0492369758848,294.64130552852737,0.0,1.0,0.0,0.0,2.0
20554,0.0006270204136534315,0.13543640934914122,0.0,0.1,599.0306441726023,274.6996876818851,0.0,1.0,0.0,0.0,2.0
20555,0.000726852675128207,0.1570001778276927,0.0,0.1,,,0.0,1.0,,,2.0
20556,0.0004990799409948216,0.10780126725488147,0.0,0.1,623.5465686892342,250.1672786703918,0.0,1.0,0.0,0.0,2.0
20557,0.0004841138305417307,0.10456858739701384,0.0,0.1,,,0.0,1.0,,,2.0
20558,0.0009737518020530792,0.21033038924346514,0.0,0.1,,,0.0,1.0,,,2.0
20559,0.0010526686161562088,0.2273764210897411,0.0,0.1,,,0.0,1.0,,,2.0
20560,0.0004112416634784621,0.0888281993113478,1.0,0.1,658.0373394654654,216.54976084012688,0.0,1.0,0.0,0.0,2.0
20561,0.0002244124411891339,0.04847308729685292,1.0,0.1,664.3087961666741,210.6265467713315,0.0,1.0,0.0,0.0,2.0
20562,0.0020591179363510905,0.44476947425183555,0.0,0.1,666.2461261198753,208.93374974070076,0.0,1.0,0.0,0.0,2.0
20563,0.0017620772101441724,0.38060867739114124,0.0,0.1,673.1567678293513,203.3923567614904,0.0,1.0,0.0,0.0,2.0
20564,0.0027898281253780056,0.6026028750816492,0.0,0.1,676.2826487807826,202.66743565086117,0.0,1.0,0.0,0.0,2.0
20565,0.001179247549838703,0.2547174707651598,0.0,0.1,678.8068651273865,201.75201366222794,0.0,1.0,0.0,0.0,2.0
20566,0.0015945708949801716,0.3444273133157171,0.0,0.1,679.6927881933661,202.68006829551447,0.0,1.0,0.0,0.0,2.0
20567,,,,0.1,680.4955192826088,203.63785503560922,0.0,1.0,0.0,0.0,2.0
20568,,,,0.1,681.5016898915665,207.43508975278814,,,0.0,0.0,2.0
20569,0.0026728176471382693,0.5773286117818662,0.0,0.1,679.5293147733872,214.95050985907577,0.0,1.0,0.0,0.0,2.0
20570,,,,0.1,682.8774092637275,216.3650147354953,0.0,1.0,0.0,0.0,2.0
20571,,,,0.1,684.0573153054463,218.02032041725528,,,0.0,0.0,2.0
20572,0.0036289426551863206,0.7838516135202453,0.0,0.1,686.1363695432509,223.93008325333062,0.0,1.0,0.0,0.0,2.0
20573,0.001393092168370228,0.3009079083679692,0.0,0.1,686.3137002415992,227.33029485996016,0.0,1.0,0.0,0.0,2.0
20574,0.0017969721278455592,0.3881459796146408,0.0,0.1,688.0704487303371,226.06253796678777,0.0,1.0,0.0,0.0,2.0
20575,0.0007159757144095397,0.1546507543124606,0.0,0.1,689.5054106519634,224.8667176732223,0.0,1.0,0.0,0.0,2.0
20576,0.0015219451352836647,0.3287401492212716,0.0,0.1,690.8469141730958,221.58939503786993,0.0,1.0,0.0,0.0,2.0
20577,0.0009607884573747431,0.2075303067929445,0.0,0.1,692.3709842978349,212.86518517941064,0.0,1.0,0.0,0.0,2.0
20578,0.000535422610761372,0.11565128392445634,0.0,0.1,695.7146570809006,205.15925469654087,0.0,1.0,0.0,0.0,2.0
20579,0.0011717227240353185,0.2530921083916288,0.0,0.1,701.8418272804114,198.18073092440204,0.0,1.0,0.0,0.0,2.0
20580,6.463689163056422e-05,0.013961568592201871,1.0,0.1,702.8226111859976,197.43792787768652,0.0,1.0,0.0,0.0,2.0
20581,0.00042231234148171036,0.09121946576004944,1.0,0.1,704.2833417853542,195.78168731760107,0.0,1.0,0.0,0.0,2.0
20582,0.0004973131968850354,0.10741965052716765,0.0,0.1,703.9960864444243,197.25385812115033,0.0,1.0,0.0,0.0,2.0
20583,0.0005267863141030372,0.11378584384625605,0.0,0.1,708.427935377869,194.19115057695666,0.0,1.0,0.0,0.0,2.0
20584,0.0006810093203399275,0.14709801319342436,0.0,0.1,711.8966546833902,192.64958246706982,0.0,1.0,0.0,0.0,2.0
20585,0.00073553345479325,0.158875226235342,0.0,0.1,712.1472433956087,192.83854390759737,0.0,1.0,0.0,0.0,2.0
20586,0.0006744481662178622,0.14568080390305824,0.0,0.1,714.3121081643842,191.6220226985125,0.0,1.0,0.0,0.0,2.0
20587,0.0008838347733424683,0.19090831104197317,0.0,0.1,714.1750968315612,194.71837730094447,0.0,1.0,0.0,0.0,2.0
20588,0.0007532848699537293,0.16270953191000553,0.0,0.1,717.663074391592,195.92515022165298,0.0,1.0,0.0,0.0,2.0
20589,0.0015814388811630547,0.34159079833121986,0.0,0.1,719.3547181768754,195.9902258465491,0.0,1.0,0.0,0.0,2.0
20590,0.0014201352920320384,0.30674922307892033,0.0,0.1,723.6860580133182,196.13502647922996,0.0,1.0,0.0,0.0,2.0
20591,0.0014786273361141523,0.3193835046006569,0.0,0.1,723.5292458390945,199.06115858001814,0.0,1.0,0.0,0.0,2.0
20592,0.0010697604774271854,0.23106826312427206,0.0,0.1,721.2328203623123,203.82339092969602,0.0,1.0,0.0,0.0,2.0
20593,0.0001995226171887474,0.04309688531276944,1.0,0.1,718.7491343513127,209.64866922336236,0.0,1.0,0.0,0.0,2.0
20594,0.0009995692726805965,0.21590696289900885,0.0,0.1,716.6987528234106,212.54595095036015,0.0,1.0,0.0,0.0,2.0
20595,0.0008652566471947024,0.1868954357940557,0.0,0.1,715.0450633774426,215.0050097262355,0.0,1.0,0.0,0.0,2.0
20596,0.0007902008561509587,0.1706833849286071,0.0,0.1,716.0959498868193,215.21412931100036,0.0,1.0,0.0,0.0,2.0
20597,0.0005172674252501684,0.11172976385403637,0.0,0.1,717.6601069538176,216.49750095760336,0.0,1.0,0.0,0.0,2.0
20598,0.0008117420881221165,0.17533629103437717,0.0,0.1,719.3531310810768,218.2487068160915,0.0,1.0,0.0,0.0,2.0
20599,0.0008842963533361861,0.19100801232061618,0.0,0.1,723.4138896447226,220.80977041355064,0.0,1.0,0.0,0.0,2.0
20600,0.0005825169415358332,0.12582365937173998,0.0,0.1,725.4074001918904,222.04465244756895,0.0,1.0,0.0,0.0,2.0
20601,0.0002533133578035385,0.05471568528556432,1.0,0.1,724.2194249837753,223.65630962336687,0.0,1.0,0.0,0.0,2.0
20602,8.815047536316658e-05,0.019040502678443982,1.0,0.1,723.0435303579907,224.99228064776594,0.0,1.0,0.0,0.0,2.0
20603,0.0003800474103425463,0.08209024063399001,1.0,0.1,721.9779978632189,227.12807531895328,0.0,1.0,0.0,0.0,2.0
20604,0.0003121407816066835,0.06742240882704363,1.0,0.1,718.2133543358735,234.07734164513266,0.0,1.0,0.0,0.0,2.0
20605,0.0002680323199459987,0.057894981108335714,1.0,0.1,711.8565701695378,243.732458426292,0.0,1.0,0.0,0.0,2.0
20606,0.00039923135838048094,0.08623397341018389,1.0,0.1,708.375587351478,248.02899953258088,0.0,1.0,0.0,0.0,2.0
20607,0.0009441058357022498,0.20392686051168596,0.0,0.1,706.0874006707662,250.61312921090502,0.0,1.0,0.0,0.0,2.0
20608,0.0011050011298227161,0.23868024404170668,0.0,0.1,700.9945691601897,255.16782839470346,0.0,1.0,0.0,0.0,2.0
20609,0.000503364137556325,0.10872665371216621,0.0,0.1,698.6717864369965,260.36236948150093,0.0,1.0,0.0,0.0,2.0
20610,0.0004219512765652052,0.09114147573808433,1.0,0.1,695.0404582374022,266.371004167757,0.0,1.0,0.0,0.0,2.0
20611,0.00033960892156313335,0.07335552705763682,1.0,0.1,693.1132284036721,269.8507760905324,0.0,1.0,0.0,0.0,2.0
20612,0.000520947394259821,0.11252463716012133,0.0,0.1,686.4399043580156,275.90835138178613,0.0,1.0,0.0,0.0,2.0
20613,0.0003721114021470184,0.08037606286375597,1.0,0.1,674.3762206402613,284.8563389283909,0.0,1.0,0.0,0.0,2.0
20614,0.0011311230335889946,0.24432257525522286,0.0,0.1,662.39932903683,292.0575081758665,0.0,1.0,0.0,0.0,2.0
20615,0.0009483144298949429,0.20483591685730768,0.0,0.1,653.0013091296618,297.45521983762455,0.0,1.0,0.0,0.0,2.0
20616,0.0014922325948217943,0.32232224048150754,0.0,0.1,647.935428028825,301.32334359487766,0.0,1.0,0.0,0.0,2.0
20617,0.0014206342292749261,0.3068569935233841,0.0,0.1,639.9146843202714,306.148222568432,0.0,1.0,0.0,0.0,2.0
20618,0.0007326550753977203,0.1582534962859076,0.0,0.1,634.7240258581088,307.0553787269732,0.0,1.0,0.0,0.0,2.0
20619,0.0012967093682743009,0.280089223547249,0.0,0.1,627.2131261798303,310.0009189148183,0.0,1.0,0.0,0.0,2.0
20620,0.0008146997371112611,0.17597514321603241,0.0,0.1,621.5342892176609,311.1668887427244,0.0,1.0,0.0,0.0,2.0
20621,0.0023974557853946427,0.5178504496452428,0.0,0.1,620.5609411188282,310.1949309875552,0.0,1.0,0.0,0.0,2.0
20622,0.0016320207332244947,0.35251647837649086,0.0,0.1,617.4391244432702,306.8170205912449,0.0,1.0,0.0,0.0,2.0
20623,0.0016707286436507985,0.36087738702857247,0.0,0.1,615.5594931768217,305.0770672610149,0.0,1.0,0.0,0.0,2.0
20624,0.000233304352151141,0.05039374006464646,1.0,0.1,613.8430877385945,302.96860338125003,0.0,1.0,0.0,0.0,2.0
20625,0.001456097869598681,0.3145171398333151,0.0,0.1,612.4551849830943,301.6524021841488,0.0,1.0,0.0,0.0,2.0
20626,0.0005865358137191105,0.12669173576332787,0.0,0.1,610.0217772644676,300.4852599807475,0.0,1.0,0.0,0.0,2.0
20627,0.0004468738975929216,0.09652476188007107,1.0,0.1,604.5437260633861,301.0135626562674,0.0,1.0,0.0,0.0,2.0
20628,0.001149182172580433,0.2482233492773735,0.0,0.1,604.5985877263681,298.92158160002214,0.0,1.0,0.0,0.0,2.0
20629,0.00020240289670469958,0.04371902568821511,1.0,0.1,605.3635391327558,294.48065734638874,0.0,1.0,0.0,0.0,2.0
20630,0.001328373782179989,0.28692873695087767,0.0,0.1,604.7817713377589,293.19040927738166,0.0,1.0,0.0,0.0,2.0
20631,0.0018490345430096841,0.3993914612900918,0.0,0.1,603.7937150107755,292.0449978458545,0.0,1.0,0.0,0.0,2.0
20632,0.0009232953508557005,0.1994317957848313,0.0,0.1,601.5005051807259,292.60861268718025,0.0,1.0,0.0,0.0,2.0
20633,0.000605269928731165,0.13073830460593164,0.0,0.1,601.5614031071292,289.8239747213365,0.0,1.0,0.0,0.0,2.0
20634,0.00015080617271005125,0.03257413330537107,1.0,0.1,601.443541037113,288.95423145051535,0.0,1.0,0.0,0.0,2.0
20635,0.0004829144170126822,0.10430951407473935,0.0,0.1,599.9996018394748,289.5993343267452,0.0,1.0,0.0,0.0,2.0
20636,0.0007335309554500841,0.15844268637721817,0.0,0.1,601.6643971382224,288.1591929361311,0.0,1.0,0.0,0.0,2.0
20637,0.00016927412454507265,0.03656321090173569,1.0,0.1,603.5166875065614,285.5297449029437,0.0,1.0,0.0,0.0,2.0
20638,0.000469889300869344,0.1014960889877783,0.0,0.1,605.8454139929946,282.36113737030865,0.0,1.0,0.0,0.0,2.0
20639,0.0009144226889245933,0.19751530080771215,0.0,0.1,605.678900060002,281.7871874621793,0.0,1.0,0.0,0.0,2.0
20640,6.806830580365277e-05,0.014702754053589,1.0,0.1,606.1004779295973,280.85347571033435,0.0,1.0,0.0,0.0,2.0
20641,0.0008570589127342862,0.18512472515060582,0.0,0.1,604.8709453661149,281.7560575577402,0.0,1.0,0.0,0.0,2.0
20642,0.00024774085693948707,0.05351202509892921,1.0,0.1,604.7781249262614,281.91902327661745,0.0,1.0,0.0,0.0,2.0
20643,,,,0.1,606.1111317234579,280.77220883134845,0.0,1.0,0.0,0.0,2.0
20644,,,,0.1,606.9833440042548,279.69276300447314,,,0.0,0.0,2.0
20645,,,,0.1,606.6053134601668,279.75226545580426,,,0.0,0.0,2.0
20646,,,,0.1,605.8122594497769,280.83062359848793,0.0,1.0,0.0,0.0,2.0
20647,,,,0.1,604.661609089372,282.6931303001739,,,0.0,0.0,2.0
20648,,,,0.1,605.1168990961729,282.91080825949115,0.0,1.0,0.0,0.0,2.0
20649,,,,0.1,603.3464251733759,285.63316852450174,,,0.0,0.0,2.0
20650,0.0011865656697291156,0.25629818466148896,0.0,0.1,598.5807449874054,289.34124618505496,0.0,1.0,0.0,0.0,2.0
20651,0.0005846987349652845,0.12629492675250145,0.0,0.1,595.9345126090444,292.04647536827883,0.0,1.0,0.0,0.0,2.0
20652,0.0005368437242895888,0.11595824444655117,0.0,0.1,595.1866283064147,292.6129810044969,0.0,1.0,0.0,0.0,2.0
20653,0.0001140800957959421,0.024641300691923492,1.0,0.1,593.6860892865348,293.20091473188216,0.0,1.0,0.0,0.0,2.0
20654,0.0001794454041062409,0.03876020728694803,1.0,0.1,595.2872336393979,291.1917439037898,0.0,1.0,0.0,0.0,2.0
20655,0.00021790398276072147,0.04706726027631584,1.0,0.1,595.3344001433073,290.8010599784955,0.0,1.0,0.0,0.0,2.0
20656,0.00014857413430101473,0.032092013009019184,1.0,0.1,595.4362984690512,289.91652302475404,0.0,1.0,0.0,0.0,2.0
20657,0.0001562864581446913,0.03375787495925332,1.0,0.1,595.1044158569795,289.8154704636289,0.0,1.0,0.0,0.0,2.0
20658,0.00019363021455780417,0.04182412634448571,1.0,0.1,595.3423058984574,289.1344195644731,0.0,1.0,0.0,0.0,2.0
20659,0.00016497518655005637,0.03563464029481218,1.0,0.1,595.8219790008274,288.47827888267426,0.0,1.0,0.0,0.0,2.0
20660,3.966773032936214e-05,0.008568229751142223,1.0,0.1,595.4664859278876,288.9620380542319,0.0,1.0,0.0,0.0,2.0
20661,0.00014021742028096066,0.0302869627806875,1.0,0.1,595.841852807014,288.43878688713744,0.0,1.0,0.0,0.0,2.0
20662,8.676829325939812e-05,0.018741951344029995,1.0,0.1,596.4426659260192,287.96008895484675,0.0,1.0,0.0,0.0,2.0
20663,0.00047244456858247194,0.10204802681381395,0.0,0.1,596.6880710107129,287.80889744644793,0.0,1.0,0.0,0.0,2.0
20664,0.00012643740003251611,0.02731047840702348,1.0,0.1,596.886190074486,287.3416830999766,0.0,1.0,0.0,0.0,2.0
20665,0.0001606294306223786,0.03469595701443378,1.0,0.1,596.6004640310258,287.15748989321514,0.0,1.0,0.0,0.0,2.0
20666,7.008846984597437e-05,0.015139109486730463,1.0,0.1,596.4156354597965,286.9627678115125,0.0,1.0,0.0,0.0,2.0
20667,0.000506699978260194,0.1094471953042019,0.0,0.1,595.5732680436394,287.09037935440693,0.0,1.0,0.0,0.0,2.0
20668,2.0308938152928714e-05,0.004386730641032602,1.0,0.1,597.5129117591398,285.16641747993816,0.0,1.0,0.0,0.0,2.0
20669,0.0001230043850335271,0.026568947167241855,1.0,0.1,598.0025650707432,284.4683777708124,0.0,1.0,0.0,0.0,2.0
20670,0.00029887362225767796,0.06455670240765844,1.0,0.1,598.4317424788538,283.8045548100505,0.0,1.0,0.0,0.0,2.0
20671,,,,0.1,595.5174190788484,285.288367438639,0.0,1.0,0.0,0.0,2.0
20672,,,,0.1,593.8030430192861,286.0850956613404,,,0.0,0.0,2.0
20673,,,,0.1,594.747195178757,285.0564144809193,,,0.0,0.0,2.0
20674,,,,0.1,596.2259045501734,283.6345491917554,,,0.0,0.0,2.0
20675,,,,0.1,596.192993660153,283.9341502412935,,,0.0,0.0,2.0
20676,,,,0.1,596.0253982235215,284.4270433419683,,,0.0,0.0,2.0
20677,,,,0.1,595.6996834033826,284.9021589987997,,,0.0,0.0,2.0
20678,,,,0.1,595.3377461770715,285.2121943289895,,,0.0,0.0,2.0
20679,,,,0.1,595.2151038433661,285.20521401074734,,,0.0,0.0,2.0
20680,,,,0.1,595.2578308725085,285.11303377654895,,,0.0,0.0,2.0
20681,,,,0.1,595.2037519439868,285.8857287674266,,,0.0,0.0,2.0
20682,,,,0.1,595.6056440680065,286.61315156502894,,,0.0,0.0,2.0
20683,0.00012002378112537402,0.02592513672308079,1.0,0.1,593.1750125653092,289.1023895876864,0.0,1.0,0.0,0.0,2.0
20684,0.00015318812598857492,0.03308863521353218,1.0,0.1,592.6680636181849,289.6800366726817,0.0,1.0,0.0,0.0,2.0
20685,0.00026782612301858895,0.057850442572015215,1.0,0.1,592.9029113017795,289.35684230464915,0.0,1.0,0.0,0.0,2.0
20686,0.00013690890221117695,0.02957232287761422,1.0,0.1,590.3080395530567,291.8866626035312,0.0,1.0,0.0,0.0,2.0
20687,9.167373675212497e-05,0.019801527138458994,1.0,0.1,586.8504296139295,294.6995473825251,0.0,1.0,0.0,0.0,2.0
20688,0.00013236605659858853,0.02859106822529512,1.0,0.1,585.1792087317842,296.3317399050685,0.0,1.0,0.0,0.0,2.0
20689,0.00022029136593694823,0.04758293504238082,1.0,0.1,583.1541529803884,297.86400162599585,0.0,1.0,0.0,0.0,2.0
20690,0.000846764663822981,0.1829011673857639,0.0,0.1,581.904706093738,298.16314254635313,0.0,1.0,0.0,0.0,2.0
20691,,,,0.1,580.1086351275654,299.482014627037,0.0,1.0,0.0,0.0,2.0
20692,,,,0.1,579.616023492442,299.6564669450897,,,0.0,0.0,2.0
20693,,,,0.1,578.2688028897802,300.01636497657523,,,0.0,0.0,2.0
20694,,,,0.1,577.5115293658749,299.6845445724942,,,0.0,0.0,2.0
20695,,,,0.1,578.3606611372279,298.6974299728976,,,0.0,0.0,2.0
20696,,,,0.1,578.9338727012565,298.26355537339685,,,0.0,0.0,2.0
20697,,,,0.1,578.5084672383441,298.79337881461356,,,0.0,0.0,2.0
20698,,,,0.1,578.9183618731319,299.0911385122374,,,0.0,0.0,2.0
20699,,,,0.1,579.2734331354065,299.1996687802792,,,0.0,0.0,2.0
20700,,,,0.1,578.9129337667558,299.78865638253876,,,0.0,0.0,2.0
20701,,,,0.1,577.8681781408922,300.73876421829215,,,0.0,0.0,2.0
20702,0.00012395005231148124,0.02677321129927995,1.0,0.1,577.7896675495118,300.7223985373214,0.0,1.0,0.0,0.0,2.0
20703,0.00011057867097023078,0.02388499292956985,1.0,0.1,579.1528554996081,299.4886773541716,0.0,1.0,0.0,0.0,2.0
20704,0.0002519042668863819,0.0544113216474585,1.0,0.1,580.0026000263823,299.22466833920504,0.0,1.0,0.0,0.0,2.0
20705,0.00011568531343585855,0.02498802770214545,1.0,0.1,581.8508463980038,297.9688027114802,0.0,1.0,0.0,0.0,2.0
20706,0.00028162540708351016,0.0608310879300382,1.0,0.1,582.6454545317465,297.26320555036955,0.0,1.0,0.0,0.0,2.0
20707,2.9310767807731656e-05,0.006331125846470037,1.0,0.1,583.1344214385241,297.04434287280867,0.0,1.0,0.0,0.0,2.0
20708,0.00014437899744477748,0.031185863448071935,1.0,0.1,584.3767614498881,296.0396532514911,0.0,1.0,0.0,0.0,2.0
20709,2.3259315709083054e-05,0.00502401219316194,1.0,0.1,583.8814306352415,296.20977075189285,0.0,1.0,0.0,0.0,2.0
20710,4.5083383299725674e-05,0.009738010792740746,1.0,0.1,585.4232414470838,294.85011314135454,0.0,1.0,0.0,0.0,2.0
20711,0.00044248140727771166,0.09557598397198573,1.0,0.1,585.878614055794,294.41592569234234,0.0,1.0,0.0,0.0,2.0
20712,0.00022757485707957097,0.049156169129187334,1.0,0.1,586.7405615239767,293.1155644960338,0.0,1.0,0.0,0.0,2.0
20713,,,,0.1,588.3620014007194,291.3341747636823,0.0,1.0,0.0,0.0,2.0
20714,,,,0.1,589.1879854073816,290.41685508474376,,,0.0,0.0,2.0
20715,,,,0.1,589.5795928551506,290.0495196083871,,,0.0,0.0,2.0
20716,,,,0.1,590.517023934285,288.84588535002507,,,0.0,0.0,2.0
20717,,,,0.1,590.8026672305214,288.8606894089469,,,0.0,0.0,2.0
20718,8.248319176328777e-05,0.01781636942087016,1.0,0.1,590.5667638764294,289.6408696428509,0.0,1.0,0.0,0.0,2.0
20719,4.0630131154625635e-05,0.008776108329399138,1.0,0.1,589.4324623409296,291.22126278403744,0.0,1.0,0.0,0.0,2.0
20720,6.082935036665763e-05,0.013139139679198048,1.0,0.1,589.2575255990301,291.5830182955934,0.0,1.0,0.0,0.0,2.0
20721,5.811382546944522e-05,0.012552586301400168,1.0,0.1,589.9696526903782,290.8698125758277,0.0,1.0,0.0,0.0,2.0
20722,9.815005012973806e-05,0.021200410828023424,1.0,0.1,589.8938387920612,290.80480332289386,0.0,1.0,0.0,0.0,2.0
20723,0.000212878800807311,0.045981820974379174,1.0,0.1,590.3995630817024,290.1771193323149,0.0,1.0,0.0,0.0,2.0
20724,3.539038410916494e-05,0.007644322967579626,1.0,0.1,590.1848715419067,290.5507359228169,0.0,1.0,0.0,0.0,2.0
20725,,,,0.1,593.5273218314924,287.5215564112865,0.0,1.0,0.0,0.0,2.0
20726,,,,0.1,599.5520658642383,282.56682807318913,,,0.0,0.0,2.0
20727,,,,0.1,603.9281070828184,277.8575977446339,,,0.0,0.0,2.0
20728,,,,0.1,608.2028857564027,272.86985454203534,,,0.0,0.0,2.0
20729,,,,0.1,614.160430978919,266.7465412916275,,,0.0,0.0,2.0
20730,,,,0.1,620.9204967375232,258.8575416595821,,,0.0,0.0,2.0
20731,,,,0.1,,,,,,,2.0
20732,,,,0.1,634.3315607957089,244.0950528142988,,,0.0,0.0,2.0
20733,,,,0.1,,,,,,,2.0
20734,,,,0.1,635.7285251033026,242.61436835723836,,,0.0,0.0,2.0
20735,,,,0.1,635.5708044427174,243.18771495435206,,,0.0,0.0,2.0
20736,,,,0.1,635.7788188488703,244.734216546684,,,0.0,0.0,2.0
20737,,,,0.1,637.8066834701921,242.92676058363278,,,0.0,0.0,2.0
20738,,,,0.1,637.9446664694797,242.88927416492538,,,0.0,0.0,2.0
20739,,,,0.1,638.3025619663885,243.0655376047987,,,0.0,0.0,2.0
20740,,,,0.1,638.703493146993,242.547637686857,,,0.0,0.0,2.0
20741,,,,0.1,638.5551212046907,242.38038101283107,,,0.0,0.0,2.0
20742,,,,0.1,638.7886252052496,242.02425665485742,,,0.0,0.0,2.0
20743,,,,0.1,640.4074921028208,240.25250170547332,,,0.0,0.0,2.0
20744,,,,0.1,,,,,,,2.0
20745,,,,0.1,,,,,,,2.0
20746,,,,0.1,639.2262172776864,238.93261668562113,,,0.0,0.0,2.0
20747,,,,0.1,,,,,,,2.0
20748,,,,0.1,650.9394965360957,226.86948542506843,,,0.0,0.0,2.0
20749,,,,0.1,,,,,,,2.0
20750,,,,0.1,650.2137769801237,225.40586562764656,,,0.0,0.0,2.0
20751,,,,0.1,649.2774104512457,226.18745158504743,,,0.0,0.0,2.0
20752,,,,0.1,645.8192880118015,229.56314540851534,,,0.0,0.0,2.0
20753,,,,0.1,,,,,,,2.0
20754,,,,0.1,634.9031510768802,242.3330347009421,,,0.0,0.0,2.0
20755,,,,0.1,634.8630404764173,243.12309193917372,,,0.0,0.0,2.0
20756,,,,0.1,635.8502579532496,242.5956218207056,,,0.0,0.0,2.0
20757,,,,0.1,635.5497356653017,243.25400471723992,,,0.0,0.0,2.0
20758,,,,0.1,635.0017962324306,243.56944425481942,,,0.0,0.0,2.0
20759,,,,0.1,636.9977365200848,241.3532091821507,,,0.0,0.0,2.0
20760,,,,0.1,638.067958216368,240.3989336890739,,,0.0,0.0,2.0
20761,,,,0.1,636.8563015580015,240.9579173224608,,,0.0,0.0,2.0
20762,,,,0.1,639.3033137022874,238.49702868148321,,,0.0,0.0,2.0
20763,,,,0.1,638.8614718233355,238.82952581228176,,,0.0,0.0,2.0
20764,,,,0.1,639.4630616468748,238.33001808493214,,,0.0,0.0,2.0
20765,,,,0.1,,,,,,,2.0
20766,,,,0.1,,,,,,,2.0
20767,,,,0.1,,,,,,,2.0
20768,,,,0.1,,,,,,,2.0
20769,,,,0.1,,,,,,,2.0
20770,,,,0.1,,,,,,,2.0
20771,,,,0.1,623.4534354464897,253.30692683911695,,,0.0,0.0,2.0
20772,,,,0.1,617.6749006810874,259.15091396813983,,,0.0,0.0,2.0
20773,,,,0.1,612.6690903335101,264.2080117081444,,,0.0,0.0,2.0
20774,,,,0.1,611.4364174839637,265.59996335203226,,,0.0,0.0,2.0
20775,,,,0.1,610.6493716447737,266.7970359215663,,,0.0,0.0,2.0
20776,,,,0.1,,,,,,,2.0
20777,,,,0.1,610.0755525077394,269.71961175924883,,,0.0,0.0,2.0
20778,,,,0.1,609.5655054048343,270.30610152886186,,,0.0,0.0,2.0
20779,,,,0.1,607.5814361155976,272.50825608626036,,,0.0,0.0,2.0
20780,,,,0.1,604.256235069723,275.69911403662394,,,0.0,0.0,2.0
20781,,,,0.1,603.5455957832781,275.3655199288621,,,0.0,0.0,2.0
20782,,,,0.1,600.7955699554634,276.8902104878739,,,0.0,0.0,2.0
20783,,,,0.1,596.6542114681325,280.50270534048025,,,0.0,0.0,2.0
20784,,,,0.1,593.9426165689476,282.78283317935086,,,0.0,0.0,2.0
20785,,,,0.1,592.237611603033,284.40053539648767,,,0.0,0.0,2.0
20786,,,,0.1,591.2331218296047,285.3761944727082,,,0.0,0.0,2.0
20787,,,,0.1,588.0997595745318,288.7384858937056,,,0.0,0.0,2.0
20788,,,,0.1,579.3551802455944,297.6462378853536,,,0.0,0.0,2.0
20789,,,,0.1,575.8727484066856,301.4710401253498,,,0.0,0.0,2.0
20790,,,,0.1,574.6543055478602,302.3901489755086,,,0.0,0.0,2.0
20791,,,,0.1,572.5012357273447,304.24252985478745,,,0.0,0.0,2.0
20792,,,,0.1,572.5583639975628,304.2221049981938,,,0.0,0.0,2.0
20793,,,,0.1,572.7676533427206,304.32377256246906,,,0.0,0.0,2.0
20794,0.0008206702716043627,0.17726477866654233,0.0,0.1,568.2192467280498,309.4643613509807,0.0,1.0,0.0,0.0,2.0
20795,0.0006798167949367924,0.14684042770634714,0.0,0.1,561.390719056888,316.95988356335664,0.0,1.0,0.0,0.0,2.0
20796,0.00048687404784141083,0.10516479433374475,0.0,0.1,561.9297204656643,317.1459631914609,0.0,1.0,0.0,0.0,2.0
20797,0.0003032710509111264,0.0655065469968033,1.0,0.1,560.8544646713048,318.72781956234,0.0,1.0,0.0,0.0,2.0
20798,0.0003907915320750162,0.08441097092820349,1.0,0.1,558.018827548277,321.49851138438555,0.0,1.0,0.0,0.0,2.0
20799,0.0008227569152830058,0.17771549370112924,0.0,0.1,554.1742193301689,325.57311008976814,0.0,1.0,0.0,0.0,2.0
20800,0.00042175378034376,0.09109881655425217,1.0,0.1,549.9634725780626,329.78330576415055,0.0,1.0,0.0,0.0,2.0
20801,0.0007242385396436276,0.1564355245630236,0.0,0.1,546.8517905824252,332.57886938704473,0.0,1.0,0.0,0.0,2.0
20802,0.0006606533699957608,0.14270112791908435,0.0,0.1,543.6061845873264,335.50995537585084,0.0,1.0,0.0,0.0,2.0
20803,0.0009091966178262047,0.19638646945046023,0.0,0.1,540.383873556294,338.4590860093451,0.0,1.0,0.0,0.0,2.0
20804,0.0005384141022760844,0.11629744609163423,0.0,0.1,535.0972519567001,344.1055720631522,0.0,1.0,0.0,0.0,2.0
20805,0.0009198020013764301,0.1986772322973089,0.0,0.1,534.3730900078515,346.07914406831213,0.0,1.0,0.0,0.0,2.0
20806,0.0008868327526469646,0.19155587457174436,0.0,0.1,531.1713665405065,350.655669705213,0.0,1.0,0.0,0.0,2.0
20807,0.0003635857540878437,0.07853452288297423,1.0,0.1,531.8840474239666,351.18453248675553,0.0,1.0,0.0,0.0,2.0
20808,0.0001958001402176996,0.04229283028702312,1.0,0.1,531.500409704483,351.8723666065723,0.0,1.0,0.0,0.0,2.0
20809,0.0003718595074418732,0.08032165360744462,1.0,0.1,528.4224179964946,355.69099552682525,0.0,1.0,0.0,0.0,2.0
20810,0.000807582862725629,0.17443789834873588,0.0,0.1,523.6876156253154,360.91770909022034,0.0,1.0,0.0,0.0,2.0
20811,0.0009792181853240517,0.21151112802999517,0.0,0.1,522.5927235827722,363.07904919917814,0.0,1.0,0.0,0.0,2.0
20812,0.00029819581150750704,0.06441029528562152,1.0,0.1,519.6241548197451,365.5727069763396,0.0,1.0,0.0,0.0,2.0
20813,0.0003181324944937735,0.06871661881065508,1.0,0.1,518.6578566859939,366.5160627329567,0.0,1.0,0.0,0.0,2.0
20814,0.00028267044989932136,0.06105681717825341,1.0,0.1,518.6573421435982,366.6824721313887,0.0,1.0,0.0,0.0,2.0
20815,0.0009242536847284547,0.19963879590134623,0.0,0.1,516.4214413183954,368.95766419262446,0.0,1.0,0.0,0.0,2.0
20816,0.0002782428300975201,0.06010045130106435,1.0,0.1,517.4623847793928,367.3015787730875,0.0,1.0,0.0,0.0,2.0
20817,0.00021730973868928794,0.046938903556886194,1.0,0.1,515.3244966054995,367.96897527641744,0.0,1.0,0.0,0.0,2.0
20818,0.0003496967674664899,0.07553450177276183,1.0,0.1,513.9782969275193,368.6643727131596,0.0,1.0,0.0,0.0,2.0
20819,0.0004857741643961962,0.1049272195095784,0.0,0.1,514.2444638755413,368.3713585650913,0.0,1.0,0.0,0.0,2.0
20820,0.00020867952174854045,0.04507477669768474,1.0,0.1,514.512132902391,368.5427713086247,0.0,1.0,0.0,0.0,2.0
20821,0.0002267534037123112,0.04897873520185922,1.0,0.1,517.1856960247629,367.0430247338285,0.0,1.0,0.0,0.0,2.0
20822,0.0001840269516970006,0.03974982156655213,1.0,0.1,518.138265154941,367.5288524364654,0.0,1.0,0.0,0.0,2.0
20823,0.0001202667121524463,0.0259776098249284,1.0,0.1,519.1999201294153,366.6830818190505,0.0,1.0,0.0,0.0,2.0
20824,0.00035971081257451826,0.07769753551609594,1.0,0.1,520.9831307274699,364.5520483553458,0.0,1.0,0.0,0.0,2.0
20825,0.0002621035681020744,0.05661437071004807,1.0,0.1,522.7139759417704,362.09684599189217,0.0,1.0,0.0,0.0,2.0
20826,0.0008278752129259643,0.17882104599200832,0.0,0.1,524.3754715292379,360.3450199114714,0.0,1.0,0.0,0.0,2.0
20827,7.514780828995072e-05,0.016231926590629355,1.0,0.1,527.5730404480578,356.6153694984348,0.0,1.0,0.0,0.0,2.0
20828,0.0004762584525451288,0.10287182574974782,0.0,0.1,530.0607782256856,353.84872633017943,0.0,1.0,0.0,0.0,2.0
20829,0.0005048992120938741,0.10905822981227681,0.0,0.1,532.158488990526,351.15106502474436,0.0,1.0,0.0,0.0,2.0
20830,0.0005304800619393499,0.11458369337889958,0.0,0.1,532.8356863316466,350.14790248685284,0.0,1.0,0.0,0.0,2.0
20831,0.0002586127737031323,0.05586035911987657,1.0,0.1,532.952252005836,349.9959657253757,0.0,1.0,0.0,0.0,2.0
20832,0.000394586580555836,0.08523070140006057,1.0,0.1,533.7985717578531,349.4566006437515,0.0,1.0,0.0,0.0,2.0
20833,0.0004050404396781564,0.08748873497048179,1.0,0.1,535.1162191535385,347.64461912456676,0.0,1.0,0.0,0.0,2.0
20834,0.0005754523114582825,0.12429769927498902,0.0,0.1,538.4289058484851,343.0229721605278,0.0,1.0,0.0,0.0,2.0
20835,0.0002647047600745622,0.05717622817610543,1.0,0.1,537.8403440645452,342.15518917303757,0.0,1.0,0.0,0.0,2.0
20836,3.814090642553303e-05,0.008238435787915135,1.0,0.1,534.8395306207373,344.408755426057,0.0,1.0,0.0,0.0,2.0
20837,9.956769750308362e-05,0.021506622660666063,1.0,0.1,535.8190183608359,343.4091618290665,0.0,1.0,0.0,0.0,2.0
20838,0.0003217224117245799,0.06949204093250927,1.0,0.1,535.0684195979379,344.84155087020963,0.0,1.0,0.0,0.0,2.0
20839,0.0005407010653388437,0.11679143011319025,0.0,0.1,534.6069126396641,346.385350950034,0.0,1.0,0.0,0.0,2.0
20840,0.00039757532932972565,0.08587627113522074,1.0,0.1,532.6240052360179,348.9811173590782,0.0,1.0,0.0,0.0,2.0
20841,0.0001923763953655745,0.04155330139896409,1.0,0.1,532.4611203701496,349.43661014808697,0.0,1.0,0.0,0.0,2.0
20842,0.0002548584518418175,0.05504942559783258,1.0,0.1,530.8853120594717,350.79988331824507,0.0,1.0,0.0,0.0,2.0
20843,0.00014393776286358154,0.03109055677853361,1.0,0.1,531.3964712051352,349.7191904256705,0.0,1.0,0.0,0.0,2.0
20844,4.1693730893491457e-05,0.009005845872994155,1.0,0.1,529.3478739736088,351.182033122712,0.0,1.0,0.0,0.0,2.0
20845,7.840508248959196e-05,0.016935497817751863,1.0,0.1,529.2329897037873,351.0447350488703,0.0,1.0,0.0,0.0,2.0
20846,9.818927685320398e-05,0.02120888380029206,1.0,0.1,529.3246684382261,350.90569777164563,0.0,1.0,0.0,0.0,2.0
20847,0.0003333004147709944,0.07199288959053479,1.0,0.1,526.2256171909845,353.4343303456342,0.0,1.0,0.0,0.0,2.0
20848,0.0006925479821839207,0.14959036415172688,0.0,0.1,524.3631183241627,354.9040363369235,0.0,1.0,0.0,0.0,2.0
20849,0.0002460367818010014,0.05314394486901631,1.0,0.1,523.7289554229992,355.3255522222307,0.0,1.0,0.0,0.0,2.0
20850,0.00020033065449055366,0.043271421369959595,1.0,0.1,521.3752674847991,357.76709136815657,0.0,1.0,0.0,0.0,2.0
20851,0.0008359785731510524,0.18057137180062732,0.0,0.1,520.5931699436464,359.9460043562602,0.0,1.0,0.0,0.0,2.0
20852,0.0010685237632281693,0.23080113285728457,0.0,0.1,519.1131520291916,362.6171316717389,0.0,1.0,0.0,0.0,2.0
20853,0.00021967677021111104,0.04745018236559999,1.0,0.1,516.9742807148406,365.89083444316316,0.0,1.0,0.0,0.0,2.0
20854,0.0002384216725290491,0.05149908126627461,1.0,0.1,511.22059393517617,371.592279824523,0.0,1.0,0.0,0.0,2.0
20855,0.0005297324763951261,0.11442221490134724,0.0,0.1,507.712537884415,375.3673352503368,0.0,1.0,0.0,0.0,2.0
20856,0.00040141909773403546,0.08670652511055166,1.0,0.1,501.6424268267029,381.06902668397356,0.0,1.0,0.0,0.0,2.0
20857,0.0004955845557313879,0.10704626403797977,0.0,0.1,499.18432229806336,383.70124975157415,0.0,1.0,0.0,0.0,2.0
20858,0.00024885800262036207,0.05375332856599821,1.0,0.1,498.3773522732956,384.6508757470338,0.0,1.0,0.0,0.0,2.0
20859,0.00034059490332566974,0.07356849911834466,1.0,0.1,498.1153096486108,384.6788013074585,0.0,1.0,0.0,0.0,2.0
20860,0.001509499304890373,0.3260518498563206,0.0,0.1,492.9881858782519,388.7303627801181,0.0,1.0,0.0,0.0,2.0
20861,0.0010993530047210117,0.23746024901973853,0.0,0.1,484.06736794878276,397.27878861612646,0.0,1.0,0.0,0.0,2.0
20862,0.00047194304998162843,0.10193969879603175,0.0,0.1,481.4486847845982,400.030786810375,0.0,1.0,0.0,0.0,2.0
20863,0.0002230984657722746,0.04818926860681131,1.0,0.1,479.45807575860414,401.915458383471,0.0,1.0,0.0,0.0,2.0
20864,0.0008023355866599169,0.17330448671854207,0.0,0.1,478.3498858498764,402.86144270148236,0.0,1.0,0.0,0.0,2.0
20865,0.00021703522948291086,0.04687960956830874,1.0,0.1,479.30684458609215,401.8115701780037,0.0,1.0,0.0,0.0,2.0
20866,0.0004929778686699681,0.10648321963271312,0.0,0.1,482.17174725733804,399.2436594340955,0.0,1.0,0.0,0.0,2.0
20867,0.0007693762854535403,0.1661852776579647,0.0,0.1,487.55338967785275,394.54462936033633,0.0,1.0,0.0,0.0,2.0
20868,0.0024353262300708715,0.5260304656953082,0.0,0.1,491.820535734636,391.01199013406756,0.0,1.0,0.0,0.0,2.0
20869,0.0018734276313811418,0.40466036837832664,0.0,0.1,497.9619180421475,385.91418549408104,0.0,1.0,0.0,0.0,2.0
20870,0.000463854807959608,0.10019263851927533,0.0,0.1,501.2888400633568,382.7281071675085,0.0,1.0,0.0,0.0,2.0
20871,0.0007071788817350448,0.1527506384547697,0.0,0.1,504.2386403381292,380.943793811828,0.0,1.0,0.0,0.0,2.0
20872,0.0006721636030225204,0.1451873382528644,0.0,0.1,505.883297917229,380.4453212656538,0.0,1.0,0.0,0.0,2.0
20873,0.00035790546278855227,0.07730757996232729,1.0,0.1,506.2309711076627,380.7489262463517,0.0,1.0,0.0,0.0,2.0
20874,0.00016192898100826674,0.03497665989778562,1.0,0.1,505.8632010761188,381.19449574496366,0.0,1.0,0.0,0.0,2.0
20875,0.0006433200744644657,0.1389571360843246,0.0,0.1,504.72780081224545,383.24043097512936,0.0,1.0,0.0,0.0,2.0
20876,0.0002612855777736162,0.0564376847991011,1.0,0.1,502.74564634080855,387.1954826163693,0.0,1.0,0.0,0.0,2.0
20877,0.0002520606324393296,0.05444509660689519,1.0,0.1,501.77862709164975,388.6816298818219,0.0,1.0,0.0,0.0,2.0
20878,0.00034492902598341996,0.07450466961241871,1.0,0.1,499.17256965659993,391.7347470598996,0.0,1.0,0.0,0.0,2.0
20879,0.0012259017156723922,0.26479477058523676,0.0,0.1,499.41968779250107,391.9122867276707,0.0,1.0,0.0,0.0,2.0
20880,5.311847051402972e-05,0.011473589631030418,1.0,0.1,501.4529533947717,390.5890520246717,0.0,1.0,0.0,0.0,2.0
20881,0.0002559630471727871,0.05528801818932202,1.0,0.1,504.80943247647525,386.86435088261277,0.0,1.0,0.0,0.0,2.0
20882,0.0004080989399416247,0.08814937102739094,1.0,0.1,506.906379544276,383.8698201302294,0.0,1.0,0.0,0.0,2.0
20883,0.0004632318952986607,0.10005808938451072,0.0,0.1,512.5159295572932,377.31579134899994,0.0,1.0,0.0,0.0,2.0
20884,0.0009761815511491881,0.21085521504822463,0.0,0.1,518.5604629170737,369.69887253620925,0.0,1.0,0.0,0.0,2.0
20885,0.0006952433291084777,0.15017255908743118,0.0,0.1,524.3561131906096,362.51625597649667,0.0,1.0,0.0,0.0,2.0
20886,0.00041748639366752464,0.09017706103218533,1.0,0.1,525.741188134317,359.47094699230445,0.0,1.0,0.0,0.0,2.0
20887,0.00047585659118792563,0.10278502369659194,0.0,0.1,528.7569415418336,354.3483248237354,0.0,1.0,0.0,0.0,2.0
20888,0.0006782506830686914,0.14650214754283733,0.0,0.1,530.1901128153539,351.9441760119879,0.0,1.0,0.0,0.0,2.0
20889,0.0008891759171778827,0.19206199811042265,0.0,0.1,533.0904057308709,347.87403492910624,0.0,1.0,0.0,0.0,2.0
20890,0.00017070651116375107,0.03687260641137023,1.0,0.1,536.062115293531,343.8789090712165,0.0,1.0,0.0,0.0,2.0
20891,0.001222937090565317,0.2641544115621085,0.0,0.1,536.8093892753362,342.59292760717517,0.0,1.0,0.0,0.0,2.0
20892,0.0006617559460324269,0.1429392843430042,0.0,0.1,,,0.0,1.0,,,2.0
20893,0.00039974344152149,0.08634458336864184,1.0,0.1,537.5864913014989,341.34359012846403,0.0,1.0,0.0,0.0,2.0
20894,0.00038010783645702514,0.08210329267471743,1.0,0.1,534.4836015277958,344.05378609869797,0.0,1.0,0.0,0.0,2.0
20895,0.00025542240157561043,0.055171238740331856,1.0,0.1,535.2129387042796,343.1450475573896,0.0,1.0,0.0,0.0,2.0
20896,0.0005279041387778275,0.11402729397601075,0.0,0.1,537.6069550700622,340.7084695323152,0.0,1.0,0.0,0.0,2.0
20897,0.0005794267104729171,0.1251561694621501,0.0,0.1,538.739852677295,339.93353654029784,0.0,1.0,0.0,0.0,2.0
20898,0.000541704900750992,0.11700825856221428,0.0,0.1,539.6480529771222,339.61070312161763,0.0,1.0,0.0,0.0,2.0
20899,0.0007425803659009401,0.1603973590346031,0.0,0.1,537.8275699914751,341.2056174093331,0.0,1.0,0.0,0.0,2.0
20900,0.00028186231392893625,0.060882259808650224,1.0,0.1,536.377813932236,342.350350687709,0.0,1.0,0.0,0.0,2.0
20901,0.000526958727370538,0.11382308511203622,0.0,0.1,537.8129987097501,342.9323805765358,0.0,1.0,0.0,0.0,2.0
20902,0.00017509077106896902,0.037819606550897306,1.0,0.1,536.9993757185864,345.61157905560685,0.0,1.0,0.0,0.0,2.0
20903,9.901620606222947e-05,0.021387500509441566,1.0,0.1,537.2447890632092,347.10668190668116,0.0,1.0,0.0,0.0,2.0
20904,0.0008353802790055346,0.1804421402651955,0.0,0.1,537.8987394636441,346.95518864486826,0.0,1.0,0.0,0.0,2.0
20905,0.00016948236946592564,0.03660819180463994,1.0,0.1,542.32645963446,343.02550242147066,0.0,1.0,0.0,0.0,2.0
20906,0.0007861652178373636,0.16981168705287056,0.0,0.1,554.1504115523871,333.04271230969186,0.0,1.0,0.0,0.0,2.0
20907,0.0008633261668773935,0.186478452045517,0.0,0.1,566.8427205211526,323.18781484193136,0.0,1.0,0.0,0.0,2.0
20908,0.0005965381303891851,0.128852236164064,0.0,0.1,579.0288490271829,314.0085390143422,0.0,1.0,0.0,0.0,2.0
20909,0.001311703675649923,0.2833279939403834,0.0,0.1,584.8479035256541,309.6555187360122,0.0,1.0,0.0,0.0,2.0
20910,0.00114145684940651,0.2465546794718062,0.0,0.1,589.4930795933437,306.4612314828158,0.0,1.0,0.0,0.0,2.0
20911,0.0013304035836280534,0.2873671740636595,0.0,0.1,590.8714322586106,306.6371212280515,0.0,1.0,0.0,0.0,2.0
20912,0.0005833387173143884,0.1260011629399079,0.0,0.1,595.4617442847899,302.43919242960135,0.0,1.0,0.0,0.0,2.0
20913,0.000956569632853011,0.2066190406962504,0.0,0.1,597.7149542955862,299.9665320906862,0.0,1.0,0.0,0.0,2.0
20914,0.0010192195085145562,0.22015141383914413,0.0,0.1,601.261063473092,295.0275242344475,0.0,1.0,0.0,0.0,2.0
20915,0.0010975011782945886,0.23706025451163115,0.0,0.1,607.1882760843735,288.7704888614261,0.0,1.0,0.0,0.0,2.0
20916,0.00023993963990628185,0.051826962219756884,1.0,0.1,609.1217894555272,285.4280682043165,0.0,1.0,0.0,0.0,2.0
20917,0.0004673523989557649,0.10094811817444521,0.0,0.1,608.0063661024601,283.3371834297546,0.0,1.0,0.0,0.0,2.0
20918,0.0002769770925986165,0.059827052001301166,1.0,0.1,607.0291987395763,283.2729067603219,0.0,1.0,0.0,0.0,2.0
20919,0.0008410709425224545,0.18167132358485016,0.0,0.1,606.359903591484,282.02283226427363,0.0,1.0,0.0,0.0,2.0
20920,0.001242388826303147,0.2683559864814798,0.0,0.1,606.3830212322893,278.93008247288145,0.0,1.0,0.0,0.0,2.0
20921,0.0001968705086907542,0.04252402987720291,1.0,0.1,607.2959067864546,277.49697661592666,0.0,1.0,0.0,0.0,2.0
20922,0.0011726027851076042,0.2532822015832425,0.0,0.1,607.453444076193,276.61593749577617,0.0,1.0,0.0,0.0,2.0
20923,0.00024396942481224297,0.05269739575944449,1.0,0.1,,,0.0,1.0,,,2.0
20924,0.0010119319135701052,0.21857729333114273,0.0,0.1,,,0.0,1.0,,,2.0
20925,0.0014432222383115444,0.31173600347529357,0.0,0.1,607.6953081533612,273.460537885376,0.0,1.0,0.0,0.0,2.0
20926,0.0006310719424173753,0.13631153956215308,0.0,0.1,610.7801997333114,270.6304986430703,0.0,1.0,0.0,0.0,2.0
20927,0.0003813531646443146,0.08237228356317194,1.0,0.1,611.7397082069937,270.0978539533648,0.0,1.0,0.0,0.0,2.0
20928,0.00038565358433854897,0.08330117421712659,1.0,0.1,610.9070303410749,271.54840506365764,0.0,1.0,0.0,0.0,2.0
20929,0.00034419240945745823,0.07434556044281097,1.0,0.1,608.1646333986076,275.4048339640659,0.0,1.0,0.0,0.0,2.0
20930,0.0001001096227563582,0.021623678515373373,1.0,0.1,602.0817479350907,283.0055880344825,0.0,1.0,0.0,0.0,2.0
20931,0.00016635491046583064,0.03593266066061942,1.0,0.1,599.1787714389982,286.39228019900605,0.0,1.0,0.0,0.0,2.0
20932,0.0003126979434301927,0.06754275578092163,1.0,0.1,595.557891892791,291.4588888927235,0.0,1.0,0.0,0.0,2.0
20933,0.0004834159622519671,0.10441784784642488,0.0,0.1,593.0481096082356,294.8204065361341,0.0,1.0,0.0,0.0,2.0
20934,0.0006084950989480426,0.1314349413727772,0.0,0.1,590.9203278588849,296.32497398123354,0.0,1.0,0.0,0.0,2.0
20935,0.000308541061464564,0.06664486927634582,1.0,0.1,587.033075183212,299.48245820033964,0.0,1.0,0.0,0.0,2.0
20936,0.0008113269191768086,0.17524661454219065,0.0,0.1,582.7346234801417,304.1785537399281,0.0,1.0,0.0,0.0,2.0
20937,0.000279171845974152,0.06030111873041683,1.0,0.1,579.3691239584241,308.83999191718266,0.0,1.0,0.0,0.0,2.0
20938,0.0011928710770218863,0.2576601526367274,0.0,0.1,572.5677689127834,315.0454636897544,0.0,1.0,0.0,0.0,2.0
20939,0.0011970879221390885,0.25857099118204313,0.0,0.1,569.7818941132889,315.95694085635876,0.0,1.0,0.0,0.0,2.0
20940,0.0009670546458496787,0.20888380350353059,0.0,0.1,568.7682464393583,315.79862043896736,0.0,1.0,0.0,0.0,2.0
20941,0.0009435228501099836,0.20380093562375648,0.0,0.1,567.3461371276286,316.9131555166764,0.0,1.0,0.0,0.0,2.0
20942,0.0005307843919957675,0.1146494286710858,0.0,0.1,565.7515167578003,318.5365119573618,0.0,1.0,0.0,0.0,2.0
20943,0.0002456474746925879,0.05305985453359899,1.0,0.1,567.9874918031845,317.65382708262496,0.0,1.0,0.0,0.0,2.0
20944,0.00015402483351696777,0.03326936403966504,1.0,0.1,568.7965375347649,317.2104278970738,0.0,1.0,0.0,0.0,2.0
20945,0.00013643195544927708,0.029469302377043847,1.0,0.1,569.3891424903991,316.51456802991385,0.0,1.0,0.0,0.0,2.0
20946,0.00023425737822833518,0.0505995936973204,1.0,0.1,570.0636677971736,315.8465095529551,0.0,1.0,0.0,0.0,2.0
20947,4.7910177044988e-05,0.010348598241717407,1.0,0.1,570.8232488693858,315.1685938164838,0.0,1.0,0.0,0.0,2.0
20948,0.0005936537065338155,0.12822920061130416,0.0,0.1,571.7852696467852,313.89473013798164,0.0,1.0,0.0,0.0,2.0
20949,0.0004560919016177964,0.09851585074944402,1.0,0.1,571.990319843704,313.2996900304632,0.0,1.0,0.0,0.0,2.0
20950,0.00024239888593857004,0.05235815936273113,1.0,0.1,570.8298585865165,314.3327523082808,0.0,1.0,0.0,0.0,2.0
20951,0.00023626206135026246,0.05103260525165669,1.0,0.1,570.4252617236875,314.9291393099196,0.0,1.0,0.0,0.0,2.0
20952,0.00010039940134916794,0.021686270691420276,1.0,0.1,572.184661102821,313.6613626781792,0.0,1.0,0.0,0.0,2.0
20953,2.101346183219132e-05,0.004538907755753325,1.0,0.1,572.8850174192453,312.893384034664,0.0,1.0,0.0,0.0,2.0
20954,0.00014041364218467502,0.030329346711889804,1.0,0.1,573.1373904870298,312.45787422222793,0.0,1.0,0.0,0.0,2.0
20955,0.00034177394045369763,0.07382317113799869,1.0,0.1,573.4011109123275,312.3567930483798,0.0,1.0,0.0,0.0,2.0
20956,5.427554698487145e-05,0.011723518148732234,1.0,0.1,571.5894312925885,313.81850838821026,0.0,1.0,0.0,0.0,2.0
20957,0.00031657590520626957,0.06838039552455423,1.0,0.1,571.1130556522997,314.8526523732896,0.0,1.0,0.0,0.0,2.0
20958,0.00033488794360924843,0.07233579581959766,1.0,0.1,568.8260077013274,317.45280943804426,0.0,1.0,0.0,0.0,2.0
20959,0.0002680557822825692,0.05790004897303495,1.0,0.1,568.6093898615142,318.3136226138086,0.0,1.0,0.0,0.0,2.0
20960,0.00017945185310914687,0.03876160027157573,1.0,0.1,568.9231547186916,317.9497738254901,0.0,1.0,0.0,0.0,2.0
20961,0.00034499396499827056,0.07451869643962644,1.0,0.1,568.9617498923117,318.08797740025113,0.0,1.0,0.0,0.0,2.0
20962,0.00013082141143916937,0.028257424870860585,1.0,0.1,567.3246955156728,319.4979176879725,0.0,1.0,0.0,0.0,2.0
20963,0.00010247889695622986,0.022135441742545652,1.0,0.1,566.247796314841,320.3303511399554,0.0,1.0,0.0,0.0,2.0
20964,0.000280248555751881,0.06053368804240631,1.0,0.1,565.0449981037626,321.9269435890931,0.0,1.0,0.0,0.0,2.0
20965,0.00017307308396196904,0.037383786135785316,1.0,0.1,563.6117670904432,323.64651758713643,0.0,1.0,0.0,0.0,2.0
20966,2.420985177276712e-05,0.0052293279829176975,1.0,0.1,563.1515572526902,324.219560510823,0.0,1.0,0.0,0.0,2.0
20967,7.271740424762553e-05,0.015706959317487116,1.0,0.1,564.7803944098591,323.03099446503046,0.0,1.0,0.0,0.0,2.0
20968,0.00019154705015771685,0.04137416283406684,1.0,0.1,566.2923761753078,321.7642764094224,0.0,1.0,0.0,0.0,2.0
20969,0.00025314793806368045,0.05467995462175498,1.0,0.1,,,0.0,1.0,,,2.0
20970,5.685007411843201e-06,0.0012279616009581314,1.0,0.1,566.977832526562,322.09498985341065,0.0,1.0,0.0,0.0,2.0
20971,0.000126381059519472,0.02729830885620595,1.0,0.1,568.3644605231484,320.80221547649523,0.0,1.0,0.0,0.0,2.0
20972,0.0001386385817387046,0.029945933655560197,1.0,0.1,569.1866523559232,319.99271185219686,0.0,1.0,0.0,0.0,2.0
20973,8.697472879965674e-05,0.018786541420725857,1.0,0.1,570.6788542718946,319.23847747381274,0.0,1.0,0.0,0.0,2.0
20974,1.6196467463922974e-05,0.0034984369722073625,1.0,0.1,571.9249239192377,318.30277581478,0.0,1.0,0.0,0.0,2.0
20975,0.00012926988090655018,0.02792229427581484,1.0,0.1,574.002210530077,316.44610823951035,0.0,1.0,0.0,0.0,2.0
20976,0.00021263344446094306,0.0459288240035637,1.0,0.1,576.4175576078511,315.0665447171912,0.0,1.0,0.0,0.0,2.0
20977,0.0001743699129765446,0.037663901202933635,1.0,0.1,578.8828587913574,313.6854857724066,0.0,1.0,0.0,0.0,2.0
20978,0.0002135826536266356,0.046133853183353286,1.0,0.1,580.0405616436616,313.16381079830904,0.0,1.0,0.0,0.0,2.0
20979,0.00015191348349346152,0.03281331243458769,1.0,0.1,580.9664337884503,312.73565886249094,0.0,1.0,0.0,0.0,2.0
20980,0.00019191862138848276,0.041454422219912274,1.0,0.1,585.7372888479567,308.6459368062987,0.0,1.0,0.0,0.0,2.0
20981,0.0003769301793229476,0.08141691873375669,1.0,0.1,591.9101086966149,303.1163126622415,0.0,1.0,0.0,0.0,2.0
20982,6.74497953587486e-05,0.0145691557974897,1.0,0.1,604.6364318314869,293.0179467971738,0.0,1.0,0.0,0.0,2.0
20983,0.0003339803483754721,0.07213975524910198,1.0,0.1,606.4887594892906,291.51805956330935,0.0,1.0,0.0,0.0,2.0
20984,0.00035425469639537667,0.07651901442140137,1.0,0.1,612.4019660244883,285.8893592914881,0.0,1.0,0.0,0.0,2.0
20985,0.0006516656916436237,0.14075978939502273,0.0,0.1,614.1343311044325,285.0501877968037,0.0,1.0,0.0,0.0,2.0
20986,0.00039329928610822696,0.08495264579937702,1.0,0.1,616.263819000153,284.1814812071059,0.0,1.0,0.0,0.0,2.0
20987,0.0012728513267892365,0.2749358865864751,0.0,0.1,617.0141248416697,283.9388943667752,0.0,1.0,0.0,0.0,2.0
20988,0.0003430942696700561,0.07410836224873213,1.0,0.1,622.8083476367083,279.15857268812874,0.0,1.0,0.0,0.0,2.0
20989,8.172467058605747e-05,0.017652528846588415,1.0,0.1,625.9807702616821,276.57969186347196,0.0,1.0,0.0,0.0,2.0
20990,0.0003082068792654399,0.06657268592133501,1.0,0.1,626.5937601598733,276.33804440942146,0.0,1.0,0.0,0.0,2.0
20991,0.00039404901926285427,0.08511458816077654,1.0,0.1,627.726494511726,275.81899132298025,0.0,1.0,0.0,0.0,2.0
20992,0.0010806014602299334,0.2334099154096656,0.0,0.1,628.3283371387246,276.005277201077,0.0,1.0,0.0,0.0,2.0
20993,0.0002303348896946912,0.0497523361740533,1.0,0.1,631.1349878545185,275.1429340569865,0.0,1.0,0.0,0.0,2.0
20994,0.0007685437885402486,0.1660054583246937,0.0,0.1,631.5715171810267,276.0042226954761,0.0,1.0,0.0,0.0,2.0
20995,0.0003128773185331265,0.06758150080315532,1.0,0.1,636.5127882442569,271.9299943244,0.0,1.0,0.0,0.0,2.0
20996,0.0016823733764185157,0.3633926493063994,0.0,0.1,641.6769028287914,269.3041996594147,0.0,1.0,0.0,0.0,2.0
20997,0.00014186789289665928,0.030643464865678406,1.0,0.1,643.0132766671326,268.4079350935146,0.0,1.0,0.0,0.0,2.0
20998,8.49316920840974e-05,0.01834524549016504,1.0,0.1,644.1455062032982,267.48700666947025,0.0,1.0,0.0,0.0,2.0
20999,0.0004305773460112504,0.09300470673843009,1.0,0.1,645.4824682208714,267.06789503590085,0.0,1.0,0.0,0.0,2.0
21000,0.00026750182511980556,0.057780394225878,1.0,0.1,651.106151747268,262.60557042059673,0.0,1.0,0.0,0.0,2.0
21001,0.0003144367411779606,0.0679183360944395,1.0,0.1,657.8644416904972,256.13291682695296,0.0,1.0,0.0,0.0,2.0
21002,0.0004904300847768156,0.10593289831179217,0.0,0.1,664.2171259411781,249.73504628972861,0.0,1.0,0.0,0.0,2.0
21003,0.00017892517792036445,0.03864783843079872,1.0,0.1,666.4449894947852,247.05008906649653,0.0,1.0,0.0,0.0,2.0
21004,0.0002713195152577301,0.0586050152956697,1.0,0.1,670.9138364134177,242.1550209560285,0.0,1.0,0.0,0.0,2.0
21005,0.0005240534160683636,0.11319553787076654,0.0,0.1,674.170638888388,239.84321002144557,0.0,1.0,0.0,0.0,2.0
21006,0.00040460196831437273,0.08739402515590451,1.0,0.1,678.4085871714426,238.47137514170424,0.0,1.0,0.0,0.0,2.0
21007,1.6092240437300496e-05,0.0034759239344569074,1.0,0.1,681.6509880874868,236.5621029892693,0.0,1.0,0.0,0.0,2.0
21008,0.0004409461121545875,0.0952443602253909,1.0,0.1,681.8068924725488,236.71878650517073,0.0,1.0,0.0,0.0,2.0
21009,7.794353505964573e-05,0.016835803572883477,1.0,0.1,681.9735941458117,236.37284981251693,0.0,1.0,0.0,0.0,2.0
21010,0.0001402793040722086,0.030300329679597057,1.0,0.1,682.9097088566622,235.2174320657014,0.0,1.0,0.0,0.0,2.0
21011,0.0005749869036460651,0.12419717118755005,0.0,0.1,682.9845630931698,235.19235775594217,0.0,1.0,0.0,0.0,2.0
21012,0.00035821089418619604,0.07737355314421834,1.0,0.1,683.2512611111732,234.81061124095947,0.0,1.0,0.0,0.0,2.0
21013,0.0003436763516318602,0.0742340919524818,1.0,0.1,681.2712240016954,237.00134840545502,0.0,1.0,0.0,0.0,2.0
21014,0.000345150641090508,0.07455253847554974,1.0,0.1,680.1829740350404,239.70476445913712,0.0,1.0,0.0,0.0,2.0
21015,0.0009820454739089388,0.21212182236433078,0.0,0.1,680.05743166404,241.02860923721767,0.0,1.0,0.0,0.0,2.0
21016,0.00016082803121247776,0.0347388547418952,1.0,0.1,680.4089636738374,242.0138937996704,0.0,1.0,0.0,0.0,2.0
21017,0.0003358682230188704,0.07254753617207602,1.0,0.1,680.7553423989908,241.57462889712056,0.0,1.0,0.0,0.0,2.0
21018,0.0003646293420067982,0.07875993787346842,1.0,0.1,681.9032520040291,241.04359125722775,0.0,1.0,0.0,0.0,2.0
21019,6.789673243211533e-05,0.014665694205336909,1.0,0.1,681.4277008144327,241.39355637538398,0.0,1.0,0.0,0.0,2.0
21020,0.00014093666957573677,0.03044232062835914,1.0,0.1,679.3365594553545,243.1851479246446,0.0,1.0,0.0,0.0,2.0
21021,0.0010323596745194286,0.2229896896961966,0.0,0.1,676.2689530148124,244.86101782635737,0.0,1.0,0.0,0.0,2.0
21022,0.0008307504315018826,0.17944209320440666,0.0,0.1,661.8875179130747,252.8102861983919,0.0,1.0,0.0,0.0,2.0
21023,0.0006071028140523968,0.1311342078353177,0.0,0.1,650.6614337385649,257.7520952602719,0.0,1.0,0.0,0.0,2.0
21024,0.00050813706387456,0.10975760579690497,0.0,0.1,638.0355473274798,263.83488230686845,0.0,1.0,0.0,0.0,2.0
21025,0.00027741108870949177,0.05992079516125022,1.0,0.1,624.2031567016819,270.5898436735158,0.0,1.0,0.0,0.0,2.0
21026,0.0006067373587025172,0.13105526947974372,0.0,0.1,621.5538264998055,271.2561631538051,0.0,1.0,0.0,0.0,2.0
21027,0.0005342229169158428,0.11539215005382206,0.0,0.1,613.3905813234298,276.1531231101408,0.0,1.0,0.0,0.0,2.0
21028,0.000681737541481028,0.14725530895990205,0.0,0.1,609.1725320783631,277.497659654994,0.0,1.0,0.0,0.0,2.0
21029,0.000427832739239253,0.09241187167567866,1.0,0.1,,,0.0,1.0,,,2.0
21030,0.0008541217284254533,0.18449029333989792,0.0,0.1,,,0.0,1.0,,,2.0
21031,0.0006661183890803262,0.14388157204135046,0.0,0.1,,,0.0,1.0,,,2.0
21032,0.0005988544876219547,0.1293525693263422,0.0,0.1,,,0.0,1.0,,,2.0
21033,0.00048789074696323144,0.10538440134405799,0.0,0.1,,,0.0,1.0,,,2.0
21034,0.00019229187136342334,0.04153504421449944,1.0,0.1,,,0.0,1.0,,,2.0
21035,0.0006493580071009001,0.14026132953379442,0.0,0.1,,,0.0,1.0,,,2.0
21036,0.0003253766019016011,0.07028134601074584,1.0,0.1,585.0885799838577,295.47138054444315,0.0,1.0,0.0,0.0,2.0
21037,0.000435337416828511,0.09403288203495838,1.0,0.1,579.3447262576838,300.7018016510544,0.0,1.0,0.0,0.0,2.0
21038,0.0001519973608792403,0.032831429949915905,1.0,0.1,574.0661432621786,305.6288367449717,0.0,1.0,0.0,0.0,2.0
21039,0.00037151695962494256,0.0802476632789876,1.0,0.1,568.8740294334972,310.3318993947713,0.0,1.0,0.0,0.0,2.0
21040,0.00022418085854887973,0.04842306544655803,1.0,0.1,564.1256675796698,315.02320834564625,0.0,1.0,0.0,0.0,2.0
21041,0.00021424248438957623,0.04627637662814847,1.0,0.1,561.5718561865539,317.5953193386972,0.0,1.0,0.0,0.0,2.0
21042,0.0006646574610258967,0.14356601158159368,0.0,0.1,559.3292602055515,320.187917561457,0.0,1.0,0.0,0.0,2.0
21043,0.00032527733594277296,0.07025990456363895,1.0,0.1,559.0630606830407,320.67461034404806,0.0,1.0,0.0,0.0,2.0
21044,0.00061092581976906,0.13195997707011697,0.0,0.1,561.3452921804749,318.4821052084154,0.0,1.0,0.0,0.0,2.0
21045,0.0008930441361632125,0.1928975334112539,0.0,0.1,564.6549538405748,314.9952000695114,0.0,1.0,0.0,0.0,2.0
21046,0.0008431353957055962,0.18211724547240876,0.0,0.1,568.9427360490081,310.8795204208058,0.0,1.0,0.0,0.0,2.0
21047,0.0005389208575928966,0.11640690524006567,0.0,0.1,574.0264277409705,305.9124804499769,0.0,1.0,0.0,0.0,2.0
21048,0.00041595697957602304,0.08984670758842098,1.0,0.1,,,0.0,1.0,,,2.0
21049,0.0001701373746182112,0.03674967291753362,1.0,0.1,,,0.0,1.0,,,2.0
21050,0.0005073264215646764,0.10958250705797011,0.0,0.1,,,0.0,1.0,,,2.0
21051,0.0012381258670438112,0.2674351872814632,0.0,0.1,,,0.0,1.0,,,2.0
21052,0.0010640485391058979,0.22983448444687396,0.0,0.1,,,0.0,1.0,,,2.0
21053,0.0009898906471837833,0.2138163797916972,0.0,0.1,,,0.0,1.0,,,2.0
21054,0.0003642052083946438,0.07866832501324307,1.0,0.1,592.8044419055424,287.14810157198895,0.0,1.0,0.0,0.0,2.0
21055,0.0005261488289833463,0.11364814706040281,0.0,0.1,592.6140782288965,287.58166907113025,0.0,1.0,0.0,0.0,2.0
21056,0.0004689270420664379,0.10128824108635058,0.0,0.1,588.6852318255249,292.03700739071945,0.0,1.0,0.0,0.0,2.0
21057,0.0005611786438441594,0.12121458707033843,0.0,0.1,586.1010277820918,295.0014372388596,0.0,1.0,0.0,0.0,2.0
21058,0.0005822264426948047,0.1257609116220778,0.0,0.1,579.7796209662064,303.06238085212937,0.0,1.0,0.0,0.0,2.0
21059,0.0007672089786112948,0.16571713938003968,0.0,0.1,574.5731094859103,309.4543974667079,0.0,1.0,0.0,0.0,2.0
21060,0.0009446067865025547,0.2040350658845518,0.0,0.1,572.9880679481174,311.8019246926021,0.0,1.0,0.0,0.0,2.0
21061,0.00036565443533594305,0.0789813580325637,1.0,0.1,574.3092562708232,309.46710463029837,0.0,1.0,0.0,0.0,2.0
21062,0.00036399548200761626,0.07862302411364512,1.0,0.1,577.2354932126563,306.4623499986123,0.0,1.0,0.0,0.0,2.0
21063,0.00032893722144818597,0.07105043983280818,1.0,0.1,579.2647421381424,304.1784617093566,0.0,1.0,0.0,0.0,2.0
21064,0.0011262953482383579,0.2432797952194853,0.0,0.1,574.7750985619631,308.28314584517915,0.0,1.0,0.0,0.0,2.0
21065,0.0001488898349756078,0.032160204354731284,1.0,0.1,569.8175050393804,314.34638164629774,0.0,1.0,0.0,0.0,2.0
21066,0.0004177087641325152,0.09022509305262329,1.0,0.1,566.2304491014106,319.0458784264433,0.0,1.0,0.0,0.0,2.0
21067,0.00014570693354986993,0.0314726976467719,1.0,0.1,564.4081119129847,321.68486316091617,0.0,1.0,0.0,0.0,2.0
21068,0.0013719675189076104,0.29634498408404386,0.0,0.1,567.5601893567931,318.33226508374605,0.0,1.0,0.0,0.0,2.0
21069,0.0007178877688135495,0.1550637580637267,0.0,0.1,573.3124278950779,312.85232167216145,0.0,1.0,0.0,0.0,2.0
21070,0.0004550208391421007,0.09828450125469375,1.0,0.1,574.4264941091958,312.60594648516707,0.0,1.0,0.0,0.0,2.0
21071,0.0009388277541228567,0.20278679489053705,0.0,0.1,574.204470091845,313.10937816120264,0.0,1.0,0.0,0.0,2.0
21072,0.0002626433391711355,0.056730961260965274,1.0,0.1,570.3778430920067,315.8736374956482,0.0,1.0,0.0,0.0,2.0
21073,0.0008439422269885146,0.18229152102951915,0.0,0.1,570.1887728717198,317.20882754727126,0.0,1.0,0.0,0.0,2.0
21074,0.00028583569100347966,0.061740509256751605,1.0,0.1,571.8354656052846,315.700069963626,0.0,1.0,0.0,0.0,2.0
21075,0.00026159856370068437,0.05650528975934783,1.0,0.1,572.9857679158703,314.5870844881695,0.0,1.0,0.0,0.0,2.0
21076,0.0003973955121923728,0.08583743063355254,1.0,0.1,575.6203575629353,311.6273719072509,0.0,1.0,0.0,0.0,2.0
21077,0.0006896625232610881,0.14896710502439503,0.0,0.1,574.8579008191944,312.27347818245863,0.0,1.0,0.0,0.0,2.0
21078,0.00023494338098241894,0.050747770292202496,1.0,0.1,572.6550885494242,315.1810780517923,0.0,1.0,0.0,0.0,2.0
21079,0.0004677532073712106,0.10103469279218148,0.0,0.1,571.8222217102037,317.30934146965893,0.0,1.0,0.0,0.0,2.0
21080,5.5948631467375745e-05,0.01208490439695316,1.0,0.1,571.9785616832638,316.9968588461752,0.0,1.0,0.0,0.0,2.0
21081,0.0005563247089935704,0.1201661371426112,0.0,0.1,569.3241563394566,319.7913901683305,0.0,1.0,0.0,0.0,2.0
21082,0.00021108098990493037,0.04559349381946496,1.0,0.1,567.1498767491385,323.3289660488622,0.0,1.0,0.0,0.0,2.0
21083,0.00037754935789722696,0.08155066130580102,1.0,0.1,567.0486862052072,324.586578849189,0.0,1.0,0.0,0.0,2.0
21084,6.39084831189041e-05,0.013804232353683287,1.0,0.1,566.3674523823842,325.5959615632517,0.0,1.0,0.0,0.0,2.0
21085,0.000636610931281915,0.13750796115689365,0.0,0.1,564.1474082187269,327.90412052170274,0.0,1.0,0.0,0.0,2.0
21086,0.0008380734445578256,0.18102386402449033,0.0,0.1,561.7731602535571,331.2268744524647,0.0,1.0,0.0,0.0,2.0
21087,0.0006675484355559653,0.1441904620800885,0.0,0.1,560.5085560641712,332.43258995729013,0.0,1.0,0.0,0.0,2.0
21088,0.00018340443527658308,0.03961535801974195,1.0,0.1,559.7206737158386,333.1084667018843,0.0,1.0,0.0,0.0,2.0
21089,0.0003586892692387878,0.07747688215557817,1.0,0.1,559.5657072654011,333.45236311387515,0.0,1.0,0.0,0.0,2.0
21090,0.0001654207484383654,0.035730881662686925,1.0,0.1,557.9292687393639,334.7706033733152,0.0,1.0,0.0,0.0,2.0
21091,0.0007359267908623294,0.15896018682626314,0.0,0.1,557.2569639954642,336.13964723885385,0.0,1.0,0.0,0.0,2.0
21092,0.00028695665245269777,0.061982636929782724,1.0,0.1,554.506580355865,338.8557079868085,0.0,1.0,0.0,0.0,2.0
21093,0.0005824505139836028,0.12580931102045823,0.0,0.1,555.3365158793409,338.45243957793735,0.0,1.0,0.0,0.0,2.0
21094,0.000125009164851515,0.02700197960792724,1.0,0.1,556.6136074092111,338.07306597069254,0.0,1.0,0.0,0.0,2.0
21095,0.0005236105761131177,0.11309988444043342,0.0,0.1,557.2252832465992,337.7362577609624,0.0,1.0,0.0,0.0,2.0
21096,5.826435537957344e-05,0.012585100761987864,1.0,0.1,557.2392152627762,338.19928684797793,0.0,1.0,0.0,0.0,2.0
21097,0.0001103366443532688,0.023832715180306063,1.0,0.1,556.9692164185037,338.474100662855,0.0,1.0,0.0,0.0,2.0
21098,0.00027837423455788837,0.06012883466450389,1.0,0.1,556.882573029777,338.7287315986011,0.0,1.0,0.0,0.0,2.0
21099,9.736875117063015e-05,0.021031650252856113,1.0,0.1,556.311960174891,339.1550324944865,0.0,1.0,0.0,0.0,2.0
21100,0.0002916017519670245,0.0629859784248773,1.0,0.1,556.2985475190127,339.2033208965926,0.0,1.0,0.0,0.0,2.0
21101,0.0002045617898841126,0.04418534661496832,1.0,0.1,555.656733497409,339.32476305632235,0.0,1.0,0.0,0.0,2.0
21102,0.0003220426514874204,0.06956121272128281,1.0,0.1,555.1736374039805,339.92648338928063,0.0,1.0,0.0,0.0,2.0
21103,0.0007368611490368062,0.15916200819195017,0.0,0.1,555.180803525625,340.5265700958112,0.0,1.0,0.0,0.0,2.0
21104,0.0001076063043801764,0.023242961746118104,1.0,0.1,556.2699038397625,339.5350194773848,0.0,1.0,0.0,0.0,2.0
21105,0.000473623049212863,0.10230257862997841,0.0,0.1,556.0398105368961,340.1115905611448,0.0,1.0,0.0,0.0,2.0
21106,0.00027936981509750735,0.06034388006106159,1.0,0.1,557.1122614885959,338.978304496501,0.0,1.0,0.0,0.0,2.0
21107,0.0006633132384769452,0.14327565951102017,0.0,0.1,556.5484358108696,339.0362841487982,0.0,1.0,0.0,0.0,2.0
21108,3.5583904754432555e-05,0.007686123426957432,1.0,0.1,554.6361482991516,340.7151060625884,0.0,1.0,0.0,0.0,2.0
21109,0.0003936179805799409,0.08502148380526724,1.0,0.1,553.99879366094,341.578390018338,0.0,1.0,0.0,0.0,2.0
21110,0.00022194358053710954,0.04793981339601566,1.0,0.1,553.6874837355177,342.3267440566343,0.0,1.0,0.0,0.0,2.0
21111,0.0002818871207562938,0.06088761808335946,1.0,0.1,552.791200556345,343.11068979715213,0.0,1.0,0.0,0.0,2.0
21112,0.00016165237233787058,0.034916912424980046,1.0,0.1,550.1389433122122,345.6877425495291,0.0,1.0,0.0,0.0,2.0
21113,0.00030323755328846613,0.06549931151030869,1.0,0.1,549.8809879078951,346.32142631756795,0.0,1.0,0.0,0.0,2.0
21114,0.000618552535956229,0.13360734776654548,0.0,0.1,548.1929005964104,348.1976108265529,0.0,1.0,0.0,0.0,2.0
21115,0.00013871800713561412,0.02996308954129265,1.0,0.1,545.7015314821502,350.2538626216069,0.0,1.0,0.0,0.0,2.0
21116,5.889353827558295e-05,0.012721004267525917,1.0,0.1,545.971256173211,350.20499866551495,0.0,1.0,0.0,0.0,2.0
21117,0.0002601590013503949,0.056194344291685294,1.0,0.1,543.8835228523686,351.76897237984895,0.0,1.0,0.0,0.0,2.0
21118,0.00024502544483378006,0.052925496084096496,1.0,0.1,543.5351917194595,351.47831338928256,0.0,1.0,0.0,0.0,2.0
21119,0.0004501353663568578,0.09722923913308129,1.0,0.1,544.4607127128646,350.1056530066564,0.0,1.0,0.0,0.0,2.0
21120,1.3361347449773654e-05,0.002886051049151109,1.0,0.1,544.3551088901661,349.71794064274485,0.0,1.0,0.0,0.0,2.0
21121,0.0001570580632026703,0.03392454165177678,1.0,0.1,544.7066546340374,349.4912723928145,0.0,1.0,0.0,0.0,2.0
21122,7.996708483482386e-05,0.017272890324321954,1.0,0.1,546.2293660627182,348.4604627436336,0.0,1.0,0.0,0.0,2.0
21123,0.0003916723212936215,0.08460122139942225,1.0,0.1,546.5099910019197,348.43032378402575,0.0,1.0,0.0,0.0,2.0
21124,0.0002535154397147382,0.05475933497838345,1.0,0.1,547.9751783180902,347.712537627176,0.0,1.0,0.0,0.0,2.0
21125,8.608257597599779e-05,0.018593836410815526,1.0,0.1,549.6336680053149,347.19368989600105,0.0,1.0,0.0,0.0,2.0
21126,0.00019419893659800307,0.04194697030516866,1.0,0.1,553.5488799672613,345.41298464162526,0.0,1.0,0.0,0.0,2.0
21127,8.353244041224565e-05,0.018043007129045063,1.0,0.1,554.5685873193039,345.0397229820306,0.0,1.0,0.0,0.0,2.0
21128,0.00045612131677116294,0.0985222044225712,1.0,0.1,556.0625565814028,344.8645317913578,0.0,1.0,0.0,0.0,2.0
21129,7.051824632188066e-05,0.015231941205526222,1.0,0.1,555.7892938593221,344.86416149516407,0.0,1.0,0.0,0.0,2.0
21130,0.00014893243606228982,0.0321694061894546,1.0,0.1,556.2730468407061,345.19325745177963,0.0,1.0,0.0,0.0,2.0
21131,0.0001785883629480941,0.038575086396788326,1.0,0.1,556.541637908558,345.16360221389795,0.0,1.0,0.0,0.0,2.0
21132,0.0001468003114563339,0.03170886727456813,1.0,0.1,556.4952266511882,344.79569940994986,0.0,1.0,0.0,0.0,2.0
21133,0.00026234777245405847,0.05666711885007663,1.0,0.1,557.4471035860793,344.71339823665954,0.0,1.0,0.0,0.0,2.0
21134,0.00010149244528665009,0.02192236818191642,1.0,0.1,558.7072343645297,343.9671889050744,0.0,1.0,0.0,0.0,2.0
21135,7.622778179316218e-05,0.01646520086732303,1.0,0.1,559.2297400742841,343.36846815656764,0.0,1.0,0.0,0.0,2.0
21136,0.00019052626357833155,0.04115367293291962,1.0,0.1,558.6639171082946,343.8210717398357,0.0,1.0,0.0,0.0,2.0
21137,6.93880793204102e-05,0.014987825133208605,1.0,0.1,558.6881809239271,344.01077175507083,0.0,1.0,0.0,0.0,2.0
21138,0.00022578586075351306,0.04876974592275882,1.0,0.1,559.0437454148536,343.41808854932856,0.0,1.0,0.0,0.0,2.0
21139,0.0002758424388764824,0.0595819667973202,1.0,0.1,558.0023922107367,344.3508167932804,0.0,1.0,0.0,0.0,2.0
21140,0.00026723594618447815,0.05772296437584728,1.0,0.1,557.9131723037757,343.8281485284079,0.0,1.0,0.0,0.0,2.0
21141,7.121752984692438e-05,0.015382986446935669,1.0,0.1,558.1717279139076,343.1940582073378,0.0,1.0,0.0,0.0,2.0
21142,0.0001377703507858475,0.02975839576974306,1.0,0.1,558.2942145371303,343.15279603044945,0.0,1.0,0.0,0.0,2.0
21143,0.00032565557880355326,0.07034160502156751,1.0,0.1,558.1506567532153,343.3570208745027,0.0,1.0,0.0,0.0,2.0
21144,0.00012489825310341767,0.02697802267033822,1.0,0.1,558.3668209264789,343.0013741988845,0.0,1.0,0.0,0.0,2.0
21145,6.932257895608544e-05,0.014973677054514455,1.0,0.1,557.9733577032907,343.5026057890186,0.0,1.0,0.0,0.0,2.0
21146,0.00011497057737499985,0.02483364471299997,1.0,0.1,557.1804040997462,343.7557937165032,0.0,1.0,0.0,0.0,2.0
21147,7.204986707434948e-05,0.015562771288059489,1.0,0.1,556.7834900217093,344.2579756587631,0.0,1.0,0.0,0.0,2.0
21148,0.00010909192727582725,0.023563856291578686,1.0,0.1,556.1032638544814,344.2082456177507,0.0,1.0,0.0,0.0,2.0
21149,6.788477778152884e-05,0.01466311200081023,1.0,0.1,556.1569286240675,344.03994691051156,0.0,1.0,0.0,0.0,2.0
21150,0.00031732721503093295,0.06854267844668152,1.0,0.1,555.6576261782377,345.04711216526425,0.0,1.0,0.0,0.0,2.0
21151,4.2458619911010944e-05,0.009171061900778365,1.0,0.1,555.0392978368001,345.676275578128,0.0,1.0,0.0,0.0,2.0
21152,0.00018639613136346025,0.04026156437450742,1.0,0.1,555.2556123891341,345.74238962140186,0.0,1.0,0.0,0.0,2.0
21153,2.3393833802742844e-05,0.005053068101392454,1.0,0.1,554.600910933916,346.2887765147012,0.0,1.0,0.0,0.0,2.0
21154,8.810945062327081e-05,0.0190316413346265,1.0,0.1,555.056251668098,345.67385158751046,0.0,1.0,0.0,0.0,2.0
21155,6.639006496544641e-05,0.014340254032536427,1.0,0.1,554.1594130671264,346.29518890235556,0.0,1.0,0.0,0.0,2.0
21156,0.00018081539814940702,0.03905612600027192,1.0,0.1,554.3113964265749,345.8605440248459,0.0,1.0,0.0,0.0,2.0
21157,0.00013230614600845186,0.028578127537825602,1.0,0.1,554.8396569725593,345.4278972441946,0.0,1.0,0.0,0.0,2.0
21158,0.00015857916068261988,0.034253098707445896,1.0,0.1,553.4471912946532,346.37103792272745,0.0,1.0,0.0,0.0,2.0
21159,7.476217109143316e-05,0.01614862895574956,1.0,0.1,553.7233894713556,346.2891947243315,0.0,1.0,0.0,0.0,2.0
21160,6.954514411368484e-05,0.015021751128555926,1.0,0.1,553.578729364587,346.0969190031207,0.0,1.0,0.0,0.0,2.0
21161,0.00013485007676499665,0.029127616581239274,1.0,0.1,553.7286784384503,346.0151421077011,0.0,1.0,0.0,0.0,2.0
21162,0.00044024475143235336,0.09509286630938833,1.0,0.1,553.0417891789256,346.3484428137666,0.0,1.0,0.0,0.0,2.0
21163,0.000593719021507491,0.12824330864561806,0.0,0.1,546.3192737328736,350.4546322211254,0.0,1.0,0.0,0.0,2.0
21164,0.00011889677151936014,0.02568170264818179,1.0,0.1,542.0813416616468,353.2015525433599,0.0,1.0,0.0,0.0,2.0
21165,0.0002892564337460367,0.06247938968914393,1.0,0.1,541.1921839480963,353.67953334393553,0.0,1.0,0.0,0.0,2.0
21166,2.4483923554737806e-05,0.005288527487823366,1.0,0.1,534.1539264126842,358.5336283241115,0.0,1.0,0.0,0.0,2.0
21167,0.00010158955583870032,0.02194334406115927,1.0,0.1,532.4764833559013,357.205757745458,0.0,1.0,0.0,0.0,2.0
21168,0.00037962816911245274,0.08199968452828979,1.0,0.1,529.5470768336595,357.48808052286773,0.0,1.0,0.0,0.0,2.0
21169,4.02237498274991e-05,0.008688329962739806,1.0,0.1,526.578680485301,357.9143812293606,0.0,1.0,0.0,0.0,2.0
21170,0.0005878658806792273,0.12697903022671309,0.0,0.1,524.4530545347147,358.9796434134435,0.0,1.0,0.0,0.0,2.0
21171,0.0006140203871771214,0.1326284036302582,0.0,0.1,520.1479999313283,362.7243790231287,0.0,1.0,0.0,0.0,2.0
21172,0.0005472730680689345,0.11821098270288985,0.0,0.1,516.1388215341952,366.68046983784456,0.0,1.0,0.0,0.0,2.0
21173,3.7718360010827356e-05,0.00814716576233871,1.0,0.1,513.5331782833811,369.0382803562338,0.0,1.0,0.0,0.0,2.0
21174,0.00037064068557482113,0.08005838808416137,1.0,0.1,513.0800505599644,369.4414738998596,0.0,1.0,0.0,0.0,2.0
21175,2.662477772304951e-05,0.005750951988178694,1.0,0.1,509.49322350521055,372.42082407082665,0.0,1.0,0.0,0.0,2.0
21176,0.0002950568115858435,0.06373227130254219,1.0,0.1,505.74502136334866,375.6289945575873,0.0,1.0,0.0,0.0,2.0
21177,0.00021511291900372937,0.046464390504805546,1.0,0.1,501.30064754258837,379.1643837537024,0.0,1.0,0.0,0.0,2.0
21178,5.2264139889404856e-05,0.01128905421611145,1.0,0.1,498.8236767313174,381.0323104835037,0.0,1.0,0.0,0.0,2.0
21179,0.00100297350232943,0.2166422765031569,0.0,0.1,497.94283471332733,381.87067546943905,0.0,1.0,0.0,0.0,2.0
21180,0.000176278848106691,0.03807623119104526,1.0,0.1,497.6566910242053,381.79570322649704,0.0,1.0,0.0,0.0,2.0
21181,0.00023504173313145405,0.050769014356394075,1.0,0.1,498.02702294887666,380.62782661622805,0.0,1.0,0.0,0.0,2.0
21182,8.425824610707411e-05,0.018199781159128008,1.0,0.1,498.90192155034475,379.5417420949232,0.0,1.0,0.0,0.0,2.0
21183,0.0007306126247232554,0.15781232694022315,0.0,0.1,497.8977627723565,380.3296959933046,0.0,1.0,0.0,0.0,2.0
21184,0.00028901777197845916,0.06242783874734718,1.0,0.1,496.7369475085084,381.30605680833884,0.0,1.0,0.0,0.0,2.0
21185,0.00017220347723239404,0.037195951082197115,1.0,0.1,497.16138152526247,381.0147481042174,0.0,1.0,0.0,0.0,2.0
21186,0.0001727506562944689,0.037314141759605284,1.0,0.1,497.6598762288618,380.64875288162756,0.0,1.0,0.0,0.0,2.0
21187,0.00022198453757274624,0.047948660115713186,1.0,0.1,498.3845099157036,380.35097602582766,0.0,1.0,0.0,0.0,2.0
21188,0.00027742890750511346,0.05992464402110451,1.0,0.1,498.6880543797663,380.5609363476054,0.0,1.0,0.0,0.0,2.0
21189,0.00018477984138144413,0.039912445738391936,1.0,0.1,499.88528212958,380.2594764404754,0.0,1.0,0.0,0.0,2.0
21190,0.00014593469107885394,0.03152189327303245,1.0,0.1,499.15542051760985,381.61839102210627,0.0,1.0,0.0,0.0,2.0
21191,0.0003856225419262855,0.08329446905607767,1.0,0.1,500.22259727209115,380.7764341077661,0.0,1.0,0.0,0.0,2.0
21192,9.689474495369122e-05,0.020929264909997303,1.0,0.1,500.1584824874382,381.1864053976028,0.0,1.0,0.0,0.0,2.0
21193,0.00030162128875560826,0.06515019837121139,1.0,0.1,501.3102201662876,380.57705061635556,0.0,1.0,0.0,0.0,2.0
21194,0.000294301481350295,0.06356911997166372,1.0,0.1,503.48342553431206,378.78758872778997,0.0,1.0,0.0,0.0,2.0
21195,0.00011296529553185235,0.02440050383488011,1.0,0.1,504.546679284601,377.67092983266383,0.0,1.0,0.0,0.0,2.0
21196,0.0003528865164622466,0.07622348755584528,1.0,0.1,504.61842520220165,377.48808548690306,0.0,1.0,0.0,0.0,2.0
21197,0.00015253999819981077,0.032948639611159125,1.0,0.1,504.7782142510776,377.2275312796459,0.0,1.0,0.0,0.0,2.0
21198,0.0001430129207502047,0.030890790882044217,1.0,0.1,504.6144983651962,377.4081925780577,0.0,1.0,0.0,0.0,2.0
21199,0.00020072280443798006,0.043356125758603696,1.0,0.1,506.0087761642228,376.2141069199905,0.0,1.0,0.0,0.0,2.0
21200,0.00016995343713018088,0.03670994242011907,1.0,0.1,507.28304941070843,375.0953246077192,0.0,1.0,0.0,0.0,2.0
21201,0.00043137265681943604,0.09317649387299819,1.0,0.1,508.0256102261462,374.528084576773,0.0,1.0,0.0,0.0,2.0
21202,0.00027604622527064795,0.05962598465845996,1.0,0.1,508.52010979470305,374.1209572077507,0.0,1.0,0.0,0.0,2.0
21203,0.0003327657505245648,0.071877402113306,1.0,0.1,509.7594652549002,372.88525299649996,0.0,1.0,0.0,0.0,2.0
21204,0.0001752037561432717,0.03784401132694668,1.0,0.1,508.0216937606946,374.5055894893137,0.0,1.0,0.0,0.0,2.0
21205,0.00014216012264447228,0.03070658649120601,1.0,0.1,506.6043656554408,376.27890136869536,0.0,1.0,0.0,0.0,2.0
21206,0.00041038552247493184,0.08864327285458529,1.0,0.1,506.1008450326271,376.6882067706048,0.0,1.0,0.0,0.0,2.0
21207,0.000635570285592616,0.13728318168800505,0.0,0.1,507.80049486216467,373.94229285986904,0.0,1.0,0.0,0.0,2.0
21208,0.0003881905881572672,0.08384916704196972,1.0,0.1,510.4307976617773,369.75653820805707,0.0,1.0,0.0,0.0,2.0
21209,0.0002585881406601694,0.055855038382596596,1.0,0.1,510.09274307723473,368.1854963969959,0.0,1.0,0.0,0.0,2.0
21210,0.0005314471061333261,0.11479257492479845,0.0,0.1,508.5815913589191,369.19890972014133,0.0,1.0,0.0,0.0,2.0
21211,0.00045794696698676647,0.09891654486914156,1.0,0.1,502.7581453289067,373.7000043856713,0.0,1.0,0.0,0.0,2.0
21212,0.001081299149169998,0.23356061622071958,0.0,0.1,492.99604608392235,382.7353886749393,0.0,1.0,0.0,0.0,2.0
21213,0.0009854251550952989,0.21285183350058456,0.0,0.1,485.53483012065374,390.2196931321666,0.0,1.0,0.0,0.0,2.0
21214,0.0011506056859830187,0.24853082817233205,0.0,0.1,476.7356583611423,398.237345000872,0.0,1.0,0.0,0.0,2.0
21215,0.001187910053204547,0.25658857149218217,0.0,0.1,470.69882181345383,403.97139344380014,0.0,1.0,0.0,0.0,2.0
21216,0.0019415401262339585,0.41937266726653505,0.0,0.1,459.7481166823616,414.8236140201805,0.0,1.0,0.0,0.0,2.0
21217,0.002180440308202453,0.47097510657172986,0.0,0.1,449.0510906367013,425.4006377830706,0.0,1.0,0.0,0.0,2.0
21218,0.0011359973073329912,0.2453754183839261,0.0,0.1,437.53582057806324,436.80492259129505,0.0,1.0,0.0,0.0,2.0
21219,0.0008724160743262262,0.18844187205446486,0.0,0.1,430.7323746085441,443.49885666223435,0.0,1.0,0.0,0.0,2.0
21220,0.0036336286946142458,0.784863798036677,0.0,0.1,416.83655541233156,457.3676489899944,0.0,1.0,0.0,0.0,2.0
21221,0.0037976900050794844,0.8203010410971686,0.0,0.1,406.17712891984246,467.89992755957104,0.0,1.0,0.0,0.0,2.0
21222,,,,0.1,391.6006796477728,482.4029755080463,0.0,1.0,0.0,0.0,2.0
21223,,,,0.1,376.83165563349974,497.2252971207852,,,0.0,0.0,2.0
21224,,,,0.1,369.98810002926655,504.24272739774665,,,0.0,0.0,2.0
21225,,,,0.1,352.95720979843253,521.4799880156313,,,0.0,0.0,2.0
21226,0.004561812305508633,0.9853514579898649,0.0,0.1,338.27167682317355,536.6857068147937,0.0,1.0,0.0,0.0,2.0
21227,0.0017414959075132922,0.3761631160228711,0.0,0.1,325.2441325069908,550.1690010042652,0.0,1.0,0.0,0.0,2.0
21228,0.004242846529914606,0.9164548504615548,0.0,0.1,318.6248970279964,557.1781607089503,0.0,1.0,0.0,0.0,2.0
21229,0.0038343491122270275,0.828219408241038,0.0,0.1,306.81790830140227,569.6236854684129,0.0,1.0,0.0,0.0,2.0
21230,0.0034456854169198107,0.7442680500546792,0.0,0.1,293.7270117716077,582.6614260208491,0.0,1.0,0.0,0.0,2.0
21231,0.00284266252924099,0.6140151063160539,0.0,0.1,286.0222579385435,590.4414838340218,0.0,1.0,0.0,0.0,2.0
21232,0.0014891163567824434,0.3216491330650078,0.0,0.1,280.1845229999801,596.6564286876119,0.0,1.0,0.0,0.0,2.0
21233,0.0020585616507977924,0.4446493165723232,0.0,0.1,278.70962890823705,598.4938348106408,0.0,1.0,0.0,0.0,2.0
21234,0.002291864482344059,0.4950427281863168,0.0,0.1,270.5843584863294,607.4140110666715,0.0,1.0,0.0,0.0,2.0
21235,0.0014368526925228819,0.3103601815849425,0.0,0.1,265.55186064985145,613.1215280725115,0.0,1.0,0.0,0.0,2.0
21236,0.0007972820589608165,0.17221292473553637,0.0,0.1,261.7500665334984,617.2122409940525,0.0,1.0,0.0,0.0,2.0
21237,0.0022861021586902254,0.49379806627708867,0.0,0.1,261.08468214080557,618.0351728505916,0.0,1.0,0.0,0.0,2.0
21238,0.002021772511359359,0.4367028624536216,0.0,0.1,261.10225756443026,619.0571878208799,0.0,1.0,0.0,0.0,2.0
21239,0.0020391483824417126,0.44045605060740994,0.0,0.1,261.1026395324047,620.8550052393072,0.0,1.0,0.0,0.0,2.0
21240,0.001278246246516981,0.2761011892476679,0.0,0.1,259.83425198859965,623.8608150476186,1.0,0.0,0.0,0.0,2.0
21241,0.0010920050184528383,0.2358730839858131,0.0,0.1,258.52261038244103,626.0452545670271,1.0,0.0,0.0,0.0,2.0
21242,0.0018201606096608994,0.39315469168675427,0.0,0.1,257.0623346681687,627.2651762385016,1.0,0.0,0.0,0.0,2.0
21243,0.0010731648330242472,0.23180360393323737,0.0,0.1,255.3450928188246,628.2140147199837,1.0,0.0,0.0,0.0,2.0
21244,0.0009803951918528155,0.21176536144020816,0.0,0.1,255.9485015158423,626.0229529801436,1.0,0.0,0.0,0.0,2.0
21245,0.0006380794755072145,0.13782516670955833,0.0,0.1,257.3012789717592,623.951084018171,1.0,0.0,0.0,0.0,2.0
21246,0.0005450747659114467,0.11773614943687248,0.0,0.1,256.58515526718776,624.1458693214532,1.0,0.0,0.0,0.0,2.0
21247,0.000676722731912366,0.14617211009307107,0.0,0.1,255.60439102582984,623.8695798239771,1.0,0.0,0.0,0.0,2.0
21248,0.00027093547019497647,0.05852206156211492,1.0,0.1,253.75424014511105,624.8845791566241,1.0,0.0,0.0,0.0,2.0
21249,0.0002674320395155563,0.05776532053536016,1.0,0.1,249.36399217082936,628.8451126144579,1.0,0.0,0.0,0.0,2.0
21250,3.493372514778754e-05,0.007545684631922109,1.0,0.1,246.18804327751886,631.4818333114913,1.0,0.0,0.0,0.0,2.0
21251,0.0014657611214270866,0.3166044022282507,0.0,0.1,245.2283563554053,631.8441605580276,1.0,0.0,0.0,0.0,2.0
21252,0.0006894763355125395,0.14892688847070853,0.0,0.1,244.2993233565662,631.9761455954874,1.0,0.0,0.0,0.0,2.0
21253,0.0008469320970721886,0.18293733296759274,0.0,0.1,242.2868136100327,633.6166681953216,1.0,0.0,0.0,0.0,2.0
21254,0.0007261324752527258,0.1568446146545888,0.0,0.1,237.69449451516581,637.6340554664031,1.0,0.0,0.0,0.0,2.0
21255,0.002581874293351229,0.5576848473638654,0.0,0.1,233.03771279270526,642.3022241359719,1.0,0.0,0.0,0.0,2.0
21256,0.0014012668483652144,0.30267363924688634,0.0,0.1,223.9078516124882,651.3199669148704,1.0,0.0,0.0,0.0,2.0
21257,0.001029293622260142,0.22232742240819067,0.0,0.1,213.64630168097676,661.7379704199641,1.0,0.0,0.0,0.0,2.0
21258,0.002336639705019223,0.5047141762841522,0.0,0.1,202.81023368617113,672.9369035335172,1.0,0.0,0.0,0.0,2.0
21259,0.0014214872395629326,0.30704124374559344,0.0,0.1,191.46766477604237,685.057807292533,1.0,0.0,0.0,0.0,2.0
21260,0.002695890228864181,0.5823122894346631,0.0,0.1,183.59757965376082,693.2034405445262,1.0,0.0,0.0,0.0,2.0
21261,0.002331675587481484,0.5036419268960005,0.0,0.1,172.23064843174242,704.7332870331303,1.0,0.0,0.0,0.0,2.0
21262,0.002729896407964369,0.5896576241203038,0.0,0.1,162.66363619738033,714.6165014230718,1.0,0.0,0.0,0.0,2.0
21263,0.0014767494398356831,0.3189778790045075,0.0,0.1,155.82864889609593,721.6892110996018,1.0,0.0,0.0,0.0,2.0
21264,0.003060780571121212,0.6611286033621818,0.0,0.1,152.36785348072985,725.0317013133357,1.0,0.0,0.0,0.0,2.0
21265,0.0018143018973634584,0.391889209830507,0.0,0.1,144.452050091188,733.749305157565,1.0,0.0,0.0,0.0,2.0
21266,0.0025105731456518594,0.5422837994608016,0.0,0.1,136.02185377401352,742.7897179096665,1.0,0.0,0.0,0.0,2.0
21267,0.0018268110746951132,0.39459119213414445,0.0,0.1,129.07132468241733,749.8207418622862,1.0,0.0,0.0,0.0,2.0
21268,0.0006634566656084942,0.14330663977143476,0.0,0.1,125.97560386139199,754.148131278376,1.0,0.0,0.0,0.0,2.0
21269,0.0011396026158668917,0.24615416502724863,0.0,0.1,126.4687846143728,754.6241319720186,1.0,0.0,0.0,0.0,2.0
21270,0.0008826797472783493,0.19065882541212345,0.0,0.1,128.59841512193861,754.220627933187,1.0,0.0,0.0,0.0,2.0
21271,0.0024602119941854557,0.5314057907440585,0.0,0.1,127.42608063469606,756.3341285942624,1.0,0.0,0.0,0.0,2.0
21272,0.0004062846134568685,0.0877574765066836,1.0,0.1,129.42816467407334,755.5538975591553,1.0,0.0,0.0,0.0,2.0
21273,0.001366092836574539,0.29507605270010046,0.0,0.1,129.99660386849973,755.3598567505983,1.0,0.0,0.0,0.0,2.0
21274,0.001400232563505472,0.30245023371718194,0.0,0.1,130.5180510237861,755.1781731551099,1.0,0.0,0.0,0.0,2.0
21275,0.0007679334541535869,0.16587362609717476,0.0,0.1,132.0614777552434,753.3859532614018,1.0,0.0,0.0,0.0,2.0
21276,0.0001547013125776539,0.033415483516773245,1.0,0.1,135.71519398006566,749.0587252330623,1.0,0.0,0.0,0.0,2.0
21277,0.0003284420112597011,0.07094347443209544,1.0,0.1,138.22916875248634,746.9162900426849,1.0,0.0,0.0,0.0,2.0
21278,0.0006844039178515262,0.14783124625592967,0.0,0.1,139.3583421848651,745.5970167712305,1.0,0.0,0.0,0.0,2.0
21279,0.0005374672287783345,0.11609292141612025,0.0,0.1,144.60449038732096,738.8380699049319,1.0,0.0,0.0,0.0,2.0
21280,0.00022676152806767132,0.048980490062617,1.0,0.1,143.42486271385,739.247543193359,1.0,0.0,0.0,0.0,2.0
21281,0.00021771391934027288,0.047026206577498945,1.0,0.1,140.88454485894687,742.1495446730866,1.0,0.0,0.0,0.0,2.0
21282,0.0008331016379443951,0.17994995379598935,0.0,0.1,138.9836168924126,744.2553041982071,1.0,0.0,0.0,0.0,2.0
21283,0.001599401461092381,0.3454707155959543,0.0,0.1,134.8499627633942,748.7053514415254,1.0,0.0,0.0,0.0,2.0
21284,0.0012159335683398355,0.26264165076140444,0.0,0.1,131.5257849248016,751.4825722533798,1.0,0.0,0.0,0.0,2.0
21285,0.0006603119052541918,0.14262737153490546,0.0,0.1,125.41212584646973,756.8080738733147,1.0,0.0,0.0,0.0,2.0
21286,0.0005286554394815005,0.1141895749280041,0.0,0.1,118.50756287491895,762.7110643691441,1.0,0.0,0.0,0.0,2.0
21287,0.001293988150490444,0.2795014405059359,0.0,0.1,114.16028412889247,766.863627778959,1.0,0.0,0.0,0.0,2.0
21288,0.0010229159286701509,0.2209498405927526,0.0,0.1,107.17715919449779,773.8110228227229,1.0,0.0,0.0,0.0,2.0
21289,0.0006320514749584094,0.13652311859101643,0.0,0.1,103.8356608986516,778.2770453394938,1.0,0.0,0.0,0.0,2.0
21290,0.0009962051482749789,0.21518031202739543,0.0,0.1,96.73561814634189,786.3058776907341,1.0,0.0,0.0,0.0,2.0
21291,0.0015455965477032957,0.33384885430391187,0.0,0.1,91.24697066799843,791.5755564296281,1.0,0.0,0.0,0.0,2.0
21292,0.0013157456923482743,0.28420106954722724,0.0,0.1,83.7417434514146,801.3485086837045,1.0,0.0,0.0,0.0,2.0
21293,0.0008801374540963301,0.19010969008480733,0.0,0.1,,,1.0,0.0,,,2.0
21294,0.002549318124243099,0.5506527148365095,0.0,0.1,77.34731481508166,810.7964797962383,1.0,0.0,0.0,0.0,2.0
21295,0.0011524624734293274,0.24893189426073473,0.0,0.1,75.76282565290957,813.5986102110509,1.0,0.0,0.0,0.0,2.0
21296,0.0010956086200213655,0.23665146192461495,0.0,0.1,75.19553902334302,815.2128094975286,1.0,0.0,0.0,0.0,2.0
21297,0.0015839471900751972,0.3421325930562426,0.0,0.1,72.05314845283381,820.1960601309659,1.0,0.0,0.0,0.0,2.0
21298,0.0012440944255983216,0.26872439592923747,0.0,0.1,,,1.0,0.0,,,2.0
21299,0.0011776958238752823,0.25438229795706097,0.0,0.1,,,1.0,0.0,,,2.0
21300,0.0018617154328802233,0.40213053350212824,0.0,0.1,,,1.0,0.0,,,2.0
21301,0.0018775387619319084,0.4055483725772922,0.0,0.1,,,1.0,0.0,,,2.0
21302,0.0016615768573430157,0.3589006011860914,0.0,0.1,,,1.0,0.0,,,2.0
21303,0.0010424857775238577,0.2251769279451533,0.0,0.1,58.94530661986128,847.6663191692002,1.0,0.0,1.0,0.0,2.0
21304,0.00038195900178691965,0.08250314438597464,1.0,0.1,57.89489961072879,850.3123243097602,1.0,0.0,1.0,0.0,2.0
21305,0.0006603140203649785,0.14262782839883537,0.0,0.1,57.21739559644886,850.9168180745813,1.0,0.0,1.0,0.0,2.0
21306,0.001018336802687085,0.21996074938041038,0.0,0.1,56.428318479125934,852.6724010735651,1.0,0.0,1.0,0.0,2.0
21307,0.0009039693973549546,0.1952573898286702,0.0,0.1,,,1.0,0.0,,,2.0
21308,0.00019297037214245917,0.04168160038277118,1.0,0.1,54.67866602098995,862.3149077698023,1.0,0.0,1.0,0.0,2.0
21309,0.0019259630995092452,0.416008029493997,0.0,0.1,54.69488440855406,864.224901391689,1.0,0.0,1.0,0.0,2.0
21310,0.0013915361708018985,0.30057181289321006,0.0,0.1,52.615401556790985,867.7233767734415,1.0,0.0,1.0,0.0,2.0
21311,0.001166035222234463,0.251863608002644,0.0,0.1,50.821563761376225,867.9510720540409,1.0,0.0,1.0,0.0,2.0
21312,0.0016695008918542773,0.36061219264052385,0.0,0.1,53.68170342572685,866.9003026478184,1.0,0.0,1.0,0.0,2.0
21313,0.001152606580621134,0.24896302141416496,0.0,0.1,,,1.0,0.0,,,2.0
21314,0.000867449173250528,0.18736902142211406,0.0,0.1,,,1.0,0.0,,,2.0
21315,0.0017034422109670198,0.3679435175688763,0.0,0.1,71.66423173610696,861.749539620096,1.0,0.0,0.0,0.0,2.0
21316,0.001278479433851721,0.27615155771197175,0.0,0.1,,,1.0,0.0,,,2.0
21317,0.0001977043991481092,0.04270415021599159,1.0,0.1,,,1.0,0.0,,,2.0
21318,0.0001580750622459241,0.03414421344511961,1.0,0.1,77.94719307718383,854.4728711234844,1.0,0.0,0.0,0.0,2.0
21319,0.0010810222260537784,0.23350080082761615,0.0,0.1,83.89286299584691,850.7015429371132,1.0,0.0,0.0,0.0,2.0
21320,0.0004954640571789616,0.1070202363506557,0.0,0.1,84.73809156483222,849.8556420143219,1.0,0.0,0.0,0.0,2.0
21321,0.00035702149052401443,0.07711664195318711,1.0,0.1,90.10997735518863,847.5833626479375,1.0,0.0,0.0,0.0,2.0
21322,0.00029714576897532305,0.06418348609866978,1.0,0.1,93.04015494551382,848.920947998668,1.0,0.0,0.0,0.0,2.0
21323,0.00034872349937539455,0.07532427586508522,1.0,0.1,92.34245141565762,851.8093491313357,1.0,0.0,0.0,0.0,2.0
21324,0.0006093056654106554,0.13161002372870156,0.0,0.1,93.84925046682137,852.8405423219646,1.0,0.0,0.0,0.0,2.0
21325,0.0007667136542850131,0.16561014932556284,0.0,0.1,96.6950569086464,853.4489657217566,1.0,0.0,0.0,0.0,2.0
21326,0.00030296086134271255,0.06543954605002592,1.0,0.1,101.20312631415496,853.4014393457088,1.0,0.0,0.0,0.0,2.0
21327,0.0008327285969483022,0.17986937694083327,0.0,0.1,103.3043073488547,853.2668813543742,1.0,0.0,0.0,0.0,2.0
21328,0.00024144452977381577,0.052152018431144205,1.0,0.1,107.12512584668316,852.741687176712,1.0,0.0,0.0,0.0,2.0
21329,0.0015840366256277129,0.34215191113558596,0.0,0.1,108.68632926997266,853.7272639535231,1.0,0.0,0.0,0.0,2.0
21330,0.0017369895400703777,0.3751897406552016,0.0,0.1,106.62996065610163,861.1410036149753,1.0,0.0,0.0,0.0,2.0
21331,0.0007100873082783822,0.15337885858813055,0.0,0.1,110.1492735084889,863.7307576239792,1.0,0.0,0.0,0.0,2.0
21332,0.0012456390743209352,0.269058040053322,0.0,0.1,112.02550697678099,865.3155379013785,1.0,0.0,0.0,0.0,2.0
21333,0.0009373100947114704,0.20245898045767763,0.0,0.1,115.34103363113373,866.4191075099567,1.0,0.0,0.0,0.0,2.0
21334,0.0012890222684408318,0.27842880998321967,0.0,0.1,122.07266872855678,869.8022955579745,1.0,0.0,0.0,0.0,2.0
21335,0.00016467522408797987,0.03556984840300365,1.0,0.1,125.52073192465875,873.8508727241824,1.0,0.0,0.0,0.0,2.0
21336,0.0008353135798759436,0.18042773325320383,0.0,0.1,126.12803032198258,875.0855094757138,1.0,0.0,0.0,0.0,2.0
21337,0.00026669844463596905,0.05760686404136932,1.0,0.1,128.22591993125238,876.0133649766193,1.0,0.0,0.0,0.0,2.0
21338,0.0011096530682036907,0.2396850627319972,0.0,0.1,132.13618256845547,873.8905526842751,1.0,0.0,0.0,0.0,2.0
21339,0.0007299209410249433,0.15766292326138776,0.0,0.1,135.04253691580814,872.3780445308195,1.0,0.0,0.0,0.0,2.0
21340,0.0005107861332250414,0.11032980477660895,0.0,0.1,136.06112403847698,872.6637702630602,1.0,0.0,0.0,0.0,2.0
21341,0.00016261233269008766,0.035124263861058935,1.0,0.1,137.43857381058797,875.0678706573501,1.0,0.0,0.0,0.0,2.0
21342,0.0006604410013778765,0.14265525629762135,0.0,0.1,140.40337836379445,879.1032937998145,1.0,0.0,0.0,0.0,2.0
21343,0.0012656575860740997,0.27338203859200555,0.0,0.1,143.98896720061597,885.0273270798303,1.0,0.0,0.0,0.0,2.0
21344,0.00015546279227104815,0.033579963130546404,1.0,0.1,149.44727243015416,892.0904078641047,1.0,0.0,0.0,0.0,2.0
21345,0.001038745010136501,0.2243689221894842,0.0,0.1,154.30755138972202,895.7219890570994,1.0,0.0,0.0,0.0,2.0
21346,0.002967158909262242,0.6409063244006443,0.0,0.1,162.38405596010608,904.3072457665223,1.0,0.0,0.0,0.0,2.0
21347,0.0028077943848791405,0.6064835871338944,0.0,0.1,169.53054432403465,910.440528325221,1.0,0.0,0.0,0.0,2.0
21348,0.002542933939315311,0.5492737308921072,0.0,0.1,172.30807496327634,918.4457041519686,1.0,0.0,0.0,0.0,2.0
21349,0.0009826120902239202,0.21224421148836678,0.0,0.1,179.89808251373685,924.6517290044967,1.0,0.0,0.0,0.0,2.0
21350,0.0024105132237034247,0.5206708563199397,0.0,0.1,182.82699253316167,928.6308747690639,1.0,0.0,0.0,0.0,2.0
21351,0.0022309271963656834,0.48188027441498765,0.0,0.1,189.6246041803564,933.3307715883794,1.0,0.0,0.0,0.0,2.0
21352,0.001028087120350068,0.2220668179956147,0.0,0.1,191.52595796548806,939.345818987286,1.0,0.0,0.0,0.0,2.0
21353,0.0010161703263354787,0.2194927904884634,0.0,0.1,192.94818769850013,943.2869382062348,1.0,0.0,0.0,0.0,2.0
21354,0.0010875488425542144,0.2349105499917103,0.0,0.1,194.80491233127717,945.3469521864381,1.0,0.0,0.0,0.0,2.0
21355,0.0008928242801526012,0.19285004451296187,0.0,0.1,198.14765993483374,947.7087175513456,1.0,0.0,0.0,0.0,2.0
21356,0.0009124502839888911,0.19708926134160046,0.0,0.1,200.03384759546546,950.9250523692807,1.0,0.0,0.0,0.0,2.0
21357,0.0008898651169425111,0.1922108652595824,0.0,0.1,204.54370722755672,952.4409824423589,1.0,0.0,0.0,0.0,2.0
21358,0.00038110098746847195,0.08231781329318993,1.0,0.1,207.94797540908155,956.9538546036855,1.0,0.0,0.0,0.0,2.0
21359,0.0009903444680687819,0.2139144051028569,0.0,0.1,208.469572298232,958.0008577277042,1.0,0.0,0.0,0.0,2.0
21360,0.0006121954984111323,0.13223422765680456,0.0,0.1,208.86673999441115,960.9649270468308,1.0,0.0,0.0,0.0,2.0
21361,0.0013661386651987418,0.2950859516829282,0.0,0.1,209.8915141915398,965.2795567022661,1.0,0.0,0.0,0.0,2.0
21362,0.00027707255625209203,0.059847672150451885,1.0,0.1,210.97548858790915,972.6908643605967,1.0,0.0,0.0,0.0,2.0
21363,0.0011486529040889582,0.24810902728321502,0.0,0.1,212.32447151784524,974.8167312003573,1.0,0.0,0.0,0.0,2.0
21364,0.0022498092259745314,0.4859587928104988,0.0,0.1,213.67953238493467,977.5175818683501,1.0,0.0,0.0,0.0,2.0
21365,0.0014381259097321318,0.3106351965021405,0.0,0.1,212.28857003739105,979.4040057063653,1.0,0.0,0.0,0.0,2.0
21366,0.0009441817408627588,0.2039432560263559,0.0,0.1,211.96061192559884,981.2185265555804,1.0,0.0,0.0,0.0,2.0
21367,0.0005984582945603253,0.12926699162503028,0.0,0.1,210.21710353882682,981.8067237448981,1.0,0.0,0.0,0.0,2.0
21368,0.0008893313131901606,0.19209556364907468,0.0,0.1,209.87259088494832,982.1172491421031,1.0,0.0,0.0,0.0,2.0
21369,0.0010551901297210838,0.2279210680197541,0.0,0.1,208.06905198992865,981.7772773468164,1.0,0.0,0.0,0.0,2.0
21370,0.0005168776719574388,0.11164557714280678,0.0,0.1,204.13967315358485,979.6947991697152,1.0,0.0,0.0,0.0,2.0
21371,0.0008883054443476954,0.19187397597910222,0.0,0.1,201.42166401328123,979.0871159814709,1.0,0.0,0.0,0.0,2.0
21372,0.00026360479067101593,0.056938634784939435,1.0,0.1,200.27105216910834,979.4232170961859,1.0,0.0,0.0,0.0,2.0
21373,0.00031365120907237944,0.06774866115963396,1.0,0.1,197.7954415421699,977.5024396527078,1.0,0.0,0.0,0.0,2.0
21374,0.00011617200207759386,0.025093152448760276,1.0,0.1,196.14470122402167,974.4398833216923,1.0,0.0,0.0,0.0,2.0
21375,0.0004066134782259952,0.08782851129681496,1.0,0.1,191.65630933657505,971.6128128561435,1.0,0.0,0.0,0.0,2.0
21376,9.5545985169531e-05,0.020637932796618696,1.0,0.1,187.5080551598907,970.0362895132102,1.0,0.0,0.0,0.0,2.0
21377,0.0006367283917487871,0.137533332617738,0.0,0.1,186.8633471813353,969.1906629541181,1.0,0.0,0.0,0.0,2.0
21378,0.0002782389687172703,0.06009961724293038,1.0,0.1,185.69810113712177,969.2242767678325,1.0,0.0,0.0,0.0,2.0
21379,0.00028236384568166987,0.0609905906672407,1.0,0.1,184.62310402367763,968.3690337333805,1.0,0.0,0.0,0.0,2.0
21380,0.00038287189923168826,0.08270033023404466,1.0,0.1,181.58489035734993,964.0913624427777,1.0,0.0,0.0,0.0,2.0
21381,0.0002657142575698111,0.0573942796350792,1.0,0.1,180.88054627266212,962.5167560916855,1.0,0.0,0.0,0.0,2.0
21382,0.0007128366062535649,0.15397270695077003,0.0,0.1,178.0800950942455,960.5760856533868,1.0,0.0,0.0,0.0,2.0
21383,0.00020536358489785968,0.04435853433793769,1.0,0.1,176.42848034453414,959.8653620646475,1.0,0.0,0.0,0.0,2.0
21384,0.0005679088704790363,0.12266831602347184,0.0,0.1,174.93149482468834,959.5068343178314,1.0,0.0,0.0,0.0,2.0
21385,0.00015267281497953217,0.03297732803557895,1.0,0.1,173.97616486358544,957.8819421598396,1.0,0.0,0.0,0.0,2.0
21386,0.0010787020607051774,0.23299964511231833,0.0,0.1,172.17864858983825,956.0862093793555,1.0,0.0,0.0,0.0,2.0
21387,0.00048719770903330015,0.10523470515119283,0.0,0.1,168.4287653551139,953.671925276895,1.0,0.0,0.0,0.0,2.0
21388,0.0004877729393744788,0.10535895490488742,0.0,0.1,163.88302395870807,951.2893033152089,1.0,0.0,0.0,0.0,2.0
21389,0.0006448944598208876,0.1392972033213117,0.0,0.1,161.88146042619294,950.0423450538937,1.0,0.0,0.0,0.0,2.0
21390,0.0011219271707287007,0.24233626887739937,0.0,0.1,162.150745209605,950.4586376629454,1.0,0.0,0.0,0.0,2.0
21391,0.000749691324567171,0.16193332610650896,0.0,0.1,161.19126912906998,946.2897701164331,1.0,0.0,0.0,0.0,2.0
21392,0.0012844807150388274,0.2774478344483867,0.0,0.1,159.1413446466418,943.4101544837342,1.0,0.0,0.0,0.0,2.0
21393,0.0009269381769105807,0.20021864621268542,0.0,0.1,156.82934679570403,942.1817107675944,1.0,0.0,0.0,0.0,2.0
21394,8.533711799726594e-05,0.018432817487409443,1.0,0.1,155.77349684108043,941.4007122029998,1.0,0.0,0.0,0.0,2.0
21395,0.000944958128401685,0.20411095573476398,0.0,0.1,154.68522709941914,942.0625617818752,1.0,0.0,0.0,0.0,2.0
21396,4.679560116629952e-05,0.010107849851920698,1.0,0.1,152.74361463239978,941.499021766212,1.0,0.0,0.0,0.0,2.0
21397,0.0005701439508554702,0.12315109338478157,0.0,0.1,147.90688666159414,936.8517036988891,1.0,0.0,0.0,0.0,2.0
21398,0.000403067064751048,0.08706248598622637,1.0,0.1,142.91197737979786,931.2735429622182,1.0,0.0,0.0,0.0,2.0
21399,0.00028982268628581444,0.06260170023773592,1.0,0.1,140.64421900203473,930.3276264462478,1.0,0.0,0.0,0.0,2.0
21400,0.0004358258979873209,0.09413839396526132,1.0,0.1,138.90571661153217,929.8631711128311,1.0,0.0,0.0,0.0,2.0
21401,0.0001336546072649381,0.028869395169226632,1.0,0.1,137.19317283659507,932.8062019334014,1.0,0.0,0.0,0.0,2.0
21402,0.00010282425710987986,0.02221003953573405,1.0,0.1,137.97579663108775,936.1671862533842,1.0,0.0,0.0,0.0,2.0
21403,0.00015123428157371913,0.03266660481992333,1.0,0.1,137.54195380645558,939.7649043022949,1.0,0.0,0.0,0.0,2.0
21404,4.7087810701062656e-05,0.010170967111429535,1.0,0.1,135.40636793169318,942.0490727556927,1.0,0.0,0.0,0.0,2.0
21405,0.0005563942515449181,0.12018115833370231,0.0,0.1,133.7396334408939,945.8761954896796,1.0,0.0,0.0,0.0,2.0
21406,0.00044907293572229626,0.096999754116016,1.0,0.1,133.07578846790915,945.1458449229042,1.0,0.0,0.0,0.0,2.0
21407,0.00021464502263909683,0.04636332489004492,1.0,0.1,131.71638803151757,944.2909636791795,1.0,0.0,0.0,0.0,2.0
21408,0.0005128310725867684,0.11077151167874197,0.0,0.1,129.85086970647674,941.6235508829535,1.0,0.0,0.0,0.0,2.0
21409,0.00046297063061678996,0.10000165621322664,0.0,0.1,126.5738073720864,937.3940439495083,1.0,0.0,0.0,0.0,2.0
21410,0.00034906677874781106,0.07539842420952719,1.0,0.1,,,1.0,0.0,,,2.0
21411,8.62894006484043e-05,0.01863851054005533,1.0,0.1,,,1.0,0.0,,,2.0
21412,7.521275351775353e-05,0.016245954759834765,1.0,0.1,109.97421858910154,930.4856576201157,1.0,0.0,0.0,0.0,2.0
21413,0.00019998518423064993,0.043196799793820385,1.0,0.1,110.00002034970117,930.871097494087,1.0,0.0,0.0,0.0,2.0
21414,0.0008112799287416148,0.1752364646081888,0.0,0.1,,,1.0,0.0,,,2.0
21415,0.0003013937354736245,0.06510104686230289,1.0,0.1,,,1.0,0.0,,,2.0
21416,0.0001840268788759008,0.03974980583719458,1.0,0.1,,,1.0,0.0,,,2.0
21417,0.000463481604171504,0.10011202650104487,0.0,0.1,,,1.0,0.0,,,2.0
21418,0.0004586914530350593,0.09907735385557281,1.0,0.1,,,1.0,0.0,,,2.0
21419,0.0004136082589549639,0.08933938393427221,1.0,0.1,,,1.0,0.0,,,2.0
21420,0.0006982737204246941,0.15082712361173392,0.0,0.1,103.36549768348927,931.9401477972601,1.0,0.0,0.0,0.0,2.0
21421,0.000451176942647196,0.09745421961179435,1.0,0.1,107.11698180680345,938.927410214388,1.0,0.0,0.0,0.0,2.0
21422,0.0006532915147766062,0.14111096719174693,0.0,0.1,107.09450162591672,940.6420626692343,1.0,0.0,0.0,0.0,2.0
21423,0.0016795065379950143,0.3627734122069231,0.0,0.1,109.11109374202191,941.9324427908343,1.0,0.0,0.0,0.0,2.0
21424,0.0022195704421552366,0.4794272155055312,0.0,0.1,109.9163173222529,941.3674790960415,1.0,0.0,0.0,0.0,2.0
21425,0.0005000513203968848,0.10801108520572711,0.0,0.1,108.08288247030629,938.0387484097747,1.0,0.0,0.0,0.0,2.0
21426,0.0018857660604128564,0.407325469049177,0.0,0.1,107.07444791900464,935.3335708505642,1.0,0.0,0.0,0.0,2.0
21427,0.001297455414138642,0.2802503694539467,0.0,0.1,107.96620122184234,930.5076338560032,1.0,0.0,0.0,0.0,2.0
21428,0.001287313961842545,0.27805981575798977,0.0,0.1,113.2726956864372,928.874748952287,1.0,0.0,0.0,0.0,2.0
21429,0.001082638280079791,0.2338498684972349,0.0,0.1,117.65998294065979,927.2869643629346,1.0,0.0,0.0,0.0,2.0
21430,0.0010032751105712224,0.21670742388338404,0.0,0.1,124.42709763888969,926.1210505986969,1.0,0.0,0.0,0.0,2.0
21431,0.001790397143160075,0.3867257829225762,0.0,0.1,128.01098278511046,927.0802069459531,1.0,0.0,0.0,0.0,2.0
21432,0.0011144763116560108,0.24072688331769834,0.0,0.1,131.20184926936048,925.0963193645621,1.0,0.0,0.0,0.0,2.0
21433,0.0013689742296680192,0.2956984336082922,0.0,0.1,131.58668689212033,920.7850382480635,1.0,0.0,0.0,0.0,2.0
21434,0.0005557854549590023,0.12004965827114449,0.0,0.1,133.6049002505176,918.1045963771863,1.0,0.0,0.0,0.0,2.0
21435,0.0019316166969409727,0.4172292065392501,0.0,0.1,135.46310239393858,920.1683205989066,1.0,0.0,0.0,0.0,2.0
21436,0.0014125573365779995,0.3051123847008479,0.0,0.1,140.75980782666682,925.8119754408337,1.0,0.0,0.0,0.0,2.0
21437,,,,0.1,144.49433429543285,930.8150372059343,1.0,0.0,0.0,0.0,2.0
21438,,,,0.1,150.47830882490544,939.438587058614,,,0.0,0.0,2.0
21439,0.0004320547296474913,0.09332382160385813,1.0,0.1,158.6309719142008,948.7974711949604,1.0,0.0,0.0,0.0,2.0
21440,0.0025738925162386685,0.5559607835075524,0.0,0.1,163.0486111496974,954.9379981213616,1.0,0.0,0.0,0.0,2.0
21441,,,,0.1,170.80587406979228,964.9088973665446,1.0,0.0,0.0,0.0,2.0
21442,,,,0.1,176.10261488711475,972.1770625688869,,,0.0,0.0,2.0
21443,,,,0.1,181.2976628349143,980.0900008375421,,,0.0,0.0,2.0
21444,0.0016034005331653416,0.3463345151637138,0.0,0.1,186.768387014086,986.1098301778995,1.0,0.0,0.0,0.0,2.0
21445,0.0027851500810170374,0.6015924174996801,0.0,0.1,194.292557632127,996.2779958111458,1.0,0.0,0.0,0.0,2.0
21446,0.0016280225795434217,0.3516528771813791,0.0,0.1,200.71375880925265,1004.7533307301874,1.0,0.0,0.0,0.0,2.0
21447,0.002598477553440188,0.5612711515430806,0.0,0.1,210.33007586097435,1014.9152823912926,1.0,0.0,0.0,0.0,2.0
21448,0.00046612877691472505,0.10068381581358062,0.0,0.1,226.72092131705452,1031.668910510086,1.0,0.0,0.0,0.0,2.0
21449,0.0024446908167861186,0.5280532164258016,0.0,0.1,232.43223323023838,1036.910490500159,1.0,0.0,0.0,0.0,2.0
21450,0.0027859480489512713,0.6017647785734747,0.0,0.1,243.7832370827948,1050.4642100071978,1.0,0.0,0.0,0.0,2.0
21451,,,,0.1,251.5589786987184,1058.7587458593691,1.0,0.0,0.0,0.0,2.0
21452,,,,0.1,260.46707177469824,1065.7907780820133,,,0.0,0.0,2.0
21453,0.0020774025428307733,0.44871894925144706,0.0,0.1,267.3835142457533,1070.846373859512,1.0,0.0,0.0,0.0,2.0
21454,0.0036220194650686617,0.782356204454831,0.0,0.1,277.7351558793702,1082.5654151686929,1.0,0.0,0.0,0.0,2.0
21455,0.0014047861372166984,0.30343380563880684,0.0,0.1,285.25981990926977,1089.642160153377,1.0,0.0,0.0,0.0,2.0
21456,0.002174057720160979,0.46959646755477147,0.0,0.1,294.80578510335476,1098.3368254616357,1.0,0.0,0.0,0.0,2.0
21457,0.000773850941142515,0.16715180328678325,0.0,0.1,297.94276617647665,1098.970179484931,1.0,0.0,0.0,0.0,2.0
21458,0.0004064218299117451,0.08778711526093694,1.0,0.1,298.1485873332915,1096.2576837645433,1.0,0.0,0.0,0.0,2.0
21459,0.0006465406862405459,0.1396527882279579,0.0,0.1,302.54452658120573,1097.3106816578943,1.0,0.0,0.0,0.0,2.0
21460,0.0009548580702993255,0.20624934318465432,0.0,0.1,307.4275221484711,1100.3889214126953,1.0,0.0,0.0,0.0,2.0
21461,0.00021962100176559684,0.047438136381368914,1.0,0.1,310.3220743107439,1102.0366369084393,1.0,0.0,0.0,0.0,2.0
21462,0.001976288475271105,0.4268783106585587,0.0,0.1,310.052018542256,1101.6204912077735,1.0,0.0,0.0,0.0,2.0
21463,0.0007181827679752803,0.15512747788266054,0.0,0.1,306.5222035829881,1096.008796208231,1.0,0.0,0.0,0.0,2.0
21464,0.0010606909879408357,0.2291092533952205,0.0,0.1,305.53470698022477,1092.6912316559487,1.0,0.0,0.0,0.0,2.0
21465,0.0009947242645384439,0.2148604411403039,0.0,0.1,304.59861097691663,1089.8289580650774,1.0,0.0,0.0,0.0,2.0
21466,0.0003313954842726458,0.07158142460289149,1.0,0.1,301.06399867409004,1085.0842345870615,1.0,0.0,0.0,0.0,2.0
21467,0.0009078394724203252,0.19609332604279026,0.0,0.1,298.51099187320114,1081.7376586345185,1.0,0.0,0.0,0.0,2.0
21468,0.00035669376109728735,0.07704585239701407,1.0,0.1,298.86373574065743,1079.4288282719144,1.0,0.0,0.0,0.0,2.0
21469,0.0006996594343656165,0.1511264378229732,0.0,0.1,294.0616709366583,1076.1260635503875,1.0,0.0,0.0,0.0,2.0
21470,0.00041944973886130256,0.09060114359404135,1.0,0.1,292.22386536228834,1072.5619465215739,1.0,0.0,0.0,0.0,2.0
21471,0.0009477461591067688,0.20471317036706208,0.0,0.1,291.6867550025364,1071.5731065218804,1.0,0.0,0.0,0.0,2.0
21472,0.00036554147010796866,0.07895695754332123,1.0,0.1,291.53856585951866,1071.8120200122783,1.0,0.0,0.0,0.0,2.0
21473,0.0004686028921895454,0.10121822471294181,0.0,0.1,292.71929756285607,1071.2147913539816,1.0,0.0,0.0,0.0,2.0
21474,0.00024366577418164938,0.052631807223236265,1.0,0.1,295.1039716300833,1069.8599968481503,1.0,0.0,0.0,0.0,2.0
21475,0.00026385799471897645,0.056993326859298914,1.0,0.1,298.40184717237145,1070.3027983970774,1.0,0.0,0.0,0.0,2.0
21476,0.000305767325461873,0.06604574229976456,1.0,0.1,299.9383481661595,1070.643546827703,1.0,0.0,0.0,0.0,2.0
21477,0.0003567859916938931,0.07706577420588091,1.0,0.1,301.99165908923663,1070.1039240330704,1.0,0.0,0.0,0.0,2.0
21478,7.446094518327361e-05,0.016083564159587102,1.0,0.1,303.1683356171093,1069.3810622275378,1.0,0.0,0.0,0.0,2.0
21479,0.00041003698529754534,0.08856798882426979,1.0,0.1,304.135717664257,1069.5953313869506,1.0,0.0,0.0,0.0,2.0
21480,0.00023444007120370888,0.050639055380001116,1.0,0.1,304.3948304904465,1069.1532638526357,1.0,0.0,0.0,0.0,2.0
21481,0.00017374801099794747,0.03752957037555665,1.0,0.1,304.17692448415113,1065.3303576178942,1.0,0.0,0.0,0.0,2.0
21482,0.0004670295503248445,0.10087838287016641,0.0,0.1,302.6121772542041,1061.4546775121757,1.0,0.0,0.0,0.0,2.0
21483,0.0009942846680564713,0.2147654883001978,0.0,0.1,302.82947828517155,1057.9547023156335,1.0,0.0,0.0,0.0,2.0
21484,0.00040157829252939213,0.0867409111863487,1.0,0.1,302.4879161429316,1055.9164678212944,1.0,0.0,0.0,0.0,2.0
21485,0.001164184697412129,0.25146389464101987,0.0,0.1,301.9867181279222,1054.8867949887176,1.0,0.0,0.0,0.0,2.0
21486,0.0011913186605354384,0.2573248306756547,0.0,0.1,300.039980102906,1053.4614114283322,1.0,0.0,0.0,0.0,2.0
21487,0.0015462585883403554,0.3339918550815168,0.0,0.1,300.9150784137842,1052.8883101491792,1.0,0.0,0.0,0.0,2.0
21488,0.0009388143733324118,0.20278390463980095,0.0,0.1,305.75440375658087,1056.3621915251888,1.0,0.0,0.0,0.0,2.0
21489,0.000740083222042508,0.15985797596118173,0.0,0.1,307.458557275345,1056.8986358846985,1.0,0.0,0.0,0.0,2.0
21490,,,,0.1,307.9328646579601,1056.0488950021922,1.0,0.0,0.0,0.0,2.0
21491,,,,0.1,308.92508612244205,1056.3951874843965,,,0.0,0.0,2.0
21492,0.00034342965572141306,0.07418080563582523,1.0,0.1,307.6524572493981,1054.2896438503453,1.0,0.0,0.0,0.0,2.0
21493,7.863970794262834e-05,0.016986176915607724,1.0,0.1,308.25843785925747,1054.694020334201,1.0,0.0,0.0,0.0,2.0
21494,0.00021702349530959005,0.04687707498687145,1.0,0.1,308.3222597066579,1053.8413104377905,1.0,0.0,0.0,0.0,2.0
21495,0.0007292273300717531,0.15751310329549867,0.0,0.1,307.7907942062112,1052.4138650387922,1.0,0.0,0.0,0.0,2.0
21496,0.00011945161524577134,0.02580154889308661,1.0,0.1,305.8958126083853,1050.6137114973121,1.0,0.0,0.0,0.0,2.0
21497,0.0008915532192453192,0.19257549535698895,0.0,0.1,305.23532202748163,1050.4349158179457,1.0,0.0,0.0,0.0,2.0
21498,0.00040854755115336887,0.08824627104912768,1.0,0.1,304.7004375293888,1050.457860501002,1.0,0.0,0.0,0.0,2.0
21499,0.0010851259426946935,0.2343872036220538,0.0,0.1,305.72089963728445,1052.535949790663,1.0,0.0,0.0,0.0,2.0
21500,0.0003349254728408643,0.0723439021336267,1.0,0.1,309.20206901647293,1056.010706574441,1.0,0.0,0.0,0.0,2.0
21501,0.0004935764516710402,0.1066125135609447,0.0,0.1,311.99084171478137,1057.8167846951283,1.0,0.0,0.0,0.0,2.0
21502,0.0001970509743370047,0.04256301045679302,1.0,0.1,315.7103044903695,1060.1884710790625,1.0,0.0,0.0,0.0,2.0
21503,0.0005408937441296004,0.11683304873199368,0.0,0.1,316.4666295443521,1060.662321462542,1.0,0.0,0.0,0.0,2.0
21504,0.0002999998131551085,0.06479995964150344,1.0,0.1,318.436171903506,1061.6322544267225,1.0,0.0,0.0,0.0,2.0
21505,0.00015906410689286302,0.03435784708885841,1.0,0.1,319.50346187645073,1063.1070342722605,1.0,0.0,0.0,0.0,2.0
21506,0.0002550996620241238,0.055101526997210735,1.0,0.1,319.5605072049555,1062.99997586479,1.0,0.0,0.0,0.0,2.0
21507,0.000864506634668473,0.18673343308839016,0.0,0.1,320.0931270851778,1062.2689838365059,1.0,0.0,0.0,0.0,2.0
21508,0.00015836658519731043,0.03420718240261905,1.0,0.1,320.7012492598906,1060.9396843329312,1.0,0.0,0.0,0.0,2.0
21509,0.000617780969127505,0.13344068933154107,0.0,0.1,322.570513866904,1062.5768667170023,1.0,0.0,0.0,0.0,2.0
21510,0.00014967442187443464,0.03232967512487789,1.0,0.1,322.33616396599064,1063.6738880865305,1.0,0.0,0.0,0.0,2.0
21511,0.0007809617744117896,0.16868774327294656,0.0,0.1,322.5368510559768,1065.8554450558372,1.0,0.0,0.0,0.0,2.0
21512,5.376978864377059e-05,0.011614274347054447,1.0,0.1,322.8218586625887,1067.0478924695233,1.0,0.0,0.0,0.0,2.0
21513,0.001256843101384714,0.27147810989909826,0.0,0.1,322.2761729224146,1069.382303503512,1.0,0.0,0.0,0.0,2.0
21514,0.001252629970497445,0.27056807362744817,0.0,0.1,322.6436237254747,1073.9496153281143,1.0,0.0,0.0,0.0,2.0
21515,0.0010787239886113733,0.23300438154005662,0.0,0.1,324.5591834456066,1076.2524734842132,1.0,0.0,0.0,0.0,2.0
21516,0.0011290103347402097,0.24386623230388527,0.0,0.1,326.5462768013962,1078.1546909444128,1.0,0.0,0.0,0.0,2.0
21517,0.00046135335940561357,0.09965232563161254,1.0,0.1,330.6134036459861,1080.8995815378196,1.0,0.0,0.0,0.0,2.0
21518,0.0002703462080125826,0.05839478093071785,1.0,0.1,332.14606728247134,1080.6150722660745,1.0,0.0,0.0,0.0,2.0
21519,0.0008645275949473273,0.1867379605086227,0.0,0.1,334.1241248824685,1081.7656614774467,1.0,0.0,0.0,0.0,2.0
21520,0.0004898671036535852,0.10581129438917442,0.0,0.1,335.51446356617544,1083.41863736376,1.0,0.0,0.0,0.0,2.0
21521,0.0003504158665586397,0.07568982717666618,1.0,0.1,335.6282163810368,1084.7679008587993,1.0,0.0,0.0,0.0,2.0
21522,0.0011481112574998045,0.2479920316199578,0.0,0.1,338.13046922892323,1089.999099446458,1.0,0.0,0.0,0.0,2.0
21523,0.0004734072292103319,0.1022559615094317,0.0,0.1,338.9178091665972,1090.5646534688196,1.0,0.0,0.0,0.0,2.0
21524,0.00016900116447543612,0.036504251526694204,1.0,0.1,339.5602284531048,1091.3829363239302,1.0,0.0,0.0,0.0,2.0
21525,0.00025969447160865,0.056094005867468405,1.0,0.1,340.03680230200376,1091.6888688191084,1.0,0.0,0.0,0.0,2.0
21526,0.0003432524106099608,0.07414252069175153,1.0,0.1,339.0938849435761,1092.616305252409,1.0,0.0,0.0,0.0,2.0
21527,0.0002791912086564851,0.060305301069800775,1.0,0.1,337.5910230031059,1093.915006942953,1.0,0.0,0.0,0.0,2.0
21528,0.0006855299997283226,0.14807447994131767,0.0,0.1,338.9201082034561,1097.1869228851326,1.0,0.0,0.0,0.0,2.0
21529,0.00019538831841143825,0.042203876776870666,1.0,0.1,339.7245704167996,1098.542721352601,1.0,0.0,0.0,0.0,2.0
21530,0.00012635937374398632,0.027293624728701046,1.0,0.1,339.80903994354395,1098.5506503933761,1.0,0.0,0.0,0.0,2.0
21531,0.0003954479407834239,0.08541675520921957,1.0,0.1,340.0766041335053,1100.2953395624152,1.0,0.0,0.0,0.0,2.0
21532,0.00027863238524964405,0.060184595213923116,1.0,0.1,343.2748851070426,1104.0462621285276,1.0,0.0,0.0,0.0,2.0
21533,0.00012328777337168142,0.026630159048283187,1.0,0.1,342.77656194938885,1105.531927620136,1.0,0.0,0.0,0.0,2.0
21534,0.00024748622480688843,0.05345702455828791,1.0,0.1,342.60000030236415,1106.132299756363,1.0,0.0,0.0,0.0,2.0
21535,6.372638773789831e-05,0.013764899751386037,1.0,0.1,341.42805744859004,1106.688373544966,1.0,0.0,0.0,0.0,2.0
21536,0.0007988843674671339,0.1725590233729009,0.0,0.1,340.1122707471324,1106.328257522324,1.0,0.0,0.0,0.0,2.0
21537,0.00041601327544567036,0.0898588674962648,1.0,0.1,339.4504428273041,1106.45847013264,1.0,0.0,0.0,0.0,2.0
21538,8.622605821583353e-05,0.018624828574620042,1.0,0.1,337.9242446634386,1106.767417504749,1.0,0.0,0.0,0.0,2.0
21539,0.0008149040602037168,0.17601927700400283,0.0,0.1,337.70950898820473,1106.7256663729459,1.0,0.0,0.0,0.0,2.0
21540,0.000279444323907528,0.06035997396402606,1.0,0.1,338.034481419789,1107.366599143736,1.0,0.0,0.0,0.0,2.0
21541,0.0003253121409273153,0.07026742244030011,1.0,0.1,339.12962324653455,1107.5977427884586,1.0,0.0,0.0,0.0,2.0
21542,4.8761641230079664e-05,0.010532514505697208,1.0,0.1,341.02195943082063,1108.1054634594,1.0,0.0,0.0,0.0,2.0
21543,0.0002622321208211726,0.056642138097373285,1.0,0.1,341.1027437642529,1108.1036999952432,1.0,0.0,0.0,0.0,2.0
21544,5.732837417395495e-05,0.012382928821574268,1.0,0.1,341.9809170431547,1108.8040113384561,1.0,0.0,0.0,0.0,2.0
21545,0.0006676472951279985,0.14421181574764766,0.0,0.1,342.28245850812215,1109.011466118065,1.0,0.0,0.0,0.0,2.0
21546,0.0003138923475190332,0.06780074706411118,1.0,0.1,342.2508075647079,1108.4816396010083,1.0,0.0,0.0,0.0,2.0
21547,0.0001846779298698897,0.039890432851896175,1.0,0.1,341.11880658539377,1106.2263156751137,1.0,0.0,0.0,0.0,2.0
21548,0.00033430503067836276,0.07220988662652636,1.0,0.1,342.90460063560954,1106.9551010235557,1.0,0.0,0.0,0.0,2.0
21549,0.0010367374700879066,0.2239352935389878,0.0,0.1,342.86788312639254,1102.263437331826,1.0,0.0,0.0,0.0,2.0
21550,0.00030360566861469224,0.06557882442077352,1.0,0.1,344.1898429345588,1103.7150208791008,1.0,0.0,0.0,0.0,2.0
21551,0.0003400228913381021,0.07344494452903005,1.0,0.1,344.0240011769307,1103.7189622044248,1.0,0.0,0.0,0.0,2.0
21552,0.0003791658384722824,0.081899821110013,1.0,0.1,345.1887636926463,1103.820191981627,1.0,0.0,0.0,0.0,2.0
21553,0.000549083926098572,0.11860212803729156,0.0,0.1,345.7684839055513,1102.319997526358,1.0,0.0,0.0,0.0,2.0
21554,0.0005472674819222291,0.11820977609520149,0.0,0.1,345.84957450288636,1101.8629171847062,1.0,0.0,0.0,0.0,2.0
21555,0.00082102036655428,0.17734039917572447,0.0,0.1,346.3788592888594,1102.8069847877252,1.0,0.0,0.0,0.0,2.0
21556,0.0006885479281008873,0.14872635246979168,0.0,0.1,346.91732894319057,1105.5710923690474,1.0,0.0,0.0,0.0,2.0
21557,5.532983924219205e-05,0.011951245276313483,1.0,0.1,347.732680380128,1106.6270622940685,1.0,0.0,0.0,0.0,2.0
21558,0.0010075887758552956,0.21763917558474385,0.0,0.1,350.47930055785633,1110.2802708580252,1.0,0.0,0.0,0.0,2.0
21559,0.0012476794856781822,0.26949876890648733,0.0,0.1,352.85971191539596,1113.6480637517718,1.0,0.0,0.0,0.0,2.0
21560,0.00024135689983255309,0.05213309036383147,1.0,0.1,355.42374619794464,1116.2683395725594,1.0,0.0,0.0,0.0,2.0
21561,0.0005546776371989741,0.1198103696349784,0.0,0.1,355.6978746320685,1117.8084091961034,1.0,0.0,0.0,0.0,2.0
21562,0.00019302284790989103,0.04169293514853647,1.0,0.1,357.94373053060286,1122.6183845687858,1.0,0.0,0.0,0.0,2.0
21563,0.0002855860571023305,0.06168658833410339,1.0,0.1,362.11560855674816,1127.236664827205,1.0,0.0,0.0,0.0,2.0
21564,0.0006752167359075865,0.14584681495603868,0.0,0.1,364.077530447566,1132.1264119799616,1.0,0.0,0.0,0.0,2.0
21565,0.0011494191513513972,0.24827453669190183,0.0,0.1,367.74671903392573,1138.495182576577,1.0,0.0,0.0,0.0,2.0
21566,0.0010303161317013988,0.22254828444750213,0.0,0.1,368.77341707897943,1139.3082795574849,1.0,0.0,0.0,0.0,2.0
21567,0.001481283859188896,0.3199573135848015,0.0,0.1,371.2798550639981,1142.248174459555,1.0,0.0,0.0,0.0,2.0
21568,0.0033712965751234946,0.7282000602266748,0.0,0.1,375.9672974821529,1147.8430642856604,1.0,0.0,0.0,0.0,2.0
21569,0.0006361284031801665,0.13740373508691597,0.0,0.1,380.5981355012982,1154.501013806493,1.0,0.0,0.0,0.0,2.0
21570,0.0012940417063078708,0.2795130085625001,0.0,0.1,382.2226012130168,1155.9186561928834,1.0,0.0,0.0,0.0,2.0
21571,0.000908820497795342,0.19630522752379387,0.0,0.1,389.2536663662782,1161.921798244972,1.0,0.0,0.0,0.0,2.0
21572,0.002751971302731534,0.5944258013900113,0.0,0.1,393.06053569681774,1165.938407124332,1.0,0.0,0.0,0.0,2.0
21573,0.002210962997551735,0.47756800747117484,0.0,0.1,399.1237572146452,1171.3472217870672,1.0,0.0,0.0,0.0,2.0
21574,0.0020440093070164082,0.4415060103155442,0.0,0.1,405.34885062916413,1176.754244312694,1.0,0.0,0.0,0.0,2.0
21575,0.0011172416220886722,0.24132419037115319,0.0,0.1,408.49736585083394,1178.9345776345535,1.0,0.0,0.0,0.0,2.0
21576,0.0004958964540111056,0.10711363406639882,0.0,0.1,412.6268523492196,1177.0683059159264,1.0,0.0,0.0,0.0,2.0
21577,0.002354697715260156,0.5086147064961937,0.0,0.1,,,1.0,0.0,,,2.0
21578,0.0011866652982630383,0.2563197044248163,0.0,0.1,,,1.0,0.0,,,2.0
21579,0.0033258138867982424,0.7183757995484203,0.0,0.1,431.91928890511457,1194.8115472916838,1.0,0.0,0.0,0.0,2.0
21580,0.003955316255290606,0.8543483111427709,0.0,0.1,,,1.0,0.0,,,2.0
21581,0.001487581475432881,0.3213175986935023,0.0,0.1,,,1.0,0.0,,,2.0
21582,0.001978882254317446,0.4274385669325683,0.0,0.1,,,1.0,0.0,,,2.0
21583,0.0015225051487936314,0.3288611121394244,0.0,0.1,,,1.0,0.0,,,2.0
21584,0.0008108214564998588,0.17513743460396952,0.0,0.1,441.84028198745125,1211.8092863775125,1.0,0.0,0.0,0.0,2.0
21585,0.0008328347933821348,0.17989231537054112,0.0,0.1,,,1.0,0.0,,,2.0
21586,0.0009952426517618124,0.2149724127805515,0.0,0.1,440.51641746048875,1210.1584695578297,1.0,0.0,0.0,0.0,2.0
21587,0.0007153125993203059,0.15450752145318608,0.0,0.1,438.2309939972347,1206.5839503110085,1.0,0.0,0.0,0.0,2.0
21588,0.00014085986897198566,0.030425731697948905,1.0,0.1,,,1.0,0.0,,,2.0
21589,0.00026953298844093816,0.058219125503242646,1.0,0.1,434.8527127691301,1202.6383377409436,1.0,0.0,0.0,0.0,2.0
21590,0.0003382022364946915,0.07305168308285337,1.0,0.1,436.02939023091716,1204.7439676282015,1.0,0.0,0.0,0.0,2.0
21591,0.0006065713337956453,0.13101940809985937,0.0,0.1,439.01505921693325,1207.5823229362202,1.0,0.0,0.0,0.0,2.0
21592,0.0004078477605504893,0.08809511627890569,1.0,0.1,441.48891495720517,1211.3101236123916,1.0,0.0,0.0,0.0,2.0
21593,0.0004279680952220208,0.09244110856795648,1.0,0.1,,,1.0,0.0,,,2.0
21594,0.0010223184934740562,0.22082079459039616,0.0,0.1,446.0737119925986,1217.837765384311,1.0,0.0,0.0,0.0,2.0
21595,0.0009242448881457944,0.1996368958394916,0.0,0.1,446.085207611039,1218.3639886446085,1.0,0.0,0.0,0.0,2.0
21596,0.00040431029002887755,0.08733102264623756,1.0,0.1,446.4350042957337,1219.295611525594,1.0,0.0,0.0,0.0,2.0
21597,0.0002048996854355833,0.04425833205408599,1.0,0.1,,,1.0,0.0,,,2.0
21598,0.00023994315869952225,0.05182772227909681,1.0,0.1,,,1.0,0.0,,,2.0
21599,0.0008991252130072242,0.19421104600956046,0.0,0.1,,,1.0,0.0,,,2.0
21600,0.00018993374759454187,0.04102568948042104,1.0,0.1,,,1.0,0.0,,,2.0
21601,0.0001709279204286447,0.03692043081258726,1.0,0.1,,,1.0,0.0,,,2.0
21602,0.00039612690903936555,0.08556341235250296,1.0,0.1,,,1.0,0.0,,,2.0
21603,0.000578666857040558,0.12499204112076052,0.0,0.1,433.6351104725353,1204.2798231726197,1.0,0.0,0.0,0.0,2.0
21604,0.0006680963697648855,0.14430881586921526,0.0,0.1,433.2690962429532,1200.1083760912115,1.0,0.0,0.0,0.0,2.0
21605,0.000548910680237291,0.11856470693125484,0.0,0.1,433.5187103607431,1198.53880251048,1.0,0.0,0.0,0.0,2.0
21606,0.00039263467873058036,0.08480909060580535,1.0,0.1,433.5746132347346,1198.2982538577337,1.0,0.0,0.0,0.0,2.0
21607,0.0010539827491127278,0.2276602738083492,0.0,0.1,434.34174109659654,1200.2825041103965,1.0,0.0,0.0,0.0,2.0
21608,0.0007279474568176178,0.15723665067260542,0.0,0.1,435.9905218729603,1203.3629866458605,1.0,0.0,0.0,0.0,2.0
21609,0.0005318699139854157,0.1148839014208498,0.0,0.1,439.3530817404279,1207.4005176268925,1.0,0.0,0.0,0.0,2.0
21610,5.3047266560839884e-05,0.011458209577141415,1.0,0.1,441.4321503172581,1209.7383534692895,1.0,0.0,0.0,0.0,2.0
21611,0.00037236611685049895,0.08043108123970778,1.0,0.1,441.4115323277695,1209.9910043048703,1.0,0.0,0.0,0.0,2.0
21612,0.00027117492377592083,0.058573783535598896,1.0,0.1,442.88862446453373,1212.2241600964435,1.0,0.0,0.0,0.0,2.0
21613,0.0002512328384468194,0.05426629310451299,1.0,0.1,443.84893390753217,1214.943899236649,1.0,0.0,0.0,0.0,2.0
21614,7.046979001909306e-05,0.015221474644124103,1.0,0.1,,,1.0,0.0,,,2.0
21615,0.00013953332844665297,0.03013919894447704,1.0,0.1,,,1.0,0.0,,,2.0
21616,0.00016118829022176875,0.03481667068790205,1.0,0.1,,,1.0,0.0,,,2.0
21617,0.00019226162142126947,0.041528510226994206,1.0,0.1,,,1.0,0.0,,,2.0
21618,9.56589937042693e-05,0.02066234264012217,1.0,0.1,,,1.0,0.0,,,2.0
21619,0.00011648564212751908,0.02516089869954412,1.0,0.1,,,1.0,0.0,,,2.0
21620,0.00022049530839170673,0.047626986612608654,1.0,0.1,,,1.0,0.0,,,2.0
21621,0.0001222514010432578,0.026406302625343686,1.0,0.1,,,1.0,0.0,,,2.0
21622,0.00016820187476590092,0.0363316049494346,1.0,0.1,,,1.0,0.0,,,2.0
21623,0.00011448065414441359,0.024727821295193336,1.0,0.1,,,1.0,0.0,,,2.0
21624,0.0003016843145921431,0.06516381195190292,1.0,0.1,,,1.0,0.0,,,2.0
21625,0.0005161870850730078,0.11149641037576967,0.0,0.1,,,1.0,0.0,,,2.0
21626,0.0006829280420603947,0.14751245708504526,0.0,0.1,,,1.0,0.0,,,2.0
21627,0.0002163178770474555,0.04672466144225038,1.0,0.1,,,1.0,0.0,,,2.0
21628,0.0003215595837280567,0.06945687008526025,1.0,0.1,,,1.0,0.0,,,2.0
21629,0.0005453983666076696,0.11780604718725662,0.0,0.1,,,1.0,0.0,,,2.0
21630,7.641673948325974e-05,0.016506015728384105,1.0,0.1,,,1.0,0.0,,,2.0
21631,0.00021999831059709712,0.04751963508897298,1.0,0.1,,,1.0,0.0,,,2.0
21632,0.00018370581677551516,0.03968045642351128,1.0,0.1,,,1.0,0.0,,,2.0
21633,0.0002361043979405129,0.05099854995515079,1.0,0.1,,,1.0,0.0,,,2.0
21634,3.283976191275192e-05,0.0070933885731544145,1.0,0.1,,,1.0,0.0,,,2.0
21635,0.0005308026976552532,0.11465338269353469,0.0,0.1,,,1.0,0.0,,,2.0
21636,0.00017274788253870358,0.03731354262835997,1.0,0.1,435.1022998777264,1224.1893563594153,1.0,0.0,0.0,0.0,2.0
21637,9.73499527196886e-05,0.021027589787452738,1.0,0.1,436.0765309026685,1224.2401936705082,1.0,0.0,0.0,0.0,2.0
21638,0.0003039184255475298,0.06564637991826644,1.0,0.1,436.5157758170378,1224.1434168531805,1.0,0.0,0.0,0.0,2.0
21639,0.0006097634976410758,0.1317089154904724,0.0,0.1,436.6173432924975,1224.2711997684537,1.0,0.0,0.0,0.0,2.0
21640,3.876936627277268e-05,0.0083741831149189,1.0,0.1,435.5000233524628,1222.467898694825,1.0,0.0,0.0,0.0,2.0
21641,0.00031969723439021473,0.06905460262828639,1.0,0.1,,,1.0,0.0,,,2.0
21642,0.0007205514080899257,0.15563910414742396,0.0,0.1,430.17912952968163,1214.95190229121,1.0,0.0,0.0,0.0,2.0
21643,0.0005281408586323005,0.11407842546457692,0.0,0.1,,,1.0,0.0,,,2.0
21644,0.0004400649198119242,0.09505402267937563,1.0,0.1,420.4881087903257,1199.0507394150925,1.0,0.0,0.0,0.0,2.0
21645,0.0003585614065899091,0.07744926382342038,1.0,0.1,418.1260384181903,1196.657034923664,1.0,0.0,0.0,0.0,2.0
21646,0.0005828236815775837,0.12588991522075807,0.0,0.1,,,1.0,0.0,,,2.0
21647,0.0009115432048318108,0.19689333224367114,0.0,0.1,,,1.0,0.0,,,2.0
21648,0.0004840905783195919,0.10456356491703184,0.0,0.1,,,1.0,0.0,,,2.0
21649,0.0005762990180070339,0.12448058788951931,0.0,0.1,,,1.0,0.0,,,2.0
21650,0.00033394874340914054,0.07213292857637436,1.0,0.1,,,1.0,0.0,,,2.0
21651,0.00037597918274381723,0.08121150347266452,1.0,0.1,,,1.0,0.0,,,2.0
21652,0.0007515311229228136,0.16233072255132774,0.0,0.1,,,1.0,0.0,,,2.0
21653,0.0008392936736073263,0.1812874334991825,0.0,0.1,,,1.0,0.0,,,2.0
21654,0.0008158929538630381,0.17623287803441623,0.0,0.1,,,1.0,0.0,,,2.0
21655,0.0002787228298904852,0.06020413125634481,1.0,0.1,,,1.0,0.0,,,2.0
21656,0.0003956347780288084,0.08545711205422261,1.0,0.1,,,1.0,0.0,,,2.0
21657,0.0003354783908610553,0.07246333242598794,1.0,0.1,,,1.0,0.0,,,2.0
21658,0.0005198376516683629,0.1122849327603664,0.0,0.1,,,1.0,0.0,,,2.0
21659,0.0005299447430942846,0.11446806450836548,0.0,0.1,,,1.0,0.0,,,2.0
21660,0.00044174151960763426,0.095416168235249,1.0,0.1,,,1.0,0.0,,,2.0
21661,0.0006843484966454625,0.1478192752754199,0.0,0.1,,,1.0,0.0,,,2.0
21662,0.0010563867336881292,0.2281795344766359,0.0,0.1,,,1.0,0.0,,,2.0
21663,0.0008347996138544919,0.18031671659257023,0.0,0.1,,,1.0,0.0,,,2.0
21664,0.00013807865664230745,0.029824989834738407,1.0,0.1,381.7154227020658,1151.5555209140412,1.0,0.0,0.0,0.0,2.0
21665,0.0011866490003671658,0.25631618407930784,0.0,0.1,384.29413831360876,1153.0775524181884,1.0,0.0,0.0,0.0,2.0
21666,0.0013029197234467234,0.28143066026449226,0.0,0.1,386.86252461791844,1155.1309051639134,1.0,0.0,0.0,0.0,2.0
21667,0.001679872787046953,0.36285252200214185,0.0,0.1,385.1497000420968,1150.350676411866,1.0,0.0,0.0,0.0,2.0
21668,0.000657048478243846,0.14192247130067076,0.0,0.1,380.56222875500947,1142.9393262435558,1.0,0.0,0.0,0.0,2.0
21669,0.00214156974869408,0.4625790657179213,0.0,0.1,380.3705448934344,1142.2859449771818,1.0,0.0,0.0,0.0,2.0
21670,0.0014667295747369722,0.316813588143186,0.0,0.1,376.2118694730621,1133.828114358727,1.0,0.0,0.0,0.0,2.0
21671,0.001999898703148054,0.4319781198799797,0.0,0.1,,,1.0,0.0,,,2.0
21672,0.0009382503664986819,0.20266207916371531,0.0,0.1,,,1.0,0.0,,,2.0
21673,0.0006466609505703924,0.13967876532320478,0.0,0.1,,,1.0,0.0,,,2.0
21674,0.00010523345281606555,0.02273042580827016,1.0,0.1,,,1.0,0.0,,,2.0
21675,0.0019818822464879766,0.428086565241403,0.0,0.1,366.7141605277703,1106.3222991505186,1.0,0.0,0.0,0.0,2.0
21676,0.0013620483942562017,0.29420245315933957,0.0,0.1,367.17454161894784,1100.9465754077153,1.0,0.0,0.0,0.0,2.0
21677,0.0003536522317924622,0.07638888206717184,1.0,0.1,367.91259154263406,1099.180925742811,1.0,0.0,0.0,0.0,2.0
21678,0.0010785128950849556,0.23295878533835043,0.0,0.1,366.57467060731585,1097.1737460738027,1.0,0.0,0.0,0.0,2.0
21679,0.0004715377137554388,0.10185214617117479,0.0,0.1,364.7027972250933,1093.5878554619198,1.0,0.0,0.0,0.0,2.0
21680,0.0006592548634984014,0.1423990505156547,0.0,0.1,360.93080096324627,1085.8496040164864,1.0,0.0,0.0,0.0,2.0
21681,0.0025024709168828914,0.5405337180467046,0.0,0.1,361.51016206738603,1086.995791882029,1.0,0.0,0.0,0.0,2.0
21682,0.0011468450554754186,0.2477185319826904,0.0,0.1,360.8410207723912,1086.1242141916316,1.0,0.0,0.0,0.0,2.0
21683,0.0005998134152308925,0.12955969768987277,0.0,0.1,358.00765535090505,1084.0545047468079,1.0,0.0,0.0,0.0,2.0
21684,0.0015145585971317853,0.32714465698046563,0.0,0.1,354.27598946402037,1079.0070338318883,1.0,0.0,0.0,0.0,2.0
21685,0.0007279483066627405,0.15723683423915194,0.0,0.1,350.6668606317375,1077.8924705195325,1.0,0.0,0.0,0.0,2.0
21686,0.0006163096385156563,0.13312288191938176,0.0,0.1,347.8253526066059,1078.6228222541627,1.0,0.0,0.0,0.0,2.0
21687,0.00047022205203709643,0.10156796324001284,0.0,0.1,349.1697931297238,1081.2432208645876,1.0,0.0,0.0,0.0,2.0
21688,0.00037893957915642563,0.08185094909778794,1.0,0.1,352.3099109872018,1085.279993869055,1.0,0.0,0.0,0.0,2.0
21689,0.000980986158515312,0.21189301023930743,0.0,0.1,350.46844113424424,1083.3060555987038,1.0,0.0,0.0,0.0,2.0
21690,0.0005966208445382391,0.12887010242025965,0.0,0.1,345.6853245230885,1077.910321076688,1.0,0.0,0.0,0.0,2.0
21691,0.0002971151486560309,0.06417687210970267,1.0,0.1,347.5228415497583,1079.5863174392152,1.0,0.0,0.0,0.0,2.0
21692,0.0010430566209196001,0.22530023011863362,0.0,0.1,348.1649212976425,1078.7027181393416,1.0,0.0,0.0,0.0,2.0
21693,0.00037772378682993286,0.0815883379552655,1.0,0.1,352.2836021627467,1085.465212186747,1.0,0.0,0.0,0.0,2.0
21694,0.00013932449525724634,0.03009409097556521,1.0,0.1,353.39521851795104,1085.520440884087,1.0,0.0,0.0,0.0,2.0
21695,0.0011111661166139488,0.24001188118861294,0.0,0.1,348.96949328295443,1078.5490518408862,1.0,0.0,0.0,0.0,2.0
21696,0.0002686859317810107,0.05803616126469831,1.0,0.1,347.9472081622486,1076.4648021121511,1.0,0.0,0.0,0.0,2.0
21697,6.576510959408541e-05,0.014205263672322449,1.0,0.1,348.65921126258144,1073.9562517297713,1.0,0.0,0.0,0.0,2.0
21698,0.00021499576454138972,0.04643908514094018,1.0,0.1,349.23807425477753,1074.2999855459807,1.0,0.0,0.0,0.0,2.0
21699,0.0008946407484468961,0.19324240166452955,0.0,0.1,350.6876894951834,1075.1309124914987,1.0,0.0,0.0,0.0,2.0
21700,0.00024840587450980327,0.053655668894117506,1.0,0.1,349.8959703800085,1074.4770213259758,1.0,0.0,0.0,0.0,2.0
21701,0.0010208977221348439,0.22051390798112627,0.0,0.1,348.11487861888355,1074.0734148187637,1.0,0.0,0.0,0.0,2.0
21702,0.0004271220462801834,0.09225836199651963,1.0,0.1,348.47768346608666,1078.084797465262,1.0,0.0,0.0,0.0,2.0
21703,0.0008466357280145602,0.182873317251145,0.0,0.1,350.3444879963105,1086.160291081418,1.0,0.0,0.0,0.0,2.0
21704,0.00011373430983197889,0.02456661092370744,1.0,0.1,352.95629583266947,1089.806290652685,1.0,0.0,0.0,0.0,2.0
21705,0.0008890066007458162,0.1920254257610963,0.0,0.1,353.2286965298785,1090.9245851644364,1.0,0.0,0.0,0.0,2.0
21706,0.00011170449892012968,0.024128171766748013,1.0,0.1,353.3370443410886,1092.2449672053158,1.0,0.0,0.0,0.0,2.0
21707,0.0007939451018336162,0.17149214199606108,0.0,0.1,352.249902655831,1092.9386142945507,1.0,0.0,0.0,0.0,2.0
21708,0.00047702317004048796,0.1030370047287454,0.0,0.1,351.56981038553226,1096.9220235095472,1.0,0.0,0.0,0.0,2.0
21709,0.0012744022179453681,0.2752708790761995,0.0,0.1,354.3362535942282,1100.7824113197373,1.0,0.0,0.0,0.0,2.0
21710,0.00027434982519276884,0.05925956224163808,1.0,0.1,355.0828169853667,1102.5725349909085,1.0,0.0,0.0,0.0,2.0
21711,0.0013438014697474156,0.29026111746544175,0.0,0.1,356.4837160325141,1103.6072820680497,1.0,0.0,0.0,0.0,2.0
21712,0.0006700867765940009,0.14473874374430418,0.0,0.1,359.5180659186721,1105.4969693260614,1.0,0.0,0.0,0.0,2.0
21713,0.0001669022712369537,0.036050890587182,1.0,0.1,360.8274438839926,1105.6659470399165,1.0,0.0,0.0,0.0,2.0
21714,0.00010096888045979535,0.021809278179315796,1.0,0.1,361.2025145137885,1105.504472897903,1.0,0.0,0.0,0.0,2.0
21715,6.285135175060069e-05,0.013575891978129749,1.0,0.1,362.59382070775723,1106.299156138679,1.0,0.0,0.0,0.0,2.0
21716,9.13384392415278e-05,0.019729102876170006,1.0,0.1,363.8726692128859,1106.7726769922642,1.0,0.0,0.0,0.0,2.0
21717,9.145731351977258e-05,0.019754779720270878,1.0,0.1,363.1914075768186,1106.0194523473408,1.0,0.0,0.0,0.0,2.0
21718,0.00023574676984448287,0.0509213022864083,1.0,0.1,363.5682227025534,1105.4017102789205,1.0,0.0,0.0,0.0,2.0
21719,5.743348295120421e-05,0.01240563231746011,1.0,0.1,363.6075814841276,1104.9010239444822,1.0,0.0,0.0,0.0,2.0
21720,0.00022937861360590816,0.049545780538876164,1.0,0.1,363.25630511761636,1103.0818419214074,1.0,0.0,0.0,0.0,2.0
21721,0.00017386605124955156,0.03755506706990314,1.0,0.1,361.5471594090392,1100.5887880564842,1.0,0.0,0.0,0.0,2.0
21722,0.0001398064515107736,0.030198193526327095,1.0,0.1,361.82082641774326,1100.256906912263,1.0,0.0,0.0,0.0,2.0
21723,0.0002134954381667958,0.04611501464402789,1.0,0.1,361.38360662596466,1099.9744982225898,1.0,0.0,0.0,0.0,2.0
21724,0.0002407290022169182,0.05199746447885433,1.0,0.1,360.9200981826313,1099.1015160966563,1.0,0.0,0.0,0.0,2.0
21725,7.772764630319725e-05,0.016789171601490606,1.0,0.1,361.4891177442432,1099.3636042606586,1.0,0.0,0.0,0.0,2.0
21726,6.956966307351395e-05,0.015027047223879016,1.0,0.1,360.3928717913411,1098.3506277086553,1.0,0.0,0.0,0.0,2.0
21727,0.00014991442818899288,0.03238151648882246,1.0,0.1,361.8397379912403,1099.4542543321293,1.0,0.0,0.0,0.0,2.0
21728,5.3537963382902965e-05,0.011564200090707041,1.0,0.1,361.2203398726396,1098.4981981351366,1.0,0.0,0.0,0.0,2.0
21729,0.00018510922943207344,0.03998359355732787,1.0,0.1,362.5513415925789,1099.3298033048734,1.0,0.0,0.0,0.0,2.0
21730,0.0001321780173485956,0.028550451747296646,1.0,0.1,363.0424047107704,1100.3791892505005,1.0,0.0,0.0,0.0,2.0
21731,0.0004379721131084112,0.09460197643141682,1.0,0.1,362.76288279934505,1100.0980755279188,1.0,0.0,0.0,0.0,2.0
21732,3.24432676854189e-05,0.007007745820050483,1.0,0.1,362.56938790923516,1100.1921764037363,1.0,0.0,0.0,0.0,2.0
21733,0.0001752102592888121,0.037845416006383414,1.0,0.1,363.40709843549155,1100.7807640907338,1.0,0.0,0.0,0.0,2.0
21734,0.00030944095993702816,0.06683924734639808,1.0,0.1,364.0667700938743,1100.9154540294228,1.0,0.0,0.0,0.0,2.0
21735,0.00027783373242818305,0.06001208620448754,1.0,0.1,364.25849814901693,1100.9294939085446,1.0,0.0,0.0,0.0,2.0
21736,7.832262200776908e-05,0.01691768635367812,1.0,0.1,364.59110553419094,1100.2007670498479,1.0,0.0,0.0,0.0,2.0
21737,0.0001501874579479776,0.03244049091676316,1.0,0.1,364.72054954938085,1100.1811478889945,1.0,0.0,0.0,0.0,2.0
21738,0.0002910714756356672,0.06287143873730411,1.0,0.1,364.10112415761085,1097.0578275409857,1.0,0.0,0.0,0.0,2.0
21739,0.0034230252316457704,0.7393734500354865,0.0,0.1,364.8511130401355,1093.84923397049,1.0,0.0,0.0,0.0,2.0
21740,0.00029094081651188626,0.06284321636656744,1.0,0.1,372.11888015502313,1102.0106024204022,1.0,0.0,0.0,0.0,2.0
21741,,,,0.1,373.7024021801063,1103.009452862931,1.0,0.0,0.0,0.0,2.0
21742,,,,0.1,375.0610378563976,1103.1278828758643,,,0.0,0.0,2.0
21743,,,,0.1,368.72640332282236,1097.4471051526484,,,0.0,0.0,2.0
21744,0.001324690995027046,0.2861332549258419,0.0,0.1,364.57288327036724,1092.6131278463804,1.0,0.0,0.0,0.0,2.0
21745,0.00043910238331514403,0.09484611479607112,1.0,0.1,362.8647267166325,1088.8188467887805,1.0,0.0,0.0,0.0,2.0
21746,0.0020567462651287617,0.44425719326781254,0.0,0.1,361.29844343766865,1085.8765003966134,1.0,0.0,0.0,0.0,2.0
21747,0.000660278648346128,0.14262018804276363,0.0,0.1,359.47066734170113,1082.2256025857362,1.0,0.0,0.0,0.0,2.0
21748,0.00043631274949453903,0.09424355389082044,1.0,0.1,359.7795169382736,1081.187842984417,1.0,0.0,0.0,0.0,2.0
21749,0.00041541427452965326,0.0897294832984051,1.0,0.1,360.6689549921696,1080.7630897940455,1.0,0.0,0.0,0.0,2.0
21750,0.001596259312451899,0.3447920114896102,0.0,0.1,361.6120693960361,1080.6961552825544,1.0,0.0,0.0,0.0,2.0
21751,0.00031723180088050364,0.06852206899018878,1.0,0.1,360.96718829026815,1078.9985640181312,1.0,0.0,0.0,0.0,2.0
21752,0.00023679270606599803,0.05114722451025557,1.0,0.1,353.2968567905657,1074.050670359542,1.0,0.0,0.0,0.0,2.0
21753,0.0003605183286542568,0.07787195898931946,1.0,0.1,349.22840529167905,1069.0242214733128,1.0,0.0,0.0,0.0,2.0
21754,0.0004063321104493527,0.08776773585706019,1.0,0.1,346.7017989511236,1065.5173983767413,1.0,0.0,0.0,0.0,2.0
21755,0.00040622023234220694,0.0877435701859167,1.0,0.1,344.8729196970271,1064.6130229196135,1.0,0.0,0.0,0.0,2.0
21756,0.0005485262250261706,0.11848166460565285,0.0,0.1,345.8474963844367,1065.3581826967952,1.0,0.0,0.0,0.0,2.0
21757,0.0006844442527080333,0.1478399585849352,0.0,0.1,352.63651125152126,1069.943034591628,1.0,0.0,0.0,0.0,2.0
21758,0.00042428046479616436,0.09164458039597151,1.0,0.1,360.71536844728536,1072.9632335044944,1.0,0.0,0.0,0.0,2.0
21759,0.0001314819563510718,0.028400102571831506,1.0,0.1,361.97316716723674,1072.6577644773727,1.0,0.0,0.0,0.0,2.0
21760,0.0008907731087686299,0.19240699149402407,0.0,0.1,369.30464042653307,1073.3261075657792,1.0,0.0,0.0,0.0,2.0
21761,0.0010341218320060578,0.22337031571330848,0.0,0.1,375.46240501095906,1077.2597943659775,1.0,0.0,0.0,0.0,2.0
21762,0.0007777051932739925,0.1679843217471824,0.0,0.1,378.27875791999276,1080.070496938325,1.0,0.0,0.0,0.0,2.0
21763,0.0006926597676672664,0.14961450981612956,0.0,0.1,378.7599816105552,1081.348402809811,1.0,0.0,0.0,0.0,2.0
21764,0.0007486764921404263,0.1617141223023321,0.0,0.1,378.0477547415292,1082.3492703245297,1.0,0.0,0.0,0.0,2.0
21765,0.0005840302331766799,0.12615053036616286,0.0,0.1,372.1642473832896,1083.6318154510489,1.0,0.0,0.0,0.0,2.0
21766,0.0008428011720138504,0.1820450531549917,0.0,0.1,372.08196003786554,1089.4526681806742,1.0,0.0,0.0,0.0,2.0
21767,0.0009519238681094561,0.2056155555116425,0.0,0.1,381.1213479493388,1098.1843069592135,1.0,0.0,0.0,0.0,2.0
21768,0.00037773823442567686,0.0815914586359462,1.0,0.1,386.40180176823714,1103.3872657427933,1.0,0.0,0.0,0.0,2.0
21769,0.0003012320373677118,0.06506612007142576,1.0,0.1,396.543091335676,1113.0526262523736,1.0,0.0,0.0,0.0,2.0
21770,0.00030541339274317526,0.06596929283252585,1.0,0.1,401.6074052069724,1116.5879091505467,1.0,0.0,0.0,0.0,2.0
21771,0.0005451667679939674,0.11775602188669697,0.0,0.1,404.4820901272834,1119.8069471543859,1.0,0.0,0.0,0.0,2.0
21772,0.00048354144240361503,0.10444495155918085,0.0,0.1,408.55411189546436,1123.12386925445,1.0,0.0,0.0,0.0,2.0
21773,0.00023275703421039547,0.050275519389445425,1.0,0.1,410.2306560806283,1124.4976790685782,1.0,0.0,0.0,0.0,2.0
21774,0.0010174145357951278,0.2197615397317476,0.0,0.1,414.79863094306074,1128.409945556095,1.0,0.0,0.0,0.0,2.0
21775,0.0005873410137934561,0.1268656589793865,0.0,0.1,417.02172142138136,1130.3701727963385,1.0,0.0,0.0,0.0,2.0
21776,0.00017255511143067197,0.03727190406902515,1.0,0.1,416.1180673341681,1128.2309901642534,1.0,0.0,0.0,0.0,2.0
21777,0.0007679570713231332,0.16587872740579676,0.0,0.1,415.91042682203107,1127.322292798511,1.0,0.0,0.0,0.0,2.0
21778,0.0008160875937136353,0.17627492024214522,0.0,0.1,417.4987999323584,1127.387930080652,1.0,0.0,0.0,0.0,2.0
21779,0.0016903895924073515,0.36512415195998793,0.0,0.1,417.0226103353348,1126.2356763858004,1.0,0.0,0.0,0.0,2.0
21780,0.0010504458583920201,0.22689630541267633,0.0,0.1,416.1987725235335,1124.90656529763,1.0,0.0,0.0,0.0,2.0
21781,0.0006144306666690169,0.13271702400050764,0.0,0.1,417.1692052351461,1124.742867737411,1.0,0.0,0.0,0.0,2.0
21782,0.0023036638809691276,0.4975913982893316,0.0,0.1,417.07465564951406,1124.6968089741035,1.0,0.0,0.0,0.0,2.0
21783,0.0023988642959844194,0.5181546879326346,0.0,0.1,416.8736109861686,1125.233686573449,1.0,0.0,0.0,0.0,2.0
21784,0.0024125456607721417,0.5211098627267826,0.0,0.1,415.856931844326,1125.9971808063763,1.0,0.0,0.0,0.0,2.0
21785,0.0009445920497856147,0.2040318827536928,0.0,0.1,417.9266158317393,1130.7622075271177,1.0,0.0,0.0,0.0,2.0
21786,0.001157273283255975,0.24997102918329062,0.0,0.1,417.5798101011361,1132.6854011582307,1.0,0.0,0.0,0.0,2.0
21787,0.0015171755635279827,0.3277099217220443,0.0,0.1,421.2515234094921,1137.2692642160566,1.0,0.0,0.0,0.0,2.0
21788,0.0013226293806302357,0.285687946216131,0.0,0.1,427.12597783858183,1144.3103255838462,1.0,0.0,0.0,0.0,2.0
21789,0.0008487584714881953,0.1833318298414502,0.0,0.1,430.5730303111623,1152.3871452726446,1.0,0.0,0.0,0.0,2.0
21790,0.002009869077096467,0.4341317206528369,0.0,0.1,433.96938076465943,1159.7585108572973,1.0,0.0,0.0,0.0,2.0
21791,0.003163675156468647,0.6833538337972277,0.0,0.1,436.12308376933794,1162.522308398917,1.0,0.0,0.0,0.0,2.0
21792,0.0011351544570376104,0.24519336272012385,0.0,0.1,440.83560467835883,1168.6069098827222,1.0,0.0,0.0,0.0,2.0
21793,0.0020847139900606985,0.45029822185311086,0.0,0.1,448.33152212888274,1175.6633990435691,1.0,0.0,0.0,0.0,2.0
21794,2.3224682360991905e-05,0.005016531389974252,1.0,0.1,451.84067809021894,1178.991876027588,1.0,0.0,0.0,0.0,2.0
21795,0.0012355611265417433,0.26688120333301657,0.0,0.1,452.28847765477445,1179.3579823679297,1.0,0.0,0.0,0.0,2.0
21796,0.0011884302297745799,0.2567009296313093,0.0,0.1,453.77884266120356,1182.9168376096086,1.0,0.0,0.0,0.0,2.0
21797,0.0014005661788545982,0.3025222946325932,0.0,0.1,455.2928885891521,1185.8854852173652,1.0,0.0,0.0,0.0,2.0
21798,0.002297506865850727,0.496261483023757,0.0,0.1,461.2068907214935,1193.4011085025127,1.0,0.0,0.0,0.0,2.0
21799,0.0008537295239866242,0.18440557718111084,0.0,0.1,463.66899983023615,1197.9455903533176,1.0,0.0,0.0,0.0,2.0
21800,0.0011259805634379664,0.24321180170260076,0.0,0.1,464.64695940376384,1199.5358780333872,1.0,0.0,0.0,0.0,2.0
21801,0.0014054308028679655,0.30357305341948054,0.0,0.1,466.5627358637728,1204.4853916411216,1.0,0.0,0.0,0.0,2.0
21802,0.001795683055391692,0.3878675399646055,0.0,0.1,473.7313090124888,1213.7369332437497,1.0,0.0,0.0,0.0,2.0
21803,0.0004666050201938927,0.10078668436188083,0.0,0.1,481.0070645575788,1222.2338335329905,1.0,0.0,0.0,0.0,2.0
21804,0.0011964336227442507,0.2584296625127581,0.0,0.1,485.21650074308997,1227.6775446626261,1.0,0.0,0.0,0.0,2.0
21805,0.0010066719284929709,0.21744113655448172,0.0,0.1,494.5240236665008,1236.6451248398369,1.0,0.0,0.0,0.0,2.0
21806,0.0011065143148121877,0.23900709199943257,0.0,0.1,502.4441766238607,1245.293793884919,1.0,0.0,0.0,0.0,2.0
21807,0.0009856071372405925,0.21289114164396797,0.0,0.1,508.1779200011097,1254.8469553207483,1.0,0.0,0.0,0.0,2.0
21808,0.00032958449831610605,0.0711902516362789,1.0,0.1,507.1851847081111,1256.6952279420275,1.0,0.0,0.0,0.0,2.0
21809,0.00012004344074998824,0.02592938320199746,1.0,0.1,507.60998795977673,1257.4420716148588,1.0,0.0,0.0,0.0,2.0
21810,0.00027214133797764527,0.05878252900317138,1.0,0.1,506.2060029472055,1256.0137253068347,1.0,0.0,0.0,0.0,2.0
21811,0.0004886294436532843,0.10554395982910941,0.0,0.1,504.6753071819272,1254.5709379007037,1.0,0.0,0.0,0.0,2.0
21812,0.0003162498337651773,0.0683099640932783,1.0,0.1,499.79849453720004,1252.453029681546,1.0,0.0,0.0,0.0,2.0
21813,0.00046044552728089687,0.09945623389267372,1.0,0.1,498.9680623992812,1252.45275587374,1.0,0.0,0.0,0.0,2.0
21814,0.00045617659422835796,0.09853414435332532,1.0,0.1,497.5748468491419,1251.4722360747107,1.0,0.0,0.0,0.0,2.0
21815,0.0004379033390250134,0.0945871212294029,1.0,0.1,,,1.0,0.0,,,2.0
21816,0.0005756965624658302,0.12435045749261933,0.0,0.1,,,1.0,0.0,,,2.0
21817,0.0004544587183531752,0.09816308316428585,1.0,0.1,,,1.0,0.0,,,2.0
21818,0.0005291751956881542,0.11430184226864129,0.0,0.1,,,1.0,0.0,,,2.0
21819,0.0003897929695075555,0.08419528141363199,1.0,0.1,,,1.0,0.0,,,2.0
21820,0.0005318419775210643,0.11487786714454991,0.0,0.1,468.36683605322116,1218.7301205165584,1.0,0.0,0.0,0.0,2.0
21821,0.00038447181055579376,0.08304591108005147,1.0,0.1,,,1.0,0.0,,,2.0
21822,0.0005157419319007714,0.11140025729056663,0.0,0.1,,,1.0,0.0,,,2.0
21823,0.0003201843686411598,0.06915982362649052,1.0,0.1,457.25958238540323,1208.3885689992858,1.0,0.0,0.0,0.0,2.0
21824,0.0004480181134367957,0.09677191250234787,1.0,0.1,,,1.0,0.0,,,2.0
21825,0.0007846014746300485,0.16947391852009047,0.0,0.1,459.7191056317513,1211.8231138730416,1.0,0.0,0.0,0.0,2.0
21826,0.00011551870005931386,0.024952039212811795,1.0,0.1,,,1.0,0.0,,,2.0
21827,0.00014146021860702825,0.030555407219118102,1.0,0.1,,,1.0,0.0,,,2.0
21828,0.00048434353192308905,0.10461820289538724,0.0,0.1,,,1.0,0.0,,,2.0
21829,0.0007206576683034727,0.1556620563535501,0.0,0.1,,,1.0,0.0,,,2.0
21830,0.0005532169016712461,0.11949485076098915,0.0,0.1,,,1.0,0.0,,,2.0
21831,0.0013620717520297118,0.29420749843841776,0.0,0.1,454.05476992131975,1213.2217553216715,1.0,0.0,0.0,0.0,2.0
21832,0.00027466522362962084,0.0593276883039981,1.0,0.1,444.224403779714,1208.4334021326868,1.0,0.0,0.0,0.0,2.0
21833,0.0009583499474742989,0.20700358865444857,0.0,0.1,,,1.0,0.0,,,2.0
21834,5.4983780198377026e-05,0.011876496522849438,1.0,0.1,,,1.0,0.0,,,2.0
21835,0.0006646174353382123,0.14355736603305386,0.0,0.1,,,1.0,0.0,,,2.0
21836,0.0016707455399170396,0.3608810366220806,0.0,0.1,,,1.0,0.0,,,2.0
21837,0.00047899348916642865,0.1034625936599486,0.0,0.1,,,1.0,0.0,,,2.0
21838,0.0014574991128316174,0.3148198083716294,0.0,0.1,,,1.0,0.0,,,2.0
21839,0.0002444312636722057,0.052797152953196425,1.0,0.1,,,1.0,0.0,,,2.0
21840,0.0005176128465100928,0.11180437484618004,0.0,0.1,,,1.0,0.0,,,2.0
21841,7.756232923039827e-05,0.016753463113766028,1.0,0.1,,,1.0,0.0,,,2.0
21842,7.705058531230137e-05,0.016642926427457096,1.0,0.1,,,1.0,0.0,,,2.0
21843,0.0003822944424856718,0.0825755995769051,1.0,0.1,,,1.0,0.0,,,2.0
21844,0.0005044278909443718,0.1089564244439843,0.0,0.1,,,1.0,0.0,,,2.0
21845,0.0005179651534332811,0.11188047314158871,0.0,0.1,,,1.0,0.0,,,2.0
21846,0.0003824508606960031,0.08260938591033666,1.0,0.1,,,1.0,0.0,,,2.0
21847,0.00019389650079887135,0.041881644172556215,1.0,0.1,,,1.0,0.0,,,2.0
21848,0.00028209933196574776,0.06093345570460152,1.0,0.1,,,1.0,0.0,,,2.0
21849,0.0009250472425420497,0.19981020438908276,0.0,0.1,,,1.0,0.0,,,2.0
21850,0.0009986487135413603,0.21570812212493382,0.0,0.1,,,1.0,0.0,,,2.0
21851,0.0006062067777032069,0.1309406639838927,0.0,0.1,,,1.0,0.0,,,2.0
21852,0.0009850546561577082,0.21277180573006496,0.0,0.1,,,1.0,0.0,,,2.0
21853,0.0003760050697638484,0.08121709506899125,1.0,0.1,,,1.0,0.0,,,2.0
21854,0.0006140612464387322,0.13263722923076615,0.0,0.1,,,1.0,0.0,,,2.0
21855,0.0005530833408646118,0.11946600162675615,0.0,0.1,,,1.0,0.0,,,2.0
21856,0.0007688410986420647,0.16606967730668598,0.0,0.1,,,1.0,0.0,,,2.0
21857,5.1887980545239466e-05,0.011207803797771726,1.0,0.1,,,1.0,0.0,,,2.0
21858,0.00039816713622211155,0.0860041014239761,1.0,0.1,,,1.0,0.0,,,2.0
21859,0.0003616204504697898,0.07811001730147459,1.0,0.1,,,1.0,0.0,,,2.0
21860,0.001767972540637621,0.3818820687777262,0.0,0.1,,,1.0,0.0,,,2.0
21861,0.00021983815079744653,0.04748504057224845,1.0,0.1,,,1.0,0.0,,,2.0
21862,0.00021654085724978682,0.046772825165953956,1.0,0.1,,,1.0,0.0,,,2.0
21863,0.000614981799555233,0.13283606870393033,0.0,0.1,,,1.0,0.0,,,2.0
21864,0.0010271385146941837,0.22186191917394368,0.0,0.1,,,1.0,0.0,,,2.0
21865,0.00044140161307326377,0.09534274842382497,1.0,0.1,,,1.0,0.0,,,2.0
21866,0.0001731282506929473,0.03739570214967662,1.0,0.1,,,1.0,0.0,,,2.0
21867,0.0007670209666467898,0.1656765287957066,0.0,0.1,,,1.0,0.0,,,2.0
21868,0.000640410036909281,0.1383285679724047,0.0,0.1,,,1.0,0.0,,,2.0
21869,,,,0.1,,,1.0,0.0,,,2.0
21870,,,,0.1,,,,,,,2.0
21871,,,,0.1,,,1.0,0.0,,,2.0
21872,,,,0.1,,,,,,,2.0
21873,0.00011671315796843181,0.025210042121181272,1.0,0.1,,,1.0,0.0,,,2.0
21874,0.00036728682083020847,0.07933395329932504,1.0,0.1,,,1.0,0.0,,,2.0
21875,8.133015861032366e-05,0.01756731425982991,1.0,0.1,,,1.0,0.0,,,2.0
21876,0.0004547540211242666,0.09822686856284159,1.0,0.1,,,1.0,0.0,,,2.0
21877,0.0002028298226856024,0.04381124170009012,1.0,0.1,,,1.0,0.0,,,2.0
21878,0.0007380769387159715,0.15942461876264985,0.0,0.1,,,1.0,0.0,,,2.0
21879,0.0006217701042420299,0.13430234251627846,0.0,0.1,,,1.0,0.0,,,2.0
21880,0.00022289506067853343,0.04814533310656322,1.0,0.1,,,1.0,0.0,,,2.0
21881,0.0005377622673482623,0.11615664974722467,0.0,0.1,,,1.0,0.0,,,2.0
21882,0.00037690761845891673,0.08141204558712602,1.0,0.1,,,1.0,0.0,,,2.0
21883,0.00043972036804176845,0.09497959949702199,1.0,0.1,,,1.0,0.0,,,2.0
21884,0.00045819622050584526,0.09897038362926258,1.0,0.1,,,1.0,0.0,,,2.0
21885,0.0008892337121991221,0.19207448183501036,0.0,0.1,,,1.0,0.0,,,2.0
21886,0.0017560472033128407,0.3793061959155736,0.0,0.1,,,1.0,0.0,,,2.0
21887,0.0030486341255812205,0.6585049711255436,0.0,0.1,,,1.0,0.0,,,2.0
21888,,,,0.1,,,1.0,0.0,,,2.0
21889,,,,0.1,,,,,,,2.0
21890,,,,0.1,,,,,,,2.0
21891,,,,0.1,,,,,,,2.0
21892,,,,0.1,392.2139935982241,1173.2863041639994,,,0.0,0.0,2.0
21893,,,,0.1,,,,,,,2.0
21894,,,,0.1,384.423070256071,1150.3104973746795,1.0,0.0,0.0,0.0,2.0
21895,,,,0.1,381.0848552736919,1142.4393423832855,,,0.0,0.0,2.0
21896,,,,0.1,378.9239081627165,1136.429550255656,,,0.0,0.0,2.0
21897,,,,0.1,,,,,,,2.0
21898,,,,0.1,,,,,,,2.0
21899,,,,0.1,,,,,,,2.0
21900,,,,0.1,352.1081446629746,1099.0921354409677,,,0.0,0.0,2.0
21901,,,,0.1,346.6784806884191,1094.40732945992,,,0.0,0.0,2.0
21902,,,,0.1,340.8310514256937,1090.4528299202643,,,0.0,0.0,2.0
21903,,,,0.1,338.58335619647,1088.9144113140194,,,0.0,0.0,2.0
21904,,,,0.1,337.7646993737042,1087.121061720535,,,0.0,0.0,2.0
21905,,,,0.1,337.3450934934955,1085.746603777256,,,0.0,0.0,2.0
21906,,,,0.1,337.31503377186175,1087.0677138964163,,,0.0,0.0,2.0
21907,,,,0.1,338.39987177669394,1093.665785454411,,,0.0,0.0,2.0
21908,,,,0.1,338.73770244015145,1098.0425050285944,,,0.0,0.0,2.0
21909,,,,0.1,342.15863542353344,1108.964714903053,,,0.0,0.0,2.0
21910,,,,0.1,,,,,,,2.0
21911,,,,0.1,,,,,,,2.0
21912,,,,0.1,,,,,,,2.0
21913,,,,0.1,,,,,,,2.0
21914,0.002014656910167712,0.43516589259622585,0.0,0.1,,,1.0,0.0,,,2.0
21915,0.0004565768052063483,0.09862058992457125,1.0,0.1,320.05493058976276,1137.8120085598666,1.0,0.0,0.0,0.0,2.0
21916,0.0006607778215783858,0.14272800946093134,0.0,0.1,319.3169540549511,1136.093560722539,1.0,0.0,0.0,0.0,2.0
21917,0.0005771541213601138,0.12466529021378457,0.0,0.1,317.6175766069346,1132.697079397541,1.0,0.0,0.0,0.0,2.0
21918,0.0010577727631391586,0.2284789168380583,0.0,0.1,,,1.0,0.0,,,2.0
21919,0.0007938375747832826,0.17146891615318907,0.0,0.1,315.55428914615453,1116.8543749926773,1.0,0.0,0.0,0.0,2.0
21920,0.0008924364855527314,0.19276628087939,0.0,0.1,317.39630108915657,1115.9135675244675,1.0,0.0,0.0,0.0,2.0
21921,0.001805682526327082,0.3900274256866497,0.0,0.1,,,1.0,0.0,,,2.0
21922,0.004736755163542539,1.0231391153251885,0.0,0.1,313.1517205388277,1115.2721646051484,1.0,0.0,0.0,0.0,2.0
21923,0.0005801217541592592,0.1253062988984,0.0,0.1,313.34899584400324,1113.9302220478608,1.0,0.0,0.0,0.0,2.0
21924,0.00039900787662777303,0.08618570135159898,1.0,0.1,309.7077684120482,1114.0204592239659,1.0,0.0,0.0,0.0,2.0
21925,0.00021986052832379422,0.047489874117939555,1.0,0.1,303.1064319359562,1115.41609635838,1.0,0.0,0.0,0.0,2.0
21926,0.00034537523194556516,0.07460105010024208,1.0,0.1,299.6874456984312,1115.9250150471553,1.0,0.0,0.0,0.0,2.0
21927,0.0013187728928598338,0.2848549448577241,0.0,0.1,292.27079725148724,1118.098148248127,1.0,0.0,0.0,0.0,2.0
21928,0.0002795472235787562,0.06038220029301134,1.0,0.1,284.7857586922764,1116.3695867886076,1.0,0.0,0.0,0.0,2.0
21929,0.00033813717970053035,0.07303763081531456,1.0,0.1,276.46814897502514,1111.9166427913647,1.0,0.0,0.0,0.0,2.0
21930,0.0005814520853351942,0.12559365043240195,0.0,0.1,272.1873914146607,1109.7766511371883,1.0,0.0,0.0,0.0,2.0
21931,0.0007355346426190884,0.1588754828057231,0.0,0.1,265.7215354728265,1108.5862574758196,1.0,0.0,0.0,0.0,2.0
21932,0.00204605976323366,0.4419489088584706,0.0,0.1,259.2621031044246,1105.7766330422444,1.0,0.0,0.0,0.0,2.0
21933,0.0016909269985692303,0.36524023169095376,0.0,0.1,258.40737712575174,1104.4472344847122,1.0,0.0,0.0,0.0,2.0
21934,0.00024068577648063525,0.051988127719817215,1.0,0.1,254.87112816790307,1099.7849867811092,1.0,0.0,0.0,0.0,2.0
21935,0.0022357432529604105,0.4829205426394487,0.0,0.1,251.16359077574464,1097.5950758880751,1.0,0.0,0.0,0.0,2.0
21936,0.0015385881233198452,0.3323350346370866,0.0,0.1,238.8075053944617,1088.8993952550406,1.0,0.0,0.0,0.0,2.0
21937,0.0022079738621601838,0.4769223542265997,0.0,0.1,229.0268416785694,1081.119117152346,1.0,0.0,0.0,0.0,2.0
21938,0.0009589682703684148,0.2071371463995776,0.0,0.1,219.11593011144,1071.5572853920773,1.0,0.0,0.0,0.0,2.0
21939,0.0014197336190639712,0.3066624617178178,0.0,0.1,216.82137719138714,1069.5379635108836,1.0,0.0,0.0,0.0,2.0
21940,0.001847278006489471,0.39901204940172574,0.0,0.1,213.16046124151814,1065.199606089717,1.0,0.0,0.0,0.0,2.0
21941,0.0009571565633311424,0.20674581767952677,0.0,0.1,210.90830272259643,1064.2400109172836,1.0,0.0,0.0,0.0,2.0
21942,0.001406256968778044,0.3037515052560575,0.0,0.1,,,1.0,0.0,,,2.0
21943,0.001173297921820274,0.2534323511131792,0.0,0.1,208.55486144002157,1055.8974053730267,1.0,0.0,0.0,0.0,2.0
21944,0.0017552034591750102,0.3791239471818022,0.0,0.1,207.23348408693593,1053.36774119323,1.0,0.0,0.0,0.0,2.0
21945,0.001365310794166446,0.29490713153995235,0.0,0.1,203.32157358073684,1047.9429211923962,1.0,0.0,0.0,0.0,2.0
21946,0.000721555967092328,0.15585608889194286,0.0,0.1,199.68911962704888,1043.2433433298668,1.0,0.0,0.0,0.0,2.0
21947,8.765897075205438e-05,0.018934337682443746,1.0,0.1,186.87760945871668,1035.7925937118057,1.0,0.0,0.0,0.0,2.0
21948,0.0010133396608404863,0.21888136674154504,0.0,0.1,180.41952264295085,1031.527622050072,1.0,0.0,0.0,0.0,2.0
21949,0.0005176042627586555,0.11180252075586959,0.0,0.1,162.72497615827817,1019.4565385964668,1.0,0.0,0.0,0.0,2.0
21950,0.0009081904741586538,0.19616914241826922,0.0,0.1,148.76672532470542,1010.2102003434052,1.0,0.0,0.0,0.0,2.0
21951,0.0011257505473662144,0.24316211823110234,0.0,0.1,138.56586531065602,1002.0200874345816,1.0,0.0,0.0,0.0,2.0
21952,0.0004202317984034932,0.09077006845515452,1.0,0.1,128.75769405337553,993.1600429536093,1.0,0.0,0.0,0.0,2.0
21953,0.0004906178111085533,0.10597344719944751,0.0,0.1,124.32554383954134,989.450921906145,1.0,0.0,0.0,0.0,2.0
21954,0.0003364727863425057,0.07267812184998122,1.0,0.1,118.34443013808495,984.1570579385805,1.0,0.0,0.0,0.0,2.0
21955,0.0007402768736917699,0.1598998047174223,0.0,0.1,113.87559506741931,980.4835622075713,1.0,0.0,0.0,0.0,2.0
21956,0.00044618890344038173,0.09637680314312246,1.0,0.1,110.91173578893637,977.2731901394931,1.0,0.0,0.0,0.0,2.0
21957,0.0019026377014986337,0.4109697435237049,0.0,0.1,108.37118713190769,974.4809671605561,1.0,0.0,0.0,0.0,2.0
21958,0.0013054269438452328,0.2819722198705703,0.0,0.1,100.54884273249371,966.9780812546356,1.0,0.0,0.0,0.0,2.0
21959,0.00023983302866420917,0.051803934191469184,1.0,0.1,96.01790144918618,962.3577916237269,1.0,0.0,0.0,0.0,2.0
21960,0.0006365402053203309,0.13749268434919149,0.0,0.1,97.71204359995545,964.1897833422381,1.0,0.0,0.0,0.0,2.0
21961,0.000235054132056195,0.05077169252413812,1.0,0.1,98.18095816306928,964.5228023278556,1.0,0.0,0.0,0.0,2.0
21962,0.0011904747665856465,0.25714254958249966,0.0,0.1,97.34185464869502,963.4960536240812,1.0,0.0,0.0,0.0,2.0
21963,0.0008368084987660855,0.18075063573347447,0.0,0.1,95.51613540581685,962.5649872414659,1.0,0.0,0.0,0.0,2.0
21964,0.0014663770919986694,0.3167374518717126,0.0,0.1,95.08830073694143,962.4975510908918,1.0,0.0,0.0,0.0,2.0
21965,0.0002392149054174783,0.05167041957017531,1.0,0.1,94.97035462322867,962.7923241307989,1.0,0.0,0.0,0.0,2.0
21966,0.00034455782121010545,0.07442448938138278,1.0,0.1,92.00282148852943,960.9231518191227,1.0,0.0,0.0,0.0,2.0
21967,0.00044766731316332536,0.09669613964327828,1.0,0.1,90.61672928577352,960.5495442852588,1.0,0.0,0.0,0.0,2.0
21968,0.0004890456527412103,0.10563386099210142,0.0,0.1,90.11719075753976,960.3997666656206,1.0,0.0,0.0,0.0,2.0
21969,5.246693213893477e-05,0.01133285734200991,1.0,0.1,89.29725944623183,959.4610517193338,1.0,0.0,0.0,0.0,2.0
21970,0.00029669583940119957,0.06408630131065911,1.0,0.1,88.88779418311917,958.1087181675288,1.0,0.0,0.0,0.0,2.0
21971,0.00012148027561428122,0.026239739532684745,1.0,0.1,,,1.0,0.0,,,2.0
21972,0.0006340559580512634,0.1369560869390729,0.0,0.1,,,1.0,0.0,,,2.0
21973,0.00034984968331800835,0.0755675315966898,1.0,0.1,,,1.0,0.0,,,2.0
21974,0.00024066730008251165,0.05198413681782252,1.0,0.1,,,1.0,0.0,,,2.0
21975,0.0005945005606993292,0.12841212111105513,0.0,0.1,,,1.0,0.0,,,2.0
21976,0.0007894081364063943,0.17051215746378118,0.0,0.1,,,1.0,0.0,,,2.0
21977,0.0004846902724139198,0.10469309884140668,0.0,0.1,,,1.0,0.0,,,2.0
21978,0.0002377351959806443,0.05135080233181917,1.0,0.1,,,1.0,0.0,,,2.0
21979,0.0001914641133908161,0.04135624849241628,1.0,0.1,,,1.0,0.0,,,2.0
21980,0.00028839602604155233,0.0622935416249753,1.0,0.1,,,1.0,0.0,,,2.0
21981,3.368242955295623e-05,0.007275404783438546,1.0,0.1,,,1.0,0.0,,,2.0
21982,0.00045189781029872047,0.09760992702452363,1.0,0.1,,,1.0,0.0,,,2.0
21983,0.0006073347789190707,0.13118431224651927,0.0,0.1,,,1.0,0.0,,,2.0
21984,0.0005244942169478854,0.11329075086074324,0.0,0.1,,,1.0,0.0,,,2.0
21985,0.00043079067358827214,0.09305078549506678,1.0,0.1,,,1.0,0.0,,,2.0
21986,0.0007155912398022672,0.15456770779728973,0.0,0.1,,,1.0,0.0,,,2.0
21987,0.002644369800594214,0.5711838769283502,0.0,0.1,,,1.0,0.0,,,2.0
21988,0.00023407768882404564,0.05056078078599386,1.0,0.1,,,1.0,0.0,,,2.0
21989,0.0009998721512045707,0.21597238466018728,0.0,0.1,,,1.0,0.0,,,2.0
21990,0.0011121649226957084,0.24022762330227304,0.0,0.1,68.34725222533848,937.5123702138651,1.0,0.0,1.0,0.0,2.0
21991,0.00026644605697034277,0.05755234830559404,1.0,0.1,65.51895816968322,935.1856068775176,1.0,0.0,1.0,0.0,2.0
21992,0.000287856230814526,0.06217694585593762,1.0,0.1,,,1.0,0.0,,,2.0
21993,0.0005113299493409065,0.1104472690576358,0.0,0.1,,,1.0,0.0,,,2.0
21994,0.0007977327987471635,0.17231028452938732,0.0,0.1,,,1.0,0.0,,,2.0
21995,0.0009526597439566885,0.20577450469464473,0.0,0.1,,,1.0,0.0,,,2.0
21996,0.000743002996305852,0.16048864720206404,0.0,0.1,21.870277205757137,886.6361363860469,1.0,0.0,1.0,0.0,2.0
21997,0.0003671874798983433,0.07931249565804216,1.0,0.1,18.302019104777486,878.2363053374249,1.0,0.0,1.0,0.0,2.0
21998,0.0015969775289211947,0.3449471462469781,0.0,0.1,17.95948641823623,873.501765813734,1.0,0.0,1.0,0.0,2.0
21999,0.0026213667411669507,0.5662152160920614,0.0,0.1,,,1.0,0.0,,,2.0
22000,0.000688281024943365,0.14866870138776683,0.0,0.1,22.561091134850518,862.0976453864906,1.0,0.0,1.0,0.0,2.0
22001,0.0004893493840373589,0.10569946695206953,0.0,0.1,23.320374574051485,859.3699334462887,1.0,0.0,1.0,0.0,2.0
22002,0.00010806884534405098,0.023342870594315012,1.0,0.1,25.41924613042738,855.8602111447784,1.0,0.0,1.0,0.0,2.0
22003,0.0005495754707354804,0.11870830167886377,0.0,0.1,38.51253214120413,840.5176419029406,1.0,0.0,1.0,0.0,2.0
22004,0.001745878261980313,0.3771097045877477,0.0,0.1,54.34379711260133,826.111875708328,1.0,0.0,1.0,0.0,2.0
22005,0.0003831428684654475,0.08275885958853667,1.0,0.1,70.52442669835011,811.6164698656416,1.0,0.0,0.0,0.0,2.0
22006,0.0004394581036812677,0.09492295039515383,1.0,0.1,83.50846543638082,801.6775836388998,1.0,0.0,0.0,0.0,2.0
22007,0.00016262320205144895,0.035126611643112975,1.0,0.1,87.87603717866936,798.5489304441661,1.0,0.0,0.0,0.0,2.0
22008,0.0008138438301049704,0.1757902673026736,0.0,0.1,102.2581471061121,789.7724366899126,1.0,0.0,0.0,0.0,2.0
22009,0.0006252050521362353,0.13504429126142684,0.0,0.1,109.83014164793673,783.2274128719096,1.0,0.0,0.0,0.0,2.0
22010,0.0006116999991027487,0.13212719980619372,0.0,0.1,117.14895072169836,778.1163926856817,1.0,0.0,0.0,0.0,2.0
22011,0.00048016810070136153,0.1037163097514941,0.0,0.1,120.03915018147669,775.2484699576405,1.0,0.0,0.0,0.0,2.0
22012,0.0005267275885889056,0.11377315913520361,0.0,0.1,125.25196456125416,770.3696870595313,1.0,0.0,0.0,0.0,2.0
22013,0.0008383431467927218,0.1810821197072279,0.0,0.1,129.66836482444486,764.6967423121959,1.0,0.0,0.0,0.0,2.0
22014,0.0007543062871827919,0.16293015803148306,0.0,0.1,132.40992491069687,760.917892023616,1.0,0.0,0.0,0.0,2.0
22015,0.0007268845737059233,0.15700706792047942,0.0,0.1,136.27132951268356,756.1968422340608,1.0,0.0,0.0,0.0,2.0
22016,0.0004924793317127854,0.10637553564996165,0.0,0.1,137.31510911750516,754.238726205801,1.0,0.0,0.0,0.0,2.0
22017,0.000278963460689825,0.060256107509002205,1.0,0.1,137.44827554443478,752.738775368737,1.0,0.0,0.0,0.0,2.0
22018,0.000913976785528737,0.1974189856742072,0.0,0.1,136.97413136653302,753.3960490579514,1.0,0.0,0.0,0.0,2.0
22019,0.001114958139745599,0.2408309581850494,0.0,0.1,135.46920378361776,755.0659231956037,1.0,0.0,0.0,0.0,2.0
22020,6.557647943733611e-05,0.014164519558464601,1.0,0.1,135.35405540102718,755.1945391735213,1.0,0.0,0.0,0.0,2.0
22021,4.92225755202537e-05,0.0106320763123748,1.0,0.1,133.02454843846675,757.6693346633904,1.0,0.0,0.0,0.0,2.0
22022,0.00027391222602838575,0.05916504082213132,1.0,0.1,133.0316099674485,758.2695602419232,1.0,0.0,0.0,0.0,2.0
22023,0.00022994809067247303,0.04966878758525417,1.0,0.1,134.75125931452587,757.1359763371655,1.0,0.0,0.0,0.0,2.0
22024,0.00014602142158217653,0.031540627061750134,1.0,0.1,134.26572259559578,756.623984962213,1.0,0.0,0.0,0.0,2.0
22025,0.0006424564836691206,0.13877060047253006,0.0,0.1,134.4724382416891,755.8760194430149,1.0,0.0,0.0,0.0,2.0
22026,0.0002162431494682001,0.04670852028513122,1.0,0.1,135.24739383798382,755.191250530969,1.0,0.0,0.0,0.0,2.0
22027,0.0005643620138404981,0.12190219498954757,0.0,0.1,135.8888120694933,754.4399721852482,1.0,0.0,0.0,0.0,2.0
22028,3.295569410869421e-05,0.00711842992747795,1.0,0.1,136.39302317130043,753.9629411977423,1.0,0.0,0.0,0.0,2.0
22029,0.0004697734800814628,0.10147107169759596,0.0,0.1,136.43018093571743,753.9674939097787,1.0,0.0,0.0,0.0,2.0
22030,0.0006403813864896884,0.1383223794817727,0.0,0.1,135.92915533225982,754.3380391489454,1.0,0.0,0.0,0.0,2.0
22031,3.9926087936812356e-05,0.008624034994351468,1.0,0.1,135.76730199378324,754.6858018374268,1.0,0.0,0.0,0.0,2.0
22032,0.000500375801876304,0.10808117320528167,0.0,0.1,137.11766992960312,756.0419345065771,1.0,0.0,0.0,0.0,2.0
22033,0.0010166820085718829,0.2196033138515267,0.0,0.1,144.6474831562768,756.4046709735754,1.0,0.0,0.0,0.0,2.0
22034,0.00010706045970776383,0.023125059296876988,1.0,0.1,148.10976936112218,756.1790083534468,1.0,0.0,0.0,0.0,2.0
22035,0.0003428552800865484,0.07405674049869446,1.0,0.1,151.238469944988,753.8462319229278,1.0,0.0,0.0,0.0,2.0
22036,0.000485520871441976,0.10487250823146682,0.0,0.1,155.65400607608854,750.8052308721461,1.0,0.0,0.0,0.0,2.0
22037,0.00024012434557273547,0.051866858643710864,1.0,0.1,158.6311006776442,746.5593962106984,1.0,0.0,0.0,0.0,2.0
22038,7.902829287350468e-05,0.017070111260677014,1.0,0.1,162.1112079167443,743.3891490190831,1.0,0.0,0.0,0.0,2.0
22039,0.00021988251425187534,0.047494623078405074,1.0,0.1,167.55126229514784,738.3444335810378,1.0,0.0,0.0,0.0,2.0
22040,0.0005550614895807457,0.11989328174944106,0.0,0.1,172.53787858262973,733.1878100744467,1.0,0.0,0.0,0.0,2.0
22041,0.0007194744956084175,0.15540649105141818,0.0,0.1,175.44046214302185,729.5800366623686,1.0,0.0,0.0,0.0,2.0
22042,,,,0.1,179.30263847998484,724.589834683783,1.0,0.0,0.0,0.0,2.0
22043,,,,0.1,181.54696476992848,721.0518259496675,,,0.0,0.0,2.0
22044,0.0006857317593762836,0.14811806002527725,0.0,0.1,185.2820577398469,714.1011769334153,1.0,0.0,0.0,0.0,2.0
22045,0.0009035438472315171,0.19516547100200768,0.0,0.1,191.4020959400724,705.4937115311881,1.0,0.0,0.0,0.0,2.0
22046,0.0019412739960480861,0.4193151831463866,0.0,0.1,195.9673425603158,699.3648398581278,1.0,0.0,0.0,0.0,2.0
22047,0.00159143092853676,0.3437490805639402,0.0,0.1,197.87711085317872,697.7002265575206,1.0,0.0,0.0,0.0,2.0
22048,0.001878450120729739,0.40574522607762364,0.0,0.1,205.42956476597766,692.775823936955,1.0,0.0,0.0,0.0,2.0
22049,0.0010550801685333072,0.22789731640319436,0.0,0.1,211.6410465037115,688.8975070631028,1.0,0.0,0.0,0.0,2.0
22050,0.00042752996286734733,0.09234647197934702,1.0,0.1,217.95262896218935,685.6364515401714,1.0,0.0,0.0,0.0,2.0
22051,0.00021614559976130236,0.04668744954844131,1.0,0.1,221.97796900660936,684.6751446592681,1.0,0.0,0.0,0.0,2.0
22052,0.000738725315795286,0.15956466821178178,0.0,0.1,224.38159690828795,683.7222733208101,1.0,0.0,0.0,0.0,2.0
22053,0.0006333548392340083,0.1368046452745458,0.0,0.1,230.34893358680657,681.4120566353291,1.0,0.0,0.0,0.0,2.0
22054,0.0009105960128251141,0.19668873877022464,0.0,0.1,232.88553157804472,679.6628572016855,1.0,0.0,0.0,0.0,2.0
22055,0.0009858557276824418,0.21294483717940743,0.0,0.1,233.04626180796402,678.3949209692223,1.0,0.0,0.0,0.0,2.0
22056,0.000725484323847698,0.15670461395110277,0.0,0.1,235.0008073957202,676.6693572269786,1.0,0.0,0.0,0.0,2.0
22057,0.0005941264428024457,0.12833131164532827,0.0,0.1,235.74731268570548,675.1424501830176,1.0,0.0,0.0,0.0,2.0
22058,0.0005055170159455816,0.10919167544424563,0.0,0.1,237.58535444822127,673.8428836022373,1.0,0.0,0.0,0.0,2.0
22059,0.0004190019579335584,0.09050442291364862,1.0,0.1,246.1358596934303,671.6227408810444,1.0,0.0,0.0,0.0,2.0
22060,0.00022269558189515386,0.048102245689353236,1.0,0.1,253.01020641331058,672.2683382805769,1.0,0.0,0.0,0.0,2.0
22061,0.0005897764569921198,0.1273917147102979,0.0,0.1,255.51271929981448,673.7866478861292,1.0,0.0,0.0,0.0,2.0
22062,0.0015532875058473655,0.335510101263031,0.0,0.1,258.4028583700383,674.2840840077414,1.0,0.0,0.0,0.0,2.0
22063,0.000935929682887901,0.20216081150378662,0.0,0.1,261.28209064656744,676.0409910412752,1.0,0.0,0.0,0.0,2.0
22064,0.0004017303005806667,0.086773744925424,1.0,0.1,264.604153210775,678.4990028298915,1.0,0.0,0.0,0.0,2.0
22065,0.001558633175661645,0.33666476594291533,0.0,0.1,265.5311158458764,679.8156980337033,1.0,0.0,0.0,0.0,2.0
22066,0.0008232505728427364,0.17782212373403108,0.0,0.1,271.37611164973026,681.3831976308219,1.0,0.0,0.0,0.0,2.0
22067,0.0010644518854373139,0.2299216072544598,0.0,0.1,276.4893256554055,680.222901858163,1.0,0.0,0.0,0.0,2.0
22068,0.0011576278548269697,0.2500476166426254,0.0,0.1,285.3483777113587,680.3135288125637,1.0,0.0,0.0,0.0,2.0
22069,0.00029023327309393433,0.06269038698828981,1.0,0.1,295.76129126197003,680.963460368789,1.0,0.0,0.0,0.0,2.0
22070,0.0023889127312672507,0.5160051499537263,0.0,0.1,300.0537978095185,680.4982089059564,1.0,0.0,0.0,0.0,2.0
22071,0.0003841391770344208,0.0829740622394349,1.0,0.1,306.90121027864626,682.802472743134,1.0,0.0,0.0,0.0,2.0
22072,0.0006757976128252811,0.14597228437026072,0.0,0.1,311.1605539123851,682.3257991927196,1.0,0.0,0.0,0.0,2.0
22073,0.000536911374262138,0.11597285684062182,0.0,0.1,313.7386779664028,687.2591499021256,1.0,0.0,0.0,0.0,2.0
22074,0.0015520526715927204,0.3352433770640276,0.0,0.1,316.3224743694337,691.549273894611,1.0,0.0,0.0,0.0,2.0
22075,0.0008769828991662541,0.1894283062199109,0.0,0.1,315.5775209463147,701.2409635270825,1.0,0.0,0.0,0.0,2.0
22076,0.0008829772061151907,0.1907230765208812,0.0,0.1,307.06386385742917,712.9409988743056,1.0,0.0,0.0,0.0,2.0
22077,0.0006533198491367077,0.14111708741352888,0.0,0.1,302.0169763409325,720.4067650739264,1.0,0.0,0.0,0.0,2.0
22078,0.0005087737993746466,0.10989514066492366,0.0,0.1,293.2877168790221,726.9461696625344,1.0,0.0,0.0,0.0,2.0
22079,0.0005045861563138329,0.1089906097637879,0.0,0.1,289.7241493146521,729.3358720980356,1.0,0.0,0.0,0.0,2.0
22080,0.00013285006638293634,0.02869561433871425,1.0,0.1,288.57712275352554,730.6977242808675,1.0,0.0,0.0,0.0,2.0
22081,0.0005299234542675347,0.1144634661217875,0.0,0.1,288.5768518469427,731.2736364248149,1.0,0.0,0.0,0.0,2.0
22082,0.00023995953577632227,0.05183125972768561,1.0,0.1,288.02702464330923,729.1006476964201,1.0,0.0,0.0,0.0,2.0
22083,0.00042906463987932064,0.09267796221393326,1.0,0.1,285.10288115108176,727.6430657286646,1.0,0.0,0.0,0.0,2.0
22084,0.0005911695258493411,0.12769261758345768,0.0,0.1,281.57598058041725,724.1534043382613,1.0,0.0,0.0,0.0,2.0
22085,0.00056583815899595,0.1222210423431252,0.0,0.1,277.63041635915647,720.6760154766112,1.0,0.0,0.0,0.0,2.0
22086,0.0001960895111375784,0.042355334405716934,1.0,0.1,275.49549720338587,721.0067476419867,1.0,0.0,0.0,0.0,2.0
22087,0.0002840479800347728,0.061354363687510925,1.0,0.1,274.71923644830366,720.0343244671062,1.0,0.0,0.0,0.0,2.0
22088,0.0003654776422982437,0.07894317073642064,1.0,0.1,275.42408798003197,719.402309041698,1.0,0.0,0.0,0.0,2.0
22089,0.0006112249291175893,0.13202458468939932,0.0,0.1,274.43010906450235,718.9056407436923,1.0,0.0,0.0,0.0,2.0
22090,0.0004433023101604067,0.09575329899464785,1.0,0.1,274.6595485382426,715.0117720758184,1.0,0.0,0.0,0.0,2.0
22091,0.0001440355466924178,0.03111167808556225,1.0,0.1,273.787620572809,705.2079293504396,1.0,0.0,0.0,0.0,2.0
22092,0.00047291638769756224,0.10214993974267345,0.0,0.1,276.5614050031122,701.7686931455692,1.0,0.0,0.0,0.0,2.0
22093,0.0003290439988211654,0.07107350374537173,1.0,0.1,277.62120749522006,697.4441860712004,1.0,0.0,0.0,0.0,2.0
22094,7.871821434631186e-05,0.01700313429880336,1.0,0.1,278.5002051822326,694.6636522433525,1.0,0.0,0.0,0.0,2.0
22095,0.0004679940754704803,0.10108672030162374,0.0,0.1,280.90910462672264,691.5990527123097,1.0,0.0,0.0,0.0,2.0
22096,0.00040746417157385686,0.08801226105995308,1.0,0.1,284.1228861538782,689.3050805673349,1.0,0.0,0.0,0.0,2.0
22097,0.0003996425454988744,0.08632278982775686,1.0,0.1,285.16054179247476,687.1286153107112,1.0,0.0,0.0,0.0,2.0
22098,0.0011194285269293255,0.2417965618167343,0.0,0.1,290.1475234231887,684.2821917386638,1.0,0.0,0.0,0.0,2.0
22099,0.0009207339154290006,0.19887852573266415,0.0,0.1,294.1979064107436,680.9064936127374,1.0,0.0,0.0,0.0,2.0
22100,0.00017067543452177497,0.0368658938567034,1.0,0.1,301.04622929128567,677.9311220205544,1.0,0.0,0.0,0.0,2.0
22101,0.0006351140477098776,0.13718463430533356,0.0,0.1,305.32435079985373,676.9531665871988,1.0,0.0,0.0,0.0,2.0
22102,0.0006817766588388128,0.14726375830918356,0.0,0.1,313.79378835474284,673.7689099567169,1.0,0.0,0.0,0.0,2.0
22103,0.0010444289679693445,0.2255966570813784,0.0,0.1,317.7561956645041,672.985449511676,1.0,0.0,0.0,0.0,2.0
22104,0.00039493337113695584,0.08530560816558247,1.0,0.1,321.50070080711583,672.0290778522392,1.0,0.0,0.0,0.0,2.0
22105,0.00039697885548448694,0.08574743278464918,1.0,0.1,331.44600630234623,669.0077732135935,1.0,0.0,0.0,0.0,2.0
22106,0.0009969939982307223,0.21535070361783604,0.0,0.1,336.23646756789105,666.9583952091643,1.0,0.0,0.0,0.0,2.0
22107,0.0009703337713343582,0.2095920946082214,0.0,0.1,343.3376258033542,665.1100818118731,1.0,0.0,0.0,0.0,2.0
22108,0.0006638647886654748,0.14339479435174257,0.0,0.1,346.6054885024968,665.3699227750207,1.0,0.0,0.0,0.0,2.0
22109,0.00014255864062813747,0.030792666375677694,1.0,0.1,351.0140397965574,666.343216221022,1.0,0.0,0.0,0.0,2.0
22110,0.0007223819238316678,0.15603449554764023,0.0,0.1,351.56751208060393,669.0563495116234,1.0,0.0,0.0,0.0,2.0
22111,0.0007565219480728304,0.16340874078373138,0.0,0.1,357.99109776153415,670.0734133104788,1.0,0.0,0.0,0.0,2.0
22112,0.001870667853263058,0.40406425630482057,0.0,0.1,362.71603107070626,669.516214573529,1.0,0.0,0.0,0.0,2.0
22113,0.0019137985313605224,0.41338048277387285,0.0,0.1,,,1.0,0.0,,,2.0
22114,0.0008939336148003128,0.19308966079686757,0.0,0.1,374.9515962655882,669.0730002464662,1.0,0.0,0.0,0.0,2.0
22115,0.0019433346003819368,0.41976027368249835,0.0,0.1,376.2081500124366,670.9670538801033,1.0,0.0,0.0,0.0,2.0
22116,0.002158366168537211,0.46620709240403757,0.0,0.1,380.37206164032943,676.3411030192806,1.0,0.0,0.0,0.0,2.0
22117,0.0007660807290283631,0.16547343747012644,0.0,0.1,386.05515938499093,679.99934269415,1.0,0.0,0.0,0.0,2.0
22118,0.0004932737243492896,0.10654712445944654,0.0,0.1,,,1.0,0.0,,,2.0
22119,0.0009490847882077845,0.20500231425288146,0.0,0.1,,,1.0,0.0,,,2.0
22120,0.000763843203067553,0.16499013186259145,0.0,0.1,,,1.0,0.0,,,2.0
22121,0.0010051206449935043,0.21710605931859694,0.0,0.1,,,1.0,0.0,,,2.0
22122,0.0023718192561847694,0.5123129593359101,0.0,0.1,,,1.0,0.0,,,2.0
22123,0.0012526175253325387,0.27056538547182835,0.0,0.1,,,1.0,0.0,,,2.0
22124,0.002519749887227728,0.5442659756411892,0.0,0.1,,,1.0,0.0,,,2.0
22125,0.0021518161216349117,0.46479228227314096,0.0,0.1,,,1.0,0.0,,,2.0
22126,0.00036907553176738714,0.07972031486175563,1.0,0.1,,,1.0,0.0,,,2.0
22127,,,,0.1,,,1.0,0.0,,,2.0
22128,,,,0.1,,,,,,,2.0
22129,,,,0.1,,,,,,,2.0
22130,0.0010970176211480406,0.23695580616797676,0.0,0.1,,,1.0,0.0,,,2.0
22131,0.0008386082158722793,0.18113937462841231,0.0,0.1,,,1.0,0.0,,,2.0
22132,0.0005070707874990409,0.10952729009979284,0.0,0.1,,,1.0,0.0,,,2.0
22133,0.0007745797687527668,0.16730923005059764,0.0,0.1,,,1.0,0.0,,,2.0
22134,0.0007564293170305388,0.1633887324785964,0.0,0.1,,,1.0,0.0,,,2.0
22135,0.0006202833574137805,0.1339812052013766,0.0,0.1,,,1.0,0.0,,,2.0
22136,0.0001909703694941013,0.04124959981072588,1.0,0.1,,,1.0,0.0,,,2.0
22137,0.00037731169267260674,0.08149932561728306,1.0,0.1,347.87516265298996,748.9443603173551,1.0,0.0,0.0,0.0,2.0
22138,,,,0.1,,,1.0,0.0,,,2.0
22139,,,,0.1,,,,,,,2.0
22140,,,,0.1,,,,,,,2.0
22141,,,,0.1,,,,,,,2.0
22142,,,,0.1,,,,,,,2.0
22143,,,,0.1,,,,,,,2.0
22144,,,,0.1,,,,,,,2.0
22145,,,,0.1,,,,,,,2.0
22146,,,,0.1,337.5557040742362,771.0554419662778,,,0.0,0.0,2.0
22147,,,,0.1,337.5926338156449,769.5773208462904,,,0.0,0.0,2.0
22148,,,,0.1,,,,,,,2.0
22149,,,,0.1,,,,,,,2.0
22150,,,,0.1,,,,,,,2.0
22151,,,,0.1,,,,,,,2.0
22152,,,,0.1,,,,,,,2.0
22153,,,,0.1,,,,,,,2.0
22154,,,,0.1,,,,,,,2.0
22155,,,,0.1,,,,,,,2.0
22156,,,,0.1,,,,,,,2.0
22157,,,,0.1,,,,,,,2.0
22158,,,,0.1,,,,,,,2.0
22159,,,,0.1,,,,,,,2.0
22160,,,,0.1,,,,,,,2.0
22161,,,,0.1,,,,,,,2.0
22162,,,,0.1,,,,,,,2.0
22163,,,,0.1,,,,,,,2.0
22164,,,,0.1,,,,,,,2.0
22165,0.0014285824861240246,0.3085738170027893,0.0,0.1,,,1.0,0.0,,,2.0
22166,0.0017172912027042366,0.3709348997841151,0.0,0.1,309.7300416664464,753.0747742543648,1.0,0.0,0.0,0.0,2.0
22167,0.001383756180660437,0.2988913350226544,0.0,0.1,312.9836412104435,759.0532332985108,1.0,0.0,0.0,0.0,2.0
22168,0.0009578392600321005,0.2068932801669337,0.0,0.1,318.2438917287649,771.203344045349,1.0,0.0,0.0,0.0,2.0
22169,0.0017494216187673027,0.3778750696537374,0.0,0.1,321.0016076355385,776.6891061750598,1.0,0.0,0.0,0.0,2.0
22170,0.0019911742220540445,0.4300936319636736,0.0,0.1,327.7307432817617,787.4281178952803,1.0,0.0,0.0,0.0,2.0
22171,0.0013948351555101925,0.3012843935902016,0.0,0.1,330.05550703763055,795.4925987701047,1.0,0.0,0.0,0.0,2.0
22172,0.00033732957987767884,0.07286318925357864,1.0,0.1,331.2694218463996,802.3318612216335,1.0,0.0,0.0,0.0,2.0
22173,0.0015650905208409692,0.3380595525016494,0.0,0.1,331.77536848516837,806.6842413148534,1.0,0.0,0.0,0.0,2.0
22174,0.0004713297974459043,0.10180723624831534,0.0,0.1,331.6533076861217,815.2876557014991,1.0,0.0,0.0,0.0,2.0
22175,0.0019241095721720578,0.4156076675891645,0.0,0.1,331.92250585617853,819.9438611032358,1.0,0.0,0.0,0.0,2.0
22176,0.0008253509891207694,0.1782758136500862,0.0,0.1,334.4506681621796,824.2227750322403,1.0,0.0,0.0,0.0,2.0
22177,0.0009256578069645935,0.1999420863043522,0.0,0.1,339.8630277579012,830.8073484188214,1.0,0.0,0.0,0.0,2.0
22178,0.0020971208690325972,0.452978107711041,0.0,0.1,340.28302095949965,833.1544928814465,1.0,0.0,0.0,0.0,2.0
22179,0.0010391528336907623,0.22445701207720464,0.0,0.1,341.1575955211369,830.8468858738867,1.0,0.0,0.0,0.0,2.0
22180,0.0009580361796911175,0.20693581481328138,0.0,0.1,341.505494691047,827.8092481239137,1.0,0.0,0.0,0.0,2.0
22181,0.0018688434279711533,0.4036701804417691,0.0,0.1,342.3274087360047,824.8536737247055,1.0,0.0,0.0,0.0,2.0
22182,0.002017047611289403,0.43568228403851106,0.0,0.1,342.965712396176,824.0200324498676,1.0,0.0,0.0,0.0,2.0
22183,0.0007129028892615256,0.15398702408048953,0.0,0.1,343.8529511645983,823.381438744943,1.0,0.0,0.0,0.0,2.0
22184,0.001346134557779529,0.29076506448037825,0.0,0.1,343.78179356522,823.4925123486236,1.0,0.0,0.0,0.0,2.0
22185,0.0005259839811296661,0.11361253992400787,0.0,0.1,344.1215338941451,821.2716553900262,1.0,0.0,0.0,0.0,2.0
22186,0.00016190457294326302,0.034971387755744814,1.0,0.1,346.3185879250734,821.0172938058338,1.0,0.0,0.0,0.0,2.0
22187,0.0007773296953487401,0.16790321419532786,0.0,0.1,347.96704272068484,821.9862574287424,1.0,0.0,0.0,0.0,2.0
22188,0.0008066828133387093,0.1742434876811612,0.0,0.1,353.25574317098847,823.6187562167868,1.0,0.0,0.0,0.0,2.0
22189,0.0008244300589358015,0.1780768927301331,0.0,0.1,356.3927077232341,824.5118178953472,1.0,0.0,0.0,0.0,2.0
22190,0.00032148939979470727,0.06944171035565677,1.0,0.1,359.0774832975224,825.7719308475837,1.0,0.0,0.0,0.0,2.0
22191,0.0005670272753567824,0.122477891477065,0.0,0.1,361.079429808005,826.9647568603448,1.0,0.0,0.0,0.0,2.0
22192,0.000212016590772917,0.045795583606950074,1.0,0.1,362.51849268980345,830.3564721235109,1.0,0.0,0.0,0.0,2.0
22193,0.0005610143549568715,0.12117910067068424,0.0,0.1,363.8598310650313,832.0775078106192,1.0,0.0,0.0,0.0,2.0
22194,0.0001522101355528334,0.032877389279412014,1.0,0.1,364.65787045987287,832.9566979569296,1.0,0.0,0.0,0.0,2.0
22195,0.00032799661123160867,0.07084726802602748,1.0,0.1,364.90113748726117,833.6316179412568,1.0,0.0,0.0,0.0,2.0
22196,0.0005096405850432682,0.11008236636934593,0.0,0.1,364.93223645454776,833.6693478737174,1.0,0.0,0.0,0.0,2.0
22197,0.0005217390296750893,0.11269563040981931,0.0,0.1,364.5376660905911,834.3545635832243,1.0,0.0,0.0,0.0,2.0
22198,0.001216554098052909,0.2627756851794284,0.0,0.1,365.9604802683986,837.6058607041816,1.0,0.0,0.0,0.0,2.0
22199,0.00013438692201975597,0.02902757515626729,1.0,0.1,365.9356298641817,841.9074699147833,1.0,0.0,0.0,0.0,2.0
22200,0.0005441406271663501,0.11753437546793163,0.0,0.1,366.6011621483805,844.0151913017115,1.0,0.0,0.0,0.0,2.0
22201,0.0009851787452807477,0.21279860898064148,0.0,0.1,364.24289754274855,846.322024668634,1.0,0.0,0.0,0.0,2.0
22202,0.00035756543920808533,0.07723413486894642,1.0,0.1,361.41884217202545,853.202353104313,1.0,0.0,0.0,0.0,2.0
22203,0.00011835599008949326,0.025564893859330542,1.0,0.1,357.62583144624955,864.4249449261054,1.0,0.0,0.0,0.0,2.0
22204,0.0003113384176863227,0.0672490982202457,1.0,0.1,351.2028764670953,870.0831331224114,1.0,0.0,0.0,0.0,2.0
22205,0.0009113394710935522,0.19684932575620728,0.0,0.1,347.42265716572024,872.1828918407757,1.0,0.0,0.0,0.0,2.0
22206,0.0005360190057075125,0.11578010523282269,0.0,0.1,335.29434923226233,875.7707095743856,1.0,0.0,0.0,0.0,2.0
22207,0.0004106784752770583,0.08870655065984459,1.0,0.1,325.9831031007834,883.2307112326416,1.0,0.0,0.0,0.0,2.0
22208,0.0001419072257389047,0.030651960759603417,1.0,0.1,320.01028126528365,887.1526537450491,1.0,0.0,0.0,0.0,2.0
22209,0.00040397554137923663,0.08725871693791512,1.0,0.1,317.7799171739332,888.1153713218977,1.0,0.0,0.0,0.0,2.0
22210,0.00022609295863564214,0.04883607906529871,1.0,0.1,318.17228160534523,892.2532695867181,1.0,0.0,0.0,0.0,2.0
22211,0.0002833575827401836,0.061205237871879654,1.0,0.1,319.06671593493274,894.550876737362,1.0,0.0,0.0,0.0,2.0
22212,0.0004643340582852121,0.10029615658960582,0.0,0.1,318.71214863837736,896.0983310282421,1.0,0.0,0.0,0.0,2.0
22213,0.00021184794634530052,0.045759156410584916,1.0,0.1,319.2337093289851,901.7687365788386,1.0,0.0,0.0,0.0,2.0
22214,0.00018928097338434278,0.04088469025101804,1.0,0.1,319.7899041700573,904.0983080640541,1.0,0.0,0.0,0.0,2.0
22215,0.0005853740451951275,0.12644079376214756,0.0,0.1,321.4440128938767,905.9225979892776,1.0,0.0,0.0,0.0,2.0
22216,0.00032483592920442796,0.07016456070815645,1.0,0.1,321.02207979996837,907.1652967158103,1.0,0.0,0.0,0.0,2.0
22217,0.00012819114143081223,0.02768928654905544,1.0,0.1,320.3807453859895,908.3289262914983,1.0,0.0,0.0,0.0,2.0
22218,0.00022803833069536913,0.04925627943019974,1.0,0.1,320.3602305799352,909.5859990933502,1.0,0.0,0.0,0.0,2.0
22219,0.0005805811947032384,0.1254055380558995,0.0,0.1,321.42956954843186,914.7730291819344,1.0,0.0,0.0,0.0,2.0
22220,7.867344005449412e-05,0.01699346305177073,1.0,0.1,323.4684006946076,920.8098572731683,1.0,0.0,0.0,0.0,2.0
22221,0.001401744378928241,0.30277678584850004,0.0,0.1,322.7075345274678,926.6874091034168,1.0,0.0,0.0,0.0,2.0
22222,0.000685646037539033,0.14809954410843115,0.0,0.1,322.5907040287082,932.0004982679586,1.0,0.0,0.0,0.0,2.0
22223,0.0005456520183684925,0.11786083596759436,0.0,0.1,321.13209244761975,934.5626070359067,1.0,0.0,0.0,0.0,2.0
22224,0.00015996278317771036,0.03455196116638544,1.0,0.1,320.58152887953787,938.0171362090924,1.0,0.0,0.0,0.0,2.0
22225,0.0004916090901048888,0.10618756346265598,0.0,0.1,320.8652293677788,944.1592114707526,1.0,0.0,0.0,0.0,2.0
22226,0.0004253512927035811,0.09187587922397351,1.0,0.1,324.64772989299,947.3197516421886,1.0,0.0,0.0,0.0,2.0
22227,0.000726742118983298,0.15697629770039237,0.0,0.1,326.84878193726394,947.9586386008517,1.0,0.0,0.0,0.0,2.0
22228,0.0005854576738665462,0.12645885755517397,0.0,0.1,328.2413009197416,947.7410576074348,1.0,0.0,0.0,0.0,2.0
22229,0.0006780513782704586,0.14645909770641907,0.0,0.1,326.95208458905256,949.2516949565266,1.0,0.0,0.0,0.0,2.0
22230,0.0006692448392313732,0.14455688527397662,0.0,0.1,323.58428481243317,951.8765305676122,1.0,0.0,0.0,0.0,2.0
22231,0.00036189921818984705,0.07817023112900696,1.0,0.1,324.09561514286133,958.6500006017014,1.0,0.0,0.0,0.0,2.0
22232,0.0005414257314634393,0.11694795799610289,0.0,0.1,325.4341110717906,959.9642197009156,1.0,0.0,0.0,0.0,2.0
22233,0.0006391238462876392,0.13805075079813006,0.0,0.1,329.016299506993,959.2105302842583,1.0,0.0,0.0,0.0,2.0
22234,0.00031553630889961037,0.06815584272231584,1.0,0.1,331.987792560524,958.5039007639076,1.0,0.0,0.0,0.0,2.0
22235,0.0008011805436917147,0.17305499743741037,0.0,0.1,333.58952410454623,955.6201265279775,1.0,0.0,0.0,0.0,2.0
22236,0.00045843600516596325,0.09902217711584806,1.0,0.1,334.79355360691824,954.478407615389,1.0,0.0,0.0,0.0,2.0
22237,0.00033949323579370163,0.07333053893143955,1.0,0.1,337.7743005634225,954.1475175753088,1.0,0.0,0.0,0.0,2.0
22238,0.0007549574569047663,0.16307081069142954,0.0,0.1,338.9128272543552,947.4654698889569,1.0,0.0,0.0,0.0,2.0
22239,0.0010126762179622757,0.21873806307985155,0.0,0.1,342.6525591815672,934.6189489978116,1.0,0.0,0.0,0.0,2.0
22240,0.0007136566553764059,0.15414983756130368,0.0,0.1,345.31198343278254,916.9468597610389,1.0,0.0,0.0,0.0,2.0
22241,0.0007350646499214238,0.15877396438302752,0.0,0.1,345.33691109061755,909.3461693384056,1.0,0.0,0.0,0.0,2.0
22242,0.0008129471736500486,0.1755965895084105,0.0,0.1,347.06950701542263,891.5865495365881,1.0,0.0,0.0,0.0,2.0
22243,0.0003657368296547445,0.07899915520542482,1.0,0.1,347.5721806997336,877.7039219363952,1.0,0.0,0.0,0.0,2.0
22244,0.00012241762845800408,0.026442207746928882,1.0,0.1,348.29336992898396,867.0916429543498,1.0,0.0,0.0,0.0,2.0
22245,0.0008096166250215702,0.17487719100465918,0.0,0.1,348.5410668396098,861.1027345570225,1.0,0.0,0.0,0.0,2.0
22246,0.0011573507560649803,0.24998776331003575,0.0,0.1,347.7857578602361,848.4118247555291,1.0,0.0,0.0,0.0,2.0
22247,0.0007192494564804849,0.15535788259978472,0.0,0.1,344.9127619364631,834.7940066209837,1.0,0.0,0.0,0.0,2.0
22248,0.0006854766209705983,0.14806295012964923,0.0,0.1,341.2639483328228,825.7723024729963,1.0,0.0,0.0,0.0,2.0
22249,0.00021014815035219186,0.04539200047607344,1.0,0.1,337.4190398305193,810.5381787809919,1.0,0.0,0.0,0.0,2.0
22250,0.0011645793878151858,0.25154914776808013,0.0,0.1,336.1371376603894,807.5773621924043,1.0,0.0,0.0,0.0,2.0
22251,0.001248147948776838,0.269599956935797,0.0,0.1,334.8139379845248,798.4532798583692,1.0,0.0,0.0,0.0,2.0
22252,0.0010775899157992525,0.23275942181263853,0.0,0.1,330.80855860616447,787.3137656747609,1.0,0.0,0.0,0.0,2.0
22253,0.000596801087954722,0.12890903499821993,0.0,0.1,,,1.0,0.0,,,2.0
22254,0.00034279135138474173,0.07404293189910421,1.0,0.1,320.6688544790985,773.5695613053834,1.0,0.0,0.0,0.0,2.0
22255,0.0008427580464791592,0.18203573803949838,0.0,0.1,318.4052393928867,768.2461827711967,1.0,0.0,0.0,0.0,2.0
22256,0.0013530345847362491,0.29225547030302984,0.0,0.1,,,1.0,0.0,,,2.0
22257,0.0009158172487917578,0.1978165257390197,0.0,0.1,,,1.0,0.0,,,2.0
22258,0.00100101327572921,0.21621886755750933,0.0,0.1,,,1.0,0.0,,,2.0
22259,0.0016896775967750993,0.36497036090342144,0.0,0.1,305.16357176080254,740.2425006338193,1.0,0.0,0.0,0.0,2.0
22260,0.0009312950233628549,0.20115972504637666,0.0,0.1,,,1.0,0.0,,,2.0
22261,0.0014035160182569403,0.3031594599434991,0.0,0.1,,,1.0,0.0,,,2.0
22262,0.001027065092249899,0.2218460599259782,0.0,0.1,,,1.0,0.0,,,2.0
22263,0.0014528328253973633,0.3138118902858305,0.0,0.1,289.9899508774671,724.3971093037321,1.0,0.0,0.0,0.0,2.0
22264,0.001071809763807572,0.23151090898243556,0.0,0.1,,,1.0,0.0,,,2.0
22265,0.0005551409446453169,0.11991044404338845,0.0,0.1,,,1.0,0.0,,,2.0
22266,0.0006628371129865718,0.14317281640509952,0.0,0.1,281.44652475434833,709.4737652303295,1.0,0.0,0.0,0.0,2.0
22267,0.0005767877273847288,0.12458614911510141,0.0,0.1,,,1.0,0.0,,,2.0
22268,0.0012688240801740748,0.27406600131760017,0.0,0.1,269.60975239157204,707.3041760580415,1.0,0.0,0.0,0.0,2.0
22269,0.00043895704694827683,0.0948147221408278,1.0,0.1,266.61463314884304,705.7388878176769,1.0,0.0,0.0,0.0,2.0
22270,0.0009354659743266411,0.20206065045455446,0.0,0.1,265.77799455740495,702.3905848128986,1.0,0.0,0.0,0.0,2.0
22271,0.0009607419272845936,0.2075202562934722,0.0,0.1,263.3302283247256,692.4841599440547,1.0,0.0,0.0,0.0,2.0
22272,,,,0.1,262.7123419873035,688.0887652368017,1.0,0.0,0.0,0.0,2.0
22273,,,,0.1,265.3343270719451,680.240244373568,,,0.0,0.0,2.0
22274,0.0007318863893529934,0.15808746010024657,0.0,0.1,268.0612076132124,672.0257882777368,1.0,0.0,0.0,0.0,2.0
22275,0.0011326766118386082,0.2446581481571394,0.0,0.1,272.7874791657467,663.7308301820813,1.0,0.0,0.0,0.0,2.0
22276,0.0006576238839448555,0.1420467589320888,0.0,0.1,280.9222720747303,652.3592548723444,1.0,0.0,0.0,0.0,2.0
22277,0.0011832426318903527,0.2555804084883162,0.0,0.1,284.5408751821533,648.1797069311067,1.0,0.0,0.0,0.0,2.0
22278,0.00021969722434900607,0.047454600459385314,1.0,0.1,290.1224760873882,640.3616605386387,1.0,0.0,0.0,0.0,2.0
22279,0.0006681045491637078,0.14431058261936086,0.0,0.1,290.01600132449784,636.1427010497147,1.0,0.0,0.0,0.0,2.0
22280,0.0005911906391480369,0.12769717805597597,0.0,0.1,287.32554494228106,634.0315377247222,1.0,0.0,0.0,0.0,2.0
22281,0.0019598637246941116,0.4233305645339281,0.0,0.1,287.4054262073402,632.9152927726373,1.0,0.0,0.0,0.0,2.0
22282,0.0012721555298879426,0.2747855944557956,0.0,0.1,286.61349748767685,631.8983458241307,1.0,0.0,0.0,0.0,2.0
22283,0.0012575576930546756,0.2716324616998099,0.0,0.1,294.9419414747116,629.4201741867732,1.0,0.0,0.0,0.0,2.0
22284,0.0012027724240258227,0.2597988435895777,0.0,0.1,285.6307987506249,631.9752093173896,1.0,0.0,0.0,0.0,2.0
22285,0.0025014838438544885,0.5403205102725696,0.0,0.1,285.736880304966,633.9804765669868,1.0,0.0,0.0,0.0,2.0
22286,0.0016891201885859922,0.3648499607345743,0.0,0.1,285.63072393980093,639.5547348602065,1.0,0.0,0.0,0.0,2.0
22287,0.0024402207410556286,0.5270876800680159,0.0,0.1,275.3934037918282,646.6039665572993,1.0,0.0,0.0,0.0,2.0
22288,0.00014460852478955617,0.031235441354544133,1.0,0.1,265.7478711262431,650.1092552777044,1.0,0.0,0.0,0.0,2.0
22289,0.00020239635477264454,0.043717612630891224,1.0,0.1,263.3667369536796,648.6616755172912,1.0,0.0,0.0,0.0,2.0
22290,0.0004952283263563328,0.10696931849296788,0.0,0.1,264.10812064662827,645.976526762526,1.0,0.0,0.0,0.0,2.0
22291,0.00028956357758548525,0.06254573275846481,1.0,0.1,262.75050494166663,645.5836083814823,1.0,0.0,0.0,0.0,2.0
22292,0.0004018727666660097,0.0868045175998581,1.0,0.1,260.8218490976456,646.6518521877762,1.0,0.0,0.0,0.0,2.0
22293,0.0002871010894486971,0.06201383532091857,1.0,0.1,262.0088346838352,644.6298677744584,1.0,0.0,0.0,0.0,2.0
22294,7.694179323094579e-05,0.016619427337884293,1.0,0.1,263.9747825474164,643.2814786786009,1.0,0.0,0.0,0.0,2.0
22295,0.00042706868526114965,0.09224683601640832,1.0,0.1,263.97469141027,643.2318223160635,1.0,0.0,0.0,0.0,2.0
22296,0.00034014675348165705,0.07347169875203793,1.0,0.1,263.7142562494434,643.6090540588687,1.0,0.0,0.0,0.0,2.0
22297,0.00010195676731017895,0.022022661738998653,1.0,0.1,262.8827980345055,644.1715747387308,1.0,0.0,0.0,0.0,2.0
22298,0.00012929812176272056,0.027928394300747644,1.0,0.1,263.1207363416433,644.0800607568393,1.0,0.0,0.0,0.0,2.0
22299,0.000601321391454165,0.12988542055409966,0.0,0.1,263.2188370077155,643.8202998546209,1.0,0.0,0.0,0.0,2.0
22300,0.00020652519876091877,0.044609442932358453,1.0,0.1,262.99348006614866,643.6458942757591,1.0,0.0,0.0,0.0,2.0
22301,0.00011146305817859981,0.02407602056657756,1.0,0.1,262.6470120361752,644.7039344230215,1.0,0.0,0.0,0.0,2.0
22302,0.00017368682082211852,0.037516353297577604,1.0,0.1,258.71832413019337,649.57866668594,1.0,0.0,0.0,0.0,2.0
22303,0.00039527792228397313,0.08538003121333819,1.0,0.1,255.3308800110534,655.5721475335558,1.0,0.0,0.0,0.0,2.0
22304,0.0008268757363164939,0.1786051590443627,0.0,0.1,254.40381851430269,657.7800988511751,1.0,0.0,0.0,0.0,2.0
22305,0.000996993003254121,0.21535048870289014,0.0,0.1,251.4329848055502,662.18403180681,1.0,0.0,0.0,0.0,2.0
22306,0.0013334171740075709,0.2880181095856353,0.0,0.1,249.1957184999745,668.5885486008565,1.0,0.0,0.0,0.0,2.0
22307,0.0010015217806842102,0.21632870462778941,0.0,0.1,248.05208891356918,672.7446980725346,1.0,0.0,0.0,0.0,2.0
22308,0.0014280129384578377,0.30845079470689296,0.0,0.1,249.8000272274471,672.6254042230746,1.0,0.0,0.0,0.0,2.0
22309,0.0014625939084606744,0.3159202842275057,0.0,0.1,262.5233668148311,664.4311460336177,1.0,0.0,0.0,0.0,2.0
22310,0.0007432501430142283,0.1605420308910733,0.0,0.1,264.64446352684007,662.1147055578723,1.0,0.0,0.0,0.0,2.0
22311,0.0006451158968050354,0.13934503370988766,0.0,0.1,256.97051140088064,664.1113471892866,1.0,0.0,0.0,0.0,2.0
22312,0.0005161686296267442,0.11149242399937676,0.0,0.1,243.95766166066335,670.6227445665924,1.0,0.0,0.0,0.0,2.0
22313,0.0007007715835710611,0.15136666205134922,0.0,0.1,239.55729773337538,672.3966601070028,1.0,0.0,0.0,0.0,2.0
22314,0.0006847232248545509,0.147900216568583,0.0,0.1,230.8865168389219,675.0200121514866,1.0,0.0,0.0,0.0,2.0
22315,0.0003950356602160821,0.08532770260667373,1.0,0.1,226.4893533592849,675.7705793847883,1.0,0.0,0.0,0.0,2.0
22316,0.0004793135008710828,0.10353171618815389,0.0,0.1,228.716395954064,673.0595564625817,1.0,0.0,0.0,0.0,2.0
22317,0.001072565830980146,0.23167421949171152,0.0,0.1,229.06551856538516,672.2281021716577,1.0,0.0,0.0,0.0,2.0
22318,0.0013498290344911303,0.2915630714500842,0.0,0.1,228.14608960037057,670.6440612643453,1.0,0.0,0.0,0.0,2.0
22319,0.0017012166623023035,0.36746279905729756,0.0,0.1,231.30347319364847,663.3771962022241,1.0,0.0,0.0,0.0,2.0
22320,0.0018928947165171562,0.40886525876770574,0.0,0.1,239.07458265645013,653.2866732472892,1.0,0.0,0.0,0.0,2.0
22321,0.0008776311668104929,0.18956833203106646,0.0,0.1,246.14156051261935,644.3575390702489,1.0,0.0,0.0,0.0,2.0
22322,0.002143165232505129,0.4629236902211079,0.0,0.1,249.97708677791923,639.6791042064949,1.0,0.0,0.0,0.0,2.0
22323,0.001800905650502346,0.3889956205085068,0.0,0.1,253.92336281237323,633.9309587593881,1.0,0.0,0.0,0.0,2.0
22324,0.0019255905536375985,0.41592755958572125,0.0,0.1,262.2175259200867,624.3839240079419,1.0,0.0,0.0,0.0,2.0
22325,0.0004984504233285959,0.10766529143897671,0.0,0.1,270.3503155761132,614.3523312385435,1.0,0.0,0.0,0.0,2.0
22326,0.0019970726154768864,0.4313676849430075,0.0,0.1,273.3395107796669,610.4369523853333,1.0,0.0,0.0,0.0,2.0
22327,0.0025461990440578206,0.5499789935164893,0.0,0.1,280.3507402794931,602.4813604866972,1.0,0.0,0.0,0.0,2.0
22328,0.0008752899071799311,0.18906261995086512,0.0,0.1,286.6160562409854,595.6271490072413,1.0,0.0,0.0,0.0,2.0
22329,0.0019504839156728752,0.42130452578534106,0.0,0.1,291.7701032973986,589.8174948985002,1.0,0.0,0.0,0.0,2.0
22330,0.0010432369967679261,0.22533919130187208,0.0,0.1,296.41536628123043,584.433924846484,1.0,0.0,0.0,0.0,2.0
22331,0.0012756913910055216,0.27554934045719265,0.0,0.1,299.9440914002377,580.17142175715,1.0,0.0,0.0,0.0,2.0
22332,0.002007070386996101,0.4335272035911578,0.0,0.1,305.57979835901284,572.8441156675246,1.0,0.0,0.0,0.0,2.0
22333,0.0025069233443096076,0.5414954423708752,0.0,0.1,310.8680062978988,566.6465797616402,1.0,0.0,0.0,0.0,2.0
22334,0.0010968882020668817,0.23692785164644647,0.0,0.1,313.69033682852694,563.3058033403981,1.0,0.0,0.0,0.0,2.0
22335,0.0020004721143844955,0.432101976707051,0.0,0.1,313.89627892023117,562.7037845434207,1.0,0.0,0.0,0.0,2.0
22336,0.0008527678116733361,0.1841978473214406,0.0,0.1,313.4256040053819,562.2729056341504,1.0,0.0,0.0,0.0,2.0
22337,0.000449007472605096,0.09698561408270073,1.0,0.1,313.5447029495461,561.5596138530594,1.0,0.0,0.0,0.0,2.0
22338,0.0004124528845351809,0.08908982305959907,1.0,0.1,313.0515639294176,561.8866004169674,1.0,0.0,0.0,0.0,2.0
22339,0.0006292301734664923,0.13591371746876232,0.0,0.1,308.1728647438999,566.3854951557876,1.0,0.0,0.0,0.0,2.0
22340,0.0014311124419219253,0.30912028745513587,0.0,0.1,303.7668063169018,570.752273180217,1.0,0.0,0.0,0.0,2.0
22341,0.0015753128409327982,0.3402675736414844,0.0,0.1,293.4419806588814,581.2225188341918,1.0,0.0,0.0,0.0,2.0
22342,0.001734802059673182,0.3747172448894073,0.0,0.1,281.08961104559097,593.7963118188311,1.0,0.0,0.0,0.0,2.0
22343,0.00034441854199181924,0.07439440507023296,1.0,0.1,265.3563967988471,610.205644508878,1.0,0.0,0.0,0.0,2.0
22344,0.001127410041225361,0.24352056890467794,0.0,0.1,258.2390138841138,618.0957579560016,1.0,0.0,0.0,0.0,2.0
22345,0.001198590652828888,0.2588955810110398,0.0,0.1,246.90380288586792,630.368857244166,1.0,0.0,0.0,0.0,2.0
22346,0.0024824830993269487,0.5362163494546209,0.0,0.1,247.67144857563278,630.3588685499906,1.0,0.0,0.0,0.0,2.0
22347,0.0004873692882417649,0.10527176626022122,0.0,0.1,251.22635826474345,627.427220261892,1.0,0.0,0.0,0.0,2.0
22348,0.00023552086055854852,0.050872505880646485,1.0,0.1,257.6269391299655,620.2687276346236,1.0,0.0,0.0,0.0,2.0
22349,0.0006291612563024134,0.1358988313613213,0.0,0.1,264.32146360745224,613.6845832442503,1.0,0.0,0.0,0.0,2.0
22350,0.0009375557531273322,0.20251204267550374,0.0,0.1,274.01781210263346,603.9140697789824,1.0,0.0,0.0,0.0,2.0
22351,0.0012217779654971335,0.2639040405473808,0.0,0.1,280.43651824233996,597.3317343234088,1.0,0.0,0.0,0.0,2.0
22352,0.00043508181645139226,0.09397767235350073,1.0,0.1,293.0521807349756,584.8056113789085,1.0,0.0,0.0,0.0,2.0
22353,0.0009949554723219876,0.21491038202154933,0.0,0.1,297.19350515530505,580.3941520146676,1.0,0.0,0.0,0.0,2.0
22354,0.0015672689249218107,0.33853008778311117,0.0,0.1,307.52826671059546,569.7389375231043,1.0,0.0,0.0,0.0,2.0
22355,0.002226863042689796,0.4810024172209959,0.0,0.1,314.3618968962435,562.6650753181486,1.0,0.0,0.0,0.0,2.0
22356,0.0017559944046586444,0.3792947914062672,0.0,0.1,318.349242236886,558.7598872987486,1.0,0.0,0.0,0.0,2.0
22357,0.001072653292652134,0.23169311121286096,0.0,0.1,325.2855651942467,551.8335261705741,1.0,0.0,0.0,0.0,2.0
22358,0.002949264958444262,0.6370412310239606,0.0,0.1,331.79602063188366,544.8454809914994,1.0,0.0,0.0,0.0,2.0
22359,0.0028105167532286625,0.6070716186973911,0.0,0.1,341.6716852226017,534.3303410853291,1.0,0.0,0.0,0.0,2.0
22360,0.003360158749809498,0.7257942899588515,0.0,0.1,356.94589199863526,518.4752236729795,1.0,0.0,0.0,0.0,2.0
22361,0.001475349016461392,0.3186753875556607,0.0,0.1,370.9306832523954,503.8923713192257,1.0,0.0,0.0,0.0,2.0
22362,0.0021874916389951747,0.47249819402295773,0.0,0.1,377.5064188896716,496.877328683634,1.0,0.0,0.0,0.0,2.0
22363,0.0016591012764708567,0.35836587571770506,0.0,0.1,386.6952659455484,487.2844820305982,1.0,0.0,0.0,0.0,2.0
22364,0.004550613246279269,0.982932461196322,0.0,0.1,,,1.0,0.0,,,2.0
22365,0.002196421062165747,0.47442694942780134,0.0,0.1,,,1.0,0.0,,,2.0
22366,0.0013658977365167697,0.2950339110876223,0.0,0.1,,,1.0,0.0,,,2.0
22367,0.0030750221959606056,0.6642047943274908,0.0,0.1,,,1.0,0.0,,,2.0
22368,0.004210576440868746,0.9094845112276491,0.0,0.1,,,1.0,0.0,,,2.0
22369,0.002364120731787418,0.5106500780660823,0.0,0.1,430.21810590252613,443.73011927952126,1.0,0.0,0.0,0.0,2.0
22370,0.000403756535120354,0.08721141158599646,1.0,0.1,435.01285395660346,439.17977087640907,1.0,0.0,0.0,0.0,2.0
22371,0.0006132809837514073,0.13246869249030396,0.0,0.1,436.27421082224845,437.97980324502043,1.0,0.0,0.0,0.0,2.0
22372,0.00149565367448156,0.32306119368801695,0.0,0.1,438.4363329712672,436.0154550242789,1.0,0.0,0.0,0.0,2.0
22373,0.00105480068469693,0.2278369478945369,0.0,0.1,437.5270429705517,437.1437916954755,1.0,0.0,0.0,0.0,2.0
22374,0.000708317543752585,0.15299658945055838,0.0,0.1,432.3936782780918,442.1604643356599,1.0,0.0,0.0,0.0,2.0
22375,0.0004619312982723236,0.0997771604268219,1.0,0.1,431.625222198636,443.0359365449877,1.0,0.0,0.0,0.0,2.0
22376,0.00010192224753495353,0.022015205467549964,1.0,0.1,432.3180690327343,442.59474821994644,1.0,0.0,0.0,0.0,2.0
22377,0.000549349015360386,0.11865938731784338,0.0,0.1,431.67019180313315,443.9051532912453,1.0,0.0,0.0,0.0,2.0
22378,0.0010450269047623914,0.22572581142867656,0.0,0.1,429.6672495587301,446.9626243349018,1.0,0.0,0.0,0.0,2.0
22379,0.00014099978460578518,0.0304559534748496,1.0,0.1,431.3403232914677,447.0326777340766,1.0,0.0,0.0,0.0,2.0
22380,0.001116575474419513,0.24118030247461483,0.0,0.1,432.5554553646147,447.02729959809534,1.0,0.0,0.0,0.0,2.0
22381,0.00111499217739706,0.24083831031776493,0.0,0.1,434.15854339324056,447.2261252197292,1.0,0.0,0.0,0.0,2.0
22382,0.002324348362429338,0.502059246284737,0.0,0.1,433.92783702183596,449.17991345050984,1.0,0.0,0.0,0.0,2.0
22383,0.0015561031470362329,0.3361182797598263,0.0,0.1,436.7541498849328,448.0247087549447,1.0,0.0,0.0,0.0,2.0
22384,0.000995382742094528,0.21500267229241804,0.0,0.1,443.0935946669349,443.7751371827199,1.0,0.0,0.0,0.0,2.0
22385,0.0028516364408089977,0.6159534712147435,0.0,0.1,445.5686787143175,442.5071014471969,1.0,0.0,0.0,0.0,2.0
22386,0.0021751874202128696,0.4698404827659799,0.0,0.1,452.2267769103725,438.7551093465301,1.0,0.0,0.0,0.0,2.0
22387,0.0025713089905836533,0.5554027419660692,0.0,0.1,463.9760455404874,429.87320840127944,1.0,0.0,0.0,0.0,2.0
22388,0.0008967882519632269,0.193706262424057,0.0,0.1,475.2773080462408,421.84335884949684,1.0,0.0,0.0,0.0,2.0
22389,0.0037538493540639163,0.810831460477806,0.0,0.1,482.2637377422406,416.5956338505584,1.0,0.0,0.0,0.0,2.0
22390,0.004326866464903776,0.9346031564192154,0.0,0.1,492.5885388542398,410.67384202420254,1.0,0.0,0.0,0.0,2.0
22391,0.004199329406585435,0.9070551518224541,0.0,0.1,508.4720933304755,399.23544162138165,1.0,0.0,0.0,0.0,2.0
22392,0.003857038454240975,0.8331203061160506,0.0,0.1,524.4192086247328,386.05424057374023,1.0,0.0,0.0,0.0,2.0
22393,0.0014639621736388293,0.31621582950598714,0.0,0.1,536.7672206886043,375.8278894211628,1.0,0.0,0.0,0.0,2.0
22394,0.0007106390229728915,0.15349802896214457,0.0,0.1,544.0670766348317,370.1094427614991,1.0,0.0,0.0,0.0,2.0
22395,0.0035136161396105243,0.7589410861558733,0.0,0.1,551.7783384244353,363.3570650100291,1.0,0.0,0.0,0.0,2.0
22396,0.0020024891477582038,0.43253765591577203,0.0,0.1,562.5163185196435,354.27837197890597,1.0,0.0,0.0,0.0,2.0
22397,0.0010657126014777818,0.23019392191920088,0.0,0.1,571.2641145325285,346.0575198306516,1.0,0.0,0.0,0.0,2.0
22398,0.0018588945190249316,0.40152121610938524,0.0,0.1,575.673634683419,343.87632795792206,1.0,0.0,0.0,0.0,2.0
22399,0.0022479729850918445,0.48556216477983843,0.0,0.1,582.3621068665459,339.5938357746999,1.0,0.0,0.0,0.0,2.0
22400,0.00207254464052446,0.4476696423532833,0.0,0.1,586.9776404224721,335.3018800235184,1.0,0.0,0.0,0.0,2.0
22401,0.0026093311862560556,0.563615536231308,0.0,0.1,591.7436624051579,331.79851459896935,1.0,0.0,0.0,0.0,2.0
22402,0.001368108728285086,0.2955114853095786,0.0,0.1,599.7615323460567,323.4629570973953,1.0,0.0,0.0,0.0,2.0
22403,0.0017930693115506518,0.3873029712949408,0.0,0.1,600.9265738142751,321.6597976499353,1.0,0.0,0.0,0.0,2.0
22404,0.001981750094220816,0.42805802035169627,0.0,0.1,600.8244979492038,318.3132213099526,1.0,0.0,0.0,0.0,2.0
22405,0.0008238885159139206,0.17795991943740685,0.0,0.1,601.0795761695249,313.15394382250656,1.0,0.0,0.0,0.0,2.0
22406,0.0002638748998569105,0.05699697836909267,1.0,0.1,603.4697004866932,307.5085581867439,1.0,0.0,0.0,0.0,2.0
22407,0.000697330949876572,0.15062348517333954,0.0,0.1,603.0941020853617,306.7323309437949,1.0,0.0,0.0,0.0,2.0
22408,0.000569881225965832,0.12309434480861972,0.0,0.1,603.0749944505316,303.88416409397405,1.0,0.0,0.0,0.0,2.0
22409,0.00023895967697287212,0.05161529022614038,1.0,0.1,601.219531279276,303.6863593003352,0.0,1.0,0.0,0.0,2.0
22410,0.0006816808846283142,0.14724307107971588,0.0,0.1,600.1188819771887,303.7377861511042,0.0,1.0,0.0,0.0,2.0
22411,0.0006943083983638264,0.14997061404658651,0.0,0.1,598.3707914553709,304.08064732829905,0.0,1.0,0.0,0.0,2.0
22412,0.0008987956813418013,0.1941398671698291,0.0,0.1,597.5929136712878,302.8823867121135,0.0,1.0,0.0,0.0,2.0
22413,0.00040263315924025966,0.0869687623958961,1.0,0.1,598.0132056459105,299.9996528195319,0.0,1.0,0.0,0.0,2.0
22414,0.001220070459079454,0.26353521916116207,0.0,0.1,601.8778920458201,295.27702197475344,0.0,1.0,0.0,0.0,2.0
22415,0.00036025431406460647,0.077814931837955,1.0,0.1,609.2088408574359,288.51984888141243,0.0,1.0,0.0,0.0,2.0
22416,0.0024166518252033355,0.5219967942439205,0.0,0.1,612.5713098595487,284.90829442330505,0.0,1.0,0.0,0.0,2.0
22417,0.001286488242707981,0.2778814604249239,0.0,0.1,620.6027543492296,277.87918390999954,0.0,1.0,0.0,0.0,2.0
22418,0.002257867818060864,0.4876994487011466,0.0,0.1,633.6309912946084,265.92145010449707,0.0,1.0,0.0,0.0,2.0
22419,0.002384044550572357,0.5149536229236291,0.0,0.1,646.9290632523478,253.0402476436017,0.0,1.0,0.0,0.0,2.0
22420,0.00047256435156424156,0.10207389993787619,0.0,0.1,656.6914315892968,245.53731418124374,0.0,1.0,0.0,0.0,2.0
22421,0.0006620821370554346,0.1430097416039739,0.0,0.1,657.8425732845119,245.27435381230333,0.0,1.0,0.0,0.0,2.0
22422,0.002587954389689196,0.5589981481728663,0.0,0.1,661.5595800158869,242.37308174720994,0.0,1.0,0.0,0.0,2.0
22423,0.0008665747739300519,0.18718015116889122,0.0,0.1,668.7059030791398,236.16761176769438,0.0,1.0,0.0,0.0,2.0
22424,0.0009886196106118007,0.21354183589214898,0.0,0.1,677.6259575977833,226.7153835288418,0.0,1.0,0.0,0.0,2.0
22425,0.0025554887093139768,0.551985561211819,0.0,0.1,683.3886629936665,221.4899315136059,0.0,1.0,0.0,0.0,2.0
22426,0.002798092252431072,0.6043879265251115,0.0,0.1,693.7333730349949,212.02268819551983,0.0,1.0,0.0,0.0,2.0
22427,0.0028446120785477745,0.6144362089663192,0.0,0.1,704.8705560328534,201.70715878749456,0.0,1.0,0.0,0.0,2.0
22428,0.003769079244791,0.814121116874856,0.0,0.1,716.5433323552949,192.33245320574738,0.0,1.0,0.0,0.0,2.0
22429,0.0016687628523412569,0.36045277610571147,0.0,0.1,723.9159079527777,187.35437090160775,0.0,1.0,0.0,0.0,2.0
22430,0.002159925342151853,0.4665438739048002,0.0,0.1,724.4632961825919,185.7075387830987,0.0,1.0,0.0,0.0,2.0
22431,0.002182893767556767,0.47150505379226165,0.0,0.1,726.7862273833302,183.87483185903162,0.0,1.0,0.0,0.0,2.0
22432,0.0020058350196820807,0.43326036425132947,0.0,0.1,736.4023331501688,175.33549443127848,0.0,1.0,0.0,0.0,2.0
22433,0.0008928735010156824,0.19286067621938738,0.0,0.1,746.6887627956143,167.71808160015834,0.0,1.0,0.0,0.0,2.0
22434,0.0020176423248896205,0.435810742176158,0.0,0.1,749.9828635346887,166.39179123220552,0.0,1.0,0.0,0.0,2.0
22435,0.0017145946218765932,0.37035243832534415,0.0,0.1,758.1145328646888,162.50802946397434,0.0,1.0,0.0,0.0,2.0
22436,0.003602631682886421,0.7781684435034669,0.0,0.1,769.4909471092784,159.10695213927855,0.0,1.0,0.0,0.0,2.0
22437,0.0024579974140287895,0.5309274414302186,0.0,0.1,779.4301318451827,157.66884024641075,0.0,1.0,0.0,0.0,2.0
22438,0.0012609644908927338,0.27236833003283056,0.0,0.1,784.9760047562455,159.85624537702154,0.0,1.0,0.0,0.0,2.0
22439,0.0018857361877344736,0.40731901655064634,0.0,0.1,786.3481980638369,159.63092426537946,0.0,1.0,0.0,0.0,2.0
22440,0.0021171975736818146,0.45731467591527203,0.0,0.1,789.5173113064754,158.55498501734934,0.0,1.0,0.0,0.0,2.0
22441,0.002690986732930344,0.5812531343129543,0.0,0.1,795.0753875516345,154.46528175639398,0.0,1.0,0.0,0.0,2.0
22442,0.001569757630901129,0.3390676482746439,0.0,0.1,802.3181560717808,150.6282807462288,0.0,1.0,0.0,0.0,2.0
22443,0.0017482178220350872,0.37761504955957886,0.0,0.1,805.810985315201,146.28220673892645,0.0,1.0,0.0,0.0,2.0
22444,0.0022165489481615393,0.4787745728028925,0.0,0.1,812.3961378457404,141.50106186469185,0.0,1.0,0.0,0.0,2.0
22445,0.001554546364948587,0.3357820148288948,0.0,0.1,818.7269114328071,138.75652473504977,0.0,1.0,0.0,0.0,2.0
22446,0.001154568158390061,0.2493867222122532,0.0,0.1,828.4753787876083,138.6519755975899,0.0,1.0,0.0,0.0,2.0
22447,0.0016906808018237027,0.3651870531939198,0.0,0.1,840.5457994847833,138.69782460133052,0.0,1.0,0.0,0.0,2.0
22448,0.0018859720482996695,0.4073699624327286,0.0,0.1,846.1821172906027,140.18006039319087,0.0,1.0,0.0,0.0,2.0
22449,0.0009331383433135704,0.20155788215573123,0.0,0.1,851.9377972036054,142.64874588855903,0.0,1.0,0.0,0.0,2.0
22450,0.00130671613271447,0.2822506846663255,0.0,0.1,850.1186026323724,148.655410618337,0.0,1.0,0.0,0.0,2.0
22451,0.0010272915678715881,0.22189497866026303,0.0,0.1,843.9443985188154,166.42522420675795,0.0,1.0,0.0,0.0,2.0
22452,0.00046491211333758817,0.10042101648091904,0.0,0.1,839.3264126006853,174.84987275693223,0.0,1.0,0.0,0.0,2.0
22453,0.0013972735797645086,0.30181109322913385,0.0,0.1,837.4918561670424,185.72733141777204,0.0,1.0,0.0,0.0,2.0
22454,0.0011724560005224626,0.25325049611285194,0.0,0.1,839.5907828729406,186.86999903961953,0.0,1.0,0.0,0.0,2.0
22455,0.0018357507401540363,0.39652215987327183,0.0,0.1,844.143720524919,186.06682905192963,0.0,1.0,0.0,0.0,2.0
22456,0.0013171360983931526,0.284501397252921,0.0,0.1,851.511580403477,186.00501171329884,0.0,1.0,0.0,0.0,2.0
22457,0.0016799535477902976,0.3628699663227043,0.0,0.1,853.4215370098175,186.54466892015486,0.0,1.0,0.0,0.0,2.0
22458,0.001037738508094815,0.22415151774848005,0.0,0.1,857.9326139160127,186.47659367926218,0.0,1.0,0.0,0.0,2.0
22459,0.0009813933400514264,0.2119809614511081,0.0,0.1,862.5779297083311,185.67138537251313,0.0,1.0,0.0,0.0,2.0
22460,0.0009824565313506332,0.21221061077173678,0.0,0.1,869.5491431576787,183.3081838996772,0.0,1.0,0.0,0.0,2.0
22461,0.0002637149329471752,0.056962425516589844,1.0,0.1,874.4645689222792,180.7496992030961,0.0,1.0,0.0,0.0,2.0
22462,0.0023658763009781225,0.5110292810112745,0.0,0.1,882.4450187595953,180.75701717290698,0.0,1.0,0.0,0.0,2.0
22463,0.001663227985558549,0.35925724488064664,0.0,0.1,891.1867584698743,179.08214155979653,0.0,1.0,0.0,0.0,2.0
22464,0.0011187204702544358,0.24164362157495814,0.0,0.1,899.0094219883747,181.06516693627356,0.0,1.0,0.0,0.0,2.0
22465,0.000989773759329255,0.2137911320151191,0.0,0.1,909.8816597246149,179.93397596012213,0.0,1.0,0.0,0.0,2.0
22466,0.0024424416037721434,0.527567386414783,0.0,0.1,915.6939993551016,179.09519828588128,0.0,1.0,0.0,0.0,2.0
22467,0.0033533996141064688,0.7243343166469973,0.0,0.1,922.4685392361473,176.25226698915898,0.0,1.0,0.0,0.0,2.0
22468,0.0019433188482579217,0.4197568712237111,0.0,0.1,927.7440424511606,175.0360930320143,0.0,1.0,0.0,0.0,2.0
22469,0.0006759368169162305,0.1460023524539058,0.0,0.1,928.691411082228,166.53909041813432,0.0,1.0,0.0,0.0,2.0
22470,0.0014725062862614821,0.31806135783248013,0.0,0.1,931.2906130173682,165.23625263677,0.0,1.0,0.0,0.0,2.0
22471,0.0010962501859707306,0.23679004016967778,0.0,0.1,935.9144175974302,161.1555468162348,0.0,1.0,0.0,0.0,2.0
22472,0.002131523221275481,0.460409015795504,0.0,0.1,940.8923229555536,157.86921355942667,0.0,1.0,0.0,0.0,2.0
22473,0.0011241767266875484,0.24282217296451047,0.0,0.1,946.5026711673916,159.36870199205282,0.0,1.0,0.0,0.0,2.0
22474,0.0007020164669066868,0.15163555685184435,0.0,0.1,953.5302790564893,164.59290512332373,0.0,1.0,0.0,0.0,2.0
22475,0.0018802214365376026,0.4061278302921222,0.0,0.1,959.0047247603075,168.02316916806402,0.0,1.0,0.0,0.0,2.0
22476,0.002297746629055638,0.49631327187601787,0.0,0.1,968.7179838635649,175.12063492248794,0.0,1.0,0.0,0.0,2.0
22477,0.0015894277175664193,0.3433163869943466,0.0,0.1,976.1462314240171,180.43944370665935,0.0,1.0,0.0,0.0,2.0
22478,0.0007518898562835438,0.16240820895724545,0.0,0.1,980.8147420872214,183.8874188290811,0.0,1.0,0.0,0.0,2.0
22479,0.00358813128775476,0.7750363581550282,0.0,0.1,984.1180230281126,184.73113304976962,0.0,1.0,0.0,0.0,2.0
22480,0.0019763948722756153,0.4269012924115329,0.0,0.1,993.5860018629548,192.88821288219447,0.0,1.0,0.0,0.0,2.0
22481,0.0027524948191721093,0.5945388809411757,0.0,0.1,1003.4109364927369,198.9917603429542,0.0,1.0,0.0,0.0,2.0
22482,0.0035289622293781676,0.7622558415456843,0.0,0.1,1008.8518641388428,202.17504454558534,0.0,1.0,0.0,0.0,2.0
22483,0.0004228301328705846,0.09133130870004628,1.0,0.1,1013.0292542649787,203.59494918961047,0.0,1.0,0.0,0.0,2.0
22484,0.0012802609077804804,0.27653635608058375,0.0,0.1,1015.0392832640672,204.98008312888763,0.0,1.0,0.0,0.0,2.0
22485,0.003662696736303795,0.7911424950416197,0.0,0.1,1022.1273669625072,206.73587287041502,0.0,1.0,0.0,0.0,2.0
22486,0.0016433237559950182,0.3549579312949239,0.0,0.1,1028.8919344267058,209.65463782359453,0.0,1.0,0.0,0.0,2.0
22487,0.0008686735095032511,0.18763347805270225,0.0,0.1,1036.466032077118,213.0980201423751,0.0,1.0,0.0,0.0,2.0
22488,0.002514027694216087,0.5430299819506748,0.0,0.1,1040.289415591004,215.43352588374586,0.0,1.0,0.0,0.0,2.0
22489,0.0032906305962267846,0.7107762087849855,0.0,0.1,1050.4679561330342,222.42686569009936,0.0,1.0,0.0,0.0,2.0
22490,0.001430275634202815,0.30893953698780807,0.0,0.1,1064.3181879649142,232.783119441822,0.0,1.0,0.0,0.0,2.0
22491,0.002103578396805712,0.4543729337100338,0.0,0.1,1071.582963090403,237.25648777264774,0.0,1.0,0.0,0.0,2.0
22492,0.0013580864048051689,0.2933466634379165,0.0,0.1,1074.1506100569036,239.59366399171049,0.0,1.0,0.0,0.0,2.0
22493,0.0009757749131176339,0.21076738123340893,0.0,0.1,1076.8198006880466,243.29625652712625,0.0,1.0,0.0,0.0,2.0
22494,0.0006110217307595049,0.13198069384405306,0.0,0.1,1084.0328447650015,250.51783608453343,0.0,1.0,0.0,0.0,2.0
22495,0.0014166249567074101,0.3059909906488006,0.0,0.1,1089.974377987376,257.2621297330854,0.0,1.0,0.0,0.0,2.0
22496,0.0006655780472572021,0.14376485820755566,0.0,0.1,1094.6434371449002,260.76542591572644,0.0,1.0,0.0,0.0,2.0
22497,0.0009939276881897267,0.214688380648981,0.0,0.1,1097.4781445643016,263.02508045925043,0.0,1.0,0.0,0.0,2.0
22498,0.0004482376162908728,0.09681932511882853,1.0,0.1,1099.4592860834919,264.7396634556757,0.0,1.0,0.0,0.0,2.0
22499,0.0009132797909900896,0.19726843485385936,0.0,0.1,1101.5728858494742,268.050201631665,0.0,1.0,0.0,0.0,2.0
22500,0.000772171610291656,0.16678906782299768,0.0,0.1,1108.1471730818723,276.5353109448425,0.0,1.0,0.0,0.0,2.0
22501,0.00035912513868142487,0.07757102995518778,1.0,0.1,1110.549909034963,279.35708926031793,0.0,1.0,0.0,0.0,2.0
22502,0.0008009143549658757,0.17299750067262915,0.0,0.1,,,0.0,1.0,,,2.0
22503,0.0010190512060587727,0.2201150605086949,0.0,0.1,,,0.0,1.0,,,2.0
22504,0.0007883077078971711,0.17027446490578896,0.0,0.1,1113.5057958196671,286.69773286507433,0.0,1.0,0.0,0.0,2.0
22505,0.0003737080537794897,0.08072093961636978,1.0,0.1,,,0.0,1.0,,,2.0
22506,0.0002098733933826657,0.04533265297065579,1.0,0.1,,,0.0,1.0,,,2.0
22507,0.0002875746971137448,0.06211613457656887,1.0,0.1,,,0.0,1.0,,,2.0
22508,0.0023816976202407068,0.5144466859719926,0.0,0.1,,,0.0,1.0,,,2.0
22509,0.0010058484214410897,0.21726325903127536,0.0,0.1,,,0.0,1.0,,,2.0
22510,0.00037853124814321316,0.08176274959893405,1.0,0.1,,,0.0,1.0,,,2.0
22511,0.0007418282844785389,0.16023490944736438,0.0,0.1,,,0.0,1.0,,,2.0
22512,0.0002392445980501254,0.051676833178827083,1.0,0.1,,,0.0,1.0,,,2.0
22513,0.0011343664412074648,0.24502315130081243,0.0,0.1,,,0.0,1.0,,,2.0
22514,0.0003716761162064822,0.08028204110060015,1.0,0.1,,,0.0,1.0,,,2.0
22515,0.0016480372446651542,0.3559760448476733,0.0,0.1,,,0.0,1.0,,,2.0
22516,0.0019435807437965264,0.4198134406600497,0.0,0.1,,,0.0,1.0,,,2.0
22517,0.000529504871358048,0.11437305221333836,0.0,0.1,,,0.0,1.0,,,2.0
22518,0.000526447860881546,0.11371273795041395,0.0,0.1,,,0.0,1.0,,,2.0
22519,0.0009779664548881656,0.21124075425584377,0.0,0.1,,,0.0,1.0,,,2.0
22520,0.0005155300345581269,0.11135448746455541,0.0,0.1,,,0.0,1.0,,,2.0
22521,0.0008203745729528048,0.17720090775780584,0.0,0.1,,,0.0,1.0,,,2.0
22522,0.00019463330949457246,0.04204079485082765,1.0,0.1,,,0.0,1.0,,,2.0
22523,0.00021424771073415185,0.0462775055185768,1.0,0.1,,,0.0,1.0,,,2.0
22524,0.0001001266300768581,0.02162735209660135,1.0,0.1,,,0.0,1.0,,,2.0
22525,0.0003405076974989746,0.07354966265977851,1.0,0.1,,,0.0,1.0,,,2.0
22526,0.00046646257474746534,0.10075591614545251,0.0,0.1,,,0.0,1.0,,,2.0
22527,0.00014047313708482036,0.030342197610321198,1.0,0.1,,,0.0,1.0,,,2.0
22528,0.000527056276299029,0.11384415568059028,0.0,0.1,,,0.0,1.0,,,2.0
22529,0.00023313161000085346,0.05035642776018435,1.0,0.1,,,0.0,1.0,,,2.0
22530,0.00033203657741237954,0.07171990072107398,1.0,0.1,,,0.0,1.0,,,2.0
22531,0.0007686518784658795,0.16602880574862997,0.0,0.1,,,0.0,1.0,,,2.0
22532,0.00012667618949326523,0.02736205693054529,1.0,0.1,,,0.0,1.0,,,2.0
22533,0.0004334027018620428,0.09361498360220125,1.0,0.1,,,0.0,1.0,,,2.0
22534,0.0004635017703195033,0.10011638238901271,0.0,0.1,,,0.0,1.0,,,2.0
22535,0.00031382626891851475,0.06778647408639919,1.0,0.1,,,0.0,1.0,,,2.0
22536,0.0005034683397393601,0.10874916138370179,0.0,0.1,,,0.0,1.0,,,2.0
22537,0.0001108470627546926,0.0239429655550136,1.0,0.1,,,0.0,1.0,,,2.0
22538,0.0002938715238822996,0.0634762491585767,1.0,0.1,,,0.0,1.0,,,2.0
22539,0.0008064612707272619,0.17419563447708858,0.0,0.1,,,0.0,1.0,,,2.0
22540,0.000282881864379242,0.06110248270591626,1.0,0.1,,,0.0,1.0,,,2.0
22541,0.00021789011942583168,0.047064265795979644,1.0,0.1,,,0.0,1.0,,,2.0
22542,,,,0.1,,,0.0,1.0,,,2.0
22543,,,,0.1,,,,,,,2.0
22544,,,,0.1,,,,,,,2.0
22545,,,,0.1,,,,,,,2.0
22546,,,,0.1,,,,,,,2.0
22547,,,,0.1,,,,,,,2.0
22548,,,,0.1,,,,,,,2.0
22549,,,,0.1,,,,,,,2.0
22550,,,,0.1,,,,,,,2.0
22551,,,,0.1,1025.2556947084718,239.4844856250771,,,0.0,0.0,2.0
22552,,,,0.1,1025.8785906881571,241.36608117393968,,,0.0,0.0,2.0
22553,,,,0.1,1026.4818382477843,243.8398655520132,,,0.0,0.0,2.0
22554,,,,0.1,1027.4300842850207,246.64022585658802,,,0.0,0.0,2.0
22555,0.0004800007323920567,0.10368015819668425,0.0,0.1,1031.3776820047403,253.36487611374176,0.0,1.0,0.0,0.0,2.0
22556,0.0005309300130583172,0.11468088282059652,0.0,0.1,1030.3492170587608,254.34731733859704,0.0,1.0,0.0,0.0,2.0
22557,0.0006933080976600314,0.14975454909456679,0.0,0.1,1032.1422051253896,259.4013736642596,0.0,1.0,0.0,0.0,2.0
22558,0.00046808211245506857,0.10110573629029482,0.0,0.1,,,0.0,1.0,,,2.0
22559,0.00034766930136817835,0.07509656909552652,1.0,0.1,,,0.0,1.0,,,2.0
22560,0.00040284126584879575,0.08701371342333988,1.0,0.1,,,0.0,1.0,,,2.0
22561,0.0004390929567354111,0.0948440786548488,1.0,0.1,997.0451681952676,215.59246538329577,0.0,1.0,0.0,0.0,2.0
22562,,,,0.1,,,0.0,1.0,,,2.0
22563,,,,0.1,,,,,,,2.0
22564,,,,0.1,,,,,,,2.0
22565,,,,0.1,,,,,,,2.0
22566,,,,0.1,,,,,,,2.0
22567,,,,0.1,,,,,,,2.0
22568,,,,0.1,,,,,,,2.0
22569,,,,0.1,,,,,,,2.0
22570,,,,0.1,,,,,,,2.0
22571,,,,0.1,,,,,,,2.0
22572,,,,0.1,,,,,,,2.0
22573,0.0007628756397615963,0.16478113818850482,0.0,0.1,,,0.0,1.0,,,2.0
22574,0.0006223738791152854,0.13443275788890166,0.0,0.1,,,0.0,1.0,,,2.0
22575,0.0005436089924348697,0.11741954236593187,0.0,0.1,983.9261294588093,271.87336723144284,0.0,1.0,0.0,0.0,2.0
22576,0.0006307183651731511,0.13623516687740064,0.0,0.1,988.3254006794101,272.34977841716875,0.0,1.0,0.0,0.0,2.0
22577,0.00041036632186908337,0.08863912552372201,1.0,0.1,987.3390014040888,270.09803607045774,0.0,1.0,0.0,0.0,2.0
22578,0.0005411392757810708,0.11688608356871129,0.0,0.1,985.4938108898291,270.16073735869594,0.0,1.0,0.0,0.0,2.0
22579,0.0011610877580505966,0.25079495573892885,0.0,0.1,979.6058856474039,270.80606680297404,0.0,1.0,0.0,0.0,2.0
22580,0.0016057636778008197,0.3468449544049771,0.0,0.1,976.1010983189093,268.51391014656605,0.0,1.0,0.0,0.0,2.0
22581,0.0005711377580823842,0.12336575574579499,0.0,0.1,973.8344511618221,264.2993115692535,0.0,1.0,0.0,0.0,2.0
22582,0.0004928473611240696,0.10645503000279904,0.0,0.1,977.5892993829567,263.1483130311387,0.0,1.0,0.0,0.0,2.0
22583,0.0017117105690595883,0.3697294829168711,0.0,0.1,978.5246479817652,263.6370920595156,0.0,1.0,0.0,0.0,2.0
22584,0.00238674469494781,0.515536854108727,0.0,0.1,982.2730684656375,263.7309799959213,0.0,1.0,0.0,0.0,2.0
22585,0.0006253490418128527,0.1350753930315762,0.0,0.1,985.7002689549719,268.15743587544375,0.0,1.0,0.0,0.0,2.0
22586,0.0003989056928909915,0.08616362966445416,1.0,0.1,988.9280526009499,272.6722175053496,0.0,1.0,0.0,0.0,2.0
22587,0.0005751406751007106,0.12423038582175351,0.0,0.1,992.7724036753557,276.298105642431,0.0,1.0,0.0,0.0,2.0
22588,0.00041868604289229706,0.09043618526473617,1.0,0.1,996.9845751297261,280.09906035635197,0.0,1.0,0.0,0.0,2.0
22589,0.0019108761173269211,0.412749241342615,0.0,0.1,1001.0523539785213,286.2476771736552,0.0,1.0,0.0,0.0,2.0
22590,0.001993271588483634,0.4305466631124649,0.0,0.1,1006.3039516984933,290.58093080716225,0.0,1.0,0.0,0.0,2.0
22591,0.00023977573229927318,0.05179155817664301,1.0,0.1,1016.1732820278523,296.707876547682,0.0,1.0,0.0,0.0,2.0
22592,0.0014759297299217098,0.3188008216630893,0.0,0.1,1020.3860966209876,300.5277335921789,0.0,1.0,0.0,0.0,2.0
22593,0.0011248500895489242,0.24296761934256764,0.0,0.1,1023.2340646239838,305.42624493708047,0.0,1.0,0.0,0.0,2.0
22594,0.0008434326272769386,0.18218144749181875,0.0,0.1,1025.8872077748435,306.1724967850594,0.0,1.0,0.0,0.0,2.0
22595,0.0011612478901427109,0.25082954427082554,0.0,0.1,1029.8654110112307,308.1371711189151,0.0,1.0,0.0,0.0,2.0
22596,0.0005419602152868135,0.11706340650195173,0.0,0.1,1032.1996141146278,308.8206487814934,0.0,1.0,0.0,0.0,2.0
22597,0.001327243540851478,0.2866846048239193,0.0,0.1,1032.3361572769113,308.82706706988796,0.0,1.0,0.0,0.0,2.0
22598,0.0012187009248396804,0.263239399765371,0.0,0.1,1027.1381394345103,308.6347662439142,0.0,1.0,0.0,0.0,2.0
22599,0.0010332534111687525,0.22318273681245054,0.0,0.1,1023.5590283342996,308.81746492629986,0.0,1.0,0.0,0.0,2.0
22600,0.0003604807202510974,0.07786383557423704,1.0,0.1,1020.5276354209494,304.446947484002,0.0,1.0,0.0,0.0,2.0
22601,0.0007144575671151446,0.15432283449687123,0.0,0.1,1020.8271320286748,302.07711636127203,0.0,1.0,0.0,0.0,2.0
22602,0.0007187688214786681,0.15525406543939232,0.0,0.1,1022.5176291554104,293.7292966847803,0.0,1.0,0.0,0.0,2.0
22603,0.0006355656255938502,0.13728217512827165,0.0,0.1,1025.0166576297897,288.59737912634324,0.0,1.0,0.0,0.0,2.0
22604,0.0007761751267681966,0.16765382738193046,0.0,0.1,1016.3495077998476,284.6865853677102,0.0,1.0,0.0,0.0,2.0
22605,0.0016051328837759595,0.34670870289560723,0.0,0.1,1010.3954636832681,283.04609746998767,0.0,1.0,0.0,0.0,2.0
22606,0.0009510527262627721,0.20542738887275877,0.0,0.1,994.5304591246212,280.3732764452179,0.0,1.0,0.0,0.0,2.0
22607,0.0009613772202814334,0.20765747958078962,0.0,0.1,981.3347389265792,278.6750801466654,0.0,1.0,0.0,0.0,2.0
22608,0.00032847619263961267,0.07095085761015633,1.0,0.1,962.6609685176021,273.2320599212207,0.0,1.0,0.0,0.0,2.0
22609,0.00034622553176832005,0.07478471486195713,1.0,0.1,943.6076523034272,266.95338649485933,0.0,1.0,0.0,0.0,2.0
22610,0.0017711927921910868,0.38257764311327475,0.0,0.1,938.2536314424642,265.30696083659717,0.0,1.0,0.0,0.0,2.0
22611,0.0007561400890378898,0.1633262592321842,0.0,0.1,930.3269901198718,267.3933839582634,0.0,1.0,0.0,0.0,2.0
22612,0.002193168889817862,0.4737244802006582,0.0,0.1,926.6293258380126,274.88618527036505,0.0,1.0,0.0,0.0,2.0
22613,,,,0.1,922.6070977936473,278.91031075011176,0.0,1.0,0.0,0.0,2.0
22614,,,,0.1,921.1225637505886,281.0414483754589,,,0.0,0.0,2.0
22615,0.0017330759605745886,0.37434440748411113,0.0,0.1,915.6835641166704,282.5499977110699,0.0,1.0,0.0,0.0,2.0
22616,0.0024442885090935843,0.5279663179642142,0.0,0.1,912.1564544151656,285.4593243352011,0.0,1.0,0.0,0.0,2.0
22617,0.0031400603581969604,0.6782530373705435,0.0,0.1,909.8855141734265,290.10423157276904,0.0,1.0,0.0,0.0,2.0
22618,0.0012488069258640452,0.26974229598663374,0.0,0.1,907.1710845494446,295.56838438232734,0.0,1.0,0.0,0.0,2.0
22619,0.0011960936336791307,0.25835622487469223,0.0,0.1,906.0576101000437,295.3192116443963,0.0,1.0,0.0,0.0,2.0
22620,0.001532041392830909,0.33092094085147633,0.0,0.1,901.2823855727463,294.1032690393163,0.0,1.0,0.0,0.0,2.0
22621,0.0014601950974867828,0.3154021410571451,0.0,0.1,894.3858506491689,291.810251269202,0.0,1.0,0.0,0.0,2.0
22622,0.0009520860064273741,0.20565057738831283,0.0,0.1,890.5177437849537,290.86218124914683,0.0,1.0,0.0,0.0,2.0
22623,0.0009328979951623477,0.20150596695506712,0.0,0.1,888.4498797670619,288.76847903617573,0.0,1.0,0.0,0.0,2.0
22624,0.0013699754935711614,0.29591470661137087,0.0,0.1,879.7031287922496,284.14283058117223,0.0,1.0,0.0,0.0,2.0
22625,0.0019254302779187229,0.4158929400304442,0.0,0.1,872.6758627658703,278.02470842150234,0.0,1.0,0.0,0.0,2.0
22626,0.0014628795261912072,0.31598197765730074,0.0,0.1,868.595470006943,274.8084497614483,0.0,1.0,0.0,0.0,2.0
22627,0.0008849000668565343,0.1911384144410114,0.0,0.1,864.0128443849045,278.27276474345047,0.0,1.0,0.0,0.0,2.0
22628,0.0018710349399510202,0.40414354702942035,0.0,0.1,862.2013113027027,279.256066224329,0.0,1.0,0.0,0.0,2.0
22629,0.001926262184578174,0.4160726318688856,0.0,0.1,858.8036998480992,278.959618125309,0.0,1.0,0.0,0.0,2.0
22630,0.0008912678145540074,0.1925138479436656,0.0,0.1,851.6322657477526,277.94001470194553,0.0,1.0,0.0,0.0,2.0
22631,0.0010170288973716678,0.21967824183228024,0.0,0.1,844.163024405129,277.27876490869926,0.0,1.0,0.0,0.0,2.0
22632,0.0012613009629166875,0.27244100799000454,0.0,0.1,842.5822220668388,278.11184149188534,0.0,1.0,0.0,0.0,2.0
22633,0.0008971308000217413,0.19378025280469613,0.0,0.1,839.5010123887813,277.7032917531092,0.0,1.0,0.0,0.0,2.0
22634,0.0006670054393085464,0.14407317489064603,0.0,0.1,835.7840098211743,268.89312616504264,0.0,1.0,0.0,0.0,2.0
22635,0.0007300010287190285,0.15768022220331018,0.0,0.1,835.1229966309846,259.33196981299153,0.0,1.0,0.0,0.0,2.0
22636,0.0004013640507584486,0.0866946349638249,1.0,0.1,835.3924981813042,246.27022258992176,0.0,1.0,0.0,0.0,2.0
22637,0.0005811403730289867,0.1255263205742611,0.0,0.1,834.0661770838857,235.58397189177415,0.0,1.0,0.0,0.0,2.0
22638,0.0006118890982883642,0.13216804523028666,0.0,0.1,836.621130174398,214.6725098960671,0.0,1.0,0.0,0.0,2.0
22639,0.0004315315914215344,0.09321082374705142,1.0,0.1,843.6832702814667,199.65791430327658,0.0,1.0,0.0,0.0,2.0
22640,0.0003878685717361221,0.08377961149500236,1.0,0.1,848.3191895034358,185.06234382751148,0.0,1.0,0.0,0.0,2.0
22641,0.00102867751868738,0.22219434403647406,0.0,0.1,852.8407421725245,175.97289107391396,0.0,1.0,0.0,0.0,2.0
22642,0.0005330803935291197,0.11514536500228986,0.0,0.1,863.1004279360819,156.46660724595355,0.0,1.0,0.0,0.0,2.0
22643,0.001787392440413443,0.38607676712930367,0.0,0.1,878.6642468981154,139.04165468424554,0.0,1.0,0.0,0.0,2.0
22644,,,,0.1,897.2055844098553,128.8493847721212,0.0,1.0,0.0,0.0,2.0
22645,,,,0.1,,,,,,,2.0
22646,,,,0.1,,,,,,,2.0
22647,,,,0.1,,,,,,,2.0
22648,0.00204712709299926,0.44217945208784015,0.0,0.1,,,0.0,1.0,,,2.0
22649,0.0015238056872602173,0.32914202844820695,0.0,0.1,,,0.0,1.0,,,2.0
22650,0.0018287404293480683,0.3950079327391827,0.0,0.1,,,0.0,1.0,,,2.0
22651,0.0013627409769164506,0.29435205101395334,0.0,0.1,,,0.0,1.0,,,2.0
22652,0.0014413313718865553,0.3113275763274959,0.0,0.1,,,0.0,1.0,,,2.0
22653,0.00047285350789838586,0.10213635770605134,0.0,0.1,,,0.0,1.0,,,2.0
22654,0.001386591825849702,0.29950383438353567,0.0,0.1,,,0.0,1.0,,,2.0
22655,0.0014400360830017674,0.3110477939283818,0.0,0.1,,,0.0,1.0,,,2.0
22656,0.0004908166672078245,0.10601640011689009,0.0,0.1,,,0.0,1.0,,,2.0
22657,0.0017705315213047048,0.3824348086018162,0.0,0.1,,,0.0,1.0,,,2.0
22658,,,,0.1,,,0.0,1.0,,,2.0
22659,,,,0.1,,,,,,,2.0
22660,,,,0.1,,,,,,,2.0
22661,,,,0.1,,,,,,,2.0
22662,0.00031873550857156887,0.06884686985145888,1.0,0.1,,,0.0,1.0,,,2.0
22663,0.00039017259754975755,0.08427728107074764,1.0,0.1,,,0.0,1.0,,,2.0
22664,0.0004756325624568396,0.10273663349067735,0.0,0.1,,,0.0,1.0,,,2.0
22665,0.0014799386008334718,0.3196667377800299,0.0,0.1,,,0.0,1.0,,,2.0
22666,0.00034935475538138626,0.07546062716237943,1.0,0.1,,,0.0,1.0,,,2.0
22667,0.0010789261721211782,0.23304805317817448,0.0,0.1,,,0.0,1.0,,,2.0
22668,0.0004389664312677464,0.09481674915383323,1.0,0.1,,,0.0,1.0,,,2.0
22669,0.0001483583668089125,0.0320454072307251,1.0,0.1,,,0.0,1.0,,,2.0
22670,0.00022662978793501384,0.04895203419396299,1.0,0.1,,,0.0,1.0,,,2.0
22671,0.00025613168140638004,0.05532444318377809,1.0,0.1,,,0.0,1.0,,,2.0
22672,8.414191871911159e-05,0.018174654443328102,1.0,0.1,,,0.0,1.0,,,2.0
22673,0.0003240048839985121,0.06998505494367861,1.0,0.1,,,0.0,1.0,,,2.0
22674,0.0002843341023709639,0.0614161661121282,1.0,0.1,,,0.0,1.0,,,2.0
22675,0.0003580731593851686,0.07734380242719642,1.0,0.1,,,0.0,1.0,,,2.0
22676,8.809413354709259e-05,0.019028332846172,1.0,0.1,,,0.0,1.0,,,2.0
22677,0.00040008506891079396,0.08641837488473149,1.0,0.1,,,0.0,1.0,,,2.0
22678,0.00027815595739666486,0.06008168679767961,1.0,0.1,,,0.0,1.0,,,2.0
22679,0.0012968001461506871,0.28010883156854843,0.0,0.1,,,0.0,1.0,,,2.0
22680,0.0006535241882971743,0.14116122467218967,0.0,0.1,,,0.0,1.0,,,2.0
22681,0.0002847255537932551,0.061500719619343114,1.0,0.1,,,0.0,1.0,,,2.0
22682,0.00032045393295718634,0.06921804951875225,1.0,0.1,,,0.0,1.0,,,2.0
22683,0.00020302079634265075,0.04385249201001257,1.0,0.1,,,0.0,1.0,,,2.0
22684,0.0001707842641628234,0.03688940105916985,1.0,0.1,,,0.0,1.0,,,2.0
22685,7.331658790763784e-05,0.015836382988049773,1.0,0.1,,,0.0,1.0,,,2.0
22686,0.0008039902190557478,0.1736618873160415,0.0,0.1,,,0.0,1.0,,,2.0
22687,0.00015818265298659398,0.0341674530451043,1.0,0.1,,,0.0,1.0,,,2.0
22688,0.000462886218380847,0.09998342317026296,1.0,0.1,,,0.0,1.0,,,2.0
22689,0.0006026586984150746,0.13017427885765612,0.0,0.1,,,0.0,1.0,,,2.0
22690,0.0002680926439085426,0.057908011084245196,1.0,0.1,,,0.0,1.0,,,2.0
22691,0.0009829966112842698,0.2123272680374023,0.0,0.1,,,0.0,1.0,,,2.0
22692,0.0002982812084017843,0.0644287410147854,1.0,0.1,,,0.0,1.0,,,2.0
22693,0.00010065682063869702,0.02174187325795856,1.0,0.1,,,0.0,1.0,,,2.0
22694,0.00017729922425462698,0.038296632438999424,1.0,0.1,,,0.0,1.0,,,2.0
22695,8.334449177219096e-05,0.018002410222793246,1.0,0.1,,,0.0,1.0,,,2.0
22696,0.00033890169587994336,0.07320276631006778,1.0,0.1,,,0.0,1.0,,,2.0
22697,0.0004606274824279999,0.09949553620444798,1.0,0.1,,,0.0,1.0,,,2.0
22698,0.00035227844084790964,0.07609214322314849,1.0,0.1,,,0.0,1.0,,,2.0
22699,7.555994256010017e-05,0.01632094759298164,1.0,0.1,,,0.0,1.0,,,2.0
22700,0.0005504291424005208,0.11889269475851251,0.0,0.1,,,0.0,1.0,,,2.0
22701,0.00047372213850091976,0.10232398191619867,0.0,0.1,,,0.0,1.0,,,2.0
22702,5.717085385778801e-05,0.012348904433282211,1.0,0.1,,,0.0,1.0,,,2.0
22703,0.0003910615320463833,0.0844692909220188,1.0,0.1,,,0.0,1.0,,,2.0
22704,2.4882905059697194e-05,0.0053747074928945935,1.0,0.1,,,0.0,1.0,,,2.0
22705,0.0003848971916388631,0.08313779339399442,1.0,0.1,,,0.0,1.0,,,2.0
22706,0.00021497384793593035,0.046434351154160954,1.0,0.1,,,0.0,1.0,,,2.0
22707,0.0006590263015136767,0.14234968112695418,0.0,0.1,,,0.0,1.0,,,2.0
22708,0.0002751491967672593,0.05943222650172801,1.0,0.1,,,0.0,1.0,,,2.0
22709,0.00013561694125740567,0.029293259311599627,1.0,0.1,,,0.0,1.0,,,2.0
22710,0.0002380662626692417,0.05142231273655621,1.0,0.1,,,0.0,1.0,,,2.0
22711,0.0001551649106952847,0.0335156207101815,1.0,0.1,,,0.0,1.0,,,2.0
22712,0.00010857064615167817,0.023451259568762484,1.0,0.1,,,0.0,1.0,,,2.0
22713,0.00012878779474153002,0.027818163664170486,1.0,0.1,,,0.0,1.0,,,2.0
22714,0.00028038868378249424,0.06056395569701875,1.0,0.1,,,0.0,1.0,,,2.0
22715,0.0006178114495015114,0.13344727309232646,0.0,0.1,,,0.0,1.0,,,2.0
22716,0.0002293691745324942,0.04954374169901875,1.0,0.1,,,0.0,1.0,,,2.0
22717,0.00013348456283196255,0.02883266557170391,1.0,0.1,,,0.0,1.0,,,2.0
22718,0.0004534577392549221,0.09794687167906317,1.0,0.1,,,0.0,1.0,,,2.0
22719,0.0003110201961395869,0.06718036236615077,1.0,0.1,,,0.0,1.0,,,2.0
22720,0.0002934327202940598,0.06338146758351691,1.0,0.1,,,0.0,1.0,,,2.0
22721,0.0001980334779391253,0.04277523123485107,1.0,0.1,,,0.0,1.0,,,2.0
22722,6.728223784014391e-05,0.014532963373471085,1.0,0.1,,,0.0,1.0,,,2.0
22723,0.00021882756449757097,0.04726675393147533,1.0,0.1,,,0.0,1.0,,,2.0
22724,4.248579132760105e-05,0.009176930926761827,1.0,0.1,,,0.0,1.0,,,2.0
22725,0.0001559850431936477,0.0336927693298279,1.0,0.1,,,0.0,1.0,,,2.0
22726,0.00016357265977239542,0.03533169451083741,1.0,0.1,,,0.0,1.0,,,2.0
22727,0.0006607967786404222,0.14273210418633117,0.0,0.1,,,0.0,1.0,,,2.0
22728,0.0005681706508564086,0.12272486058498426,0.0,0.1,,,0.0,1.0,,,2.0
22729,0.00032813194963011316,0.07087650112010445,1.0,0.1,,,0.0,1.0,,,2.0
22730,0.00018137311683570786,0.039176593236512895,1.0,0.1,,,0.0,1.0,,,2.0
22731,0.00014340183497755878,0.030974796355152694,1.0,0.1,,,0.0,1.0,,,2.0
22732,0.0001104342897752485,0.023853806591453676,1.0,0.1,,,0.0,1.0,,,2.0
22733,0.0005502900241104701,0.11886264520786152,0.0,0.1,,,0.0,1.0,,,2.0
22734,0.0001363083831181084,0.029442610753511414,1.0,0.1,,,0.0,1.0,,,2.0
22735,0.0002981981835252813,0.06441080764146076,1.0,0.1,,,0.0,1.0,,,2.0
22736,0.00024660945608077266,0.05326764251344689,1.0,0.1,,,0.0,1.0,,,2.0
22737,0.00020358234890794003,0.043973787364115044,1.0,0.1,,,0.0,1.0,,,2.0
22738,0.00014176708085958143,0.03062168946566959,1.0,0.1,,,0.0,1.0,,,2.0
22739,0.0005585102866188306,0.1206382219096674,0.0,0.1,,,0.0,1.0,,,2.0
22740,0.0005985525582171278,0.12928735257489962,0.0,0.1,,,0.0,1.0,,,2.0
22741,0.0003645382546438888,0.07874026300307999,1.0,0.1,,,0.0,1.0,,,2.0
22742,0.0002300187315165757,0.049684046007580356,1.0,0.1,,,0.0,1.0,,,2.0
22743,0.00026244999613589534,0.056689199165353386,1.0,0.1,,,0.0,1.0,,,2.0
22744,0.00017278117536703163,0.03732073387927883,1.0,0.1,,,0.0,1.0,,,2.0
22745,0.0002511180650463181,0.05424150205000471,1.0,0.1,,,0.0,1.0,,,2.0
22746,8.595422245368126e-05,0.018566112049995153,1.0,0.1,,,0.0,1.0,,,2.0
22747,7.26897873765805e-05,0.015700994073341388,1.0,0.1,,,0.0,1.0,,,2.0
22748,0.00012290035235794995,0.02654647610931719,1.0,0.1,,,0.0,1.0,,,2.0
22749,0.00021834433151262587,0.04716237560672719,1.0,0.1,,,0.0,1.0,,,2.0
22750,0.0005700850484327871,0.12313837046148202,0.0,0.1,,,0.0,1.0,,,2.0
22751,0.00023808714013806478,0.051426822269821995,1.0,0.1,,,0.0,1.0,,,2.0
22752,0.00011107506487725932,0.02399221401348801,1.0,0.1,,,0.0,1.0,,,2.0
22753,0.00026088292696197933,0.05635071222378754,1.0,0.1,,,0.0,1.0,,,2.0
22754,0.00016234143266262923,0.035065749455127915,1.0,0.1,,,0.0,1.0,,,2.0
22755,0.00022562688914338317,0.048735408054970765,1.0,0.1,,,0.0,1.0,,,2.0
22756,0.00010029340468262711,0.021663375411447458,1.0,0.1,,,0.0,1.0,,,2.0
22757,0.0003042828286821558,0.06572509099534565,1.0,0.1,,,0.0,1.0,,,2.0
22758,0.0003011053657292588,0.0650387589975199,1.0,0.1,,,0.0,1.0,,,2.0
22759,0.0001768430940463872,0.03819810831401964,1.0,0.1,,,0.0,1.0,,,2.0
22760,0.0003527456647175264,0.07619306357898571,1.0,0.1,,,0.0,1.0,,,2.0
22761,0.00033958367526939635,0.07335007385818962,1.0,0.1,,,0.0,1.0,,,2.0
22762,0.0003679330863575462,0.07947354665322998,1.0,0.1,,,0.0,1.0,,,2.0
22763,0.0004449300575265004,0.09610489242572408,1.0,0.1,,,0.0,1.0,,,2.0
22764,0.00029146955328972213,0.06295742351057998,1.0,0.1,,,0.0,1.0,,,2.0
22765,0.00022122031910066527,0.0477835889257437,1.0,0.1,,,0.0,1.0,,,2.0
22766,0.00021572389880477783,0.046596362141832014,1.0,0.1,,,0.0,1.0,,,2.0
22767,0.0006524581131574536,0.14093095244200998,0.0,0.1,,,0.0,1.0,,,2.0
22768,0.00014489020836130087,0.03129628500604099,1.0,0.1,,,0.0,1.0,,,2.0
22769,2.0896491051015728e-05,0.004513642067019398,1.0,0.1,,,0.0,1.0,,,2.0
22770,0.0005572882871818447,0.12037427003127847,0.0,0.1,,,0.0,1.0,,,2.0
22771,0.0006383058711357521,0.13787406816532247,0.0,0.1,,,0.0,1.0,,,2.0
22772,0.00042803175945134897,0.09245486004149138,1.0,0.1,982.3393614567976,123.29295207227067,0.0,1.0,0.0,0.0,2.0
22773,0.00020203756642418492,0.043640114347623944,1.0,0.1,981.5993671530545,119.83901081110015,0.0,1.0,0.0,0.0,2.0
22774,0.0010062323324907933,0.21734618381801135,0.0,0.1,980.2479446563766,117.76877608443526,0.0,1.0,0.0,0.0,2.0
22775,0.0008697996328387305,0.1878767206931658,0.0,0.1,976.6326393514711,111.52053198682223,0.0,1.0,0.0,0.0,2.0
22776,0.00037369276787619103,0.08071763786125727,1.0,0.1,974.432337597375,107.34635759218574,0.0,1.0,0.0,0.0,2.0
22777,0.000389384848543214,0.08410712728533422,1.0,0.1,971.0038442131072,101.40789104376987,0.0,1.0,0.0,0.0,2.0
22778,4.659351226195789e-05,0.010064198648582904,1.0,0.1,968.5647893238222,98.37245394359347,0.0,1.0,0.0,0.0,2.0
22779,0.0006638360692891325,0.14338859096645262,0.0,0.1,964.4470992888306,94.4257661482486,0.0,1.0,0.0,0.0,2.0
22780,0.0004546267947697296,0.0981993876702616,1.0,0.1,950.8281381300628,81.50373476078047,0.0,1.0,0.0,0.0,2.0
22781,0.00031684285882043785,0.06843805750521458,1.0,0.1,946.6591926201725,77.63224688223916,0.0,1.0,0.0,0.0,2.0
22782,0.0006796991317834574,0.1468150124652268,0.0,0.1,936.3012247325453,70.66068032588768,0.0,1.0,0.0,0.0,2.0
22783,0.0008140853374045749,0.17584243287938817,0.0,0.1,931.2020422660713,66.8705474847749,0.0,1.0,0.0,1.0,2.0
22784,0.000621169380747647,0.13417258624149178,0.0,0.1,925.9623618720748,63.64256522518166,0.0,1.0,0.0,1.0,2.0
22785,0.001016166299996236,0.21949192079918697,0.0,0.1,922.2589340072531,62.130920734412996,0.0,1.0,0.0,1.0,2.0
22786,0.0005917803278692338,0.1278245508197545,0.0,0.1,921.8884154252778,61.758422517628986,0.0,1.0,0.0,1.0,2.0
22787,0.000439383209889093,0.09490677333604408,1.0,0.1,921.3281512748147,56.4331287843597,0.0,1.0,0.0,1.0,2.0
22788,0.0005476444306822728,0.11829119702737094,0.0,0.1,916.0563601607112,47.619969364641904,0.0,1.0,0.0,1.0,2.0
22789,0.00026571722750923194,0.0573949211419941,1.0,0.1,915.9432354766055,45.31823635808006,0.0,1.0,0.0,1.0,2.0
22790,0.00044321741480269944,0.09573496159738308,1.0,0.1,917.2133042727041,45.84561566055348,0.0,1.0,0.0,1.0,2.0
22791,0.001120006536029003,0.24192141178226467,0.0,0.1,915.0662043406409,42.828673539446505,0.0,1.0,0.0,1.0,2.0
22792,0.00015113265042233958,0.03264465249122535,1.0,0.1,912.765575835971,40.114103666748086,0.0,1.0,0.0,1.0,2.0
22793,0.0005747729033047381,0.12415094711382343,0.0,0.1,911.0585968379975,37.66810366990017,0.0,1.0,0.0,1.0,2.0
22794,0.0017090833582852297,0.36916200538960964,0.0,0.1,911.5742047256507,37.982172698753594,0.0,1.0,0.0,1.0,2.0
22795,0.0009744390435032308,0.21047883339669785,0.0,0.1,910.506690096729,36.85895132380835,0.0,1.0,0.0,1.0,2.0
22796,0.0010393847856659073,0.22450711370383597,0.0,0.1,906.1789333884913,32.60823505715178,0.0,1.0,0.0,1.0,2.0
22797,0.0004708711824240615,0.10170817540359729,0.0,0.1,903.75167065947,30.541786775271774,0.0,1.0,0.0,1.0,2.0
22798,0.000912051652210296,0.19700315687742392,0.0,0.1,893.821158182866,21.41015712946483,0.0,1.0,0.0,1.0,2.0
22799,0.0006907401747537258,0.1491998777468048,0.0,0.1,891.1138164813046,18.44034067431534,0.0,1.0,0.0,1.0,2.0
22800,0.001485853790199509,0.320944418683094,0.0,0.1,888.9086186559426,16.380125179304606,0.0,1.0,0.0,1.0,2.0
22801,0.0010511611716480225,0.22705081307597286,0.0,0.1,887.2649773312114,13.686248322524316,0.0,1.0,0.0,1.0,2.0
22802,0.0003739445883549433,0.08077203108466775,1.0,0.1,886.9558109842236,13.374354433390561,0.0,1.0,0.0,1.0,2.0
22803,0.0019516052501801437,0.4215467340389111,0.0,0.1,884.0693876137065,10.650783111151263,0.0,1.0,0.0,1.0,2.0
22804,0.0008862630074579518,0.19143280961091758,0.0,0.1,882.663019881122,11.078368635551907,0.0,1.0,0.0,1.0,2.0
22805,0.0017655398110888118,0.3813565991951834,0.0,0.1,880.092879419002,12.497769637355674,0.0,1.0,0.0,1.0,2.0
22806,0.001304132479286376,0.28169261552585717,0.0,0.1,881.1290571757619,16.222891260929952,0.0,1.0,0.0,1.0,2.0
22807,0.0008294302431527949,0.1791569325210037,0.0,0.1,881.4398500345939,18.09744919342087,0.0,1.0,0.0,1.0,2.0
22808,0.0016328428993271998,0.3526940662546752,0.0,0.1,882.7655377398086,19.938422346529517,0.0,1.0,0.0,1.0,2.0
22809,0.002600209541448508,0.5616452609528777,0.0,0.1,889.3014813362672,28.541443078036608,0.0,1.0,0.0,1.0,2.0
22810,0.000921056987058166,0.19894830920456386,0.0,0.1,900.3467181824144,40.443140843350406,0.0,1.0,0.0,1.0,2.0
22811,0.0011565216640921734,0.24980867944390944,0.0,0.1,902.9794902129853,44.97421339502405,0.0,1.0,0.0,1.0,2.0
22812,0.00030907857666011106,0.06676097255858399,1.0,0.1,902.9793246771054,47.582692303421325,0.0,1.0,0.0,1.0,2.0
22813,0.00019453139238550737,0.042018780755269595,1.0,0.1,907.0519018351811,54.02479021195162,0.0,1.0,0.0,1.0,2.0
22814,7.356855912535441e-05,0.015890808771076553,1.0,0.1,911.1093566817224,57.6276013803472,0.0,1.0,0.0,1.0,2.0
22815,0.0020111637884514125,0.43441137830550514,0.0,0.1,916.0530421181465,62.620830637449444,0.0,1.0,0.0,1.0,2.0
22816,0.0006549900928510192,0.14147786005582016,0.0,0.1,918.9555685239732,67.10118712115265,0.0,1.0,0.0,1.0,2.0
22817,0.0005177840585122729,0.11184135663865095,0.0,0.1,920.9544151167404,70.26806578461782,0.0,1.0,0.0,0.0,2.0
22818,0.0009326125471871947,0.20144431019243408,0.0,0.1,921.5272294350176,75.37086795519508,0.0,1.0,0.0,0.0,2.0
22819,0.0017771519172012106,0.3838648141154615,0.0,0.1,927.703769313576,83.77109114559133,0.0,1.0,0.0,0.0,2.0
22820,0.00043905109933690885,0.09483503745677231,1.0,0.1,930.2014856808178,87.95076011386735,0.0,1.0,0.0,0.0,2.0
22821,0.0006371090135823426,0.137615546933786,0.0,0.1,928.6816809987442,86.84833537397579,0.0,1.0,0.0,0.0,2.0
22822,0.000664379908072195,0.14350606014359413,0.0,0.1,926.7452136027526,85.53563965981675,0.0,1.0,0.0,0.0,2.0
22823,0.001337819355738118,0.2889689808394335,0.0,0.1,927.3250278353935,87.87464683568663,0.0,1.0,0.0,0.0,2.0
22824,0.0016547799689706096,0.35743247329765165,0.0,0.1,926.7280692911064,91.51493403714655,0.0,1.0,0.0,0.0,2.0
22825,0.00021777731865049642,0.04703990082850723,1.0,0.1,926.8910345263696,95.94013360003252,0.0,1.0,0.0,0.0,2.0
22826,0.001132782863260586,0.24468109846428657,0.0,0.1,924.4375460059211,96.68148136696065,0.0,1.0,0.0,0.0,2.0
22827,0.00025503553297302463,0.05508767512217332,1.0,0.1,927.008219566926,101.82389679371376,0.0,1.0,0.0,0.0,2.0
22828,0.00020163511319549627,0.0435531844502272,1.0,0.1,924.3255469880377,101.09872833417403,0.0,1.0,0.0,0.0,2.0
22829,0.0003355669984765111,0.07248247167092639,1.0,0.1,921.222270193477,98.85522043676156,0.0,1.0,0.0,0.0,2.0
22830,0.0005331158346999261,0.11515302029518402,0.0,0.1,920.7609340637198,99.33814251669627,0.0,1.0,0.0,0.0,2.0
22831,0.0005102422619614214,0.11021232858366702,0.0,0.1,919.8113407768477,100.93699234441837,0.0,1.0,0.0,0.0,2.0
22832,0.0005811581008564831,0.12553014978500035,0.0,0.1,908.7015548340324,96.64463905366466,0.0,1.0,0.0,0.0,2.0
22833,0.0004973987973765645,0.10743814023333795,0.0,0.1,907.7327697315328,95.52997955316232,0.0,1.0,0.0,0.0,2.0
22834,0.0012010076001203838,0.2594176416260029,0.0,0.1,911.0383678772957,95.67292386108828,0.0,1.0,0.0,0.0,2.0
22835,0.0003939230458589121,0.08508737790552502,1.0,0.1,914.9626575231911,97.54426137557724,0.0,1.0,0.0,0.0,2.0
22836,0.00030510452258485267,0.06590257687832818,1.0,0.1,920.6010431745832,100.93810299017477,0.0,1.0,0.0,0.0,2.0
22837,0.0004023707813755602,0.086912088777121,1.0,0.1,923.8108027076273,99.43722002345834,0.0,1.0,0.0,0.0,2.0
22838,0.00040402818725780444,0.08727008844768576,1.0,0.1,922.2879119305813,94.49318968062842,0.0,1.0,0.0,0.0,2.0
22839,0.0003360528988146998,0.07258742614397516,1.0,0.1,922.0755792695265,93.19054688880003,0.0,1.0,0.0,0.0,2.0
22840,0.00029972920874426004,0.06474150908876017,1.0,0.1,921.6278053794938,93.45190543480939,0.0,1.0,0.0,0.0,2.0
22841,0.00045771574606919745,0.09886660115094664,1.0,0.1,922.2466248923037,90.87159250937347,0.0,1.0,0.0,0.0,2.0
22842,0.0004365456902582706,0.09429386909578645,1.0,0.1,926.0700315329111,91.78500233397149,0.0,1.0,0.0,0.0,2.0
22843,0.000304062200998587,0.06567743541569479,1.0,0.1,930.8915750413889,94.56367452017562,0.0,1.0,0.0,0.0,2.0
22844,0.0003729651437047396,0.08056047104022375,1.0,0.1,933.9958413159425,96.58178594639081,0.0,1.0,0.0,0.0,2.0
22845,0.0007285020510057561,0.1573564430172433,0.0,0.1,941.0844912198942,105.41226112564155,0.0,1.0,0.0,0.0,2.0
22846,0.00044257463073564453,0.09559612023889923,1.0,0.1,,,0.0,1.0,,,2.0
22847,0.0010743952336770848,0.23206937047425033,0.0,0.1,,,0.0,1.0,,,2.0
22848,0.0017230297834772861,0.3721744332310938,0.0,0.1,940.8991108821662,110.55434460802768,0.0,1.0,0.0,0.0,2.0
22849,0.0005379636087779109,0.11620013949602877,0.0,0.1,,,0.0,1.0,,,2.0
22850,0.000911634421274801,0.196913034995357,0.0,0.1,943.8232792380388,117.04440297293375,0.0,1.0,0.0,0.0,2.0
22851,0.0004702698050927293,0.10157827790002953,0.0,0.1,940.2733789880006,115.08594205735785,0.0,1.0,0.0,0.0,2.0
22852,7.142096150366021e-05,0.015426927684790608,1.0,0.1,939.1867203049776,113.2320352962585,0.0,1.0,0.0,0.0,2.0
22853,0.00030864689743308795,0.066667729845547,1.0,0.1,939.4451370993241,111.49493019701586,0.0,1.0,0.0,0.0,2.0
22854,0.000640099785072438,0.13826155357564662,0.0,0.1,937.773783180892,105.48897598827465,0.0,1.0,0.0,0.0,2.0
22855,0.001049239896185774,0.22663581757612716,0.0,0.1,935.7000989378656,100.39852364663822,0.0,1.0,0.0,0.0,2.0
22856,0.0008474365944196654,0.18304630439464772,0.0,0.1,937.211917318709,98.62694623985533,0.0,1.0,0.0,0.0,2.0
22857,0.0007296261682402412,0.1575992523398921,0.0,0.1,939.4253746756874,98.46654041284881,0.0,1.0,0.0,0.0,2.0
22858,0.00044462791610925157,0.09603962987959834,1.0,0.1,950.3334636915242,102.04289369502244,0.0,1.0,0.0,0.0,2.0
22859,0.0005439830823836474,0.11750034579486783,0.0,0.1,956.1623244957426,105.2320507571158,0.0,1.0,0.0,0.0,2.0
22860,0.00025163924807448083,0.05435407758408786,1.0,0.1,959.1800637295299,108.02098741049255,0.0,1.0,0.0,0.0,2.0
22861,0.000190296250544011,0.04110399011750638,1.0,0.1,963.9690611944031,111.76361448500047,0.0,1.0,0.0,0.0,2.0
22862,0.0004846598181928766,0.10468652072966135,0.0,0.1,964.0929297577461,111.02465757441217,0.0,1.0,0.0,0.0,2.0
22863,0.00022604676395800074,0.04882610101492816,1.0,0.1,965.9450554047106,112.35441362205306,0.0,1.0,0.0,0.0,2.0
22864,0.0002827926563604658,0.06108321377386061,1.0,0.1,968.8737445432163,115.78257846488418,0.0,1.0,0.0,0.0,2.0
22865,0.00024323489508474208,0.05253873733830429,1.0,0.1,970.8304950077811,118.05193524254034,0.0,1.0,0.0,0.0,2.0
22866,0.0002487452806290138,0.053728980615866985,1.0,0.1,970.9248579264879,118.57492252682003,0.0,1.0,0.0,0.0,2.0
22867,0.00024934720230835846,0.05385899569860543,1.0,0.1,970.7831306663811,118.75524856087884,0.0,1.0,0.0,0.0,2.0
22868,3.876148182685863e-05,0.008372480074601464,1.0,0.1,970.1485008362192,118.49101336894968,0.0,1.0,0.0,0.0,2.0
22869,0.00024426831552583616,0.05276195615358061,1.0,0.1,968.6514099889782,117.94843370854159,0.0,1.0,0.0,0.0,2.0
22870,5.28108763566422e-05,0.011407149293034715,1.0,0.1,967.9230806756955,118.84123197446328,0.0,1.0,0.0,0.0,2.0
22871,0.0006751869727009336,0.14584038610340166,0.0,0.1,968.142474412687,119.63153500430076,0.0,1.0,0.0,0.0,2.0
22872,0.001141284055322155,0.2465173559495855,0.0,0.1,968.3603099328933,120.06145137330978,0.0,1.0,0.0,0.0,2.0
22873,9.864532060288316e-05,0.021307389250222766,1.0,0.1,968.4195137887224,120.29169536536892,0.0,1.0,0.0,0.0,2.0
22874,0.0008136519512034996,0.1757488214599559,0.0,0.1,968.1240389438909,120.09330160548699,0.0,1.0,0.0,0.0,2.0
22875,0.0006543692524753389,0.1413437585346732,0.0,0.1,968.0535390573496,119.72114657128499,0.0,1.0,0.0,0.0,2.0
22876,0.0004096070836754737,0.08847513007390231,1.0,0.1,966.9279831189107,117.82872124047024,0.0,1.0,0.0,0.0,2.0
22877,0.00041785322291437504,0.090256296149505,1.0,0.1,968.1600500412831,117.29060267587784,0.0,1.0,0.0,0.0,2.0
22878,0.000325884151459228,0.07039097671519325,1.0,0.1,968.636032459465,116.80010426149273,0.0,1.0,0.0,0.0,2.0
22879,0.00029395464927445947,0.06349420424328324,1.0,0.1,966.5047879868662,115.6309846680011,0.0,1.0,0.0,0.0,2.0
22880,0.00022071223005238068,0.04767384169131422,1.0,0.1,966.2235341287474,115.68452387921602,0.0,1.0,0.0,0.0,2.0
22881,3.3473626053312866e-05,0.00723030322751558,1.0,0.1,965.6170242080333,115.72690973942463,0.0,1.0,0.0,0.0,2.0
22882,0.00019245954006483096,0.04157126065400349,1.0,0.1,966.5222331149691,117.02551204077525,0.0,1.0,0.0,0.0,2.0
22883,0.0002827090368684974,0.06106515196359544,1.0,0.1,965.4875817503844,116.53086992404106,0.0,1.0,0.0,0.0,2.0
22884,0.00016792475568567778,0.0362717472281064,1.0,0.1,964.9390222802086,115.93904627079885,0.0,1.0,0.0,0.0,2.0
22885,0.0003527451149441419,0.07619294482793465,1.0,0.1,963.1451550057845,113.90733510085637,0.0,1.0,0.0,0.0,2.0
22886,0.0003872102156905257,0.08363740658915354,1.0,0.1,958.4442151072217,109.0714995771522,0.0,1.0,0.0,0.0,2.0
22887,0.0006751232463050785,0.14582662120189696,0.0,0.1,952.2271705043777,102.50050177336855,0.0,1.0,0.0,0.0,2.0
22888,3.703183463574875e-05,0.00799887628132173,1.0,0.1,947.5266716208371,99.12443217130523,0.0,1.0,0.0,0.0,2.0
22889,0.0002123466171663259,0.04586686930792639,1.0,0.1,946.0446296687112,98.89285549762072,0.0,1.0,0.0,0.0,2.0
22890,0.0005176715699343863,0.11181705910582744,0.0,0.1,942.3152504508939,97.60287000455078,0.0,1.0,0.0,0.0,2.0
22891,0.00038273899375117605,0.08267162265025403,1.0,0.1,933.1148747144724,93.68654637586214,0.0,1.0,0.0,0.0,2.0
22892,0.00015863312837577237,0.03426475572916683,1.0,0.1,926.1656611825148,91.66613089522292,0.0,1.0,0.0,0.0,2.0
22893,0.00015751228003852108,0.03402265248832055,1.0,0.1,924.9450672924288,91.83497119859251,0.0,1.0,0.0,0.0,2.0
22894,0.00032596143956268637,0.07040767094554026,1.0,0.1,921.2014112506516,91.78775356331292,0.0,1.0,0.0,0.0,2.0
22895,0.000324121883473275,0.0700103268302274,1.0,0.1,920.6519329460849,93.86214430134052,0.0,1.0,0.0,0.0,2.0
22896,0.0008950149557031828,0.19332323043188748,0.0,0.1,922.9623879224648,97.52462349083575,0.0,1.0,0.0,0.0,2.0
22897,0.00022491618692271244,0.04858189637530589,1.0,0.1,921.856127107287,102.99660061028541,0.0,1.0,0.0,0.0,2.0
22898,0.000397253179207044,0.08580668670872149,1.0,0.1,920.9364933769299,104.45627237805131,0.0,1.0,0.0,0.0,2.0
22899,6.929968854725727e-05,0.01496873272620757,1.0,0.1,921.9708936634656,106.6215375932783,0.0,1.0,0.0,0.0,2.0
22900,0.0001020517610086683,0.022043180377872354,1.0,0.1,922.1250840716345,106.17133323857173,0.0,1.0,0.0,0.0,2.0
22901,0.0005151860501138583,0.1112801868245934,0.0,0.1,924.3812884744108,105.85993397647826,0.0,1.0,0.0,0.0,2.0
22902,0.00014597018976750785,0.0315295609897817,1.0,0.1,923.3641395969194,104.23344381721594,0.0,1.0,0.0,0.0,2.0
22903,0.0007003477836095961,0.15127512125967277,0.0,0.1,921.5386824629036,101.01330360585254,0.0,1.0,0.0,0.0,2.0
22904,0.000491274542723657,0.10611530122830992,0.0,0.1,919.31842965746,97.49209887429629,0.0,1.0,0.0,0.0,2.0
22905,0.0002449545514314575,0.05291018310919482,1.0,0.1,917.4037951535236,95.17682109353181,0.0,1.0,0.0,0.0,2.0
22906,0.00010421795256076054,0.02251107775312428,1.0,0.1,916.471861331535,93.38546244367863,0.0,1.0,0.0,0.0,2.0
22907,0.00018403537050077677,0.039751640028167785,1.0,0.1,916.7330755954018,93.70109678194855,0.0,1.0,0.0,0.0,2.0
22908,6.339758387951699e-05,0.01369387811797567,1.0,0.1,916.534922430684,93.50380533786011,0.0,1.0,0.0,0.0,2.0
22909,0.0004136516732062249,0.08934876141254457,1.0,0.1,916.0376234504288,92.14548285124862,0.0,1.0,0.0,0.0,2.0
22910,0.00013702808213471898,0.029598065741099296,1.0,0.1,916.1069604652656,90.59983306064147,0.0,1.0,0.0,0.0,2.0
22911,0.00014811123639309288,0.03199202706090806,1.0,0.1,918.2640078749599,90.29318335936925,0.0,1.0,0.0,0.0,2.0
22912,0.00016898927997695902,0.036501684475023145,1.0,0.1,923.5466714547514,91.30021402872127,0.0,1.0,0.0,0.0,2.0
22913,0.0007033532649571787,0.15192430523075062,0.0,0.1,925.9040560069049,91.32334477020574,0.0,1.0,0.0,0.0,2.0
22914,0.0012416025244055622,0.26818614527160145,0.0,0.1,917.993254541691,81.88198869806442,0.0,1.0,0.0,0.0,2.0
22915,0.00024150400700371174,0.052164865512801736,1.0,0.1,912.2914924959608,75.29546594995864,0.0,1.0,0.0,0.0,2.0
22916,0.0007719920109318122,0.16675027436127143,0.0,0.1,912.1959147660292,73.56513981794264,0.0,1.0,0.0,0.0,2.0
22917,0.000529417371543323,0.11435415225335778,0.0,0.1,908.0337579139989,70.40018207851472,0.0,1.0,0.0,0.0,2.0
22918,0.000288636627995381,0.062345511647002305,1.0,0.1,904.7955490363859,67.78883592588718,0.0,1.0,0.0,1.0,2.0
22919,0.00026949946684872524,0.05821188483932466,1.0,0.1,905.243978271697,68.14769723261217,0.0,1.0,0.0,1.0,2.0
22920,0.00029524152216389737,0.06377216878740184,1.0,0.1,904.5693431733001,67.86496366730712,0.0,1.0,0.0,1.0,2.0
22921,0.000349808194736327,0.07555857006304664,1.0,0.1,905.4381639837014,67.51246841355787,0.0,1.0,0.0,1.0,2.0
22922,0.00034419044794647155,0.07434513675643785,1.0,0.1,905.2146455203753,67.25276527981264,0.0,1.0,0.0,1.0,2.0
22923,0.00023899628862520433,0.05162319834304414,1.0,0.1,909.6645152078248,69.30080145514178,0.0,1.0,0.0,1.0,2.0
22924,0.00012612080303936603,0.027242093456503063,1.0,0.1,909.9212825686424,67.64869127337198,0.0,1.0,0.0,1.0,2.0
22925,0.00038504249200479876,0.08316917827303653,1.0,0.1,909.3352136466082,66.77893661335351,0.0,1.0,0.0,1.0,2.0
22926,0.00028012942643437506,0.06050795610982501,1.0,0.1,907.7054292411779,64.20673740113402,0.0,1.0,0.0,1.0,2.0
22927,5.23339075466741e-05,0.011304124030081606,1.0,0.1,907.1783848595727,63.275867571044245,0.0,1.0,0.0,1.0,2.0
22928,9.80882586072534e-05,0.021187063859166737,1.0,0.1,908.0961165739232,62.56485320288346,0.0,1.0,0.0,1.0,2.0
22929,0.00012111139332204788,0.026160060957562344,1.0,0.1,908.4364759392588,63.62280913782093,0.0,1.0,0.0,1.0,2.0
22930,0.00017648520984353235,0.03812080532620299,1.0,0.1,908.8331959532148,64.6440137874662,0.0,1.0,0.0,1.0,2.0
22931,0.0001449675221820411,0.03131298479132087,1.0,0.1,,,0.0,1.0,,,2.0
22932,0.00021978282839340478,0.047473090932975436,1.0,0.1,,,0.0,1.0,,,2.0
22933,6.83427058710312e-05,0.014762024468142738,1.0,0.1,911.4050513265357,66.46101889263947,0.0,1.0,0.0,1.0,2.0
22934,0.00025619539433518047,0.05533820517639898,1.0,0.1,911.525301424922,67.12687972505775,0.0,1.0,0.0,1.0,2.0
22935,0.00010986063719305787,0.0237298976337005,1.0,0.1,910.0502306511473,65.90889926598716,0.0,1.0,0.0,1.0,2.0
22936,0.00025276570613462995,0.05459739252508007,1.0,0.1,909.9722942570157,66.21160737717169,0.0,1.0,0.0,1.0,2.0
22937,5.498212731096693e-05,0.011876139499168856,1.0,0.1,911.4923228544051,66.2113948410128,0.0,1.0,0.0,1.0,2.0
22938,0.00024079292365862542,0.052011271510263093,1.0,0.1,911.0857009061625,66.08306004007581,0.0,1.0,0.0,1.0,2.0
22939,0.0003592634069973925,0.07760089591143678,1.0,0.1,909.8862231700839,64.74608417309537,0.0,1.0,0.0,1.0,2.0
22940,0.0004442615046816112,0.09596048501122803,1.0,0.1,910.2125328157575,63.44188704354571,0.0,1.0,0.0,1.0,2.0
22941,0.00030552965044447543,0.06599440449600669,1.0,0.1,910.7911304827481,63.65825503894381,0.0,1.0,0.0,1.0,2.0
22942,0.00019932975678379244,0.04305522746529917,1.0,0.1,914.0727910473411,65.67873179468225,0.0,1.0,0.0,1.0,2.0
22943,0.0006023594516448172,0.13010964155528051,0.0,0.1,916.7347894497623,66.05221577765087,0.0,1.0,0.0,1.0,2.0
22944,0.0006215309293765818,0.1342506807453417,0.0,0.1,921.6657869068654,70.05700692218755,0.0,1.0,0.0,0.0,2.0
22945,0.0009302146160125932,0.20092635705872014,0.0,0.1,928.2164419136861,75.00888674578346,0.0,1.0,0.0,0.0,2.0
22946,0.0004807964374978584,0.10385203049953741,0.0,0.1,927.5903184404413,73.79660828903837,0.0,1.0,0.0,0.0,2.0
22947,0.0005695480556312962,0.12302238001636,0.0,0.1,926.4644286682001,71.6293170965488,0.0,1.0,0.0,0.0,2.0
22948,0.0012394675862988692,0.26772499864055577,0.0,0.1,927.6402848061399,70.88452452414509,0.0,1.0,0.0,0.0,2.0
22949,0.0004393007132486633,0.09488895406171127,1.0,0.1,927.6953681448106,67.07934857078786,0.0,1.0,0.0,1.0,2.0
22950,0.0012069961556792892,0.26071116962672647,0.0,0.1,929.7273237228002,70.47603252582901,0.0,1.0,0.0,0.0,2.0
22951,0.00041702318334289147,0.09007700760206457,1.0,0.1,930.370975152534,75.70846889816748,0.0,1.0,0.0,0.0,2.0
22952,0.0012142014914559235,0.2622675221544795,0.0,0.1,930.2639201056923,76.44503603864784,0.0,1.0,0.0,0.0,2.0
22953,0.0004520059234340625,0.0976332794617575,1.0,0.1,928.3538325142961,75.27509948024576,0.0,1.0,0.0,0.0,2.0
22954,0.0005364025362442433,0.11586294782875656,0.0,0.1,925.1258671730759,71.48816893137642,0.0,1.0,0.0,0.0,2.0
22955,7.869983648069709e-05,0.01699916467983057,1.0,0.1,923.2468171377456,66.87253241977706,0.0,1.0,0.0,1.0,2.0
22956,0.0002881238647248282,0.06223475478056289,1.0,0.1,921.8885433348539,65.71563146291751,0.0,1.0,0.0,1.0,2.0
22957,0.00042335027124099187,0.09144365858805424,1.0,0.1,921.1427442769241,64.11654668029679,0.0,1.0,0.0,1.0,2.0
22958,0.0001665157606970287,0.0359674043105582,1.0,0.1,923.7143780068938,64.8183959001959,0.0,1.0,0.0,1.0,2.0
22959,0.0007329069865313783,0.15830790909077772,0.0,0.1,926.2679087595164,66.33419301515444,0.0,1.0,0.0,1.0,2.0
22960,0.0005726065800657641,0.12368302129420505,0.0,0.1,929.9194284162876,70.6370944855271,0.0,1.0,0.0,0.0,2.0
22961,0.0005290495298450555,0.114274698446532,0.0,0.1,930.548274091488,72.71536616812176,0.0,1.0,0.0,0.0,2.0
22962,0.0007645304439399832,0.1651385758910364,0.0,0.1,931.2619436393899,75.53867238112464,0.0,1.0,0.0,0.0,2.0
22963,0.0003532409859645744,0.07630005296834808,1.0,0.1,934.259753759846,79.50204287189946,0.0,1.0,0.0,0.0,2.0
22964,0.00035919340252451367,0.07758577494529495,1.0,0.1,936.9755281056582,82.93385589705153,0.0,1.0,0.0,0.0,2.0
22965,0.00037780170092016965,0.08160516739875665,1.0,0.1,937.2933790612092,83.4178312420856,0.0,1.0,0.0,0.0,2.0
22966,0.0004236108103584064,0.09149993503741578,1.0,0.1,937.6052093929917,81.65311501790283,0.0,1.0,0.0,0.0,2.0
22967,0.0001989920637646695,0.042982285773168614,1.0,0.1,941.2436290965229,83.67184224853801,0.0,1.0,0.0,0.0,2.0
22968,0.0007827027615113568,0.16906379648645306,0.0,0.1,944.7039719683335,87.0134177210764,0.0,1.0,0.0,0.0,2.0
22969,0.0005471837515654769,0.11819169033814302,0.0,0.1,944.8043950919374,89.04110466969522,0.0,1.0,0.0,0.0,2.0
22970,0.0006761088515893207,0.14603951194329326,0.0,0.1,944.0956296697273,89.83453668946457,0.0,1.0,0.0,0.0,2.0
22971,0.0006151024605940783,0.1328621314883209,0.0,0.1,944.0859742557362,93.13259684273557,0.0,1.0,0.0,0.0,2.0
22972,0.00041153264711115794,0.08889105177601012,1.0,0.1,948.0545875416827,101.78103287386435,0.0,1.0,0.0,0.0,2.0
22973,0.00019411629886925336,0.041929120555758724,1.0,0.1,,,0.0,1.0,,,2.0
22974,0.0013033128159942447,0.2815155682547568,0.0,0.1,,,0.0,1.0,,,2.0
22975,0.001577640572083761,0.3407703635700924,0.0,0.1,,,0.0,1.0,,,2.0
22976,0.0014695439151208621,0.31742148566610623,0.0,0.1,,,0.0,1.0,,,2.0
22977,0.001599108227556813,0.3454073771522716,0.0,0.1,,,0.0,1.0,,,2.0
22978,0.0002168874658811614,0.04684769263033086,1.0,0.1,954.2313372884288,115.24692285659249,0.0,1.0,0.0,0.0,2.0
22979,0.0010065844874058223,0.21742224927965764,0.0,0.1,954.1462926591832,114.95283002630504,0.0,1.0,0.0,0.0,2.0
22980,0.000596363144578003,0.12881443922884867,0.0,0.1,950.1773553373437,109.66026070062614,0.0,1.0,0.0,0.0,2.0
22981,0.00016318280319284727,0.03524748548965501,1.0,0.1,950.6223092131996,104.66438664953282,0.0,1.0,0.0,0.0,2.0
22982,0.0005363827497732583,0.11585867395102381,0.0,0.1,950.4737113523782,101.86277670818903,0.0,1.0,0.0,0.0,2.0
22983,0.0003963522297439592,0.08561208162469519,1.0,0.1,947.3116503395801,102.11570993756372,0.0,1.0,0.0,0.0,2.0
22984,0.0011109319445753618,0.23996130002827817,0.0,0.1,943.7811084518871,102.50945795722951,0.0,1.0,0.0,0.0,2.0
22985,0.0006103346544547594,0.13183228536222802,0.0,0.1,944.1822811042655,100.7449800290851,0.0,1.0,0.0,0.0,2.0
22986,0.0005039404542527945,0.10885113811860361,0.0,0.1,946.2548979487674,100.46343092952299,0.0,1.0,0.0,0.0,2.0
22987,3.02469985505697e-05,0.0065333516869230555,1.0,0.1,945.5763498844547,101.00102644830827,0.0,1.0,0.0,0.0,2.0
22988,0.0006441548650165155,0.13913745084356735,0.0,0.1,946.3128554016583,102.05004567561095,0.0,1.0,0.0,0.0,2.0
22989,0.0007254845257641708,0.1567046575650609,0.0,0.1,947.446396389155,103.1449832753218,0.0,1.0,0.0,0.0,2.0
22990,0.00021975193604837294,0.047466418186448554,1.0,0.1,948.2850818827775,102.37263643271099,0.0,1.0,0.0,0.0,2.0
22991,0.00033181839710373206,0.07167277377440613,1.0,0.1,947.93969471705,100.61950405361846,0.0,1.0,0.0,0.0,2.0
22992,0.0005362453157896838,0.11582898821057169,0.0,0.1,948.8738050233198,100.65776942569539,0.0,1.0,0.0,0.0,2.0
22993,0.0005938024285425642,0.12826132456519387,0.0,0.1,951.2043870140177,103.62132981748701,0.0,1.0,0.0,0.0,2.0
22994,0.00048007510125958286,0.1036962218720699,0.0,0.1,949.6938118481931,105.20807924721703,0.0,1.0,0.0,0.0,2.0
22995,0.0005714707200073399,0.12343767552158542,0.0,0.1,949.7826240230767,106.50662727300889,0.0,1.0,0.0,0.0,2.0
22996,9.01169395154813e-05,0.01946525893534396,1.0,0.1,949.3786944703339,105.94894460598962,0.0,1.0,0.0,0.0,2.0
22997,0.00020738582028441183,0.044795337181432957,1.0,0.1,950.4672535598481,106.1751949229836,0.0,1.0,0.0,0.0,2.0
22998,0.00017327813587228157,0.03742807734841282,1.0,0.1,950.5070657568596,105.04040202502806,0.0,1.0,0.0,0.0,2.0
22999,0.00038142909920827747,0.08238868542898793,1.0,0.1,951.3628413722257,106.39132009296807,0.0,1.0,0.0,0.0,2.0
23000,0.00019865023780288703,0.0429084513654236,1.0,0.1,952.4499479045553,107.83524802850559,0.0,1.0,0.0,0.0,2.0
23001,0.0005089018496640457,0.10992279952743388,0.0,0.1,951.9189803364189,106.77913501382055,0.0,1.0,0.0,0.0,2.0
23002,0.00012925320252402898,0.02791869174519026,1.0,0.1,951.9397855809141,106.61359296796883,0.0,1.0,0.0,0.0,2.0
23003,0.00041927176269255807,0.09056270074159255,1.0,0.1,952.0909901171441,107.58859700989645,0.0,1.0,0.0,0.0,2.0
23004,0.0005521820437595467,0.1192713214520621,0.0,0.1,951.3817884108853,105.8102847438183,0.0,1.0,0.0,0.0,2.0
23005,0.000458996132938681,0.0991431647147551,1.0,0.1,949.9857136115277,104.22401621244266,0.0,1.0,0.0,0.0,2.0
23006,0.00016266274429498694,0.035135152767717184,1.0,0.1,948.8661987220485,102.09298407012552,0.0,1.0,0.0,0.0,2.0
23007,0.0005101700018766725,0.11019672040536127,0.0,0.1,948.4561857152695,101.36378235435645,0.0,1.0,0.0,0.0,2.0
23008,0.0004750547922351104,0.10261183512278384,0.0,0.1,945.9379679672353,100.96361771020796,0.0,1.0,0.0,0.0,2.0
23009,0.00038267101317567524,0.08265693884594585,1.0,0.1,944.9336067932721,102.00550854882782,0.0,1.0,0.0,0.0,2.0
23010,0.00023910593291993465,0.051646881510705886,1.0,0.1,943.3782878867466,100.67338910859591,0.0,1.0,0.0,0.0,2.0
23011,0.0007307977609720531,0.15785231636996347,0.0,0.1,941.7919796439081,98.07454265102352,0.0,1.0,0.0,0.0,2.0
23012,6.532741147097937e-05,0.014110720877731546,1.0,0.1,942.2275491260349,95.02470050784471,0.0,1.0,0.0,0.0,2.0
23013,9.743418223199901e-05,0.021045783362111787,1.0,0.1,941.2660937490491,93.21687091338333,0.0,1.0,0.0,0.0,2.0
23014,0.00014740497449951186,0.031839474491894566,1.0,0.1,942.3008484720581,94.39056359575055,0.0,1.0,0.0,0.0,2.0
23015,0.0004876242050210753,0.10532682828455227,0.0,0.1,941.9262690653644,95.25077220306568,0.0,1.0,0.0,0.0,2.0
23016,0.0004062587638825759,0.0877518929986364,1.0,0.1,939.8304496838906,95.36442567950137,0.0,1.0,0.0,0.0,2.0
23017,0.00034521479237078925,0.07456639515209047,1.0,0.1,935.9779112523133,93.12104211333603,0.0,1.0,0.0,0.0,2.0
23018,0.00028689850541177786,0.06197007716894402,1.0,0.1,934.391406040641,91.11221732940245,0.0,1.0,0.0,0.0,2.0
23019,0.0005203499137299288,0.11239558136566462,0.0,0.1,931.6571934787894,88.46188239991747,0.0,1.0,0.0,0.0,2.0
23020,0.00010636583350459235,0.022975020036991946,1.0,0.1,927.9036283618603,85.68308344033184,0.0,1.0,0.0,0.0,2.0
23021,0.00025574806950752233,0.05524158301362483,1.0,0.1,925.9392557115369,84.7588369646201,0.0,1.0,0.0,0.0,2.0
23022,8.045703107818956e-05,0.017378718712888944,1.0,0.1,925.7855767361981,85.6972772880077,0.0,1.0,0.0,0.0,2.0
23023,0.0004211970882673078,0.09097857106573849,1.0,0.1,926.8186503008338,87.59300846498084,0.0,1.0,0.0,0.0,2.0
23024,0.0003738254670533566,0.08074630088352502,1.0,0.1,926.2972014066523,87.49145836393899,0.0,1.0,0.0,0.0,2.0
23025,0.00048024341438203237,0.103732577506519,0.0,0.1,925.315144747432,85.47932392918375,0.0,1.0,0.0,0.0,2.0
23026,0.00025520683992910794,0.05512467742468732,1.0,0.1,925.2120494246319,82.49179228466159,0.0,1.0,0.0,0.0,2.0
23027,0.0001932338193362275,0.041738504976625145,1.0,0.1,927.2403124256986,83.04795787980898,0.0,1.0,0.0,0.0,2.0
23028,6.512085958797046e-05,0.014066105671001623,1.0,0.1,928.6433740758774,83.34120975277386,0.0,1.0,0.0,0.0,2.0
23029,7.778163159611382e-05,0.016800832424760586,1.0,0.1,928.6967468131687,83.91821945354788,0.0,1.0,0.0,0.0,2.0
23030,0.0003142672338339553,0.06788172250813435,1.0,0.1,929.6664341315185,85.48703691876837,0.0,1.0,0.0,0.0,2.0
23031,0.0002703459225580126,0.05839471927253072,1.0,0.1,930.2906361659352,87.62566715539523,0.0,1.0,0.0,0.0,2.0
23032,0.00025205749883722075,0.054444419748839686,1.0,0.1,926.8257784982395,85.35621160009634,0.0,1.0,0.0,0.0,2.0
23033,0.00025935022463932845,0.05601964852209494,1.0,0.1,924.3961881307963,82.77654044002426,0.0,1.0,0.0,0.0,2.0
23034,0.0002661239815481885,0.057482780014408714,1.0,0.1,922.2224450368199,80.18815519694428,0.0,1.0,0.0,0.0,2.0
23035,0.00018143309264482228,0.03918954801128161,1.0,0.1,921.5277674286789,78.83997649298487,0.0,1.0,0.0,0.0,2.0
23036,6.867000038842255e-05,0.01483272008389927,1.0,0.1,917.4006161192908,76.43727357056225,0.0,1.0,0.0,0.0,2.0
23037,0.0002456881554096248,0.053068641568478965,1.0,0.1,917.6314667912513,76.20126523231303,0.0,1.0,0.0,0.0,2.0
23038,0.00015027912766237743,0.032460291575073526,1.0,0.1,916.3593375320584,75.30788816544133,0.0,1.0,0.0,0.0,2.0
23039,0.0002705848754554387,0.058446333098374756,1.0,0.1,915.6936873637264,74.84968606002623,0.0,1.0,0.0,0.0,2.0
23040,0.00014648961992441033,0.03164175790367263,1.0,0.1,914.4096271778465,73.30288512597681,0.0,1.0,0.0,0.0,2.0
23041,0.0003400752399300591,0.07345625182489278,1.0,0.1,911.4449243662357,74.54850372433862,0.0,1.0,0.0,0.0,2.0
23042,0.0009320322476387981,0.2013189654899804,0.0,0.1,908.2743833217196,76.00616405624005,0.0,1.0,0.0,0.0,2.0
23043,0.0003695740873233841,0.07982800286185097,1.0,0.1,901.4912590711567,77.09771605792425,0.0,1.0,0.0,0.0,2.0
23044,0.0004362328893206568,0.09422630409326187,1.0,0.1,890.441953698157,77.96141906342602,0.0,1.0,0.0,0.0,2.0
23045,0.00024340350543644587,0.05257515717427231,1.0,0.1,884.2780504059267,77.14121889844265,0.0,1.0,0.0,0.0,2.0
23046,0.00010970249156927694,0.02369573817896382,1.0,0.1,882.437840096692,77.05578000648728,0.0,1.0,0.0,0.0,2.0
23047,0.00036121847792913063,0.07802319123269222,1.0,0.1,880.4797059835616,77.87592566632796,0.0,1.0,0.0,0.0,2.0
23048,0.00053426993069271,0.11540230502962537,0.0,0.1,874.7268581506764,80.1887268252834,0.0,1.0,0.0,0.0,2.0
23049,0.0006916782994191902,0.1494025126745451,0.0,0.1,868.6608448352902,85.82942070923528,0.0,1.0,0.0,0.0,2.0
23050,0.0001258305671530611,0.0271794025050612,1.0,0.1,862.1587677820921,89.97124100848023,0.0,1.0,0.0,0.0,2.0
23051,0.0003044466914717299,0.06576048535789367,1.0,0.1,859.801785173055,91.46578165217886,0.0,1.0,0.0,0.0,2.0
23052,0.0004614545670061482,0.09967418647332801,1.0,0.1,859.5381048011093,91.41841119945144,0.0,1.0,0.0,0.0,2.0
23053,0.00017108808160399042,0.03695502562646193,1.0,0.1,859.1093944034207,93.23990771012011,0.0,1.0,0.0,0.0,2.0
23054,0.0002511076617776767,0.05423925494397817,1.0,0.1,861.111184915539,95.99143941072417,0.0,1.0,0.0,0.0,2.0
23055,0.001243673591084562,0.2686334956742654,0.0,0.1,861.6114756709529,96.95872275560082,0.0,1.0,0.0,0.0,2.0
23056,0.0004785735860341906,0.10337189458338518,0.0,0.1,866.5101106981004,97.71078620772964,0.0,1.0,0.0,0.0,2.0
23057,0.0005602564650500272,0.12101539645080589,0.0,0.1,867.9397923168788,98.36372558883403,0.0,1.0,0.0,0.0,2.0
23058,0.00039274247545561007,0.08483237469841177,1.0,0.1,869.3553008006246,98.17864495059997,0.0,1.0,0.0,0.0,2.0
23059,0.00016336595337963338,0.03528704593000081,1.0,0.1,871.6764593235994,98.93568216819068,0.0,1.0,0.0,0.0,2.0
23060,0.0001931886288030969,0.04172874382146893,1.0,0.1,873.7827180330611,98.56583270507117,0.0,1.0,0.0,0.0,2.0
23061,0.0003746441272329209,0.08092313148231092,1.0,0.1,875.3930238774216,99.86910700410463,0.0,1.0,0.0,0.0,2.0
23062,0.0008479856463383997,0.18316489960909432,0.0,0.1,876.2214784690018,98.48010907232873,0.0,1.0,0.0,0.0,2.0
23063,0.0002055151010885985,0.04439126183513728,1.0,0.1,880.05447146921,98.57931290890176,0.0,1.0,0.0,0.0,2.0
23064,0.00031373040424768434,0.06776576731749981,1.0,0.1,881.4071581184529,98.3761903980562,0.0,1.0,0.0,0.0,2.0
23065,0.00022958500460804426,0.049590360995337555,1.0,0.1,885.6857520770976,97.01196697680284,0.0,1.0,0.0,0.0,2.0
23066,0.0001337685271220396,0.02889400185836056,1.0,0.1,888.5087637213724,97.07624679701782,0.0,1.0,0.0,0.0,2.0
23067,0.0002002170182856763,0.04324687594970608,1.0,0.1,890.9294700030679,96.1162074462446,0.0,1.0,0.0,0.0,2.0
23068,0.0004192676464690826,0.09056181163732185,1.0,0.1,890.7429528485169,95.58073981967185,0.0,1.0,0.0,0.0,2.0
23069,4.120180702530017e-05,0.008899590317464838,1.0,0.1,890.4601527384657,95.32500589297254,0.0,1.0,0.0,0.0,2.0
23070,0.00011498510500218583,0.02483678268047214,1.0,0.1,883.3355953089512,94.453855339786,0.0,1.0,0.0,0.0,2.0
23071,8.609002889405095e-05,0.018595446241115005,1.0,0.1,882.453569123539,93.83069444637263,0.0,1.0,0.0,0.0,2.0
23072,0.000292312535656151,0.06313950770172862,1.0,0.1,881.6229847730847,93.81178799239648,0.0,1.0,0.0,0.0,2.0
23073,0.0002180701327646137,0.04710314867715656,1.0,0.1,881.1692888422095,94.59393469366263,0.0,1.0,0.0,0.0,2.0
23074,0.0003634306832590012,0.07850102758394427,1.0,0.1,880.7038689519426,96.97000250851077,0.0,1.0,0.0,0.0,2.0
23075,0.000557064314348211,0.1203258918992136,0.0,0.1,881.6059764983213,95.98490945399,0.0,1.0,0.0,0.0,2.0
23076,0.00022389870352793807,0.04836211996203463,1.0,0.1,881.6446078888187,95.76345048510417,0.0,1.0,0.0,0.0,2.0
23077,0.0001912472402377223,0.04130940389134801,1.0,0.1,880.7120855369939,94.14186357301207,0.0,1.0,0.0,0.0,2.0
23078,0.00012369868169217278,0.02671891524550932,1.0,0.1,878.0452144480838,93.86742628434656,0.0,1.0,0.0,0.0,2.0
23079,0.0006501102452666117,0.14042381297758813,0.0,0.1,878.5892408373988,93.7577198880591,0.0,1.0,0.0,0.0,2.0
23080,0.0001368239584938373,0.02955397503466886,1.0,0.1,882.8274670882457,89.62710627272054,0.0,1.0,0.0,0.0,2.0
23081,7.512151398074704e-05,0.01622624701984136,1.0,0.1,886.0938929016208,87.90639905388475,0.0,1.0,0.0,0.0,2.0
23082,0.00010445250861348542,0.02256174186051285,1.0,0.1,888.6962912334977,88.33736966953296,0.0,1.0,0.0,0.0,2.0
23083,0.00027432393866889677,0.059253970752481705,1.0,0.1,890.9302603121505,90.3503803868731,0.0,1.0,0.0,0.0,2.0
23084,0.0001448185100852685,0.031280798178417994,1.0,0.1,891.9562215872944,88.62417577231548,0.0,1.0,0.0,0.0,2.0
23085,0.00011337188105794625,0.02448832630851639,1.0,0.1,890.1087267803993,89.41432472576876,0.0,1.0,0.0,0.0,2.0
23086,0.00023210973906841062,0.050135703638776695,1.0,0.1,889.5078938613577,87.37335064446029,0.0,1.0,0.0,0.0,2.0
23087,0.00028402586438325197,0.06134958670678243,1.0,0.1,889.3887725599162,86.77963462353983,0.0,1.0,0.0,0.0,2.0
23088,0.00021476573600248645,0.04638939897653707,1.0,0.1,883.4255267630408,87.60870024203705,0.0,1.0,0.0,0.0,2.0
23089,3.395483923573632e-05,0.007334245274919045,1.0,0.1,883.9895914781624,87.5595920740048,0.0,1.0,0.0,0.0,2.0
23090,6.808461573748859e-05,0.014706276999297538,1.0,0.1,885.8342033038463,88.43061377293982,0.0,1.0,0.0,0.0,2.0
23091,3.6910268378817986e-05,0.007972617969824685,1.0,0.1,886.3099094567472,87.61140762105408,0.0,1.0,0.0,0.0,2.0
23092,0.00015172629972373965,0.03277288074032776,1.0,0.1,886.9242211563463,88.22927450793108,0.0,1.0,0.0,0.0,2.0
23093,9.951687362942953e-05,0.02149564470395678,1.0,0.1,888.2280414286545,88.47985071553992,0.0,1.0,0.0,0.0,2.0
23094,0.00019379713648141967,0.04186018147998665,1.0,0.1,887.4890120260109,88.52764250511287,0.0,1.0,0.0,0.0,2.0
23095,0.00018784472539692162,0.04057446068573507,1.0,0.1,886.8868353201043,88.77669098076186,0.0,1.0,0.0,0.0,2.0
23096,4.677003448187651e-05,0.010102327448085327,1.0,0.1,886.5106631538991,87.57771913247659,0.0,1.0,0.0,0.0,2.0
23097,0.0002637177027182395,0.05696302378713974,1.0,0.1,888.3514347058816,86.33220944319976,0.0,1.0,0.0,0.0,2.0
23098,0.0003617144712567756,0.07813032579146352,1.0,0.1,890.9030467728016,85.80813353179317,0.0,1.0,0.0,0.0,2.0
23099,0.00013593661054844426,0.02936230787846396,1.0,0.1,892.0511017576466,87.43109234866239,0.0,1.0,0.0,0.0,2.0
23100,0.00012061560011999201,0.026052969625918274,1.0,0.1,894.826266609612,89.9747532332822,0.0,1.0,0.0,0.0,2.0
23101,0.0002557303167917583,0.0552377484270198,1.0,0.1,893.9569416001931,90.91483282075798,0.0,1.0,0.0,0.0,2.0
23102,0.0003734250531965156,0.08065981149044736,1.0,0.1,894.4017526564452,91.27019387032605,0.0,1.0,0.0,0.0,2.0
23103,0.00026633062051634377,0.057527414031530257,1.0,0.1,894.0384513089754,91.42297326588313,0.0,1.0,0.0,0.0,2.0
23104,0.00017585734483772052,0.037985186484947635,1.0,0.1,893.5768149361963,92.64790453615997,0.0,1.0,0.0,0.0,2.0
23105,0.00048610349331182226,0.10499835455535361,0.0,0.1,894.8096854041221,94.20593023346812,0.0,1.0,0.0,0.0,2.0
23106,0.00022667035556128687,0.048960796801237966,1.0,0.1,894.160347734144,94.54716800831609,0.0,1.0,0.0,0.0,2.0
23107,7.447116990686356e-05,0.01608577269988253,1.0,0.1,894.3675245306222,93.89871413878343,0.0,1.0,0.0,0.0,2.0
23108,0.0003494491764349566,0.07548102210995063,1.0,0.1,894.3084472099229,93.27455628059045,0.0,1.0,0.0,0.0,2.0
23109,0.0007047214993810113,0.15221984386629847,0.0,0.1,893.9318534941057,92.3591718661439,0.0,1.0,0.0,0.0,2.0
23110,0.0005361096235071587,0.11579967867754627,0.0,0.1,898.4551517030243,98.03526049454246,0.0,1.0,0.0,0.0,2.0
23111,0.0002978779388172922,0.06434163478453511,1.0,0.1,901.8319782378779,98.15575642664801,0.0,1.0,0.0,0.0,2.0
23112,9.271972973034953e-05,0.020027461621755498,1.0,0.1,899.8438013371411,96.59189673972432,0.0,1.0,0.0,0.0,2.0
23113,0.00037833215427089895,0.08171974532251416,1.0,0.1,899.8297480280356,97.22117035436699,0.0,1.0,0.0,0.0,2.0
23114,0.0006269516772121058,0.13542156227781485,0.0,0.1,898.2806716287466,95.14252498320516,0.0,1.0,0.0,0.0,2.0
23115,0.00025219235072762987,0.054473547757168055,1.0,0.1,898.8993296036786,98.62766691810081,0.0,1.0,0.0,0.0,2.0
23116,0.0003328548589393447,0.07189664953089846,1.0,0.1,900.6838847819055,99.92491290124998,0.0,1.0,0.0,0.0,2.0
23117,0.0009357300562848303,0.20211769215752334,0.0,0.1,900.6122639418809,98.23216170092971,0.0,1.0,0.0,0.0,2.0
23118,0.0007673280060269179,0.16574284930181427,0.0,0.1,898.7898540972913,97.68859512912455,0.0,1.0,0.0,0.0,2.0
23119,0.0004901110439007975,0.10586398548257225,0.0,0.1,900.2570010830424,98.561517343422,0.0,1.0,0.0,0.0,2.0
23120,0.0012358572962031954,0.2669451759798902,0.0,0.1,899.1238125702575,97.89407464522897,0.0,1.0,0.0,0.0,2.0
23121,0.0005525778588433064,0.1193568175101542,0.0,0.1,904.476523073734,100.30458027631661,0.0,1.0,0.0,0.0,2.0
23122,3.316049995581758e-05,0.007162667990456597,1.0,0.1,905.474105052735,99.58404316697857,0.0,1.0,0.0,0.0,2.0
23123,0.0006994252764134746,0.1510758597053105,0.0,0.1,906.115301981653,98.46278632784278,0.0,1.0,0.0,0.0,2.0
23124,0.000181883008512227,0.03928672983864104,1.0,0.1,905.1796934999097,97.88368284158369,0.0,1.0,0.0,0.0,2.0
23125,0.00035157165317443935,0.0759394770856789,1.0,0.1,908.6797734732731,99.32863563894578,0.0,1.0,0.0,0.0,2.0
23126,0.0002834760978345191,0.06123083713225612,1.0,0.1,906.23339710406,101.55667467601123,0.0,1.0,0.0,0.0,2.0
23127,0.0001403736779600194,0.030320714439364193,1.0,0.1,908.1682732297061,105.3153094724564,0.0,1.0,0.0,0.0,2.0
23128,0.0009986023687649373,0.21569811165322647,0.0,0.1,909.3822788744529,102.35148019382332,0.0,1.0,0.0,0.0,2.0
23129,0.000729371585100379,0.15754426238168187,0.0,0.1,906.2427134084081,101.10662603510447,0.0,1.0,0.0,0.0,2.0
23130,0.0003955856123147635,0.08544649225998892,1.0,0.1,907.7158467495221,101.52857840747892,0.0,1.0,0.0,0.0,2.0
23131,0.0006656986587604171,0.1437909102922501,0.0,0.1,907.8442253329064,104.43333277972039,0.0,1.0,0.0,0.0,2.0
23132,0.0001911067276407038,0.04127905317039202,1.0,0.1,907.6845926292727,103.62883648785458,0.0,1.0,0.0,0.0,2.0
23133,0.0005646424202355951,0.12196276277088854,0.0,0.1,911.2840325334915,109.11691817139231,0.0,1.0,0.0,0.0,2.0
23134,0.0011320856156504888,0.24453049298050558,0.0,0.1,915.9784316505305,110.11659736631212,0.0,1.0,0.0,0.0,2.0
23135,0.00020080512129221832,0.043373906199119155,1.0,0.1,914.7340816067285,107.21231874245021,0.0,1.0,0.0,0.0,2.0
23136,6.326465536415308e-05,0.013665165558657065,1.0,0.1,912.50470568622,108.4191217730033,0.0,1.0,0.0,0.0,2.0
23137,0.0012079716734769662,0.2609218814710247,0.0,0.1,913.0837245791073,106.9175381251449,0.0,1.0,0.0,0.0,2.0
23138,0.0005050371848720011,0.10908803193235224,0.0,0.1,915.6986168178469,110.40806393998889,0.0,1.0,0.0,0.0,2.0
23139,0.0007810703418345598,0.16871119383626493,0.0,0.1,916.0471183128728,115.17984273770834,0.0,1.0,0.0,0.0,2.0
23140,0.00024838272656584265,0.05365066893822201,1.0,0.1,912.358546588153,111.87852797333242,0.0,1.0,0.0,0.0,2.0
23141,0.00018277940765551966,0.039480352053592245,1.0,0.1,912.8903795285568,111.33050151895505,0.0,1.0,0.0,0.0,2.0
23142,0.00022865271797645165,0.04938898708291356,1.0,0.1,914.5633627591241,111.21584323525335,0.0,1.0,0.0,0.0,2.0
23143,0.0003350323766166466,0.07236699334919566,1.0,0.1,912.7310680788662,109.0559590182389,0.0,1.0,0.0,0.0,2.0
23144,0.0002696936141073952,0.05825382064719737,1.0,0.1,914.2465464825001,108.91149712439419,0.0,1.0,0.0,0.0,2.0
23145,3.3937928750571584e-05,0.007330592610123462,1.0,0.1,917.0687220597473,110.98576693138293,0.0,1.0,0.0,0.0,2.0
23146,0.00045956919073332513,0.09926694519839824,1.0,0.1,919.7069867528386,114.54180637457517,0.0,1.0,0.0,0.0,2.0
23147,0.00014192216335877914,0.030655187285496294,1.0,0.1,918.266266765624,113.47326688521088,0.0,1.0,0.0,0.0,2.0
23148,0.0001297072542365335,0.028016766915091237,1.0,0.1,916.5358377887195,111.81691318575291,0.0,1.0,0.0,0.0,2.0
23149,0.00018248340858719074,0.0394164162548332,1.0,0.1,915.3087132137005,109.67301563753206,0.0,1.0,0.0,0.0,2.0
23150,0.00017644173418475504,0.03811141458390709,1.0,0.1,915.9437688886306,109.07534493977188,0.0,1.0,0.0,0.0,2.0
23151,0.0004617274124449575,0.09973312108811082,1.0,0.1,918.0518816527128,107.00918181232929,0.0,1.0,0.0,0.0,2.0
23152,0.0005217343366921181,0.11269461672549752,0.0,0.1,925.5875867409073,112.19683866128673,0.0,1.0,0.0,0.0,2.0
23153,0.0003666013925109545,0.07918590078236618,1.0,0.1,924.2032655581598,112.03196130248517,0.0,1.0,0.0,0.0,2.0
23154,0.0007071189991485999,0.15273770381609758,0.0,0.1,924.9556897879079,112.61291452453271,0.0,1.0,0.0,0.0,2.0
23155,0.00029506104709303764,0.06373318617209613,1.0,0.1,926.8087627229412,113.52260004152028,0.0,1.0,0.0,0.0,2.0
23156,0.00044094849360672546,0.09524487461905269,1.0,0.1,927.8047023633598,110.81296051673614,0.0,1.0,0.0,0.0,2.0
23157,0.0008664646676976924,0.18715636822270157,0.0,0.1,926.3262162565311,108.10586236022303,0.0,1.0,0.0,0.0,2.0
23158,0.00024715740004984597,0.05338599841076673,1.0,0.1,926.3445876241593,105.74325966822113,0.0,1.0,0.0,0.0,2.0
23159,0.000361765766835046,0.07814140563636994,1.0,0.1,927.9223337198283,105.92964313076614,0.0,1.0,0.0,0.0,2.0
23160,0.00011308173128260612,0.024425653957042923,1.0,0.1,929.5880902272628,110.50063623969349,0.0,1.0,0.0,0.0,2.0
23161,0.0002819498830184941,0.06090117473199472,1.0,0.1,924.9514625540165,110.20244191466328,0.0,1.0,0.0,0.0,2.0
23162,0.0007729011359563293,0.16694664536656714,0.0,0.1,929.3526999667689,113.37678799562315,0.0,1.0,0.0,0.0,2.0
23163,0.0004844617944510027,0.10464374760141659,0.0,0.1,928.481039185846,113.6759106866159,0.0,1.0,0.0,0.0,2.0
23164,0.0003425769763329341,0.07399662688791375,1.0,0.1,928.875607151629,111.47261577875425,0.0,1.0,0.0,0.0,2.0
23165,0.0007112169808422599,0.15362286786192814,0.0,0.1,925.849614158084,107.81326582221998,0.0,1.0,0.0,0.0,2.0
23166,0.0006398135299031673,0.13819972245908413,0.0,0.1,925.6128944430307,105.56896173953966,0.0,1.0,0.0,0.0,2.0
23167,0.0006525905948114604,0.14095956847927546,0.0,0.1,924.4698832102551,109.18131360018961,0.0,1.0,0.0,0.0,2.0
23168,0.000785312107426345,0.16962741520409053,0.0,0.1,931.1283630844069,116.5543204177868,0.0,1.0,0.0,0.0,2.0
23169,0.0015529864499015614,0.3354450731787373,0.0,0.1,,,0.0,1.0,,,2.0
23170,0.0005253216015304499,0.1134694659305772,0.0,0.1,,,0.0,1.0,,,2.0
23171,0.0005364189228796346,0.11586648734200107,0.0,0.1,928.2131076751853,116.25189055984384,0.0,1.0,0.0,0.0,2.0
23172,0.0005570702861459439,0.12032718180752389,0.0,0.1,929.827206905925,116.6264760027743,0.0,1.0,0.0,0.0,2.0
23173,0.0011267838044765673,0.24338530176693854,0.0,0.1,928.3436710594201,114.10563562915495,0.0,1.0,0.0,0.0,2.0
23174,0.0004669320696424777,0.10085732704277518,0.0,0.1,925.3339557010609,110.93353691380106,0.0,1.0,0.0,0.0,2.0
23175,0.0012311308665123237,0.2659242671666619,0.0,0.1,926.3345004739317,106.08618908445476,0.0,1.0,0.0,0.0,2.0
23176,0.000663554040228672,0.14332767268939317,0.0,0.1,928.5550655040785,108.03836124536306,0.0,1.0,0.0,0.0,2.0
23177,0.001283283488030965,0.27718923341468843,0.0,0.1,932.203008540791,112.51787389929494,0.0,1.0,0.0,0.0,2.0
23178,0.0005778860860588903,0.1248233945887203,0.0,0.1,940.2265904154556,117.87074561680006,0.0,1.0,0.0,0.0,2.0
23179,0.0015530660359359904,0.335462263762174,0.0,0.1,941.1219035808272,121.00227514499693,0.0,1.0,0.0,0.0,2.0
23180,0.0006138768735331989,0.13259740468317097,0.0,0.1,,,0.0,1.0,,,2.0
23181,0.0011821044042825456,0.25533455132502986,0.0,0.1,,,0.0,1.0,,,2.0
23182,0.0019106634002565084,0.4127032944554058,0.0,0.1,940.8774834775764,122.13712281516814,0.0,1.0,0.0,0.0,2.0
23183,0.0009059919425144384,0.1956942595831187,0.0,0.1,940.9184226346943,124.05058950380601,0.0,1.0,0.0,0.0,2.0
23184,0.00033040978900233193,0.0713685144245037,1.0,0.1,937.1341887458544,120.844037362005,0.0,1.0,0.0,0.0,2.0
23185,0.0001563021884162699,0.0337612726979143,1.0,0.1,934.835924942744,118.00664920006608,0.0,1.0,0.0,0.0,2.0
23186,0.0007166123976392869,0.15478827789008598,0.0,0.1,933.0090652727247,115.98186452319125,0.0,1.0,0.0,0.0,2.0
23187,,,,0.1,933.2435695729416,112.32693060830545,0.0,1.0,0.0,0.0,2.0
23188,,,,0.1,930.0860747084693,108.46252090979165,,,0.0,0.0,2.0
23189,0.00029483692021741223,0.06368477476696104,1.0,0.1,927.5372855471754,104.17927501988453,0.0,1.0,0.0,0.0,2.0
23190,0.00042144380792026327,0.09103186251077687,1.0,0.1,925.4215379160189,102.16839957479128,0.0,1.0,0.0,0.0,2.0
23191,0.0004747610245618435,0.10254838130535819,0.0,0.1,926.3298330657061,101.92785948985923,0.0,1.0,0.0,0.0,2.0
23192,0.0003296455651857433,0.07120344208012055,1.0,0.1,927.273892361061,102.18748896748953,0.0,1.0,0.0,0.0,2.0
23193,0.001846225349102918,0.3987846754062303,0.0,0.1,928.2774341489218,105.87594750202074,0.0,1.0,0.0,0.0,2.0
23194,0.0008932410195925328,0.1929400602319871,0.0,0.1,929.5373870971882,110.91518435311298,0.0,1.0,0.0,0.0,2.0
23195,0.0006315824281429067,0.13642180447886784,0.0,0.1,929.9211278338986,111.06433792997558,0.0,1.0,0.0,0.0,2.0
23196,0.0005982538851436904,0.12922283919103714,0.0,0.1,930.36266801495,113.73900969390003,0.0,1.0,0.0,0.0,2.0
23197,0.00015952516271943126,0.03445743514739715,1.0,0.1,928.0937510742865,112.21999891768813,0.0,1.0,0.0,0.0,2.0
23198,0.00023206890680680677,0.05012688387027026,1.0,0.1,925.0135164426079,108.46559795845015,0.0,1.0,0.0,0.0,2.0
23199,0.00038953521792184956,0.0841396070711195,1.0,0.1,924.3553377545348,108.13260341427029,0.0,1.0,0.0,0.0,2.0
23200,0.0007122470757019526,0.15384536835162177,0.0,0.1,925.5542974353696,106.5994751840855,0.0,1.0,0.0,0.0,2.0
23201,0.0015679938616033865,0.33868667410633146,0.0,0.1,928.942762954456,107.08932932630218,0.0,1.0,0.0,0.0,2.0
23202,0.0009423119633635313,0.20353938408652278,0.0,0.1,933.4468797929954,112.30318640966236,0.0,1.0,0.0,0.0,2.0
23203,0.0005720398960278394,0.12356061754201332,0.0,0.1,939.2794634151709,118.38931178916162,0.0,1.0,0.0,0.0,2.0
23204,0.001219016021188451,0.26330746057670545,0.0,0.1,939.6452334448202,119.4681308655083,0.0,1.0,0.0,0.0,2.0
23205,0.0012840448688725499,0.2773536916764708,0.0,0.1,941.4950399671364,122.49454640285803,0.0,1.0,0.0,0.0,2.0
23206,0.0009985950066673055,0.21569652144013798,0.0,0.1,941.0709105020671,124.10937190148888,0.0,1.0,0.0,0.0,2.0
23207,0.00048221419777026535,0.10415826671837732,0.0,0.1,940.8478169531284,127.80353277061536,0.0,1.0,0.0,0.0,2.0
23208,,,,0.1,940.8121450715652,129.3436766968939,0.0,1.0,0.0,0.0,2.0
23209,,,,0.1,940.88226197983,131.3046813602285,,,0.0,0.0,2.0
23210,,,,0.1,938.7683150632633,130.58003479091735,,,0.0,0.0,2.0
23211,,,,0.1,938.6706599372229,126.11175603189452,,,0.0,0.0,2.0
23212,,,,0.1,938.0201675371057,123.80709008128038,,,0.0,0.0,2.0
23213,0.00046222799824135113,0.09984124762013184,1.0,0.1,937.6181147894054,121.12076035562121,0.0,1.0,0.0,0.0,2.0
23214,0.0022587868761062275,0.48789796523894513,0.0,0.1,936.4828741609823,117.43522454459789,0.0,1.0,0.0,0.0,2.0
23215,0.0015032024884580443,0.3246917375069376,0.0,0.1,937.5795502495242,112.22391070165416,0.0,1.0,0.0,0.0,2.0
23216,0.00023492474948587168,0.05074374588894828,1.0,0.1,933.2437925788831,106.2205383570297,0.0,1.0,0.0,0.0,2.0
23217,0.000838767278999697,0.18117373226393454,0.0,0.1,932.1600349628558,104.4083953707767,0.0,1.0,0.0,0.0,2.0
23218,0.0007496036317519405,0.16191438445841916,0.0,0.1,927.7804574097514,102.00792605123593,0.0,1.0,0.0,0.0,2.0
23219,0.00036719582081733837,0.07931429729654509,1.0,0.1,928.4223675922909,102.64824885856122,0.0,1.0,0.0,0.0,2.0
23220,0.00031594836866153704,0.068244847630892,1.0,0.1,930.3890153056868,106.6885287773541,0.0,1.0,0.0,0.0,2.0
23221,0.00020618532349926964,0.044536029875842244,1.0,0.1,930.8437181521859,106.83629641635187,0.0,1.0,0.0,0.0,2.0
23222,0.000248437237034895,0.053662443199537314,1.0,0.1,928.3905341682956,104.80290067090502,0.0,1.0,0.0,0.0,2.0
23223,0.00012998384101145868,0.028076509658475076,1.0,0.1,925.5163618995994,100.80492193868133,0.0,1.0,0.0,0.0,2.0
23224,0.00032670177601719423,0.07056758361971395,1.0,0.1,924.9765324523837,100.36500289060051,0.0,1.0,0.0,0.0,2.0
23225,0.00012410724718749848,0.026807165392499673,1.0,0.1,922.301529370369,97.90626674631638,0.0,1.0,0.0,0.0,2.0
23226,6.21661324594681e-05,0.013427884611245111,1.0,0.1,921.9765994858175,96.92757081409582,0.0,1.0,0.0,0.0,2.0
23227,0.0003929979662670439,0.08488756071368148,1.0,0.1,922.6528002720994,98.77994962749064,0.0,1.0,0.0,0.0,2.0
23228,0.00011582909829141577,0.025019085230945808,1.0,0.1,925.5661854164942,103.32598937507666,0.0,1.0,0.0,0.0,2.0
23229,0.00039497522796338053,0.0853146492400902,1.0,0.1,930.7537792344513,112.19831711532626,0.0,1.0,0.0,0.0,2.0
23230,0.0004606945439689009,0.0995100214972826,1.0,0.1,932.3240322937688,111.50921944845737,0.0,1.0,0.0,0.0,2.0
23231,0.0007194948332072445,0.15541088397276484,0.0,0.1,932.1539864310803,111.71272301506252,0.0,1.0,0.0,0.0,2.0
23232,0.00019451928895207409,0.042016166413648,1.0,0.1,933.5336112881809,114.74911613461342,0.0,1.0,0.0,0.0,2.0
23233,0.0001702793397874812,0.03678033739409594,1.0,0.1,928.0411391638231,110.1808510578419,0.0,1.0,0.0,0.0,2.0
23234,0.00019265393351506184,0.04161324963925336,1.0,0.1,928.571403757835,107.65526172121776,0.0,1.0,0.0,0.0,2.0
23235,0.00015984915508058612,0.0345274174974066,1.0,0.1,929.2273507568021,105.36520972382327,0.0,1.0,0.0,0.0,2.0
23236,0.0001622346765782544,0.03504269014090295,1.0,0.1,930.9287384744777,105.49669173780656,0.0,1.0,0.0,0.0,2.0
23237,0.0003060005374162611,0.06609611608191239,1.0,0.1,935.7877013295254,109.93868693832749,0.0,1.0,0.0,0.0,2.0
23238,0.0005698746438175441,0.12309292306458954,0.0,0.1,937.715255638452,116.8517396617826,0.0,1.0,0.0,0.0,2.0
23239,2.2727054240023413e-05,0.004909043715845058,1.0,0.1,942.6329312631841,118.01223978459124,0.0,1.0,0.0,0.0,2.0
23240,0.0014527349781789755,0.31379075528665873,0.0,0.1,941.2131670531816,118.07896501990184,0.0,1.0,0.0,0.0,2.0
23241,0.0007198749387968713,0.15549298678012421,0.0,0.1,939.0723742228389,118.18719958787452,0.0,1.0,0.0,0.0,2.0
23242,0.0006519221521569111,0.14081518486589278,0.0,0.1,939.0992458527872,117.82626490028322,0.0,1.0,0.0,0.0,2.0
23243,0.0006820144229358217,0.1473151153541375,0.0,0.1,939.4454260942653,114.96662522854619,0.0,1.0,0.0,0.0,2.0
23244,0.0003911658484894498,0.08449182327372116,1.0,0.1,938.0375845427151,112.41420157320427,0.0,1.0,0.0,0.0,2.0
23245,0.00036036293369335807,0.07783839367776534,1.0,0.1,936.0816211914607,108.31272266597847,0.0,1.0,0.0,0.0,2.0
23246,0.00042798715507679435,0.09244522549658758,1.0,0.1,931.8309567821188,105.4634103288888,0.0,1.0,0.0,0.0,2.0
23247,0.0008526080945092624,0.18416334841400067,0.0,0.1,935.3505074225254,107.38291942477323,0.0,1.0,0.0,0.0,2.0
23248,0.0007092452737353983,0.15319697912684604,0.0,0.1,936.0075103110258,108.92540148717923,0.0,1.0,0.0,0.0,2.0
23249,0.0014451716667438985,0.3121570800166821,0.0,0.1,936.3679752486104,109.47939272609793,0.0,1.0,0.0,0.0,2.0
23250,0.0005527803978124209,0.11940056592748292,0.0,0.1,934.3443999516924,108.35890687218782,0.0,1.0,0.0,0.0,2.0
23251,0.00014138747604121584,0.030539694824902625,1.0,0.1,929.4381998001676,104.61537999804946,0.0,1.0,0.0,0.0,2.0
23252,6.337607950835347e-05,0.013689233173804351,1.0,0.1,927.8445814081592,99.81711445524218,0.0,1.0,0.0,0.0,2.0
23253,0.00044372268779121885,0.09584410056290328,1.0,0.1,928.5508892841721,98.82341203157124,0.0,1.0,0.0,0.0,2.0
23254,0.0006820368775440718,0.1473199655495195,0.0,0.1,930.0264078303375,99.35369468876353,0.0,1.0,0.0,0.0,2.0
23255,0.000444891649693181,0.0960965963337271,1.0,0.1,937.7217296778019,108.40921254838815,0.0,1.0,0.0,0.0,2.0
23256,0.00045435118547199397,0.09813985606195069,1.0,0.1,940.1448912845701,114.83888435281327,0.0,1.0,0.0,0.0,2.0
23257,0.0005231714424321612,0.11300503156534683,0.0,0.1,,,0.0,1.0,,,2.0
23258,0.0012888768154957959,0.2783973921470919,0.0,0.1,,,0.0,1.0,,,2.0
23259,0.0005604865034783775,0.12106508475132954,0.0,0.1,943.9300884417181,120.46903063171506,0.0,1.0,0.0,0.0,2.0
23260,0.0005028097639201533,0.1086069090067531,0.0,0.1,943.9381312374304,116.97317890984635,0.0,1.0,0.0,0.0,2.0
23261,0.00044425752577571993,0.09595962556755551,1.0,0.1,940.2503463725276,111.81625950843228,0.0,1.0,0.0,0.0,2.0
23262,0.000283253395706582,0.061182733472621716,1.0,0.1,939.3957095296051,108.88435160321468,0.0,1.0,0.0,0.0,2.0
23263,0.0008038423434499824,0.1736299461851962,0.0,0.1,931.7191285316775,102.92083111660075,0.0,1.0,0.0,0.0,2.0
23264,0.00022506821443863661,0.04861473431874551,1.0,0.1,933.386580269498,102.28209425121847,0.0,1.0,0.0,0.0,2.0
23265,0.0005580968531132119,0.12054892027245379,0.0,0.1,938.386801558536,105.66685837020573,0.0,1.0,0.0,0.0,2.0
23266,0.00015424713872879306,0.03331738196541931,1.0,0.1,941.4110494084122,110.38451134986455,0.0,1.0,0.0,0.0,2.0
23267,0.0009910708751986051,0.21407130904289873,0.0,0.1,941.5957462252615,110.38627748000592,0.0,1.0,0.0,0.0,2.0
23268,0.0008409677352844724,0.18164903082144604,0.0,0.1,940.1000939263179,108.31687848007343,0.0,1.0,0.0,0.0,2.0
23269,0.000215450699262743,0.04653735104075249,1.0,0.1,935.5636085102827,103.83898082325165,0.0,1.0,0.0,0.0,2.0
23270,0.000219629728879762,0.04744002143802859,1.0,0.1,935.6807799386387,99.65102179992017,0.0,1.0,0.0,0.0,2.0
23271,0.00024449146447581426,0.05281015632677588,1.0,0.1,935.6174278892229,99.0257521184825,0.0,1.0,0.0,0.0,2.0
23272,0.0003968978838609723,0.08572994291397001,1.0,0.1,936.7065409147124,101.0587157091348,0.0,1.0,0.0,0.0,2.0
23273,0.0003070111808581379,0.06631441506535779,1.0,0.1,941.195766332008,110.53692298008659,0.0,1.0,0.0,0.0,2.0
23274,0.000530633316382383,0.11461679633859474,0.0,0.1,942.7608721923626,113.93985191423096,0.0,1.0,0.0,0.0,2.0
23275,0.0003533699408437296,0.0763279072222456,1.0,0.1,942.5217235242586,114.99938785212942,0.0,1.0,0.0,0.0,2.0
23276,0.00026179047648595,0.056546742920965204,1.0,0.1,942.9451726374771,114.47260782000059,0.0,1.0,0.0,0.0,2.0
23277,0.00022329892220255163,0.048232567195751155,1.0,0.1,941.1624166254594,110.47852320280325,0.0,1.0,0.0,0.0,2.0
23278,0.00019962653090998774,0.04311933067655735,1.0,0.1,940.7336989661827,109.27192778835477,0.0,1.0,0.0,0.0,2.0
23279,0.0002933413053656151,0.06336172195897286,1.0,0.1,936.8535274829559,103.53505312188206,0.0,1.0,0.0,0.0,2.0
23280,0.00014589623603276404,0.03151358698307703,1.0,0.1,937.938316626769,102.83523031049684,0.0,1.0,0.0,0.0,2.0
23281,0.0004128893617973132,0.08918410214821965,1.0,0.1,938.9166862377875,104.25606896452939,0.0,1.0,0.0,0.0,2.0
23282,0.0008730234035571193,0.18857305516833778,0.0,0.1,943.0190727628004,109.72913364850444,0.0,1.0,0.0,0.0,2.0
23283,0.0009743094695435571,0.21045084542140835,0.0,0.1,944.2619014324446,109.42261948067801,0.0,1.0,0.0,0.0,2.0
23284,0.0002456130970220595,0.05305242895676485,1.0,0.1,943.0757739064904,106.16630662741396,0.0,1.0,0.0,0.0,2.0
23285,0.0005114701410303139,0.11047755046254781,0.0,0.1,942.6814071203755,104.85124193534696,0.0,1.0,0.0,0.0,2.0
23286,0.00023768662324662957,0.051340310621271985,1.0,0.1,939.2811360690928,101.49208476277437,0.0,1.0,0.0,0.0,2.0
23287,0.0015383726857754612,0.33228850012749966,0.0,0.1,936.6085099428743,99.40753649212591,0.0,1.0,0.0,0.0,2.0
23288,0.0003680520260490928,0.07949923762660405,1.0,0.1,935.8001702896445,98.62788177206542,0.0,1.0,0.0,0.0,2.0
23289,0.0011833246656272828,0.2555981277754931,0.0,0.1,936.2775459257103,101.33046833268412,0.0,1.0,0.0,0.0,2.0
23290,0.0002452135958822275,0.05296613671056114,1.0,0.1,940.3028097357109,110.07355893780797,0.0,1.0,0.0,0.0,2.0
23291,0.001180657204104301,0.25502195608652906,0.0,0.1,942.733716503777,113.68659348130367,0.0,1.0,0.0,0.0,2.0
23292,0.001853683147940765,0.4003955599552052,0.0,0.1,940.9168871239709,114.90167585149949,0.0,1.0,0.0,0.0,2.0
23293,0.00074584158981428,0.16110178339988449,0.0,0.1,936.0329046206588,115.2957726544911,0.0,1.0,0.0,0.0,2.0
23294,0.0004649857762275756,0.10043692766515633,0.0,0.1,934.4637067831121,116.23150443806502,0.0,1.0,0.0,0.0,2.0
23295,0.00047477038291089826,0.10255040270875403,0.0,0.1,935.4033651250194,119.30810820362358,0.0,1.0,0.0,0.0,2.0
23296,0.0015200237111425996,0.32832512160680155,0.0,0.1,937.5086250432624,121.64068591668197,0.0,1.0,0.0,0.0,2.0
23297,0.0010537582928807402,0.2276117912622399,0.0,0.1,942.7368494758584,123.28551814556339,0.0,1.0,0.0,0.0,2.0
23298,0.000511647091197874,0.11051577169874077,0.0,0.1,943.2695916492497,123.45984603041451,0.0,1.0,0.0,0.0,2.0
23299,0.0012898097780568462,0.27859891206027876,0.0,0.1,943.9705456725769,120.93678448768276,0.0,1.0,0.0,0.0,2.0
23300,0.0013599890166929402,0.2937576276056751,0.0,0.1,940.2864953142032,118.23773899138418,0.0,1.0,0.0,0.0,2.0
23301,0.0007346084618823767,0.15867542776659338,0.0,0.1,936.1520935136459,113.88374540209368,0.0,1.0,0.0,0.0,2.0
23302,0.00015016070231757127,0.0324347117005954,1.0,0.1,934.0456092179774,109.37126636871285,0.0,1.0,0.0,0.0,2.0
23303,0.0005103600366438507,0.11023776791507174,0.0,0.1,933.6503402663029,106.56845873510017,0.0,1.0,0.0,0.0,2.0
23304,0.0007826725082268541,0.1690572617770005,0.0,0.1,931.3149053244815,104.13443905500696,0.0,1.0,0.0,0.0,2.0
23305,0.0006282317865243499,0.1356980658892596,0.0,0.1,931.3034877607654,106.62527715684014,0.0,1.0,0.0,0.0,2.0
23306,0.0006188422245038329,0.13366992049282791,0.0,0.1,931.5361053130074,108.17006962739937,0.0,1.0,0.0,0.0,2.0
23307,0.0010343173674058305,0.22341255135965937,0.0,0.1,930.0528601152123,106.99473215934006,0.0,1.0,0.0,0.0,2.0
23308,0.0006610761470960045,0.14279244777273697,0.0,0.1,925.237146516287,101.8009217289412,0.0,1.0,0.0,0.0,2.0
23309,0.0005454999687737363,0.11782799325512705,0.0,0.1,922.8416849849439,97.03580188770614,0.0,1.0,0.0,0.0,2.0
23310,9.755909231213766e-05,0.021072763939421736,1.0,0.1,921.7487896644534,92.77037993749278,0.0,1.0,0.0,0.0,2.0
23311,4.416771056128506e-05,0.009540225481237573,1.0,0.1,921.9949215704012,89.14317885319085,0.0,1.0,0.0,0.0,2.0
23312,0.00037573059634374734,0.08115780881024943,1.0,0.1,922.7380406039869,88.92560620524243,0.0,1.0,0.0,0.0,2.0
23313,0.0005226431250897338,0.1128909150193825,0.0,0.1,925.8371155768205,91.63308716415392,0.0,1.0,0.0,0.0,2.0
23314,0.0002841660419977079,0.06137986507150491,1.0,0.1,927.3255839237339,95.2740055617054,0.0,1.0,0.0,0.0,2.0
23315,0.00030836582011404135,0.06660701714463294,1.0,0.1,926.5723376898214,95.52025387829195,0.0,1.0,0.0,0.0,2.0
23316,0.00015138285149610822,0.032698695923159375,1.0,0.1,926.6419556984494,95.08701274539453,0.0,1.0,0.0,0.0,2.0
23317,0.00020531811817767282,0.04434871352637733,1.0,0.1,927.3802266817601,94.94718185597512,0.0,1.0,0.0,0.0,2.0
23318,0.0001534492080882433,0.033145028947060555,1.0,0.1,926.1078209316208,93.3609665660186,0.0,1.0,0.0,0.0,2.0
23319,0.00035612614739051316,0.07692324783635085,1.0,0.1,925.4295366236971,92.22500798041449,0.0,1.0,0.0,0.0,2.0
23320,7.535526919387552e-05,0.01627673814587711,1.0,0.1,924.9170074089441,90.86864041018055,0.0,1.0,0.0,0.0,2.0
23321,0.0004016215210000079,0.0867502485360017,1.0,0.1,925.2869200292798,91.11205065060761,0.0,1.0,0.0,0.0,2.0
23322,0.0017063962565676328,0.3685815914186087,0.0,0.1,926.3445028178893,94.48165719155077,0.0,1.0,0.0,0.0,2.0
23323,0.001515694949783101,0.32739010915314987,0.0,0.1,929.0350175054516,103.64286087078074,0.0,1.0,0.0,0.0,2.0
23324,0.0002584685673714057,0.05582921055222363,1.0,0.1,932.6212526323828,109.1258750703232,0.0,1.0,0.0,0.0,2.0
23325,0.000860795263964121,0.18593177701625013,0.0,0.1,932.0744378210767,109.0944193840978,0.0,1.0,0.0,0.0,2.0
23326,0.0011277323731283956,0.24359019259573345,0.0,0.1,936.3476255051203,113.47487761959086,0.0,1.0,0.0,0.0,2.0
23327,0.00026922892913610626,0.05815344869339895,1.0,0.1,,,0.0,1.0,,,2.0
23328,0.0015342338960485406,0.3313945215464848,0.0,0.1,942.7395000480253,121.87842563327948,0.0,1.0,0.0,0.0,2.0
23329,0.0007958935292259817,0.17191300231281206,0.0,0.1,,,0.0,1.0,,,2.0
23330,0.0005423333972093327,0.11714401379721587,0.0,0.1,,,0.0,1.0,,,2.0
23331,0.0011424661722052361,0.246772693196331,0.0,0.1,,,0.0,1.0,,,2.0
23332,0.0007038500689739755,0.15203161489837871,0.0,0.1,945.4864472304556,124.05372977600659,0.0,1.0,0.0,0.0,2.0
23333,0.00045447935027747064,0.09816753965993366,1.0,0.1,946.6007473663302,123.3205217473409,0.0,1.0,0.0,0.0,2.0
23334,0.0001554897559718383,0.03358578728991707,1.0,0.1,944.7530083261817,121.5129412135166,0.0,1.0,0.0,0.0,2.0
23335,0.00035482496808512194,0.07664219310638634,1.0,0.1,942.6361024248638,115.89866557959054,0.0,1.0,0.0,0.0,2.0
23336,0.00017269562225528273,0.03730225440714107,1.0,0.1,940.7531411945415,109.69386183831537,0.0,1.0,0.0,0.0,2.0
23337,0.00045460141104484606,0.09819390478568675,1.0,0.1,935.9440456778669,100.69686513174776,0.0,1.0,0.0,0.0,2.0
23338,0.00046989124249101214,0.10149650837805863,0.0,0.1,933.2081026918469,96.82383335577165,0.0,1.0,0.0,0.0,2.0
23339,0.0017420519046369037,0.37628321140157117,0.0,0.1,930.7565659785704,98.36011444115708,0.0,1.0,0.0,0.0,2.0
23340,0.0014488489245701019,0.312951367707142,0.0,0.1,928.5513117979451,101.63650396651681,0.0,1.0,0.0,0.0,2.0
23341,0.0006037954588491368,0.13041981911141357,0.0,0.1,925.9932905588374,98.71918192093419,0.0,1.0,0.0,0.0,2.0
23342,0.00046457020015723603,0.10034716323396298,0.0,0.1,925.2552023299302,94.7432765676529,0.0,1.0,0.0,0.0,2.0
23343,0.0002713441783973415,0.058610342533825764,1.0,0.1,924.602349365321,93.638406023729,0.0,1.0,0.0,0.0,2.0
23344,0.00029316594981810786,0.06332384516071131,1.0,0.1,922.6542148853443,89.33106812359463,0.0,1.0,0.0,0.0,2.0
23345,0.0005782097786949653,0.12489331219811249,0.0,0.1,921.2192523258692,91.46978174233486,0.0,1.0,0.0,0.0,2.0
23346,0.0001741783261814827,0.03762251845520027,1.0,0.1,920.4916163308785,92.133116731329,0.0,1.0,0.0,0.0,2.0
23347,0.0004846341960742161,0.10468098635203069,0.0,0.1,919.9990333295107,92.58469251847492,0.0,1.0,0.0,0.0,2.0
23348,0.0004278562445905942,0.09241694883156835,1.0,0.1,920.3666275244714,93.26942894074418,0.0,1.0,0.0,0.0,2.0
23349,0.00023391943617487705,0.05052659821377344,1.0,0.1,919.5631914517003,93.0163503626898,0.0,1.0,0.0,0.0,2.0
23350,0.0002551788326338915,0.05511862784892057,1.0,0.1,918.5577305264613,91.18842248602398,0.0,1.0,0.0,0.0,2.0
23351,0.0002491092719739459,0.05380760274637231,1.0,0.1,920.3823876786536,88.96572239130995,0.0,1.0,0.0,0.0,2.0
23352,0.00029363861090153274,0.06342593995473107,1.0,0.1,920.6925089607357,87.30227090757397,0.0,1.0,0.0,0.0,2.0
23353,0.0007482682070620544,0.16162593272540376,0.0,0.1,922.2458485153062,89.12447760223306,0.0,1.0,0.0,0.0,2.0
23354,0.0004318963482169728,0.09328961121486613,1.0,0.1,924.780061845255,92.66891281836327,0.0,1.0,0.0,0.0,2.0
23355,3.7641290046388174e-05,0.008130518650019845,1.0,0.1,926.7259864086933,97.88161432570149,0.0,1.0,0.0,0.0,2.0
23356,0.000716316883197331,0.1547244467706235,0.0,0.1,,,0.0,1.0,,,2.0
23357,0.0002454320519940391,0.05301332323071244,1.0,0.1,935.2041227827394,112.5677264968796,0.0,1.0,0.0,0.0,2.0
23358,0.0008676862160807272,0.18742022267343708,0.0,0.1,933.1506628548572,114.93040787444686,0.0,1.0,0.0,0.0,2.0
23359,0.0013878466252972065,0.2997748710641966,0.0,0.1,932.6074707008233,118.13739048272447,0.0,1.0,0.0,0.0,2.0
23360,0.0005887937578609695,0.12717945169796943,0.0,0.1,930.3225342871001,118.34009671905869,0.0,1.0,0.0,0.0,2.0
23361,0.0006850718592618434,0.14797552160055819,0.0,0.1,932.5909837489875,119.27525008275742,0.0,1.0,0.0,0.0,2.0
23362,0.00014698474363564407,0.03174870462529912,1.0,0.1,935.0082903291428,120.36491831667294,0.0,1.0,0.0,0.0,2.0
23363,0.000708960004846358,0.15313536104681336,0.0,0.1,935.6408873342677,120.3090873917485,0.0,1.0,0.0,0.0,2.0
23364,0.0004932833765446042,0.1065492093336345,0.0,0.1,933.4221978096252,118.16367848493505,0.0,1.0,0.0,0.0,2.0
23365,0.00012941320531793037,0.027953252348672963,1.0,0.1,928.0134647662267,113.63471643394325,0.0,1.0,0.0,0.0,2.0
23366,0.00014775521830221356,0.031915127153278135,1.0,0.1,926.7215368367014,112.0640050885521,0.0,1.0,0.0,0.0,2.0
23367,0.0003601408342799195,0.07779042020446261,1.0,0.1,923.7796202623589,107.24449461341051,0.0,1.0,0.0,0.0,2.0
23368,0.0001462432145062089,0.03158853433334113,1.0,0.1,923.1847983596267,103.46031903478075,0.0,1.0,0.0,0.0,2.0
23369,8.711421671964487e-05,0.01881667081144329,1.0,0.1,919.6464584842283,97.1659883759317,0.0,1.0,0.0,0.0,2.0
23370,0.00022942698043313571,0.04955622777355732,1.0,0.1,917.8853903766155,93.74281922631513,0.0,1.0,0.0,0.0,2.0
23371,0.0009762034110051791,0.2108599367771187,0.0,0.1,914.1962940863099,88.35825755741216,0.0,1.0,0.0,0.0,2.0
23372,0.0012885183454648425,0.278319962620406,0.0,0.1,912.6589855499313,83.8880617344637,0.0,1.0,0.0,0.0,2.0
23373,0.0006071786983924039,0.13115059885275923,0.0,0.1,912.8371121021598,80.44592004541305,0.0,1.0,0.0,0.0,2.0
23374,0.0006777506542435494,0.14639414131660666,0.0,0.1,910.3125956583824,76.69889053544551,0.0,1.0,0.0,0.0,2.0
23375,0.0012222096714820157,0.26399728904011543,0.0,0.1,908.883033586669,75.39355069714561,0.0,1.0,0.0,0.0,2.0
23376,0.0004380061955081935,0.0946093382297698,1.0,0.1,908.7056318842168,76.98095013485425,0.0,1.0,0.0,0.0,2.0
23377,0.0001730108190720612,0.03737033691956522,1.0,0.1,908.6935822330681,78.67752068594291,0.0,1.0,0.0,0.0,2.0
23378,9.625658322006695e-05,0.020791421975534463,1.0,0.1,910.0744048650607,82.83282544990517,0.0,1.0,0.0,0.0,2.0
23379,0.0008127276041341105,0.1755491624929679,0.0,0.1,909.8076835886156,84.12334714926584,0.0,1.0,0.0,0.0,2.0
23380,0.0003085714945459855,0.06665144282193287,1.0,0.1,910.3147152699756,84.60000874527353,0.0,1.0,0.0,0.0,2.0
23381,0.00022317213682239935,0.04820518155363826,1.0,0.1,912.2943501495438,86.25488819993642,0.0,1.0,0.0,0.0,2.0
23382,0.0004502841249234035,0.09726137098345515,1.0,0.1,915.1436513051129,88.65117755214447,0.0,1.0,0.0,0.0,2.0
23383,0.000164542674423985,0.03554121767558076,1.0,0.1,917.4991220192422,92.89760806881779,0.0,1.0,0.0,0.0,2.0
23384,0.0001985206234957646,0.04288045467508515,1.0,0.1,918.328767388129,94.17930971494681,0.0,1.0,0.0,0.0,2.0
23385,0.00041305405249969897,0.08921967533993498,1.0,0.1,916.0771693225244,93.27567262804803,0.0,1.0,0.0,0.0,2.0
23386,0.0003064190548224386,0.06618651584164673,1.0,0.1,915.9132483129617,92.13602806921595,0.0,1.0,0.0,0.0,2.0
23387,0.00014453510418679436,0.03121958250434758,1.0,0.1,911.5767191677406,90.56948334513775,0.0,1.0,0.0,0.0,2.0
23388,0.0004199353863837359,0.09070604345888696,1.0,0.1,914.1858900581947,91.19437755646962,0.0,1.0,0.0,0.0,2.0
23389,0.0003661285546478566,0.07908376780393703,1.0,0.1,915.1840598176171,92.72822816471435,0.0,1.0,0.0,0.0,2.0
23390,0.0012311550977093125,0.26592950110521146,0.0,0.1,919.1231434368652,99.1717628576008,0.0,1.0,0.0,0.0,2.0
23391,0.0006460637538565834,0.139549770833022,0.0,0.1,921.0342284762661,107.1680267497379,0.0,1.0,0.0,0.0,2.0
23392,0.000331599118766237,0.0716254096535072,1.0,0.1,925.7269136152629,110.79176365038306,0.0,1.0,0.0,0.0,2.0
23393,0.0016497433441261455,0.35634456233124745,0.0,0.1,926.7760823200252,112.05126050753842,0.0,1.0,0.0,0.0,2.0
23394,0.0006943813199368703,0.14998636510636398,0.0,0.1,926.8747173963803,113.57672000838416,0.0,1.0,0.0,0.0,2.0
23395,0.0011611834531384667,0.2508156258779088,0.0,0.1,,,0.0,1.0,,,2.0
23396,0.00023113664010557933,0.049925514262805136,1.0,0.1,,,0.0,1.0,,,2.0
23397,0.0005285276493154569,0.11416197225213869,0.0,0.1,,,0.0,1.0,,,2.0
23398,0.00048712358509876334,0.10521869438133288,0.0,0.1,934.3525939677517,121.50203781152265,0.0,1.0,0.0,0.0,2.0
23399,0.0013482926656021568,0.2912312157700659,0.0,0.1,935.2151648960136,121.80908931838967,0.0,1.0,0.0,0.0,2.0
23400,0.0013728747461329983,0.2965409451647276,0.0,0.1,937.3006847843012,120.81080050020527,0.0,1.0,0.0,0.0,2.0
23401,0.00023664475895406156,0.051115267934077294,1.0,0.1,935.5018120999376,117.35344771562339,0.0,1.0,0.0,0.0,2.0
23402,0.00032917639786122414,0.07110210193802441,1.0,0.1,933.006642630353,114.07322350410413,0.0,1.0,0.0,0.0,2.0
23403,0.00047506607094317246,0.10261427132372525,0.0,0.1,931.4139811829785,109.10484352144707,0.0,1.0,0.0,0.0,2.0
23404,0.0009328639314639683,0.20149860919621715,0.0,0.1,930.5495336255715,104.54295900289071,0.0,1.0,0.0,0.0,2.0
23405,0.00024174545266605408,0.05221701777586768,1.0,0.1,930.0750874949048,100.24404671801643,0.0,1.0,0.0,0.0,2.0
23406,0.00045057313996998483,0.09732379823351674,1.0,0.1,929.8381376015452,98.71211950298652,0.0,1.0,0.0,0.0,2.0
23407,0.0004550956033123749,0.09830065031547298,1.0,0.1,932.2899413587602,97.94652801417661,0.0,1.0,0.0,0.0,2.0
23408,0.0005398396056261799,0.11660535481525487,0.0,0.1,932.7367030582635,96.25126671934814,0.0,1.0,0.0,0.0,2.0
23409,0.0005141835997610657,0.11106365754839018,0.0,0.1,932.0332091295244,95.21468471175385,0.0,1.0,0.0,0.0,2.0
23410,0.0005695041018247728,0.12301288599415092,0.0,0.1,929.9063682575887,94.95757454866923,0.0,1.0,0.0,0.0,2.0
23411,0.0006395238493763208,0.1381371514652853,0.0,0.1,929.5363474151873,96.30773231047206,0.0,1.0,0.0,0.0,2.0
23412,0.000590640735610591,0.12757839889188766,0.0,0.1,926.0811872736124,98.45248343339725,0.0,1.0,0.0,0.0,2.0
23413,8.059993262372864e-05,0.017409585446725388,1.0,0.1,924.4631134299962,98.90608234754774,0.0,1.0,0.0,0.0,2.0
23414,1.7465583815995645e-05,0.0037725661042550596,1.0,0.1,924.6495625714078,96.93199582832203,0.0,1.0,0.0,0.0,2.0
23415,0.0005781221131948976,0.12487437645009787,0.0,0.1,924.2491751843988,96.3674527008836,0.0,1.0,0.0,0.0,2.0
23416,0.00044142133289293165,0.09534700790487323,1.0,0.1,923.1918683890395,94.12174610492501,0.0,1.0,0.0,0.0,2.0
23417,0.00014321336980797664,0.030934087878522958,1.0,0.1,920.4852986239353,91.48213708391775,0.0,1.0,0.0,0.0,2.0
23418,0.00025656318673729323,0.05541764833525534,1.0,0.1,922.136807710775,92.71359863475804,0.0,1.0,0.0,0.0,2.0
23419,9.668690694001777e-05,0.020884371899043838,1.0,0.1,923.9010233678532,93.6894121448289,0.0,1.0,0.0,0.0,2.0
23420,0.00015868907998041923,0.034276841275770555,1.0,0.1,923.6453185935858,93.06280203638002,0.0,1.0,0.0,0.0,2.0
23421,0.00016791202671816684,0.03626899777112404,1.0,0.1,923.4262453129304,90.19446724753332,0.0,1.0,0.0,0.0,2.0
23422,0.0002218654131919705,0.04792292924946563,1.0,0.1,923.1106133359551,89.15733809472354,0.0,1.0,0.0,0.0,2.0
23423,0.0001249441228310925,0.02698793053151598,1.0,0.1,920.2917597878015,87.4282160876237,0.0,1.0,0.0,0.0,2.0
23424,0.00020925548614442635,0.045199185007196094,1.0,0.1,921.0185159517646,88.06135728651701,0.0,1.0,0.0,0.0,2.0
23425,0.0004413471990018876,0.09533099498440772,1.0,0.1,919.0467727297776,87.0670498336363,0.0,1.0,0.0,0.0,2.0
23426,0.0001575099085560507,0.03402214024810695,1.0,0.1,917.4549038613872,87.73281906027152,0.0,1.0,0.0,0.0,2.0
23427,0.000378855095626131,0.08183270065524428,1.0,0.1,916.0706137926688,87.54568667571668,0.0,1.0,0.0,0.0,2.0
23428,0.00016115091727232595,0.034808598130822405,1.0,0.1,913.1337582006946,85.71852590484336,0.0,1.0,0.0,0.0,2.0
23429,9.520160182326336e-05,0.020563545993824886,1.0,0.1,912.0477074472772,84.96769744358608,0.0,1.0,0.0,0.0,2.0
23430,7.079285013967145e-05,0.015291255630169035,1.0,0.1,911.2768332772863,84.2383095232436,0.0,1.0,0.0,0.0,2.0
23431,0.0001754013714201873,0.037886696226760455,1.0,0.1,910.8639708054359,82.16595348530448,0.0,1.0,0.0,0.0,2.0
23432,0.0001355512650766132,0.029279073256548452,1.0,0.1,909.9704485545008,79.57784358393721,0.0,1.0,0.0,0.0,2.0
23433,0.00038664184936787184,0.08351463946346031,1.0,0.1,912.4982528063401,80.43161997983925,0.0,1.0,0.0,0.0,2.0
23434,0.0005612399050122167,0.12122781948263882,0.0,0.1,911.8418417117294,78.37743287813146,0.0,1.0,0.0,0.0,2.0
23435,8.384785953122461e-05,0.018111137658744517,1.0,0.1,911.2017947232046,77.53557715630106,0.0,1.0,0.0,0.0,2.0
23436,0.00033878468150062504,0.07317749120413501,1.0,0.1,910.9433055179046,75.29420564083294,0.0,1.0,0.0,0.0,2.0
23437,0.00049851782573952,0.10767985035973633,0.0,0.1,911.908391868633,75.05918159326636,0.0,1.0,0.0,0.0,2.0
23438,0.00037671499631487587,0.08137043920401318,1.0,0.1,913.3941415674462,75.05096526072003,0.0,1.0,0.0,0.0,2.0
23439,0.00028784989877912536,0.06217557813629108,1.0,0.1,916.4658203723691,75.07227785712446,0.0,1.0,0.0,0.0,2.0
23440,0.00038733436202338157,0.08366422219705043,1.0,0.1,918.9187308233838,73.82533175934218,0.0,1.0,0.0,0.0,2.0
23441,0.00028202727670806376,0.06091789176894178,1.0,0.1,920.8304637224061,74.52964725300559,0.0,1.0,0.0,0.0,2.0
23442,0.000427993972804066,0.09244669812567825,1.0,0.1,920.1990758913892,73.54142070961925,0.0,1.0,0.0,0.0,2.0
23443,1.657652358095246e-05,0.003580529093485732,1.0,0.1,922.9582363823135,73.90810229750558,0.0,1.0,0.0,0.0,2.0
23444,0.00016928878927047018,0.03656637848242156,1.0,0.1,923.1051649201908,73.5589955921682,0.0,1.0,0.0,0.0,2.0
23445,0.0001809874740248959,0.03909329438937752,1.0,0.1,918.2568219782889,70.26914614469001,0.0,1.0,0.0,0.0,2.0
23446,0.00010241405870957732,0.022121436681268702,1.0,0.1,918.4578987926095,71.46627994542331,0.0,1.0,0.0,0.0,2.0
23447,0.0001344762046594883,0.029046860206449473,1.0,0.1,918.0327896761015,71.39309993400626,0.0,1.0,0.0,0.0,2.0
23448,0.0003798561816660818,0.08204893523987367,1.0,0.1,918.4946086500347,69.62570156442942,0.0,1.0,0.0,0.0,2.0
23449,0.0004222356148097036,0.09120289279889597,1.0,0.1,919.3118481678574,69.76874712595827,0.0,1.0,0.0,0.0,2.0
23450,9.285468164170787e-05,0.0200566112346089,1.0,0.1,918.309908474832,68.93387507043333,0.0,1.0,0.0,1.0,2.0
23451,0.00041226419065456307,0.08904906518138563,1.0,0.1,918.730881083561,68.69405442874547,0.0,1.0,0.0,1.0,2.0
23452,0.00023385097551682023,0.050511810711633166,1.0,0.1,919.574839406234,68.80804787050309,0.0,1.0,0.0,1.0,2.0
23453,0.00016830854674401805,0.0363546460967079,1.0,0.1,920.6929483054894,69.79439897729658,0.0,1.0,0.0,0.0,2.0
23454,8.970749001086768e-05,0.019376817842347422,1.0,0.1,920.4278903518039,69.68493568116348,0.0,1.0,0.0,0.0,2.0
23455,0.00013491711582022548,0.029142097017168706,1.0,0.1,920.1634264118692,69.6244441042107,0.0,1.0,0.0,0.0,2.0
23456,0.0002751536382306268,0.059433185857815395,1.0,0.1,919.8760899949219,68.84291492950598,0.0,1.0,0.0,1.0,2.0
23457,0.00017577481947778464,0.03796736100720148,1.0,0.1,921.2422684176596,68.78202645343647,0.0,1.0,0.0,1.0,2.0
23458,0.00025791938812791426,0.05571058783562948,1.0,0.1,925.0529541991137,71.37472026840805,0.0,1.0,0.0,0.0,2.0
23459,0.00017387136083115017,0.03755621393952844,1.0,0.1,926.3390391130808,73.16448600871013,0.0,1.0,0.0,0.0,2.0
23460,0.00018444682614362823,0.039840514447023696,1.0,0.1,926.1556675210169,72.9574710364765,0.0,1.0,0.0,0.0,2.0
23461,0.00029059514845315964,0.06276855206588249,1.0,0.1,926.8063026576568,72.2999282107287,0.0,1.0,0.0,0.0,2.0
23462,0.0004358832856137346,0.09415078969256668,1.0,0.1,928.0220659075353,71.98153413849572,0.0,1.0,0.0,0.0,2.0
23463,0.00014232623417930875,0.030742466582730693,1.0,0.1,928.7763932663263,71.72681753840143,0.0,1.0,0.0,0.0,2.0
23464,4.7274088707785416e-05,0.01021120316088165,1.0,0.1,928.9402458324238,70.82384171453133,0.0,1.0,0.0,0.0,2.0
23465,0.00024006946341156325,0.05185500409689766,1.0,0.1,929.2732096114997,71.20658787028958,0.0,1.0,0.0,0.0,2.0
23466,0.00017167588273879692,0.037081990671580134,1.0,0.1,930.1124325324059,72.20476549851115,0.0,1.0,0.0,0.0,2.0
23467,0.00023883967267157558,0.051589369297060324,1.0,0.1,928.6543432305454,70.76704396387463,0.0,1.0,0.0,0.0,2.0
23468,5.693837367972248e-05,0.012298688714820058,1.0,0.1,928.5475884603952,70.78990001562457,0.0,1.0,0.0,0.0,2.0
23469,5.094921636446218e-05,0.011005030734723831,1.0,0.1,926.0768277854174,68.3548938138019,0.0,1.0,0.0,1.0,2.0
23470,3.459680919447782e-05,0.007472910786007209,1.0,0.1,925.3868232797204,68.63147712479329,0.0,1.0,0.0,1.0,2.0
23471,0.00012394072194372354,0.026771195939844287,1.0,0.1,923.3740936227005,67.45221038381749,0.0,1.0,0.0,1.0,2.0
23472,1.8997536644755314e-05,0.004103467915267148,1.0,0.1,922.362235327118,67.95148062720139,0.0,1.0,0.0,1.0,2.0
23473,1.4056735864732225e-05,0.003036254946782161,1.0,0.1,922.3819456112707,67.54545703454552,0.0,1.0,0.0,1.0,2.0
23474,0.00017391325837991603,0.037565263810061866,1.0,0.1,923.433882852611,68.03765663235143,0.0,1.0,0.0,1.0,2.0
23475,3.198054456105341e-05,0.006907797625187537,1.0,0.1,919.4590708852024,65.41925594519341,0.0,1.0,0.0,1.0,2.0
23476,0.0002234864793516047,0.04827307953994662,1.0,0.1,919.967587435516,66.08814520341107,0.0,1.0,0.0,1.0,2.0
23477,0.0002463083842384981,0.05320261099551559,1.0,0.1,918.5776907278122,64.23266962885572,0.0,1.0,0.0,1.0,2.0
23478,0.00013741380759277775,0.029681382440039997,1.0,0.1,917.3718208602555,63.22551514248751,0.0,1.0,0.0,1.0,2.0
23479,0.00017461424405326408,0.03771667671550504,1.0,0.1,917.7905499827406,63.39472308063154,0.0,1.0,0.0,1.0,2.0
23480,0.00015108391239221475,0.03263412507671838,1.0,0.1,917.1290761987992,62.852941632031786,0.0,1.0,0.0,1.0,2.0
23481,0.00014007776564638013,0.030256797379618106,1.0,0.1,917.7333762558087,62.64633082786528,0.0,1.0,0.0,1.0,2.0
23482,0.0002448588937181799,0.05288952104312686,1.0,0.1,922.318006012216,64.01615803832188,0.0,1.0,0.0,1.0,2.0
23483,0.0002697209512923331,0.058259725479143945,1.0,0.1,921.7946154994322,63.125014832023965,0.0,1.0,0.0,1.0,2.0
23484,0.00017954791885965913,0.03878235047368637,1.0,0.1,923.4633881198673,65.03890427146314,0.0,1.0,0.0,1.0,2.0
23485,0.00026104394984921884,0.056385493167431265,1.0,0.1,924.3436983858724,65.99005904289986,0.0,1.0,0.0,1.0,2.0
23486,0.00034453452548134075,0.07441945750396961,1.0,0.1,925.9559564974767,67.2996769771099,0.0,1.0,0.0,1.0,2.0
23487,0.00023725355191930438,0.05124676721456975,1.0,0.1,927.132665392402,68.72368774950141,0.0,1.0,0.0,1.0,2.0
23488,0.001109483801813595,0.2396485011917365,0.0,0.1,930.600069391387,71.31257731789134,0.0,1.0,0.0,0.0,2.0
23489,0.00011403692735774301,0.02463197630927249,1.0,0.1,934.4617528265945,75.89351893914206,0.0,1.0,0.0,0.0,2.0
23490,5.702423445085244e-05,0.012317234641384126,1.0,0.1,939.1872655768047,80.8971330502765,0.0,1.0,0.0,0.0,2.0
23491,0.0003050786706548816,0.06589699286145442,1.0,0.1,938.2289739584402,79.86708035800501,0.0,1.0,0.0,0.0,2.0
23492,0.00023213410611446782,0.050140966920725054,1.0,0.1,934.6497568683832,75.62332807736543,0.0,1.0,0.0,0.0,2.0
23493,0.00021973833440686684,0.04746348023188324,1.0,0.1,929.6510546720417,71.04410346919856,0.0,1.0,0.0,0.0,2.0
23494,0.00019518535794262946,0.04216003731560796,1.0,0.1,928.3094832334126,69.46398673780848,0.0,1.0,0.0,1.0,2.0
23495,3.140132895203261e-05,0.0067826870536390445,1.0,0.1,927.3163881973387,68.49830484873297,0.0,1.0,0.0,1.0,2.0
23496,0.000281329507107938,0.06076717353531461,1.0,0.1,929.0111798065058,69.46194365024975,0.0,1.0,0.0,1.0,2.0
23497,9.892146963029025e-05,0.021367037440142695,1.0,0.1,930.0598113507846,70.13934851605231,0.0,1.0,0.0,0.0,2.0
23498,0.00017682832692251735,0.03819491861526375,1.0,0.1,929.4787455630128,70.11615046116798,0.0,1.0,0.0,0.0,2.0
23499,0.0003482655473187749,0.07522535822085538,1.0,0.1,927.9433719298019,68.30704990753331,0.0,1.0,0.0,1.0,2.0
23500,0.00011656266479859508,0.025177535596496537,1.0,0.1,927.598888466816,68.90545049028364,0.0,1.0,0.0,1.0,2.0
23501,0.0002944287160293195,0.06359660266233301,1.0,0.1,927.5338681670521,69.208374652058,0.0,1.0,0.0,1.0,2.0
23502,0.00018293643059805458,0.039514269009179794,1.0,0.1,927.7379728653078,70.61453021807189,0.0,1.0,0.0,0.0,2.0
23503,0.00017093697085616085,0.03692238570493075,1.0,0.1,929.5019783360863,72.53876419665967,0.0,1.0,0.0,0.0,2.0
23504,8.278749135543237e-05,0.017882098132773392,1.0,0.1,929.1871433128697,73.34937521450578,0.0,1.0,0.0,0.0,2.0
23505,0.00020035023847019099,0.04327565150956126,1.0,0.1,929.9043477653697,73.90409586763238,0.0,1.0,0.0,0.0,2.0
23506,0.0005798835035087814,0.1252548367578968,0.0,0.1,929.6522062009178,73.56123490580633,0.0,1.0,0.0,0.0,2.0
23507,0.0002604899122908893,0.056265821054832084,1.0,0.1,932.6063995988233,77.4160140397453,0.0,1.0,0.0,0.0,2.0
23508,0.00018562048586209692,0.04009402494621293,1.0,0.1,933.1910154239662,80.60877690783803,0.0,1.0,0.0,0.0,2.0
23509,0.00012708077559310998,0.027449447528111758,1.0,0.1,933.5052366651546,81.35798405386765,0.0,1.0,0.0,0.0,2.0
23510,0.0004362073995112907,0.09422079829443879,1.0,0.1,934.7199360432012,82.41833653208171,0.0,1.0,0.0,0.0,2.0
23511,0.0004226072643863409,0.09128316910744964,1.0,0.1,938.9472163529485,85.98492521609161,0.0,1.0,0.0,0.0,2.0
23512,0.0006106821054583232,0.1319073347789978,0.0,0.1,943.6772721230934,87.75302184005444,0.0,1.0,0.0,0.0,2.0
23513,0.0013314779275712604,0.28759923235539225,0.0,0.1,944.6964873341702,91.30964860153829,0.0,1.0,0.0,0.0,2.0
23514,0.0008015483470905452,0.17313444297155778,0.0,0.1,942.5055398711766,91.27231140165692,0.0,1.0,0.0,0.0,2.0
23515,0.00026377027729244007,0.05697437989516706,1.0,0.1,940.9342011524485,92.5444758115872,0.0,1.0,0.0,0.0,2.0
23516,0.0005647968036302986,0.1219961095841445,0.0,0.1,937.8391189081291,94.6557610299576,0.0,1.0,0.0,0.0,2.0
23517,0.0007157134133610735,0.15459409728599188,0.0,0.1,939.1589911530859,98.36285829352771,0.0,1.0,0.0,0.0,2.0
23518,0.0001369458440895718,0.029580302323347508,1.0,0.1,938.7999295497586,99.7765380910817,0.0,1.0,0.0,0.0,2.0
23519,0.00030971464586774253,0.06689836350743239,1.0,0.1,939.17920560828,99.78152943432237,0.0,1.0,0.0,0.0,2.0
23520,0.00029244255255167967,0.06316759135116282,1.0,0.1,939.2226967149987,100.25677183863418,0.0,1.0,0.0,0.0,2.0
23521,0.000325836893416264,0.07038076897791302,1.0,0.1,941.806078667616,101.62771432938023,0.0,1.0,0.0,0.0,2.0
23522,0.00028440987443070385,0.06143253287703203,1.0,0.1,946.0138683923785,102.90476546945692,0.0,1.0,0.0,0.0,2.0
23523,0.0001360370655114178,0.029384006150466248,1.0,0.1,947.6807665432157,104.12010552263462,0.0,1.0,0.0,0.0,2.0
23524,0.0009445665847411763,0.20402638230409406,0.0,0.1,946.4602917199095,105.79575585149564,0.0,1.0,0.0,0.0,2.0
23525,,,,0.1,945.8088961867753,111.88299091433561,0.0,1.0,0.0,0.0,2.0
23526,,,,0.1,,,,,,,2.0
23527,0.0005614641037084764,0.1212762464010309,0.0,0.1,,,0.0,1.0,,,2.0
23528,0.001447212525150475,0.3125979054325026,0.0,0.1,946.5638667170141,120.50246522160784,0.0,1.0,0.0,0.0,2.0
23529,0.001139112096440573,0.2460482128311638,0.0,0.1,,,0.0,1.0,,,2.0
23530,0.0009163236352944735,0.19792590522360629,0.0,0.1,949.4468454825856,127.60946519523536,0.0,1.0,0.0,0.0,2.0
23531,6.148362603147443e-05,0.013280463222798477,1.0,0.1,,,0.0,1.0,,,2.0
23532,0.001256813578885506,0.2714717330392693,0.0,0.1,,,0.0,1.0,,,2.0
23533,0.001839039331949455,0.39723249570108227,0.0,0.1,,,0.0,1.0,,,2.0
23534,0.00015715419477509957,0.0339453060714215,1.0,0.1,,,0.0,1.0,,,2.0
23535,0.0002429505498038497,0.052477318757631536,1.0,0.1,947.2799112535007,126.13496962167959,0.0,1.0,0.0,0.0,2.0
23536,0.000486490672650733,0.10508198529255833,0.0,0.1,947.2036885185705,123.80392015951762,0.0,1.0,0.0,0.0,2.0
23537,0.0003956576107743065,0.08546204392725021,1.0,0.1,948.4155678656974,122.02480214881689,0.0,1.0,0.0,0.0,2.0
23538,0.0010981995069800868,0.23721109350769876,0.0,0.1,950.50537152361,117.6758173745919,0.0,1.0,0.0,0.0,2.0
23539,0.0010771560909352002,0.23266571564200328,0.0,0.1,949.2004629951903,114.37792339458308,0.0,1.0,0.0,0.0,2.0
23540,0.00033189368789601965,0.07168903658554025,1.0,0.1,943.7349145598444,107.81800743700546,0.0,1.0,0.0,0.0,2.0
23541,0.000561297429979846,0.12124024487564675,0.0,0.1,943.1914892196343,106.18552247207701,0.0,1.0,0.0,0.0,2.0
23542,0.0012957888770423287,0.27989039744114297,0.0,0.1,942.6606666870041,103.32650610376838,0.0,1.0,0.0,0.0,2.0
23543,0.001287332867367712,0.2780638993514258,0.0,0.1,944.1826733091422,101.6868861991139,0.0,1.0,0.0,0.0,2.0
23544,0.0011818299188512131,0.25527526247186205,0.0,0.1,941.2817433922769,98.04823452369814,0.0,1.0,0.0,0.0,2.0
23545,0.0006039600892400639,0.1304553792758538,0.0,0.1,940.0738871007491,97.46833766052072,0.0,1.0,0.0,0.0,2.0
23546,0.0002704518220413347,0.058417593560928294,1.0,0.1,939.4234827829155,96.80929716912362,0.0,1.0,0.0,0.0,2.0
23547,0.0001188112953803682,0.02566323980215953,1.0,0.1,935.7976318877812,94.09156137816055,0.0,1.0,0.0,0.0,2.0
23548,0.0001321278463638589,0.028539614814593526,1.0,0.1,934.7419928248343,93.48950337449278,0.0,1.0,0.0,0.0,2.0
23549,0.00024093426219280915,0.05204180063364678,1.0,0.1,935.0705930167694,93.69797397748366,0.0,1.0,0.0,0.0,2.0
23550,0.0001512599440349361,0.0326721479115462,1.0,0.1,935.0449331855216,93.41209460466203,0.0,1.0,0.0,0.0,2.0
23551,0.0002915344141205966,0.06297143345004887,1.0,0.1,931.0763831035334,90.36495676681722,0.0,1.0,0.0,0.0,2.0
23552,4.687267762295276e-05,0.010124498366557797,1.0,0.1,929.7132613282121,89.02704319675762,0.0,1.0,0.0,0.0,2.0
23553,0.00016095923801014595,0.03476719541019153,1.0,0.1,929.297015578665,89.31268095520116,0.0,1.0,0.0,0.0,2.0
23554,0.00026558727910977535,0.057366852287711476,1.0,0.1,928.5699275724572,88.04464490644226,0.0,1.0,0.0,0.0,2.0
23555,0.0004976844718803961,0.10749984592616556,0.0,0.1,928.2612358483613,87.63415377914107,0.0,1.0,0.0,0.0,2.0
23556,0.00044293088948162227,0.09567307212803042,1.0,0.1,927.4219926678179,86.65124118008721,0.0,1.0,0.0,0.0,2.0
23557,0.0001342826043802445,0.02900504254613281,1.0,0.1,926.0948171618804,85.29280432715181,0.0,1.0,0.0,0.0,2.0
23558,0.00016711040908316745,0.036095848361964174,1.0,0.1,923.7948977633833,83.61921079595832,0.0,1.0,0.0,0.0,2.0
23559,0.00026476694988901954,0.05718966117602822,1.0,0.1,923.2339397026342,82.50443895799316,0.0,1.0,0.0,0.0,2.0
23560,0.00022200725190615338,0.04795356641172913,1.0,0.1,921.864586900842,80.95226261474392,0.0,1.0,0.0,0.0,2.0
23561,0.00029926968069024957,0.0646422510290939,1.0,0.1,923.3211908396171,81.64929344045512,0.0,1.0,0.0,0.0,2.0
23562,0.001148869592797838,0.248155832044333,0.0,0.1,923.2938129690265,80.65682412349727,0.0,1.0,0.0,0.0,2.0
23563,0.0013892386296700746,0.30007554400873615,0.0,0.1,917.9692313435388,74.62610303453062,0.0,1.0,0.0,0.0,2.0
23564,0.00041480029146697555,0.08959686295686672,1.0,0.1,917.3165613442103,73.28483740173634,0.0,1.0,0.0,0.0,2.0
23565,0.0008084196276227887,0.17461863956652238,0.0,0.1,915.4404324891005,69.29357669747922,0.0,1.0,0.0,1.0,2.0
23566,0.0006361900274741529,0.137417045934417,0.0,0.1,913.6802634084921,64.04819458668018,0.0,1.0,0.0,1.0,2.0
23567,0.0009661384482820123,0.20868590482891466,0.0,0.1,914.8568156874328,62.21839489349315,0.0,1.0,0.0,1.0,2.0
23568,0.00014427761070960818,0.031163963913275368,1.0,0.1,918.6097633865551,64.5480126297347,0.0,1.0,0.0,1.0,2.0
23569,0.00018066310816360507,0.0390232313633387,1.0,0.1,923.7816964478094,65.35287334078872,0.0,1.0,0.0,1.0,2.0
23570,8.606679214306706e-05,0.018590427102902485,1.0,0.1,926.7888885990269,66.32743672127816,0.0,1.0,0.0,1.0,2.0
23571,0.0002584083620131391,0.05581620619483805,1.0,0.1,930.7494454967037,69.32746208721692,0.0,1.0,0.0,1.0,2.0
23572,0.00010114201679574757,0.021846675627881475,1.0,0.1,932.9874123538891,70.60458403712364,0.0,1.0,0.0,0.0,2.0
23573,0.000679767182595518,0.1468297114406319,0.0,0.1,933.7311229841641,71.36463679644953,0.0,1.0,0.0,0.0,2.0
23574,0.00010884723591359856,0.02351100295733729,1.0,0.1,935.9170442406371,73.33706461602212,0.0,1.0,0.0,0.0,2.0
23575,0.00019141374679615013,0.04134536930796843,1.0,0.1,942.9776275448621,79.20204025463794,0.0,1.0,0.0,0.0,2.0
23576,0.0002834770977860325,0.06123105312178302,1.0,0.1,951.6235275102455,86.62834895614766,0.0,1.0,0.0,0.0,2.0
23577,0.00011542726858764207,0.024932290014930688,1.0,0.1,955.2984237743765,90.3031089965741,0.0,1.0,0.0,0.0,2.0
23578,0.00019806100784415162,0.04278117769433675,1.0,0.1,959.5248860818355,95.54443918386286,0.0,1.0,0.0,0.0,2.0
23579,0.0007045734009928103,0.15218785461444703,0.0,0.1,960.248570617818,96.1776500863092,0.0,1.0,0.0,0.0,2.0
23580,0.00010533048184111964,0.022751384077681843,1.0,0.1,960.2457603603035,95.59890394801796,0.0,1.0,0.0,0.0,2.0
23581,0.000551624774972866,0.11915095139413905,0.0,0.1,961.2003280285061,96.74237127626643,0.0,1.0,0.0,0.0,2.0
23582,0.0003091756455588171,0.06678193944070449,1.0,0.1,961.8748853129495,97.30228732727349,0.0,1.0,0.0,0.0,2.0
23583,0.00019227753848302608,0.04153194831233363,1.0,0.1,962.8528583611927,98.31200492084984,0.0,1.0,0.0,0.0,2.0
23584,0.0001724656684878234,0.037252584393369856,1.0,0.1,963.1593607797322,98.41602448618954,0.0,1.0,0.0,0.0,2.0
23585,0.0003401963526331868,0.07348241216876834,1.0,0.1,963.4189265293883,98.8280240336758,0.0,1.0,0.0,0.0,2.0
23586,0.0008396328093782213,0.1813606868256958,0.0,0.1,962.8929624939783,98.37349197943571,0.0,1.0,0.0,0.0,2.0
23587,0.0003624606561455007,0.07829150172742816,1.0,0.1,963.5289687730277,98.65214311076718,0.0,1.0,0.0,0.0,2.0
23588,0.00018821746176411264,0.04065497174104833,1.0,0.1,963.8188725968008,98.0464206175135,0.0,1.0,0.0,0.0,2.0
23589,0.00021179000460623052,0.04574664099494579,1.0,0.1,962.40940015296,96.21122149829402,0.0,1.0,0.0,0.0,2.0
23590,0.00010977356347849194,0.023711089711354258,1.0,0.1,961.2752082822336,94.62069698264018,0.0,1.0,0.0,0.0,2.0
23591,0.00012500450708875384,0.02700097353117083,1.0,0.1,961.345625401907,94.8518293883001,0.0,1.0,0.0,0.0,2.0
23592,0.0006374683594604995,0.1376931656434679,0.0,0.1,959.8627176157349,93.53107350189705,0.0,1.0,0.0,0.0,2.0
23593,0.00042916626636376305,0.09269991353457281,1.0,0.1,957.7671683793998,90.95603633063706,0.0,1.0,0.0,0.0,2.0
23594,0.000998333717008892,0.2156400828739207,0.0,0.1,955.4218505839069,88.12185762499935,0.0,1.0,0.0,0.0,2.0
23595,0.00015725462408114232,0.033966998801526746,1.0,0.1,953.8863833826418,86.5174015842611,0.0,1.0,0.0,0.0,2.0
23596,0.00019779373381548907,0.04272344650414564,1.0,0.1,951.254374241055,83.3181522304169,0.0,1.0,0.0,0.0,2.0
23597,0.0003656309367923173,0.07897628234714055,1.0,0.1,949.8193050702423,81.56198910703,0.0,1.0,0.0,0.0,2.0
23598,0.00034620652599217007,0.07478060961430874,1.0,0.1,948.6206024793402,80.06614306116255,0.0,1.0,0.0,0.0,2.0
23599,0.0002204262865328626,0.047612077891098316,1.0,0.1,949.118542164492,80.39748117489574,0.0,1.0,0.0,0.0,2.0
23600,0.0002248499213800564,0.048567583018092185,1.0,0.1,949.6611470003311,80.97297031324291,0.0,1.0,0.0,0.0,2.0
23601,0.00022662040276581316,0.04895000699741564,1.0,0.1,951.6126139723676,82.60817998397765,0.0,1.0,0.0,0.0,2.0
23602,0.00018599810467330953,0.04017559060943486,1.0,0.1,953.5421796026752,84.5134980474172,0.0,1.0,0.0,0.0,2.0
23603,0.0001425186607510341,0.03078403072222337,1.0,0.1,953.2928296035444,84.1654284030978,0.0,1.0,0.0,0.0,2.0
23604,0.00016262034932881678,0.03512599545502443,1.0,0.1,955.6471269076793,86.69008722626663,0.0,1.0,0.0,0.0,2.0
23605,0.0010293367098514266,0.22233672932790816,0.0,0.1,956.1392679815632,87.1568952402884,0.0,1.0,0.0,0.0,2.0
23606,0.0012880223765740569,0.2782128333399963,0.0,0.1,956.0174777974712,86.68245713709412,0.0,1.0,0.0,0.0,2.0
23607,5.0949047059156806e-05,0.01100499416477787,1.0,0.1,958.4203776279514,88.83354839730167,0.0,1.0,0.0,0.0,2.0
23608,0.0003424776175295613,0.07397516538638524,1.0,0.1,960.0887023794227,90.26914808093031,0.0,1.0,0.0,0.0,2.0
23609,0.0002473682598667538,0.05343154413121882,1.0,0.1,961.1227147520649,91.26643857773313,0.0,1.0,0.0,0.0,2.0
23610,7.742210009194528e-05,0.016723173619860178,1.0,0.1,961.9707081646658,91.76565691771846,0.0,1.0,0.0,0.0,2.0
23611,0.00013454303731280783,0.029061296059566494,1.0,0.1,962.4762668949945,92.29337527464912,0.0,1.0,0.0,0.0,2.0
23612,0.00021775112433606724,0.047034242856590525,1.0,0.1,963.0655278755322,92.71640816072448,0.0,1.0,0.0,0.0,2.0
23613,0.0006273021932196613,0.13549727373544684,0.0,0.1,965.1232822888055,94.7902067108786,0.0,1.0,0.0,0.0,2.0
23614,0.0003941942165191348,0.08514595076813312,1.0,0.1,965.8140708000235,95.20907708580478,0.0,1.0,0.0,0.0,2.0
23615,0.0002822378823747082,0.060963382592936974,1.0,0.1,968.6992418661484,97.67583474989404,0.0,1.0,0.0,0.0,2.0
23616,0.0004916591658537054,0.10619837982440038,0.0,0.1,969.4105509111706,98.36197711465893,0.0,1.0,0.0,0.0,2.0
23617,6.727207220121804e-05,0.014530767595463097,1.0,0.1,970.2043760231368,99.1270362674657,0.0,1.0,0.0,0.0,2.0
23618,0.00013427725077887187,0.029003886168236324,1.0,0.1,970.4315725924357,99.59047597178349,0.0,1.0,0.0,0.0,2.0
23619,0.0006715189226390011,0.14504808729002425,0.0,0.1,972.123404869935,101.04510520307531,0.0,1.0,0.0,0.0,2.0
23620,0.0002162304433894941,0.04670577577213073,1.0,0.1,973.3693137164454,102.14271182656134,0.0,1.0,0.0,0.0,2.0
23621,0.0001416146767096732,0.03058877016928941,1.0,0.1,974.4702787434475,103.1269128596744,0.0,1.0,0.0,0.0,2.0
23622,0.00012553856825127475,0.027116330742275346,1.0,0.1,974.7951204231719,103.37531344910822,0.0,1.0,0.0,0.0,2.0
23623,0.00018553805964889976,0.04007622088416235,1.0,0.1,975.5364171387838,103.79884381857148,0.0,1.0,0.0,0.0,2.0
23624,5.911825805290206e-05,0.012769543739426844,1.0,0.1,976.3662394788447,104.57117695928467,0.0,1.0,0.0,0.0,2.0
23625,0.0003593207369871052,0.07761327918921472,1.0,0.1,977.026041379352,105.24788075470306,0.0,1.0,0.0,0.0,2.0
23626,8.95867327550577e-05,0.019350734275092464,1.0,0.1,979.4789453050765,107.30995394666834,0.0,1.0,0.0,0.0,2.0
23627,0.0009463774940470307,0.20441753871415863,0.0,0.1,980.5719518559808,108.38922799085722,0.0,1.0,0.0,0.0,2.0
23628,9.408208038525635e-05,0.020321729363215375,1.0,0.1,981.8419234574412,109.44812505780023,0.0,1.0,0.0,0.0,2.0
23629,0.00030141152855482384,0.06510489016784195,1.0,0.1,983.9725488582576,111.54671774597094,0.0,1.0,0.0,0.0,2.0
23630,0.00011841605910921286,0.025577868767589978,1.0,0.1,984.2586964387361,111.86502741362843,0.0,1.0,0.0,0.0,2.0
23631,7.961652517800008e-05,0.01719716943844802,1.0,0.1,985.3787493190504,112.90154150937254,0.0,1.0,0.0,0.0,2.0
23632,4.03185320080433e-05,0.008708802913737353,1.0,0.1,988.9613655926905,116.62305545382011,0.0,1.0,0.0,0.0,2.0
23633,0.00014165527708690417,0.0305975398507713,1.0,0.1,994.9598841493693,122.77582353240483,0.0,1.0,0.0,0.0,2.0
23634,0.00025490992894088347,0.05506054465123083,1.0,0.1,996.210885125505,123.92270321990705,0.0,1.0,0.0,0.0,2.0
23635,0.00010611892891298354,0.022921688645204445,1.0,0.1,997.5628080789422,125.30512740413069,0.0,1.0,0.0,0.0,2.0
23636,0.0006205164655012509,0.1340315565482702,0.0,0.1,997.687811577181,125.38731261474327,0.0,1.0,0.0,0.0,2.0
23637,0.0008861343576493656,0.191405021252263,0.0,0.1,998.1772707513372,125.6846805925068,0.0,1.0,0.0,0.0,2.0
23638,0.00033674352129814535,0.0727366006003994,1.0,0.1,999.0332203682026,126.30133015204213,0.0,1.0,0.0,0.0,2.0
23639,0.0004885622815836843,0.10552945282207582,0.0,0.1,998.2593121694509,125.36850155208097,0.0,1.0,0.0,0.0,2.0
23640,0.00028286928077548125,0.06109976464750396,1.0,0.1,997.5210937839706,124.56461267466928,0.0,1.0,0.0,0.0,2.0
23641,0.0005018322410853058,0.10839576407442605,0.0,0.1,995.9007747038809,122.71025806773697,0.0,1.0,0.0,0.0,2.0
23642,0.0004637604014812613,0.10017224671995244,0.0,0.1,995.6093772271308,122.26237920736713,0.0,1.0,0.0,0.0,2.0
23643,0.000921769219942865,0.19910215150765884,0.0,0.1,993.4277588635828,120.02736510950014,0.0,1.0,0.0,0.0,2.0
23644,0.0005356555082392819,0.11570158977968491,0.0,0.1,986.627033011308,113.18821405100817,0.0,1.0,0.0,0.0,2.0
23645,0.0006087931947219853,0.13149933005994885,0.0,0.1,982.7019114701565,109.33081635043749,0.0,1.0,0.0,0.0,2.0
23646,0.00022197873927241846,0.04794740768284239,1.0,0.1,977.0565381815784,103.56164206030098,0.0,1.0,0.0,0.0,2.0
23647,0.0013422114702138486,0.2899176775661913,0.0,0.1,971.1059793028039,97.51462433266357,0.0,1.0,0.0,0.0,2.0
23648,0.0002509527106471106,0.05420578549977589,1.0,0.1,965.6592937363075,92.06359440574838,0.0,1.0,0.0,0.0,2.0
23649,0.0009058410536075712,0.1956616675792354,0.0,0.1,965.4499514332183,91.95239925057606,0.0,1.0,0.0,0.0,2.0
23650,0.0007029083045011977,0.15182819377225873,0.0,0.1,964.9488561268887,91.7174900405423,0.0,1.0,0.0,0.0,2.0
23651,0.0011055452729398431,0.23879777895500612,0.0,0.1,962.3746189684806,89.5419834262311,0.0,1.0,0.0,0.0,2.0
23652,0.0005548790874246747,0.11985388288372974,0.0,0.1,955.9023675740983,83.33639355310562,0.0,1.0,0.0,0.0,2.0
23653,0.0005739111594257036,0.12396481043595199,0.0,0.1,945.3216710370876,73.99324971680059,0.0,1.0,0.0,0.0,2.0
23654,0.0013270091102206931,0.2866339678076697,0.0,0.1,941.4110639663776,71.02754739502329,0.0,1.0,0.0,0.0,2.0
23655,0.0015250513798519987,0.3294110980480317,0.0,0.1,933.3729695890914,65.41176458245512,0.0,1.0,0.0,1.0,2.0
23656,0.000940484652429114,0.20314468492468862,0.0,0.1,929.3346451225373,63.2910146948107,0.0,1.0,0.0,1.0,2.0
23657,0.0010635307870737465,0.22972265000792924,0.0,0.1,921.6066161073713,57.24470038307735,0.0,1.0,0.0,1.0,2.0
23658,0.0020430518898997734,0.44129920821835106,0.0,0.1,919.3862094502875,56.30751781067489,0.0,1.0,0.0,1.0,2.0
23659,0.002921815538720494,0.6311121563636267,0.0,0.1,911.4869723446913,54.71471422188545,0.0,1.0,0.0,1.0,2.0
23660,0.002858777181561095,0.6174958712171966,0.0,0.1,904.0037839766765,58.84734008595249,0.0,1.0,0.0,1.0,2.0
23661,0.0027743698991745174,0.5992638982216958,0.0,0.1,897.5608608955855,63.848985826804075,0.0,1.0,0.0,1.0,2.0
23662,0.0011294552616213551,0.24396233651021274,0.0,0.1,894.276738716183,70.97989680166488,0.0,1.0,0.0,0.0,2.0
23663,0.0016734710134282567,0.36146973890050343,0.0,0.1,892.4602669712737,74.14729537964476,0.0,1.0,0.0,0.0,2.0
23664,0.002586198727541827,0.5586189251490347,0.0,0.1,892.5989525649408,84.97032395508316,0.0,1.0,0.0,0.0,2.0
23665,0.0008667197496168287,0.187211465917235,0.0,0.1,890.0453151151613,91.26796214085299,0.0,1.0,0.0,0.0,2.0
23666,0.0001482115723408239,0.03201369962561797,1.0,0.1,890.1778840835609,97.36381413902222,0.0,1.0,0.0,0.0,2.0
23667,0.0006044745461945758,0.13056650197802838,0.0,0.1,890.0309630595482,98.60127863371979,0.0,1.0,0.0,0.0,2.0
23668,0.0010484720719664293,0.22646996754474877,0.0,0.1,889.1560229392032,100.19366091434075,0.0,1.0,0.0,0.0,2.0
23669,0.000677303471871119,0.1462975499241617,0.0,0.1,890.1026510356193,105.35396983218361,0.0,1.0,0.0,0.0,2.0
23670,0.001222026951135038,0.2639578214451682,0.0,0.1,893.7968874782426,110.97160558800056,0.0,1.0,0.0,0.0,2.0
23671,0.0005710944026802251,0.12335639097892862,0.0,0.1,895.5786697389653,113.9021865275113,0.0,1.0,0.0,0.0,2.0
23672,0.0005030710665854196,0.10866335038245063,0.0,0.1,895.8188918356155,114.22995732830874,0.0,1.0,0.0,0.0,2.0
23673,0.00022292859553912385,0.04815257663645075,1.0,0.1,895.9400696444114,115.37119019730197,0.0,1.0,0.0,0.0,2.0
23674,0.0009684712830261678,0.20918979713365224,0.0,0.1,893.7683618958899,116.28460096290551,0.0,1.0,0.0,0.0,2.0
23675,0.0009532945636312765,0.20591162574435573,0.0,0.1,891.3064184486695,118.64408913654236,0.0,1.0,0.0,0.0,2.0
23676,0.0004553349520696204,0.09835234964703801,1.0,0.1,890.5474904821076,118.69720099268834,0.0,1.0,0.0,0.0,2.0
23677,0.0005872035555534748,0.12683596799955055,0.0,0.1,889.618467451207,121.15605499183255,0.0,1.0,0.0,0.0,2.0
23678,0.0005267318698584663,0.11377408388942874,0.0,0.1,889.0213201075144,124.23061842942815,0.0,1.0,0.0,0.0,2.0
23679,0.0009410947520327718,0.20327646643907873,0.0,0.1,890.2691834485255,126.22522371643068,0.0,1.0,0.0,0.0,2.0
23680,0.00016514964591038983,0.035672323516644205,1.0,0.1,888.9265214029671,126.25462442035187,0.0,1.0,0.0,0.0,2.0
23681,0.000876607058187897,0.18934712456858577,0.0,0.1,889.6032539030876,128.49647418271843,0.0,1.0,0.0,0.0,2.0
23682,0.0010169386353766007,0.21965874524134577,0.0,0.1,888.0057252817766,129.2291827540134,0.0,1.0,0.0,0.0,2.0
23683,0.0003257387068664945,0.0703595606831628,1.0,0.1,887.4201148603914,130.03279687037988,0.0,1.0,0.0,0.0,2.0
23684,0.00016819212217272415,0.036329498389308414,1.0,0.1,887.6151637124664,130.76728283658488,0.0,1.0,0.0,0.0,2.0
23685,0.0006262612993684825,0.13527244066359223,0.0,0.1,886.8849128854516,130.82464903937867,0.0,1.0,0.0,0.0,2.0
23686,0.0001518938883681934,0.03280907988752978,1.0,0.1,885.720032839625,130.95522202906847,0.0,1.0,0.0,0.0,2.0
23687,0.0008375405330529712,0.1809087551394418,0.0,0.1,887.4339789632731,132.84654022781814,0.0,1.0,0.0,0.0,2.0
23688,0.00016074519795142024,0.034720962757506774,1.0,0.1,887.5458343312744,132.9535767228364,0.0,1.0,0.0,0.0,2.0
23689,0.00012794095768591549,0.027635246860157746,1.0,0.1,888.4555272392863,132.7630541215858,0.0,1.0,0.0,0.0,2.0
23690,0.00020431443881491958,0.04413191878402263,1.0,0.1,888.7814969844559,132.81391413531847,0.0,1.0,0.0,0.0,2.0
23691,0.0004870737068494564,0.10520792067948258,0.0,0.1,886.6746887168471,134.2922797201893,0.0,1.0,0.0,0.0,2.0
23692,0.0006829192461990215,0.14751055717898864,0.0,0.1,880.8584239279018,136.4271427770352,0.0,1.0,0.0,0.0,2.0
23693,0.00018521501204373368,0.04000644260144648,1.0,0.1,877.202677363058,138.74219569031362,0.0,1.0,0.0,0.0,2.0
23694,0.0012677065376212964,0.2738246121262001,0.0,0.1,875.1127509975053,140.04922534703286,0.0,1.0,0.0,0.0,2.0
23695,0.0012610396091423204,0.27238455557474117,0.0,0.1,869.1909694704585,143.63000361182276,0.0,1.0,0.0,0.0,2.0
23696,0.0017337291412634307,0.37448549451290103,0.0,0.1,865.5716081644961,148.43093698453444,0.0,1.0,0.0,0.0,2.0
23697,0.0017473876193247273,0.37743572577414114,0.0,0.1,861.6349530364612,153.67006874797445,0.0,1.0,0.0,0.0,2.0
23698,0.0009100204492661283,0.19656441704148372,0.0,0.1,851.0438991738209,158.9318950065004,0.0,1.0,0.0,0.0,2.0
23699,0.003821913139606383,0.8255332381549787,0.0,0.1,844.9253294668619,161.89972457320985,0.0,1.0,0.0,0.0,2.0
23700,0.0036552137241307532,0.7895261644122428,0.0,0.1,833.3507004106317,171.51533147609192,0.0,1.0,0.0,0.0,2.0
23701,0.003973295585574666,0.8582318464841279,0.0,0.1,823.2595626448601,184.2215807829087,0.0,1.0,0.0,0.0,2.0
23702,0.0014966987254100446,0.3232869246885696,0.0,0.1,819.6919388662229,195.6952050334884,0.0,1.0,0.0,0.0,2.0
23703,0.001178846874285594,0.25463092484568833,0.0,0.1,816.8501509498979,201.97934981467836,0.0,1.0,0.0,0.0,2.0
23704,0.0024688234187070675,0.5332658584407266,0.0,0.1,813.819586763757,209.51789999942258,0.0,1.0,0.0,0.0,2.0
23705,0.003077926822378192,0.6648321936336894,0.0,0.1,810.0797201793463,217.33326346362466,0.0,1.0,0.0,0.0,2.0
23706,0.0025730230786335405,0.5557729849848448,0.0,0.1,807.9315829036963,224.7712017855589,0.0,1.0,0.0,0.0,2.0
23707,0.0014150186332262838,0.3056440247768773,0.0,0.1,805.3847912150179,233.52433713050718,0.0,1.0,0.0,0.0,2.0
23708,0.0028718780937979594,0.6203256682603593,0.0,0.1,804.4994535615388,237.1253455691369,0.0,1.0,0.0,0.0,2.0
23709,0.003975529167689116,0.8587143002208492,0.0,0.1,804.9073843766967,245.0659377317761,0.0,1.0,0.0,0.0,2.0
23710,0.001553218869413931,0.3354952757934091,0.0,0.1,803.8515841900612,250.53200655761015,0.0,1.0,0.0,0.0,2.0
23711,0.0009437346975620123,0.20384669467339467,0.0,0.1,805.684357185279,255.96579871443498,0.0,1.0,0.0,0.0,2.0
23712,0.0015307052440318332,0.330632332710876,0.0,0.1,805.9338354487602,258.23531211340924,0.0,1.0,0.0,0.0,2.0
23713,0.0011709068232036378,0.2529158738119858,0.0,0.1,804.6343146353814,260.9744711483935,0.0,1.0,0.0,0.0,2.0
23714,0.002731501302861622,0.5900042814181103,0.0,0.1,804.6767224860143,264.0197589952978,0.0,1.0,0.0,0.0,2.0
23715,0.0015760841779563332,0.340434182438568,0.0,0.1,806.0219262031727,268.11625758973275,0.0,1.0,0.0,0.0,2.0
23716,0.0013007316392559174,0.28095803407927816,0.0,0.1,809.7029470934662,269.53828287705005,0.0,1.0,0.0,0.0,2.0
23717,0.002749011307610427,0.5937864424438523,0.0,0.1,810.6746598265031,270.3621644265191,0.0,1.0,0.0,0.0,2.0
23718,0.001118658374827887,0.24163020896282364,0.0,0.1,810.9647286969881,270.0620331786947,0.0,1.0,0.0,0.0,2.0
23719,0.000785280338174,0.16962055304558402,0.0,0.1,807.5134243634124,270.8210504838252,0.0,1.0,0.0,0.0,2.0
23720,0.0007266340235345691,0.15695294908346694,0.0,0.1,801.6694782594125,274.53687880032464,0.0,1.0,0.0,0.0,2.0
23721,0.0009472076844438051,0.2045968598398619,0.0,0.1,799.3969010778849,277.39293931505443,0.0,1.0,0.0,0.0,2.0
23722,0.0016093113701876115,0.34761125596052406,0.0,0.1,797.5677561337353,283.2602120962661,0.0,1.0,0.0,0.0,2.0
23723,0.0008634127568964523,0.1864971554896337,0.0,0.1,794.0586852781271,288.7004190809401,0.0,1.0,0.0,0.0,2.0
23724,0.0027543689827353823,0.5949437002708426,0.0,0.1,788.5846277773254,296.5605730658668,0.0,1.0,0.0,0.0,2.0
23725,0.0015643441661400788,0.337898339886257,0.0,0.1,786.8660714180353,303.4033640674557,0.0,1.0,0.0,0.0,2.0
23726,0.002527960686434644,0.5460395082698831,0.0,0.1,783.8977676233112,307.61646394018425,0.0,1.0,0.0,0.0,2.0
23727,0.002666561966496698,0.5759773847632867,0.0,0.1,781.3656308694775,318.01139626116645,0.0,1.0,0.0,0.0,2.0
23728,0.003397672294344559,0.7338972155784248,0.0,0.1,779.8512876256118,327.8967288821136,0.0,1.0,0.0,0.0,2.0
23729,0.0007991848516152175,0.17262392794888698,0.0,0.1,778.8458651430353,341.578471695294,0.0,1.0,0.0,0.0,2.0
23730,0.002928171320009403,0.6324850051220311,0.0,0.1,775.9244074570552,347.4208760701011,0.0,1.0,0.0,0.0,2.0
23731,0.0030787504103037063,0.6650100886256006,0.0,0.1,775.7028855090887,355.8171114836739,0.0,1.0,0.0,0.0,2.0
23732,0.004056826184075907,0.8762744557603959,0.0,0.1,774.159252882166,369.66341940085425,0.0,1.0,0.0,0.0,2.0
23733,0.002241044876723289,0.4840656933722305,0.0,0.1,771.825320801079,378.090382037237,0.0,1.0,0.0,0.0,2.0
23734,0.0014927830441843896,0.32244113754382814,0.0,0.1,770.8073557792778,386.7478329067911,0.0,1.0,0.0,0.0,2.0
23735,0.004283530579637809,0.9252426052017668,0.0,0.1,772.2566974827215,390.08746931051144,0.0,1.0,0.0,0.0,2.0
23736,0.0021783596699190702,0.4705256887025192,0.0,0.1,775.4656096291587,395.5530691134698,0.0,1.0,0.0,0.0,2.0
23737,0.0016453663249395474,0.35539912618694225,0.0,0.1,772.8438590514414,399.4607311596733,0.0,1.0,0.0,0.0,2.0
23738,0.001120274352307361,0.24197926009838996,0.0,0.1,768.7305919138116,406.1296744535558,0.0,1.0,0.0,0.0,2.0
23739,0.0017169850121825335,0.37086876263142726,0.0,0.1,766.2256711772354,408.46885167681984,0.0,1.0,0.0,0.0,2.0
23740,0.0015169669719774677,0.327664865947133,0.0,0.1,765.5394595478442,411.649854000015,0.0,1.0,0.0,0.0,2.0
23741,0.0014978379437049305,0.32353299584026496,0.0,0.1,768.712295061077,411.40943248916307,0.0,1.0,0.0,0.0,2.0
23742,0.0014973902512865048,0.32343629427788506,0.0,0.1,769.535488409417,412.65867590724235,0.0,1.0,0.0,0.0,2.0
23743,0.0007745354095821227,0.1672996484697385,0.0,0.1,770.1219158493188,412.92915882329,0.0,1.0,0.0,0.0,2.0
23744,0.0014021737528460173,0.30286953061473976,0.0,0.1,769.9479055848245,411.9020657489138,0.0,1.0,0.0,0.0,2.0
23745,0.0006524673467534119,0.14093294689873698,0.0,0.1,773.4780954652088,409.6507455473783,0.0,1.0,0.0,0.0,2.0
23746,0.0005004800205440639,0.1081036844375178,0.0,0.1,778.410929464498,401.9832534541833,0.0,1.0,0.0,0.0,2.0
23747,0.0018621524904273482,0.40222493793230724,0.0,0.1,785.2637044922549,397.5816555600147,0.0,1.0,0.0,0.0,2.0
23748,0.0019166120582005,0.41398820457130797,0.0,0.1,788.8586734861323,394.3683631471946,0.0,1.0,0.0,0.0,2.0
23749,0.0008873089749242431,0.1916587385836365,0.0,0.1,792.9469606527092,388.4222826114878,0.0,1.0,0.0,0.0,2.0
23750,0.00031204969970043925,0.06740273513529488,1.0,0.1,797.9913308443128,386.2469271717642,0.0,1.0,0.0,0.0,2.0
23751,0.0006425342250211511,0.13878739260456863,0.0,0.1,804.6625209969516,383.11581452873145,0.0,1.0,0.0,0.0,2.0
23752,0.0005641212087640964,0.12185018109304481,0.0,0.1,811.8269720586504,378.5407355965237,0.0,1.0,0.0,0.0,2.0
23753,0.00042857178483156745,0.09257150552361856,1.0,0.1,814.6235626551859,374.2765244844895,0.0,1.0,0.0,0.0,2.0
23754,0.00046966891023951334,0.10144848461173488,0.0,0.1,817.2941662826593,370.3237348817188,0.0,1.0,0.0,0.0,2.0
23755,0.0011221580050601889,0.24238612909300078,0.0,0.1,823.1459604447471,368.62267780047983,0.0,1.0,0.0,0.0,2.0
23756,0.00038862752647603335,0.0839435457188232,1.0,0.1,830.8614694806772,368.9640438749301,0.0,1.0,0.0,0.0,2.0
23757,0.0006990821517658606,0.1510017447814259,0.0,0.1,830.5245691310909,367.8555896195082,0.0,1.0,0.0,0.0,2.0
23758,0.0008864469384476192,0.19147253870468575,0.0,0.1,830.1508841055677,366.7088362625399,0.0,1.0,0.0,0.0,2.0
23759,0.0011010159523048716,0.23781944569785227,0.0,0.1,830.1881502250696,364.5971180515328,0.0,1.0,0.0,0.0,2.0
23760,0.0004329883807756282,0.09352549024753569,1.0,0.1,830.0763505057183,361.1359633620743,0.0,1.0,0.0,0.0,2.0
23761,0.00012133672481993282,0.02620873256110549,1.0,0.1,830.6239880978706,360.17543776555084,0.0,1.0,0.0,0.0,2.0
23762,0.0003325986837948737,0.07184131569969272,1.0,0.1,829.3521779998767,359.52720209240715,0.0,1.0,0.0,0.0,2.0
23763,0.00039011488799429984,0.08426481580676877,1.0,0.1,827.8806185583171,352.5253587742747,0.0,1.0,0.0,0.0,2.0
23764,0.0010222497756040515,0.22080595153047514,0.0,0.1,827.4267589883755,347.76286167131167,0.0,1.0,0.0,0.0,2.0
23765,0.00027231918657779096,0.058820944300802855,1.0,0.1,824.1988967870584,342.534041554359,0.0,1.0,0.0,0.0,2.0
23766,0.0005529201327615674,0.11943074867649855,0.0,0.1,823.3974230887316,340.9174082771487,0.0,1.0,0.0,0.0,2.0
23767,0.0005754007846676823,0.12428656948821938,0.0,0.1,822.4181029995627,340.0644289483997,0.0,1.0,0.0,0.0,2.0
23768,0.0011156350480935845,0.24097717038821426,0.0,0.1,819.6487883672571,335.62634083358057,0.0,1.0,0.0,0.0,2.0
23769,0.00016627759116992735,0.03591595969270431,1.0,0.1,815.8723535013654,326.2610509850199,0.0,1.0,0.0,0.0,2.0
23770,,,,0.1,815.5259412506659,319.60785568191955,0.0,1.0,0.0,0.0,2.0
23771,,,,0.1,814.2269517209128,316.4620908040988,,,0.0,0.0,2.0
23772,,,,0.1,814.7164292560734,313.7622596062257,,,0.0,0.0,2.0
23773,,,,0.1,812.1424301784148,314.26445513630676,,,0.0,0.0,2.0
23774,,,,0.1,813.4385813421671,308.96043650988054,,,0.0,0.0,2.0
23775,,,,0.1,817.5919970907157,306.1706217457877,,,0.0,0.0,2.0
23776,,,,0.1,822.1537178014825,300.3870062382461,,,0.0,0.0,2.0
23777,,,,0.1,824.3216872655074,300.57693438672294,,,0.0,0.0,2.0
23778,,,,0.1,825.0364608454811,304.57083037899173,,,0.0,0.0,2.0
23779,,,,0.1,830.3824034652713,316.003641349468,,,0.0,0.0,2.0
23780,,,,0.1,832.877164641869,319.52778824462945,,,0.0,0.0,2.0
23781,0.00013747767721001614,0.029695178277363492,1.0,0.1,837.6334114872319,324.5916941691013,0.0,1.0,0.0,0.0,2.0
23782,0.00025551683352834445,0.055191636042122405,1.0,0.1,841.3952494573905,324.79476646429487,0.0,1.0,0.0,0.0,2.0
23783,0.00020562944701692712,0.04441596055565626,1.0,0.1,842.0695840673158,320.4628989320457,0.0,1.0,0.0,0.0,2.0
23784,0.00012979755771474932,0.028036272466385855,1.0,0.1,844.1289583197855,318.2558796954546,0.0,1.0,0.0,0.0,2.0
23785,0.00013127891881821425,0.02835624646473428,1.0,0.1,850.4012986445877,313.29527491202816,0.0,1.0,0.0,0.0,2.0
23786,,,,0.1,856.2263495761061,303.76787851937206,0.0,1.0,0.0,0.0,2.0
23787,,,,0.1,860.1180196817655,300.19778350748777,,,0.0,0.0,2.0
23788,,,,0.1,862.3950836670953,298.4458437069062,,,0.0,0.0,2.0
23789,,,,0.1,863.2762980198092,294.6786502593945,,,0.0,0.0,2.0
23790,,,,0.1,869.752746172227,283.849831021244,,,0.0,0.0,2.0
23791,,,,0.1,871.100789698062,278.08690123570557,,,0.0,0.0,2.0
23792,,,,0.1,874.3199682671025,276.2483838335681,,,0.0,0.0,2.0
23793,,,,0.1,875.4174682055808,275.47043210742333,,,0.0,0.0,2.0
23794,,,,0.1,880.1764876919858,279.37146071461245,,,0.0,0.0,2.0
23795,,,,0.1,880.2007149437845,285.3888077831879,,,0.0,0.0,2.0
23796,0.0008555077424727747,0.18478967237411933,0.0,0.1,883.0506986905172,291.0608669281179,0.0,1.0,0.0,0.0,2.0
23797,,,,0.1,888.5082560883965,293.96717697392603,0.0,1.0,0.0,0.0,2.0
23798,,,,0.1,889.5603898344831,293.971110371923,,,0.0,0.0,2.0
23799,,,,0.1,891.9626781479784,296.6773851414057,,,0.0,0.0,2.0
23800,,,,0.1,889.997936000408,295.7427761677406,,,0.0,0.0,2.0
23801,0.00014929220247947848,0.03224711573556735,1.0,0.1,890.8573217691384,295.55420406129383,0.0,1.0,0.0,0.0,2.0
23802,0.0007865536506440578,0.1698955885391165,0.0,0.1,891.0544610998375,295.5861659672075,0.0,1.0,0.0,0.0,2.0
23803,0.0006192392052366387,0.13375566833111396,0.0,0.1,890.6057492809974,296.7539188357038,0.0,1.0,0.0,0.0,2.0
23804,0.00039393248985574814,0.08508941780884159,1.0,0.1,889.0505609289347,303.4689144724144,0.0,1.0,0.0,0.0,2.0
23805,0.000547531370778003,0.11826677608804866,0.0,0.1,886.8260024198142,302.17514299902035,0.0,1.0,0.0,0.0,2.0
23806,0.00040131864371688346,0.08668482704284683,1.0,0.1,885.0115799518314,293.90160521306086,0.0,1.0,0.0,0.0,2.0
23807,0.0010554596917071554,0.2279792934087456,0.0,0.1,883.5392118380106,289.80074475912295,0.0,1.0,0.0,0.0,2.0
23808,9.189759559125911e-05,0.019849880647711968,1.0,0.1,879.0185734142278,285.7472030719127,0.0,1.0,0.0,0.0,2.0
23809,0.00024013360708263968,0.05186885912985017,1.0,0.1,877.2053171174936,291.5141587719406,0.0,1.0,0.0,0.0,2.0
23810,0.0005459459082227979,0.11792431617612435,0.0,0.1,876.214276793486,306.0134082102299,0.0,1.0,0.0,0.0,2.0
23811,0.0006471770223391918,0.13979023682526542,0.0,0.1,876.4804077735997,310.1553581056635,0.0,1.0,0.0,0.0,2.0
23812,0.00013577462115605272,0.02932731816970739,1.0,0.1,877.1411674113712,319.7247408255599,0.0,1.0,0.0,0.0,2.0
23813,0.0005883473310690235,0.12708302351090905,0.0,0.1,873.3094732603399,326.7781346835767,0.0,1.0,0.0,0.0,2.0
23814,0.0017613565883602485,0.3804530230858137,0.0,0.1,863.9376364004692,332.6892659126161,0.0,1.0,0.0,0.0,2.0
23815,0.0008434600525420305,0.1821873713490786,0.0,0.1,863.4813254738723,337.5386030625328,0.0,1.0,0.0,0.0,2.0
23816,0.00015563517788649885,0.033617198423483756,1.0,0.1,863.2605422753386,338.56046106301727,0.0,1.0,0.0,0.0,2.0
23817,0.00030987911987802926,0.06693388989365433,1.0,0.1,862.6755388886262,339.22768195495945,0.0,1.0,0.0,0.0,2.0
23818,0.0008490040007003494,0.18338486415127547,0.0,0.1,862.6136527647064,337.01028788510166,0.0,1.0,0.0,0.0,2.0
23819,0.0003545931732053311,0.07659212541235151,1.0,0.1,862.0768024921796,336.35003960746155,0.0,1.0,0.0,0.0,2.0
23820,,,,0.1,860.7819883025211,335.00657474561115,0.0,1.0,0.0,0.0,2.0
23821,,,,0.1,854.3348197178153,339.5288034753665,,,0.0,0.0,2.0
23822,0.00032357222690992986,0.06989160101254485,1.0,0.1,848.7987495351073,340.8799862131114,0.0,1.0,0.0,0.0,2.0
23823,0.0007014045273624696,0.15150337791029345,0.0,0.1,838.5471282849479,343.38080825016897,0.0,1.0,0.0,0.0,2.0
23824,0.00018408024566647912,0.03976133306395949,1.0,0.1,834.0672687425814,345.2187948365026,0.0,1.0,0.0,0.0,2.0
23825,0.0003842330699917708,0.0829943431182225,1.0,0.1,834.0540858828192,344.97159376967045,0.0,1.0,0.0,0.0,2.0
23826,0.000931055810929512,0.2011080551607746,0.0,0.1,831.9245649149344,341.2258029377976,0.0,1.0,0.0,0.0,2.0
23827,0.002622907250004208,0.5665479660009091,0.0,0.1,825.7327978824823,341.28973333228555,0.0,1.0,0.0,0.0,2.0
23828,0.0008557687241274032,0.1848460444115191,0.0,0.1,824.031817747283,340.35213887615066,0.0,1.0,0.0,0.0,2.0
23829,0.0006582709433944597,0.1421865237732033,0.0,0.1,825.0951326669232,339.4387485085961,0.0,1.0,0.0,0.0,2.0
23830,0.0005816392094922806,0.1256340692503326,0.0,0.1,821.8821524892636,339.37623565621874,0.0,1.0,0.0,0.0,2.0
23831,0.00039514151153602356,0.08535056649178109,1.0,0.1,812.6024065978883,342.5108186158693,0.0,1.0,0.0,0.0,2.0
23832,0.0004216456745360815,0.0910754656997936,1.0,0.1,805.1919495426253,345.4779642960053,0.0,1.0,0.0,0.0,2.0
23833,0.00019402291096060604,0.041908948767490906,1.0,0.1,799.1265296397443,345.33617915734214,0.0,1.0,0.0,0.0,2.0
23834,0.0012055660983384803,0.26040227724111176,0.0,0.1,798.4829456575304,345.7492088365462,0.0,1.0,0.0,0.0,2.0
23835,0.0002986838637602634,0.0645157145722169,1.0,0.1,794.5648525921675,345.9485804637671,0.0,1.0,0.0,0.0,2.0
23836,0.0005228312668755402,0.11293155364511669,0.0,0.1,787.1658621087154,343.87574522517315,0.0,1.0,0.0,0.0,2.0
23837,0.00038598916394711743,0.08337365941257736,1.0,0.1,785.2133324785859,342.0848954326693,0.0,1.0,0.0,0.0,2.0
23838,0.000756194797181623,0.16333807619123056,0.0,0.1,784.159970511229,341.90878510365565,0.0,1.0,0.0,0.0,2.0
23839,0.001040296805005297,0.22470410988114417,0.0,0.1,784.155405702845,342.9995177846227,0.0,1.0,0.0,0.0,2.0
23840,0.0007851098858054932,0.16958373533398652,0.0,0.1,784.3022993270964,342.9013996074332,0.0,1.0,0.0,0.0,2.0
23841,0.0006626705679258713,0.1431368426719882,0.0,0.1,786.4173314820465,344.001755802743,0.0,1.0,0.0,0.0,2.0
23842,0.00018213413187398493,0.039340972484780745,1.0,0.1,788.4184977573979,346.01612864327063,0.0,1.0,0.0,0.0,2.0
23843,0.0007230601598915224,0.15618099453656883,0.0,0.1,793.1186481057366,351.9711490157689,0.0,1.0,0.0,0.0,2.0
23844,0.0002937857256408993,0.06345771673843424,1.0,0.1,796.7570309660625,354.7125209168032,0.0,1.0,0.0,0.0,2.0
23845,0.0003978898776545245,0.08594421357337728,1.0,0.1,797.4341013998105,352.35357958742657,0.0,1.0,0.0,0.0,2.0
23846,0.00015475726735870253,0.033427569749479746,1.0,0.1,800.3831258777993,351.8064743801256,0.0,1.0,0.0,0.0,2.0
23847,0.00014623526097694978,0.031586816371021155,1.0,0.1,802.5385621708838,352.0669861255831,0.0,1.0,0.0,0.0,2.0
23848,0.00024039655984349048,0.05192565692619394,1.0,0.1,808.6278586746569,351.6267977276417,0.0,1.0,0.0,0.0,2.0
23849,0.00020737023818966584,0.04479197144896782,1.0,0.1,814.9553296365091,354.9769202011707,0.0,1.0,0.0,0.0,2.0
23850,0.0003682337647749613,0.07953849319139164,1.0,0.1,819.1502259934281,359.64186835245505,0.0,1.0,0.0,0.0,2.0
23851,0.0007381032109427,0.1594302935636232,0.0,0.1,820.8697490462201,357.73505512757305,0.0,1.0,0.0,0.0,2.0
23852,0.00028004810620967796,0.06049039094129044,1.0,0.1,821.1959020574348,354.4247799852976,0.0,1.0,0.0,0.0,2.0
23853,0.00024244027631586409,0.05236709968422664,1.0,0.1,820.5497626060344,346.9956821592312,0.0,1.0,0.0,0.0,2.0
23854,0.0003667367240920105,0.07921513240387427,1.0,0.1,820.4957274818571,349.74688467242663,0.0,1.0,0.0,0.0,2.0
23855,0.0008424671905466609,0.18197291315807876,0.0,0.1,821.7164257237223,351.70737896109716,0.0,1.0,0.0,0.0,2.0
23856,0.0004274881559601583,0.0923374416873942,1.0,0.1,821.0714761508217,349.0363827807075,0.0,1.0,0.0,0.0,2.0
23857,0.0004666583223810069,0.10079819763429748,0.0,0.1,821.5416524840854,341.2716381086122,0.0,1.0,0.0,0.0,2.0
23858,0.00045235277947639917,0.09770820036690223,1.0,0.1,821.3159783132895,333.74680850113936,0.0,1.0,0.0,0.0,2.0
23859,0.0009440378331324544,0.20391217195661016,0.0,0.1,821.6412124372279,327.42805979382643,0.0,1.0,0.0,0.0,2.0
23860,0.0008920500058238102,0.19268280125794301,0.0,0.1,818.4234484269796,316.3272433463268,0.0,1.0,0.0,0.0,2.0
23861,0.0004555815347812298,0.09840561151274564,1.0,0.1,819.2535267497236,312.05842064611386,0.0,1.0,0.0,0.0,2.0
23862,0.001093590275547763,0.2362154995183168,0.0,0.1,,,0.0,1.0,,,2.0
23863,0.0011545212806067925,0.24937659661106718,0.0,0.1,,,0.0,1.0,,,2.0
23864,0.00044617301872623195,0.09637337204486611,1.0,0.1,,,0.0,1.0,,,2.0
23865,0.002307478908975227,0.49841544433864904,0.0,0.1,,,0.0,1.0,,,2.0
23866,0.0006949977801187482,0.1501195205056496,0.0,0.1,,,0.0,1.0,,,2.0
23867,0.0016091808167508148,0.347583056418176,0.0,0.1,,,0.0,1.0,,,2.0
23868,0.0012705436539439722,0.274437429251898,0.0,0.1,,,0.0,1.0,,,2.0
23869,0.000731100961304871,0.15791780764185215,0.0,0.1,,,0.0,1.0,,,2.0
23870,0.0010899808016886817,0.23543585316475527,0.0,0.1,798.2312605007639,301.9696715800188,0.0,1.0,0.0,0.0,2.0
23871,0.001685923475994121,0.36415947081473016,0.0,0.1,797.2715671436201,309.77084967704286,0.0,1.0,0.0,0.0,2.0
23872,0.0012750943636361265,0.27542038254540335,0.0,0.1,793.3713670596119,318.48267497264595,0.0,1.0,0.0,0.0,2.0
23873,0.0008266213362375586,0.17855020862731266,0.0,0.1,786.7388284418503,326.7250217815498,0.0,1.0,0.0,0.0,2.0
23874,0.00044175143615643014,0.09541831020978891,1.0,0.1,782.7565883435683,329.0729503831351,0.0,1.0,0.0,0.0,2.0
23875,0.0011397385854757791,0.24618353446276828,0.0,0.1,770.0007663726283,333.9412040272987,0.0,1.0,0.0,0.0,2.0
23876,0.0005348464944218764,0.1155268427951253,0.0,0.1,757.7190628012174,336.88433780489845,0.0,1.0,0.0,0.0,2.0
23877,0.000507965623603797,0.10972057469842017,0.0,0.1,747.2036341043652,338.11535800880563,0.0,1.0,0.0,0.0,2.0
23878,0.00039833779740229184,0.08604096423889504,1.0,0.1,733.8379431130801,342.70936275822766,0.0,1.0,0.0,0.0,2.0
23879,0.0010173807708097986,0.2197542464949165,0.0,0.1,731.3778495511519,343.1370537809935,0.0,1.0,0.0,0.0,2.0
23880,0.0007863303477087682,0.16984735510509394,0.0,0.1,716.2149438319387,345.2118602826262,0.0,1.0,0.0,0.0,2.0
23881,0.0015534862393117395,0.3355530276913357,0.0,0.1,703.7729664481227,350.2210460712497,0.0,1.0,0.0,0.0,2.0
23882,0.0007338663983255336,0.15851514203831527,0.0,0.1,,,0.0,1.0,,,2.0
23883,0.000773364535193003,0.16704673960168864,0.0,0.1,,,0.0,1.0,,,2.0
23884,0.00041597052805803555,0.08984963406053569,1.0,0.1,691.3172600916035,363.35883169037714,0.0,1.0,0.0,0.0,2.0
23885,0.0006538370605142191,0.14122880507107133,0.0,0.1,689.0969141135126,363.37993966806295,0.0,1.0,0.0,0.0,2.0
23886,0.0008247465750214317,0.17814526020462926,0.0,0.1,685.9656296281947,361.9400945225954,0.0,1.0,0.0,0.0,2.0
23887,0.00040777042476514787,0.08807841174927195,1.0,0.1,684.8756826885244,360.6018556839157,0.0,1.0,0.0,0.0,2.0
23888,0.0003694273746201261,0.07979631291794724,1.0,0.1,686.9060719881929,359.65602077352963,0.0,1.0,0.0,0.0,2.0
23889,0.00024114941281393098,0.05208827316780909,1.0,0.1,687.7760909623694,357.8919421324812,0.0,1.0,0.0,0.0,2.0
23890,0.00019734997252357733,0.04262759406509271,1.0,0.1,689.260594834811,354.9583681327847,0.0,1.0,0.0,0.0,2.0
23891,0.00037690896332340706,0.08141233607785593,1.0,0.1,690.3649920794504,353.06872763504447,0.0,1.0,0.0,0.0,2.0
23892,0.00045284794943421813,0.09781515707779112,1.0,0.1,692.4706955171055,350.11558043890375,0.0,1.0,0.0,0.0,2.0
23893,0.00023832206075460237,0.05147756512299411,1.0,0.1,700.4443675017651,343.3865213348196,0.0,1.0,0.0,0.0,2.0
23894,0.0008334795827966479,0.18003158988407594,0.0,0.1,701.028169954844,340.9457707773452,0.0,1.0,0.0,0.0,2.0
23895,0.0009545107345645533,0.20617431866594352,0.0,0.1,699.0624140766486,339.0033868108061,0.0,1.0,0.0,0.0,2.0
23896,0.0016279562372532857,0.3516385472467097,0.0,0.1,,,0.0,1.0,,,2.0
23897,0.0005562533794020321,0.12015072995083893,0.0,0.1,700.2210572971425,336.312761218578,0.0,1.0,0.0,0.0,2.0
23898,0.0005740986816406848,0.1240053152343879,0.0,0.1,699.9175769311696,333.3099779232865,0.0,1.0,0.0,0.0,2.0
23899,7.003325670680936e-05,0.015127183448670822,1.0,0.1,700.3724452276836,331.71330555678566,0.0,1.0,0.0,0.0,2.0
23900,0.00019761631664752337,0.04268512439586505,1.0,0.1,701.0575913638265,330.1909805265503,0.0,1.0,0.0,0.0,2.0
23901,9.967646445351474e-05,0.021530116321959183,1.0,0.1,700.6087992743508,329.75352588933015,0.0,1.0,0.0,0.0,2.0
23902,0.00030245271508788207,0.06532978645898253,1.0,0.1,697.4482212473469,328.6440149083539,0.0,1.0,0.0,0.0,2.0
23903,0.00022408910074718863,0.048403245761392745,1.0,0.1,696.6853725472952,325.3069356822704,0.0,1.0,0.0,0.0,2.0
23904,0.0008316915576892974,0.17964537646088824,0.0,0.1,696.3594692787387,322.36797841558547,0.0,1.0,0.0,0.0,2.0
23905,0.00020703000919297188,0.04471848198568193,1.0,0.1,700.4240640571417,320.2248721751581,0.0,1.0,0.0,0.0,2.0
23906,0.0025966873352532556,0.5608844644147032,0.0,0.1,702.6032526097672,320.5899997010679,0.0,1.0,0.0,0.0,2.0
23907,0.0008156325921064951,0.17617663989500293,0.0,0.1,706.1398053230675,317.0830555656231,0.0,1.0,0.0,0.0,2.0
23908,0.0010822974454280955,0.23377624821246862,0.0,0.1,715.0173590869707,306.1971682879979,0.0,1.0,0.0,0.0,2.0
23909,0.0008221792017828497,0.17759070758509554,0.0,0.1,717.9586336053778,300.2124809167935,0.0,1.0,0.0,0.0,2.0
23910,0.001098355048632034,0.23724469050451935,0.0,0.1,714.6055090480652,295.42859338757387,0.0,1.0,0.0,0.0,2.0
23911,0.001811662124532631,0.3913190188990483,0.0,0.1,716.8040519368052,290.74591613353374,0.0,1.0,0.0,0.0,2.0
23912,0.0010066011110900891,0.21742583999545925,0.0,0.1,712.5900720518252,286.8389650621709,0.0,1.0,0.0,0.0,2.0
23913,0.0018266489510629495,0.3945561734295971,0.0,0.1,710.3222657648316,281.6515937234873,0.0,1.0,0.0,0.0,2.0
23914,0.0007098516025055745,0.1533279461412041,0.0,0.1,710.6156450076925,281.9047253280993,0.0,1.0,0.0,0.0,2.0
23915,0.0007113012841544937,0.15364107737737062,0.0,0.1,711.0138490785712,281.6793013481371,0.0,1.0,0.0,0.0,2.0
23916,3.9571502251151155e-05,0.00854744448624865,1.0,0.1,708.3551041047328,283.57530563649215,0.0,1.0,0.0,0.0,2.0
23917,0.0001790401524950714,0.03867267293893542,1.0,0.1,704.4559634006916,287.5916530577139,0.0,1.0,0.0,0.0,2.0
23918,0.0001631912510118756,0.03524931021856513,1.0,0.1,702.242291215098,293.39523754808243,0.0,1.0,0.0,0.0,2.0
23919,0.0008068217581202286,0.17427349975396939,0.0,0.1,701.2342412265918,295.4729257284326,0.0,1.0,0.0,0.0,2.0
23920,0.0011296415184002873,0.24400256797446204,0.0,0.1,699.4985993068816,301.74104619215905,0.0,1.0,0.0,0.0,2.0
23921,0.0012015033481110626,0.2595247231919895,0.0,0.1,697.6122712577871,307.1834718058412,0.0,1.0,0.0,0.0,2.0
23922,0.00023563440870928826,0.05089703228120626,1.0,0.1,697.6735839679504,311.3792574338577,0.0,1.0,0.0,0.0,2.0
23923,0.00042579812743511093,0.09197239552598396,1.0,0.1,693.0009754065569,312.7277453858691,0.0,1.0,0.0,0.0,2.0
23924,0.0008067127243125971,0.17424994845152098,0.0,0.1,692.4262606672139,311.3432721146346,0.0,1.0,0.0,0.0,2.0
23925,0.0006501643508254322,0.14043549977829337,0.0,0.1,690.4419496836622,311.07249519417707,0.0,1.0,0.0,0.0,2.0
23926,0.0006002083403836421,0.1296450015228667,0.0,0.1,689.4287091291425,312.371365045169,0.0,1.0,0.0,0.0,2.0
23927,0.00011616196706932558,0.025090984886974328,1.0,0.1,691.9130985845754,315.0508678261112,0.0,1.0,0.0,0.0,2.0
23928,0.00015105433973993748,0.032627737383826495,1.0,0.1,691.9810216618837,315.9691584804707,0.0,1.0,0.0,0.0,2.0
23929,0.00017472629049907165,0.03774087874779948,1.0,0.1,690.651531599308,316.9049461619355,0.0,1.0,0.0,0.0,2.0
23930,0.00059530578463086,0.12858604948026578,0.0,0.1,687.828125385144,317.4970627074872,0.0,1.0,0.0,0.0,2.0
23931,1.86418591155006e-05,0.00402664156894813,1.0,0.1,684.3813053032057,317.9326623390367,0.0,1.0,0.0,0.0,2.0
23932,5.508619521357911e-06,0.0011898618166133088,1.0,0.1,683.2132494964865,319.2886813925596,0.0,1.0,0.0,0.0,2.0
23933,0.0005336253854905444,0.11526308326595758,0.0,0.1,684.1935470518465,319.35349760685466,0.0,1.0,0.0,0.0,2.0
23934,0.0005817032183338836,0.12564789516011884,0.0,0.1,690.4626057852369,316.009558016752,0.0,1.0,0.0,0.0,2.0
23935,0.00041592629120827375,0.08984007890098712,1.0,0.1,695.7105086648987,314.7774460763037,0.0,1.0,0.0,0.0,2.0
23936,0.0010134522006031539,0.21890567533028124,0.0,0.1,694.7965097999895,317.27943108115335,0.0,1.0,0.0,0.0,2.0
23937,0.0003359208521072324,0.0725589040551622,1.0,0.1,692.7050654736072,318.8531722155398,0.0,1.0,0.0,0.0,2.0
23938,0.0009891179075959288,0.21364946804072063,0.0,0.1,689.3888135152736,323.1134023253807,0.0,1.0,0.0,0.0,2.0
23939,0.001004396964309477,0.216949744290847,0.0,0.1,685.6062481275185,327.12318678649757,0.0,1.0,0.0,0.0,2.0
23940,0.0005605342627093356,0.12107540074521651,0.0,0.1,685.8953958881265,331.3032848976552,0.0,1.0,0.0,0.0,2.0
23941,0.00024662662728753106,0.05327135149410671,1.0,0.1,688.4997749378457,335.30165268420916,0.0,1.0,0.0,0.0,2.0
23942,0.0002313876614528544,0.04997973487381655,1.0,0.1,689.3120286569356,336.4666884962747,0.0,1.0,0.0,0.0,2.0
23943,2.250263091276411e-05,0.004860568277157047,1.0,0.1,689.4930632599247,339.04378129809106,0.0,1.0,0.0,0.0,2.0
23944,0.0005435014977222192,0.11739632350799935,0.0,0.1,687.0674453386318,340.0524837865203,0.0,1.0,0.0,0.0,2.0
23945,0.000299117529165185,0.06460938629967995,1.0,0.1,689.8988497988803,339.1069332801608,0.0,1.0,0.0,0.0,2.0
23946,0.00041574737569489105,0.08980143315009646,1.0,0.1,690.3895236754842,341.73990960625724,0.0,1.0,0.0,0.0,2.0
23947,0.0016880679954337893,0.3646226870136985,0.0,0.1,694.6919286518637,340.81690767923305,0.0,1.0,0.0,0.0,2.0
23948,0.0001552121992956254,0.033525835047855085,1.0,0.1,696.0634407740731,341.51871276754076,0.0,1.0,0.0,0.0,2.0
23949,0.00020314770547785619,0.043879904383216935,1.0,0.1,694.6902155534177,342.00258899504996,0.0,1.0,0.0,0.0,2.0
23950,0.0001288074835939163,0.027822416456285925,1.0,0.1,693.7428013945987,343.32252236757057,0.0,1.0,0.0,0.0,2.0
23951,0.00025085801523793127,0.054185331291393156,1.0,0.1,692.1565232495566,345.09643908845794,0.0,1.0,0.0,0.0,2.0
23952,0.00043660520240138993,0.09430672371870023,1.0,0.1,691.1666050940837,347.0503596141254,0.0,1.0,0.0,0.0,2.0
23953,0.0007173365899164288,0.15494470342194863,0.0,0.1,693.8655014541416,347.00498549355143,0.0,1.0,0.0,0.0,2.0
23954,0.0003305215147668044,0.07139264718962976,1.0,0.1,699.0583538258625,342.2207891316059,0.0,1.0,0.0,0.0,2.0
23955,0.00018077058058463556,0.03904644540628128,1.0,0.1,699.3058067633157,341.16430658457057,0.0,1.0,0.0,0.0,2.0
23956,0.00032218937003503957,0.06959290392756855,1.0,0.1,701.3461404186955,339.5853495687422,0.0,1.0,0.0,0.0,2.0
23957,0.00019988176309819152,0.043174460829209366,1.0,0.1,701.8621578536137,339.5363154470415,0.0,1.0,0.0,0.0,2.0
23958,0.0004369719111554716,0.09438593280958187,1.0,0.1,701.1213876929179,342.9630362747062,0.0,1.0,0.0,0.0,2.0
23959,0.00021404439791117082,0.0462335899488129,1.0,0.1,702.2240987474573,342.99379854897757,0.0,1.0,0.0,0.0,2.0
23960,0.0002664703185391009,0.057557588804445795,1.0,0.1,703.3827983699923,342.6339657219854,0.0,1.0,0.0,0.0,2.0
23961,0.00022020490700294993,0.047564259912637186,1.0,0.1,709.2186063177011,340.15608999472954,0.0,1.0,0.0,0.0,2.0
23962,0.00010692478873469103,0.023095754366693262,1.0,0.1,713.8369491474499,338.5071415152244,0.0,1.0,0.0,0.0,2.0
23963,0.0002523679984319273,0.05451148766129629,1.0,0.1,717.466146035686,337.07505362928794,0.0,1.0,0.0,0.0,2.0
23964,0.00020344496726167364,0.04394411292852151,1.0,0.1,720.2012402127679,336.7165762959757,0.0,1.0,0.0,0.0,2.0
23965,0.00019852667766793157,0.042881762376273225,1.0,0.1,725.0510760259942,334.7566312097681,0.0,1.0,0.0,0.0,2.0
23966,0.0007434807712653334,0.16059184659331202,0.0,0.1,729.8679282037573,335.10226511602565,0.0,1.0,0.0,0.0,2.0
23967,0.001133940597871393,0.24493116914022092,0.0,0.1,741.712796683826,329.55012855799754,0.0,1.0,0.0,0.0,2.0
23968,0.0008597649155504661,0.1857092217589007,0.0,0.1,754.3810865929735,322.4033633373602,0.0,1.0,0.0,0.0,2.0
23969,0.0006646942469882091,0.14357395734945316,0.0,0.1,758.9795638639205,320.29764959987057,0.0,1.0,0.0,0.0,2.0
23970,0.0007139613453502413,0.15421565059565212,0.0,0.1,768.3535742198927,315.01578658131825,0.0,1.0,0.0,0.0,2.0
23971,0.00035262754419011094,0.07616754954506397,1.0,0.1,776.0691665676783,308.09795339326575,0.0,1.0,0.0,0.0,2.0
23972,6.306783393613397e-05,0.013622652130204938,1.0,0.1,780.1803811682946,305.6615907672724,0.0,1.0,0.0,0.0,2.0
23973,0.0005701070513904479,0.12314312310033676,0.0,0.1,780.7811707910292,305.0720551272631,0.0,1.0,0.0,0.0,2.0
23974,0.000315271432072915,0.06809862932774964,1.0,0.1,789.00166601631,298.60092537960986,0.0,1.0,0.0,0.0,2.0
23975,0.00026317645762380355,0.05684611484674156,1.0,0.1,797.8004034813202,288.9971728949716,0.0,1.0,0.0,0.0,2.0
23976,7.008934892924758e-05,0.015139299368717477,1.0,0.1,809.3940552789528,278.73651165809264,0.0,1.0,0.0,0.0,2.0
23977,0.00035044442343372433,0.07569599546168446,1.0,0.1,816.7240952928805,269.3950327636936,0.0,1.0,0.0,0.0,2.0
23978,0.00038709673761757316,0.08361289532539581,1.0,0.1,820.185450795387,264.6814361667873,0.0,1.0,0.0,0.0,2.0
23979,0.0007888397027193574,0.1703893757873812,0.0,0.1,820.0465553647713,262.2789463876763,0.0,1.0,0.0,0.0,2.0
23980,0.0005033844317976113,0.10873103726828404,0.0,0.1,819.8495708641738,259.84820026098845,0.0,1.0,0.0,0.0,2.0
23981,0.0005213761654309367,0.11261725173308232,0.0,0.1,821.8246604792325,256.37511532874987,0.0,1.0,0.0,0.0,2.0
23982,0.00013074084942006972,0.02824002347473506,1.0,0.1,821.626531291611,255.72308424810618,0.0,1.0,0.0,0.0,2.0
23983,0.00023104785389656924,0.049906336441658955,1.0,0.1,821.6860366593148,256.0004158145354,0.0,1.0,0.0,0.0,2.0
23984,0.0004964032864739324,0.1072231098783694,0.0,0.1,819.9893514419534,257.0959148923617,0.0,1.0,0.0,0.0,2.0
23985,0.0002624606036166166,0.05669149038118919,1.0,0.1,820.0156807212039,256.99148944790227,0.0,1.0,0.0,0.0,2.0
23986,0.0004294205821556467,0.0927548457456197,1.0,0.1,820.1746421387935,256.71768900216836,0.0,1.0,0.0,0.0,2.0
23987,0.0014552964345696797,0.31434402986705084,0.0,0.1,819.1585214911142,256.98867025026146,0.0,1.0,0.0,0.0,2.0
23988,0.00012132447241609144,0.026206086041875753,1.0,0.1,818.6845205735367,257.0797990542398,0.0,1.0,0.0,0.0,2.0
23989,0.00014777244358546082,0.031918847814459535,1.0,0.1,818.5104896156748,257.7900680183999,0.0,1.0,0.0,0.0,2.0
23990,0.00018751373659829724,0.040502967105232206,1.0,0.1,818.5965925551503,257.7440631694776,0.0,1.0,0.0,0.0,2.0
23991,0.00016044915787097485,0.03465701810013057,1.0,0.1,818.6023261881946,258.3504934544596,0.0,1.0,0.0,0.0,2.0
23992,0.00034211642454472376,0.07389714770166034,1.0,0.1,818.9281790004832,258.69641625878654,0.0,1.0,0.0,0.0,2.0
23993,0.0005385070446568026,0.11631752164586935,0.0,0.1,818.7371561296535,259.13141623786333,0.0,1.0,0.0,0.0,2.0
23994,0.00014481655403543632,0.031280375671654245,1.0,0.1,818.8596032202901,258.703847523723,0.0,1.0,0.0,0.0,2.0
23995,0.0001590997432671527,0.03436554454570498,1.0,0.1,819.1127158892506,258.9557945470865,0.0,1.0,0.0,0.0,2.0
23996,0.0004959884207661055,0.1071334988854788,0.0,0.1,819.4122741212799,259.7046543497976,0.0,1.0,0.0,0.0,2.0
23997,0.0008797199140744449,0.1900195014400801,0.0,0.1,820.8513191129548,259.0363878826558,0.0,1.0,0.0,0.0,2.0
23998,0.0010700426948729537,0.23112922209255798,0.0,0.1,826.706429169437,256.0998501999547,0.0,1.0,0.0,0.0,2.0
23999,0.0011811181003621217,0.2551215096782183,0.0,0.1,842.3902589189097,240.78850077394034,0.0,1.0,0.0,0.0,2.0
24000,0.001087636262813491,0.23492943276771408,0.0,0.1,847.5694912015753,234.52246893170755,0.0,1.0,0.0,0.0,2.0
24001,0.0022482888106791937,0.48563038310670587,0.0,0.1,856.6587286155141,223.61822639899432,0.0,1.0,0.0,0.0,2.0
24002,0.00018749852583435859,0.04049968158022146,1.0,0.1,864.0700203003368,215.8286177623026,0.0,1.0,0.0,0.0,2.0
24003,0.0007535021155219259,0.162756456952736,0.0,0.1,872.7696942808352,214.21216468758809,0.0,1.0,0.0,0.0,2.0
24004,0.000519027358329251,0.1121099093991182,0.0,0.1,881.4960345663065,214.7079492176569,0.0,1.0,0.0,0.0,2.0
24005,0.001372377089904178,0.29643345141930244,0.0,0.1,884.7758572677545,215.13415062371976,0.0,1.0,0.0,0.0,2.0
24006,0.0016821238752740856,0.3633387570592025,0.0,0.1,892.7522129429765,214.91343860562702,0.0,1.0,0.0,0.0,2.0
24007,0.0023595282073767955,0.5096580927933878,0.0,0.1,902.0243911291595,215.79471436326858,0.0,1.0,0.0,0.0,2.0
24008,0.0006781234552984368,0.14647466634446235,0.0,0.1,908.4676111930211,217.8770684107407,0.0,1.0,0.0,0.0,2.0
24009,0.001545859844240533,0.33390572635595517,0.0,0.1,910.1379122466495,217.79100562511618,0.0,1.0,0.0,0.0,2.0
24010,,,,0.1,914.5959687976863,218.80720305092373,0.0,1.0,0.0,0.0,2.0
24011,,,,0.1,917.6486750903808,222.56927867905588,,,0.0,0.0,2.0
24012,0.0010584244594417235,0.22861968323941229,0.0,0.1,920.4909494966026,228.9398901539235,0.0,1.0,0.0,0.0,2.0
24013,0.0007367891077412145,0.1591464472721023,0.0,0.1,923.6066057445104,233.58413263779758,0.0,1.0,0.0,0.0,2.0
24014,0.0026839357746059863,0.579730127314893,0.0,0.1,924.2104440260878,235.61760149060885,0.0,1.0,0.0,0.0,2.0
24015,0.0010213768188731816,0.22061739287660723,0.0,0.1,929.1036214179945,239.0850583570043,0.0,1.0,0.0,0.0,2.0
24016,0.0016642788853607122,0.35948423923791384,0.0,0.1,936.533703308693,247.33300793923786,0.0,1.0,0.0,0.0,2.0
24017,0.0006275950581714106,0.1355605325650247,0.0,0.1,941.8089654325767,253.34143869560998,0.0,1.0,0.0,0.0,2.0
24018,0.0012463341528450565,0.2692081770145322,0.0,0.1,943.4186137991264,254.35639489254334,0.0,1.0,0.0,0.0,2.0
24019,0.0009007190115813442,0.19455530650157035,0.0,0.1,947.6131407068697,261.7281224095435,0.0,1.0,0.0,0.0,2.0
24020,0.001318710545186388,0.2848414777602598,0.0,0.1,951.3369838097116,270.9357829363259,0.0,1.0,0.0,0.0,2.0
24021,0.0018829263375586612,0.4067120889126708,0.0,0.1,957.4410573141299,282.1861717816566,0.0,1.0,0.0,0.0,2.0
24022,,,,0.1,963.5821431722903,291.29916227833013,0.0,1.0,0.0,0.0,2.0
24023,,,,0.1,967.711673010699,295.7249802002212,,,0.0,0.0,2.0
24024,,,,0.1,975.7684635551242,303.6822272976889,,,0.0,0.0,2.0
24025,0.00312979776043468,0.6760363162538909,0.0,0.1,981.566975281347,308.76490143929726,0.0,1.0,0.0,0.0,2.0
24026,0.0012333591137237577,0.2664055685643317,0.0,0.1,991.5904942282554,313.3360247341222,0.0,1.0,0.0,0.0,2.0
24027,0.0015136705665648573,0.3269528423780092,0.0,0.1,996.8988518758998,316.19262596621815,0.0,1.0,0.0,0.0,2.0
24028,0.002162554518198016,0.4671117759307714,0.0,0.1,1005.6975245357096,325.39611443009557,0.0,1.0,0.0,0.0,2.0
24029,0.0035000474123443033,0.7560102410663695,0.0,0.1,1014.343140783679,336.0926106730684,0.0,1.0,0.0,0.0,2.0
24030,0.0025215933213564327,0.5446641574129896,0.0,0.1,1022.5137202631604,342.82329527628724,0.0,1.0,0.0,0.0,2.0
24031,0.0002509447041019942,0.05420405608603076,1.0,0.1,1025.560800116965,348.1750566018555,0.0,1.0,0.0,0.0,2.0
24032,0.00044965420641272054,0.09712530858514763,1.0,0.1,1026.24402941932,352.6398400241511,0.0,1.0,0.0,0.0,2.0
24033,0.001972227361553497,0.42600111009555536,0.0,0.1,1029.7708247834748,354.42695034555817,0.0,1.0,0.0,0.0,2.0
24034,0.0011494616223150082,0.24828371042004174,0.0,0.1,1030.1882646396898,354.3582773378744,0.0,1.0,0.0,0.0,2.0
24035,0.0003239924641651289,0.06998237225966786,1.0,0.1,1026.3827003116894,353.1284266998122,0.0,1.0,0.0,0.0,2.0
24036,0.0012178330095211618,0.26305193005657096,0.0,0.1,1024.1912928903375,351.77092997445476,0.0,1.0,0.0,0.0,2.0
24037,0.0021453268075768647,0.4633905904366028,0.0,0.1,1018.9051861459634,345.8738764110336,0.0,1.0,0.0,0.0,2.0
24038,0.001244256628651821,0.26875943178879336,0.0,0.1,1010.9718055864141,339.8064847081073,0.0,1.0,0.0,0.0,2.0
24039,0.0013040761618914654,0.28168045096855654,0.0,0.1,1005.2690568952277,333.75839729918175,0.0,1.0,0.0,0.0,2.0
24040,0.0007584114492926553,0.16381687304721354,0.0,0.1,994.9293845245631,328.9165970491792,0.0,1.0,0.0,0.0,2.0
24041,0.0028149951994934108,0.6080389630905768,0.0,0.1,987.5916537138743,329.4041696762921,0.0,1.0,0.0,0.0,2.0
24042,0.002028705823709268,0.4382004579212019,0.0,0.1,971.8354426041993,331.9560535508499,0.0,1.0,0.0,0.0,2.0
24043,0.0012777501704162957,0.27599403680991985,0.0,0.1,958.6922277559322,330.6893523855795,0.0,1.0,0.0,0.0,2.0
24044,0.00030466799627622184,0.06580828719566392,1.0,0.1,947.5607456722394,330.2569553665837,0.0,1.0,0.0,0.0,2.0
24045,0.0016890488646621631,0.36483455476702725,0.0,0.1,940.8926156902713,330.2320852830031,0.0,1.0,0.0,0.0,2.0
24046,0.0017582022415943814,0.3797716841843864,0.0,0.1,936.1606964565628,328.875085925357,0.0,1.0,0.0,0.0,2.0
24047,0.0012567216284973318,0.2714518717554237,0.0,0.1,929.8499351774991,327.4504931800737,0.0,1.0,0.0,0.0,2.0
24048,0.0010680783475389647,0.23070492306841642,0.0,0.1,922.205507179194,324.7483271237758,0.0,1.0,0.0,0.0,2.0
24049,0.001141910806215299,0.2466527341425046,0.0,0.1,919.8973748898579,321.92483788555694,0.0,1.0,0.0,0.0,2.0
24050,0.00017569481933755627,0.03795008097691216,1.0,0.1,918.7355625167896,322.26265531313726,0.0,1.0,0.0,0.0,2.0
24051,0.0003435516708773227,0.0742071609095017,1.0,0.1,915.0299483470259,321.5459152816397,0.0,1.0,0.0,0.0,2.0
24052,0.0005480083079179651,0.11836979451028047,0.0,0.1,909.1223122440689,321.012474978161,0.0,1.0,0.0,0.0,2.0
24053,8.26818922499591e-05,0.017859288725991167,1.0,0.1,906.9077028241182,319.86077629865844,0.0,1.0,0.0,0.0,2.0
24054,0.000291185138263248,0.06289598986486156,1.0,0.1,906.3354309336148,319.6498870338508,0.0,1.0,0.0,0.0,2.0
24055,5.65933387882369e-05,0.01222416117825917,1.0,0.1,906.3062769809334,318.6325089868428,0.0,1.0,0.0,0.0,2.0
24056,0.00019200816406669686,0.04147376343840652,1.0,0.1,906.4328693246922,318.20806979129446,0.0,1.0,0.0,0.0,2.0
24057,0.0002272638731403217,0.04908899659830948,1.0,0.1,906.5088975416835,318.1109954691915,0.0,1.0,0.0,0.0,2.0
24058,5.989699271357825e-05,0.012937750426132901,1.0,0.1,907.3302513377038,318.2380464269717,0.0,1.0,0.0,0.0,2.0
24059,8.640414359759088e-05,0.018663295017079633,1.0,0.1,907.4375939149849,317.81375040909705,0.0,1.0,0.0,0.0,2.0
24060,0.0003335109133331429,0.07203835727995887,1.0,0.1,910.33734730273,317.87227728869766,0.0,1.0,0.0,0.0,2.0
24061,0.00018112253441505366,0.039122467433651595,1.0,0.1,911.1742862304985,318.26180189002264,0.0,1.0,0.0,0.0,2.0
24062,7.97228917696816e-05,0.017220144622251226,1.0,0.1,912.1727346759193,318.97743905683313,0.0,1.0,0.0,0.0,2.0
24063,0.0001324810283789387,0.02861590212985076,1.0,0.1,912.6172455332315,319.0691239569197,0.0,1.0,0.0,0.0,2.0
24064,8.521224760114228e-05,0.01840584548184673,1.0,0.1,912.9700710671061,319.27879485204096,0.0,1.0,0.0,0.0,2.0
24065,0.00013460102304371893,0.029073820977443286,1.0,0.1,913.488148506258,319.4141052070714,0.0,1.0,0.0,0.0,2.0
24066,0.00011243668688095417,0.0242863243662861,1.0,0.1,913.6255557336754,319.3055558268854,0.0,1.0,0.0,0.0,2.0
24067,0.00013052333732214167,0.028193040861582603,1.0,0.1,913.8845141627736,319.12008852159187,0.0,1.0,0.0,0.0,2.0
24068,0.00011643675874891317,0.025150339889765245,1.0,0.1,913.2726140164799,319.66428526781954,0.0,1.0,0.0,0.0,2.0
24069,7.161070511034952e-05,0.015467912303835495,1.0,0.1,913.9753501085744,319.63194532496226,0.0,1.0,0.0,0.0,2.0
24070,4.7525002380249524e-05,0.010265400514133898,1.0,0.1,913.816416032892,319.6504305306978,0.0,1.0,0.0,0.0,2.0
24071,0.0002324673517355465,0.05021294797487804,1.0,0.1,914.4888573635162,319.80303549958984,0.0,1.0,0.0,0.0,2.0
24072,0.0001103427407153053,0.023834031994505945,1.0,0.1,914.8095471483837,319.1756770092216,0.0,1.0,0.0,0.0,2.0
24073,0.0002588430409671077,0.055910096848895266,1.0,0.1,914.6206155860475,319.6877089383972,0.0,1.0,0.0,0.0,2.0
24074,9.976667821819876e-05,0.021549602495130934,1.0,0.1,914.7345909568401,319.68394936905133,0.0,1.0,0.0,0.0,2.0
24075,0.0001529910554819801,0.0330460679841077,1.0,0.1,915.0164720157113,319.6923694453048,0.0,1.0,0.0,0.0,2.0
24076,0.00013964249087611882,0.030162778029241662,1.0,0.1,915.1480751723709,319.7884828606671,0.0,1.0,0.0,0.0,2.0
24077,0.00014135482791062054,0.03053264282869404,1.0,0.1,914.9494654110798,319.8225930505333,0.0,1.0,0.0,0.0,2.0
24078,6.73631670173269e-05,0.014550444075742613,1.0,0.1,914.4550409441158,319.56397419584243,0.0,1.0,0.0,0.0,2.0
24079,5.69319096921018e-05,0.012297292493493988,1.0,0.1,914.3075642997527,320.04609681259126,0.0,1.0,0.0,0.0,2.0
24080,9.725004330915472e-05,0.02100600935477742,1.0,0.1,914.4327393650553,319.9091353690226,0.0,1.0,0.0,0.0,2.0
24081,9.128445110059899e-05,0.019717441437729383,1.0,0.1,915.0373161718178,319.6196357434162,0.0,1.0,0.0,0.0,2.0
24082,0.0001871130242946869,0.04041641324765237,1.0,0.1,915.6408518721933,319.61782680764657,0.0,1.0,0.0,0.0,2.0
24083,0.00011745092727813809,0.025369400292077827,1.0,0.1,916.3116192700353,319.79168719062005,0.0,1.0,0.0,0.0,2.0
24084,0.0002417716722485167,0.052222681205679605,1.0,0.1,915.7342196668857,319.9202941817107,0.0,1.0,0.0,0.0,2.0
24085,8.479857042841218e-05,0.01831649121253703,1.0,0.1,915.4881014908824,320.0459342990593,0.0,1.0,0.0,0.0,2.0
24086,0.0005565306560148674,0.12021062169921136,0.0,0.1,915.4302908907031,320.0224169023539,0.0,1.0,0.0,0.0,2.0
24087,0.00048010406469740333,0.10370247797463912,0.0,0.1,914.7943757934996,320.1956008481279,0.0,1.0,0.0,0.0,2.0
24088,0.00018123062788896323,0.03914581562401606,1.0,0.1,914.6060158258113,320.03777037391944,0.0,1.0,0.0,0.0,2.0
24089,0.00023281529967951697,0.05028810473077567,1.0,0.1,914.1963732580579,320.16444140365047,0.0,1.0,0.0,0.0,2.0
24090,0.00020124839408385318,0.04346965312211229,1.0,0.1,914.0161771655344,320.7782387536437,0.0,1.0,0.0,0.0,2.0
24091,0.0008327221863885146,0.17986799225991915,0.0,0.1,910.8264666754275,321.75269940590414,0.0,1.0,0.0,0.0,2.0
24092,0.0009484554782382964,0.20486638329947202,0.0,0.1,902.125367629731,321.1832137824253,0.0,1.0,0.0,0.0,2.0
24093,0.0005884554063493306,0.1271063677714554,0.0,0.1,894.694897520878,321.59336770845664,0.0,1.0,0.0,0.0,2.0
24094,0.0006870573395570311,0.1484043853443187,0.0,0.1,888.0373540772812,320.8111129973126,0.0,1.0,0.0,0.0,2.0
24095,0.0008115704371957273,0.1752992144342771,0.0,0.1,885.0587087590028,321.61911897387205,0.0,1.0,0.0,0.0,2.0
24096,0.0008601817664442976,0.18579926155196827,0.0,0.1,880.5067524298222,320.70821944092836,0.0,1.0,0.0,0.0,2.0
24097,0.0007150095101289327,0.15444205418784945,0.0,0.1,877.9260131674946,319.97108084104644,0.0,1.0,0.0,0.0,2.0
24098,0.0005344065303040333,0.1154318105456712,0.0,0.1,875.0687951419893,317.98125962518276,0.0,1.0,0.0,0.0,2.0
24099,0.00026073289684608845,0.05631830571875511,1.0,0.1,874.6509150455558,316.3104896763769,0.0,1.0,0.0,0.0,2.0
24100,0.00031971595561274343,0.06905864641235258,1.0,0.1,873.9957099337935,315.08177199933965,0.0,1.0,0.0,0.0,2.0
24101,0.00012984543116578522,0.028046613131809606,1.0,0.1,872.3567474645911,313.4600629459476,0.0,1.0,0.0,0.0,2.0
24102,0.00033819174669737196,0.07304941728663235,1.0,0.1,872.2506739641179,312.1912045967171,0.0,1.0,0.0,0.0,2.0
24103,0.00046007243818756204,0.0993756466485134,1.0,0.1,869.3861454585201,312.6692999208606,0.0,1.0,0.0,0.0,2.0
24104,0.0012739357297777457,0.2751701176319931,0.0,0.1,864.7752709612731,311.23490505126927,0.0,1.0,0.0,0.0,2.0
24105,0.0008362071111601886,0.18062073601060075,0.0,0.1,852.8369002097199,312.8403616929302,0.0,1.0,0.0,0.0,2.0
24106,,,,0.1,840.7119304517126,311.4723257813776,0.0,1.0,0.0,0.0,2.0
24107,,,,0.1,830.212044455911,313.55666031457423,,,0.0,0.0,2.0
24108,0.0016668556102706934,0.3600408118184698,0.0,0.1,824.9723781818562,312.43453933728136,0.0,1.0,0.0,0.0,2.0
24109,0.0003748023540244324,0.0809573084692774,1.0,0.1,812.9588767912759,313.788294749239,0.0,1.0,0.0,0.0,2.0
24110,0.0018743750029902291,0.4048650006458895,0.0,0.1,797.6224587650833,313.6650853754509,0.0,1.0,0.0,0.0,2.0
24111,0.0017617935777423373,0.38054741279234483,0.0,0.1,782.9957354409744,314.442717868344,0.0,1.0,0.0,0.0,2.0
24112,0.0013481975948640452,0.29121068049063376,0.0,0.1,769.7708639044441,315.54585860670244,0.0,1.0,0.0,0.0,2.0
24113,0.001647173504874496,0.35578947705289116,0.0,0.1,764.8682201578471,317.7482342073749,0.0,1.0,0.0,0.0,2.0
24114,0.0015411243449179703,0.3328828585022816,0.0,0.1,751.9548692778334,316.25183946584355,0.0,1.0,0.0,0.0,2.0
24115,0.0014429891867051997,0.3116856643283232,0.0,0.1,737.6840938172279,314.92445271526987,0.0,1.0,0.0,0.0,2.0
24116,0.0005461309944411656,0.11796429479929178,0.0,0.1,724.6423939155505,315.40225971770803,0.0,1.0,0.0,0.0,2.0
24117,0.0023387814170135325,0.505176786074923,0.0,0.1,718.0684260582373,316.6913634628654,0.0,1.0,0.0,0.0,2.0
24118,0.001391733366720878,0.3006144072117097,0.0,0.1,704.8089278428414,322.67483158741874,0.0,1.0,0.0,0.0,2.0
24119,0.001064537112869364,0.22994001637978262,0.0,0.1,692.9371261996432,329.9559356973358,0.0,1.0,0.0,0.0,2.0
24120,0.0009766423473374641,0.21095474702489225,0.0,0.1,684.413501671343,331.69436924375714,0.0,1.0,0.0,0.0,2.0
24121,0.00040130815448910934,0.08668256136964762,1.0,0.1,674.3576038800911,335.75699573597535,0.0,1.0,0.0,0.0,2.0
24122,0.00010019230251946893,0.021641537344205288,1.0,0.1,670.691106859107,335.8296483925167,0.0,1.0,0.0,0.0,2.0
24123,0.0009740586428043073,0.21039666684573036,0.0,0.1,663.0586139922839,335.92274003319716,0.0,1.0,0.0,0.0,2.0
24124,0.0004637624219053351,0.10017268313155239,0.0,0.1,657.619827737261,338.7187872539678,0.0,1.0,0.0,0.0,2.0
24125,0.0016626346306652328,0.35912908022369033,0.0,0.1,655.0647328763624,333.3113139368826,0.0,1.0,0.0,0.0,2.0
24126,0.0008838638009888397,0.19091458101358938,0.0,0.1,655.5735324214655,327.41214944662477,0.0,1.0,0.0,0.0,2.0
24127,0.000719460764148597,0.15540352505609697,0.0,0.1,655.6416151358242,319.0639452883375,0.0,1.0,0.0,0.0,2.0
24128,0.0019415534661421164,0.41937554868669713,0.0,0.1,652.8367176626929,313.40452214285096,0.0,1.0,0.0,0.0,2.0
24129,0.0005965845217789067,0.12886225670424384,0.0,0.1,650.0330176901396,309.4912337411903,0.0,1.0,0.0,0.0,2.0
24130,0.0005347025077755224,0.11549574167951285,0.0,0.1,644.8919252409395,311.8573480244485,0.0,1.0,0.0,0.0,2.0
24131,,,,0.1,640.5273114625504,314.1649843764998,0.0,1.0,0.0,0.0,2.0
24132,,,,0.1,628.0785836031,320.2648647995158,,,0.0,0.0,2.0
24133,,,,0.1,620.891996717082,322.99745224362374,,,0.0,0.0,2.0
24134,,,,0.1,609.0919918430568,327.8604974990189,0.0,1.0,0.0,0.0,2.0
24135,,,,0.1,604.6725874212422,329.7435235026869,,,0.0,0.0,2.0
24136,0.0010458694241157651,0.22590779560900529,0.0,0.1,596.761396823246,331.96265392674894,0.0,1.0,0.0,0.0,2.0
24137,0.0006081361195718332,0.13135740182751598,0.0,0.1,590.9145553143419,332.88939257397885,0.0,1.0,0.0,0.0,2.0
24138,0.0021528468441929637,0.46501491834568015,0.0,0.1,584.8225155614261,333.73522382936164,0.0,1.0,0.0,0.0,2.0
24139,0.0007497049763275771,0.16193627488675666,0.0,0.1,580.4683844276942,334.366631808322,0.0,1.0,0.0,0.0,2.0
24140,0.0014985523106001335,0.32368729908962884,0.0,0.1,577.4821183560566,335.42304518182283,0.0,1.0,0.0,0.0,2.0
24141,0.0009264279202156102,0.20010843076657178,0.0,0.1,574.3282966248462,333.87567998605493,0.0,1.0,0.0,0.0,2.0
24142,0.0018236885405848466,0.39391672476632683,0.0,0.1,568.4075761836153,335.7599731664055,0.0,1.0,0.0,0.0,2.0
24143,0.0008031478571698277,0.1734799371486828,0.0,0.1,562.2978432376434,339.5788368306025,0.0,1.0,0.0,0.0,2.0
24144,0.0017929833892207443,0.3872844120716808,0.0,0.1,560.3037437640138,340.16056313947985,0.0,1.0,0.0,0.0,2.0
24145,0.0008969699853429022,0.19374551683406688,0.0,0.1,556.3908515659111,342.5682484535162,0.0,1.0,0.0,0.0,2.0
24146,0.0009169827388330089,0.19806827158792992,0.0,0.1,554.0569615118051,344.82443197318855,0.0,1.0,0.0,0.0,2.0
24147,0.00029237886150294996,0.06315383408463719,1.0,0.1,552.8637857297172,346.7010158147544,0.0,1.0,0.0,0.0,2.0
24148,0.0005420283423763493,0.11707812195329145,0.0,0.1,550.9803945314818,347.93468801235525,0.0,1.0,0.0,0.0,2.0
24149,0.0012449701386569093,0.2689135499498924,0.0,0.1,550.1003105495872,349.5304728512412,0.0,1.0,0.0,0.0,2.0
24150,0.0009478576029748976,0.2047372422425779,0.0,0.1,551.4552129136287,348.87105814540246,0.0,1.0,0.0,0.0,2.0
24151,0.0006498504607556052,0.1403676995232107,0.0,0.1,552.5676574945041,348.38317880974694,0.0,1.0,0.0,0.0,2.0
24152,0.0006282491756993169,0.13570182195105243,0.0,0.1,554.3414911997023,347.00044550537723,0.0,1.0,0.0,0.0,2.0
24153,0.00020574140549832893,0.04444014358763905,1.0,0.1,556.6959201016163,344.93085659840665,0.0,1.0,0.0,0.0,2.0
24154,0.001156229835865183,0.2497456445468795,0.0,0.1,561.508213047346,341.04786460865125,0.0,1.0,0.0,0.0,2.0
24155,0.001072033547567367,0.23155924627455127,0.0,0.1,,,0.0,1.0,,,2.0
24156,0.0007012608925539764,0.1514723527916589,0.0,0.1,,,0.0,1.0,,,2.0
24157,0.000334402971514247,0.07223104184707736,1.0,0.1,566.2933676638971,336.75480259252777,0.0,1.0,0.0,0.0,2.0
24158,0.0003637734640787583,0.07857506824101179,1.0,0.1,,,0.0,1.0,,,2.0
24159,0.00027249219804867587,0.05885831477851399,1.0,0.1,,,0.0,1.0,,,2.0
24160,0.0003200155503110899,0.06912335886719541,1.0,0.1,565.9281175756298,337.98243275317077,0.0,1.0,0.0,0.0,2.0
24161,2.7155000468841295e-05,0.00586548010126972,1.0,0.1,566.1490522402073,338.4349529372166,0.0,1.0,0.0,0.0,2.0
24162,0.0005936085571417258,0.12821944834261279,0.0,0.1,566.1022582086385,338.7045821253654,0.0,1.0,0.0,0.0,2.0
24163,9.226814620561687e-05,0.019929919580413246,1.0,0.1,566.1232954269249,338.7875476945855,0.0,1.0,0.0,0.0,2.0
24164,7.284179483690016e-05,0.015733827684770434,1.0,0.1,566.239966276637,338.9663315390761,0.0,1.0,0.0,0.0,2.0
24165,0.0003200388364942261,0.06912838868275283,1.0,0.1,566.2362357300491,339.00109541091933,0.0,1.0,0.0,0.0,2.0
24166,8.761324332408912e-05,0.018924460558003252,1.0,0.1,565.867899705104,339.51469613616786,0.0,1.0,0.0,0.0,2.0
24167,0.00026696595515803814,0.057664646314136245,1.0,0.1,565.7613451106238,339.533202209535,0.0,1.0,0.0,0.0,2.0
24168,0.00015421650288029612,0.03331076462214397,1.0,0.1,565.9449443034904,339.3737121451833,0.0,1.0,0.0,0.0,2.0
24169,0.00011553009490644537,0.0249545004997922,1.0,0.1,566.1349859160583,339.3726347916216,0.0,1.0,0.0,0.0,2.0
24170,0.0001936352898516039,0.041825222607946445,1.0,0.1,565.8398658148881,339.7857448782901,0.0,1.0,0.0,0.0,2.0
24171,0.00014798572313480234,0.031964916197117305,1.0,0.1,566.3661626108253,339.14959345114835,0.0,1.0,0.0,0.0,2.0
24172,0.00024867613865874717,0.05371404595028939,1.0,0.1,566.2223435058718,339.256999038661,0.0,1.0,0.0,0.0,2.0
24173,0.00010742671142241815,0.02320416966724232,1.0,0.1,566.3430012201921,339.1037796806232,0.0,1.0,0.0,0.0,2.0
24174,0.0002137105122665914,0.046161470649583744,1.0,0.1,566.521311839538,338.96448085724825,0.0,1.0,0.0,0.0,2.0
24175,0.00010533557817101137,0.02275248488493846,1.0,0.1,566.0678651154286,339.39183145098946,0.0,1.0,0.0,0.0,2.0
24176,6.570446552472933e-05,0.014192164553341534,1.0,0.1,566.522279591874,338.874530944628,0.0,1.0,0.0,0.0,2.0
24177,0.0003668694987579368,0.07924381173171435,1.0,0.1,566.6416494103058,338.9348217673531,0.0,1.0,0.0,0.0,2.0
24178,0.00022610714470128174,0.048839143255476856,1.0,0.1,566.8564746680609,338.48356949868037,0.0,1.0,0.0,0.0,2.0
24179,0.00058042558208193,0.12537192572969688,0.0,0.1,570.6081419663793,333.2752659274755,0.0,1.0,0.0,0.0,2.0
24180,0.0005475676606669004,0.1182746147040505,0.0,0.1,572.6814537802387,330.2190169238807,0.0,1.0,0.0,0.0,2.0
24181,0.0014351283287218858,0.3099877190039273,0.0,0.1,583.084524991971,314.9932325658471,0.0,1.0,0.0,0.0,2.0
24182,0.0010859251709643652,0.2345598369283029,0.0,0.1,588.8658105271089,304.68153321700845,0.0,1.0,0.0,0.0,2.0
24183,0.001566381898439001,0.33833849006282424,0.0,0.1,598.4230888072339,290.100252980729,0.0,1.0,0.0,0.0,2.0
24184,0.00044797936115488116,0.09676354200945433,1.0,0.1,599.7037674289409,285.07169085074423,0.0,1.0,0.0,0.0,2.0
24185,0.0008823511364821815,0.19058784548015123,0.0,0.1,597.8585567105869,285.49843722378574,0.0,1.0,0.0,0.0,2.0
24186,0.0004526732314253259,0.0977774179878704,1.0,0.1,602.379081931528,278.22400891316295,0.0,1.0,0.0,0.0,2.0
24187,0.0008215042749925888,0.1774449233983992,0.0,0.1,609.7105624519496,269.40245065423267,0.0,1.0,0.0,0.0,2.0
24188,0.0013616193652818327,0.29410978290087586,0.0,0.1,616.3452950899585,261.683005271377,0.0,1.0,0.0,0.0,2.0
24189,0.0016888709469479097,0.3647961245407485,0.0,0.1,620.4496813545667,257.32385488328055,0.0,1.0,0.0,0.0,2.0
24190,0.0006896085992834854,0.14895545744523286,0.0,0.1,629.1441942997994,247.59244000530555,0.0,1.0,0.0,0.0,2.0
24191,0.0012222085925395164,0.26399705598853557,0.0,0.1,633.1417877847294,242.54446796436721,0.0,1.0,0.0,0.0,2.0
24192,0.0003520684086839708,0.07604677627573769,1.0,0.1,636.334037743248,238.28605328853615,0.0,1.0,0.0,0.0,2.0
24193,0.0004990950445777027,0.1078045296287838,0.0,0.1,639.3007346402492,234.6658644021796,0.0,1.0,0.0,0.0,2.0
24194,0.002371216941181271,0.5121828592951545,0.0,0.1,642.751115999631,231.0997066496792,0.0,1.0,0.0,0.0,2.0
24195,0.0017880502528681568,0.3862188546195219,0.0,0.1,647.0084213158761,226.64081530610662,0.0,1.0,0.0,0.0,2.0
24196,0.002681779738638851,0.5792644235459918,0.0,0.1,648.7856807955045,225.41836358689287,0.0,1.0,0.0,0.0,2.0
24197,0.0013053741933219934,0.2819608257575506,0.0,0.1,653.0377949281237,222.6986055673999,0.0,1.0,0.0,0.0,2.0
24198,0.0022008578871545,0.475385303625372,0.0,0.1,654.217490802175,222.4997236420976,0.0,1.0,0.0,0.0,2.0
24199,0.0021413687085373493,0.4625356410440674,0.0,0.1,654.8526221943138,223.77174609189328,0.0,1.0,0.0,0.0,2.0
24200,0.0031878984837692805,0.6885860724941646,0.0,0.1,654.1880415360107,227.25966530504093,0.0,1.0,0.0,0.0,2.0
24201,0.0027338667136497952,0.5905152101483558,0.0,0.1,651.6837903593733,233.36101957080263,0.0,1.0,0.0,0.0,2.0
24202,0.0013090798149402337,0.28276124002709047,0.0,0.1,650.1448607852158,238.79511590127635,0.0,1.0,0.0,0.0,2.0
24203,0.0028828016516594104,0.6226851567584326,0.0,0.1,650.2473387150909,240.88256191340625,0.0,1.0,0.0,0.0,2.0
24204,0.0022170740331967933,0.4788879911705074,0.0,0.1,649.5298896934319,246.4273096336747,0.0,1.0,0.0,0.0,2.0
24205,0.0010965093476706625,0.23684601909686312,0.0,0.1,651.5223176564517,246.98699299851265,0.0,1.0,0.0,0.0,2.0
24206,0.0010666836663823678,0.23040367193859146,0.0,0.1,649.0319165534439,251.90634399889558,0.0,1.0,0.0,0.0,2.0
24207,0.0012625165354774746,0.2727035716631345,0.0,0.1,649.1352829024818,254.0360036946898,0.0,1.0,0.0,0.0,2.0
24208,0.0012833198594652414,0.2771970896444922,0.0,0.1,647.0823263171566,260.19961077629426,0.0,1.0,0.0,0.0,2.0
24209,0.0011362533107053127,0.24543071511234754,0.0,0.1,645.2119382937209,265.8228078390116,0.0,1.0,0.0,0.0,2.0
24210,0.0020819070577898185,0.4496919244826008,0.0,0.1,644.9800789558291,268.9601569403664,0.0,1.0,0.0,0.0,2.0
24211,0.0007355040634507184,0.15886887770535518,0.0,0.1,642.4246835531134,272.1552492922544,0.0,1.0,0.0,0.0,2.0
24212,0.002288615748774397,0.49434100173526974,0.0,0.1,638.7320551414282,275.95069651952326,0.0,1.0,0.0,0.0,2.0
24213,0.0022104093089852805,0.4774484107408206,0.0,0.1,632.5010327725364,282.7415124181913,0.0,1.0,0.0,0.0,2.0
24214,0.0013652743839288706,0.29489926692863605,0.0,0.1,629.1437614959981,288.24535628982943,0.0,1.0,0.0,0.0,2.0
24215,0.0007103419561076686,0.15343386251925642,0.0,0.1,626.5905549525017,292.20124897707257,0.0,1.0,0.0,0.0,2.0
24216,0.0008199680019441815,0.1771130884199432,0.0,0.1,626.8086145585758,292.54444238622784,0.0,1.0,0.0,0.0,2.0
24217,0.001153719834825866,0.2492034843223871,0.0,0.1,624.5625343330089,295.6473719889135,0.0,1.0,0.0,0.0,2.0
24218,0.0007409256744819675,0.16003994568810498,0.0,0.1,616.5215323018434,301.40176049251204,0.0,1.0,0.0,0.0,2.0
24219,0.0007732807217467586,0.16702863589729985,0.0,0.1,605.2908114470769,309.3114529328527,0.0,1.0,0.0,0.0,2.0
24220,0.0007175473918470074,0.15499023663895362,0.0,0.1,595.7987561928757,316.7353371932243,0.0,1.0,0.0,0.0,2.0
24221,0.0011556521777813813,0.24962087040077838,0.0,0.1,593.0465873731761,319.53512963989607,0.0,1.0,0.0,0.0,2.0
24222,0.0011663166430107709,0.25192439489032653,0.0,0.1,588.4227303416399,323.63211367640446,0.0,1.0,0.0,0.0,2.0
24223,0.0015500829013838711,0.33481790669891615,0.0,0.1,583.5562437437518,327.8971441276178,0.0,1.0,0.0,0.0,2.0
24224,0.0010417516756590678,0.22501836194235866,0.0,0.1,575.3324818536698,333.8262873691641,0.0,1.0,0.0,0.0,2.0
24225,0.0016841546041589707,0.3637773944983377,0.0,0.1,570.4794002951438,337.2326322503364,0.0,1.0,0.0,0.0,2.0
24226,0.0007286216929253901,0.15738228567188428,0.0,0.1,559.0283899172381,346.8960151990069,0.0,1.0,0.0,0.0,2.0
24227,0.0021594492475503434,0.46644103747087423,0.0,0.1,547.4674989007851,356.5090306134816,0.0,1.0,0.0,0.0,2.0
24228,0.002432359287736111,0.5253896061509999,0.0,0.1,536.5620100616248,368.9710794564012,0.0,1.0,0.0,0.0,2.0
24229,0.0013837792018454853,0.29889630759862484,0.0,0.1,529.5551140217391,378.62983857078245,0.0,1.0,0.0,0.0,2.0
24230,0.002575407126917755,0.556287939414235,0.0,0.1,525.6243438123679,384.0325002582615,0.0,1.0,0.0,0.0,2.0
24231,0.002219691616141051,0.47945338908646706,0.0,0.1,519.6778921810064,392.0092564705783,0.0,1.0,0.0,0.0,2.0
24232,0.0018727345277060091,0.404510657984498,0.0,0.1,513.1125972900102,401.335421660451,0.0,1.0,0.0,0.0,2.0
24233,0.0006122459903294621,0.13224513391116383,0.0,0.1,509.390466680379,409.17505787567086,0.0,1.0,0.0,0.0,2.0
24234,0.002905633843086257,0.6276169101066315,0.0,0.1,507.6587829715134,412.51704660329506,0.0,1.0,0.0,0.0,2.0
24235,0.0019017087042541676,0.41076908011890023,0.0,0.1,503.4395165139494,420.30260465162996,0.0,1.0,0.0,0.0,2.0
24236,0.0026558120507979704,0.5736554029723616,0.0,0.1,498.2466813901467,427.7209781503346,0.0,1.0,0.0,0.0,2.0
24237,0.0028727014567855084,0.6205035146656698,0.0,0.1,490.3889825598272,436.8536287529004,0.0,1.0,0.0,0.0,2.0
24238,0.0018750974738347835,0.40502105434831326,0.0,0.1,483.7684001955627,446.5352746987529,0.0,1.0,0.0,0.0,2.0
24239,0.002146356609103215,0.4636130275662944,0.0,0.1,481.94666164254255,449.5813718410303,0.0,1.0,0.0,0.0,2.0
24240,0.00436404285340447,0.9426332563353654,0.0,0.1,475.6779471629689,459.14123186052194,0.0,1.0,0.0,0.0,2.0
24241,0.0016894387774037014,0.3649187759191995,0.0,0.1,473.20290630690806,463.6577501182139,0.0,1.0,0.0,0.0,2.0
24242,0.0006444439587713726,0.13919989509461647,0.0,0.1,470.1386748166844,469.1986825564869,0.0,1.0,0.0,0.0,2.0
24243,0.0013230699822309258,0.28578311616188,0.0,0.1,471.5669788634618,470.178326049433,0.0,1.0,0.0,0.0,2.0
24244,0.002396370590615678,0.5176160475729865,0.0,0.1,471.37335988655616,472.71284026549057,0.0,1.0,0.0,0.0,2.0
24245,0.0011229583313480394,0.2425589995711765,0.0,0.1,470.31894254432257,474.49849601957413,0.0,1.0,0.0,0.0,2.0
24246,0.0008312061061065115,0.1795405189190065,0.0,0.1,469.8434536857255,476.03641523398994,0.0,1.0,0.0,0.0,2.0
24247,0.0012702008463837933,0.2743633828188994,0.0,0.1,469.6818811606559,477.2897655272388,0.0,1.0,0.0,0.0,2.0
24248,0.0004812253805742713,0.10394468220404261,0.0,0.1,470.87360311556273,477.2442463067348,0.0,1.0,0.0,0.0,2.0
24249,0.0016824589939148497,0.36341114268560754,0.0,0.1,472.689028058693,474.9325043277904,0.0,1.0,0.0,0.0,2.0
24250,0.0005134080677975569,0.11089614264427229,0.0,0.1,469.81878309160953,476.7249884381328,0.0,1.0,0.0,0.0,2.0
24251,0.002091748477038759,0.4518176710403719,0.0,0.1,462.22688468595305,483.42420278552714,0.0,1.0,0.0,0.0,2.0
24252,0.0015482973813210179,0.33443223436533986,0.0,0.1,459.1033289027396,486.6082849586088,0.0,1.0,0.0,0.0,2.0
24253,0.0012129888369007914,0.26200558877057095,0.0,0.1,446.3128707789148,497.6552161450778,0.0,1.0,0.0,0.0,2.0
24254,0.0027399305112920038,0.5918249904390729,0.0,0.1,437.4221262507461,510.5220795873066,0.0,1.0,0.0,0.0,2.0
24255,0.0016540407725728718,0.3572728068757403,0.0,0.1,432.3933416076343,520.1459582772598,0.0,1.0,0.0,0.0,2.0
24256,0.0002592388916423797,0.05599560059475401,1.0,0.1,422.4634911945863,532.667943216379,0.0,1.0,0.0,0.0,2.0
24257,,,,0.1,418.4234814175564,538.5158673955007,0.0,1.0,0.0,0.0,2.0
24258,,,,0.1,408.7115113832527,550.6695609094048,,,0.0,0.0,2.0
24259,0.004247810711425735,0.9175271136679588,0.0,0.1,403.39501478449495,562.0821481607185,0.0,1.0,0.0,0.0,2.0
24260,0.0018657104353053486,0.4029934540259553,0.0,0.1,400.0189629308998,570.6103772636963,0.0,1.0,0.0,0.0,2.0
24261,0.0027797210060594144,0.6004197373088335,0.0,0.1,397.5803953918291,574.3676085119782,0.0,1.0,0.0,0.0,2.0
24262,0.0031019187695894065,0.6700144542313118,0.0,0.1,392.407254060546,583.7541618230822,0.0,1.0,0.0,0.0,2.0
24263,0.0015084209190310673,0.32581891851071054,0.0,0.1,387.8194282151023,592.5051101221393,0.0,1.0,0.0,0.0,2.0
24264,0.0014406635194620322,0.31118332020379896,0.0,0.1,385.7511812827002,599.7221438919995,0.0,1.0,0.0,0.0,2.0
24265,0.001318030523108784,0.28469459299149735,0.0,0.1,386.05904424750327,602.7980133131634,0.0,1.0,0.0,0.0,2.0
24266,0.002796970847894875,0.604145703145293,0.0,0.1,386.18897745510645,604.5678180674923,0.0,1.0,0.0,0.0,2.0
24267,0.001491462515973829,0.32215590345034706,0.0,0.1,386.6558454705552,606.7145320736017,0.0,1.0,0.0,0.0,2.0
24268,0.0017228128707680195,0.3721275800858922,0.0,0.1,386.6768698306181,610.5588219715465,0.0,1.0,0.0,0.0,2.0
24269,0.000930053054136506,0.2008914596934853,0.0,0.1,388.5535777678531,615.0099019924143,0.0,1.0,0.0,0.0,2.0
24270,0.002095646727494805,0.45265969313887783,0.0,0.1,388.60310074858455,615.686552315724,0.0,1.0,0.0,0.0,2.0
24271,0.0017725294886216448,0.38286636954227526,0.0,0.1,388.3363314594044,619.1322774006178,0.0,1.0,0.0,0.0,2.0
24272,0.0012220499581241239,0.26396279095481073,0.0,0.1,388.8834920451599,624.3410252234513,0.0,1.0,0.0,0.0,2.0
24273,0.0019444272421846372,0.41999628431188163,0.0,0.1,387.7861010966417,628.7557362238773,0.0,1.0,0.0,0.0,2.0
24274,0.001661344778232693,0.3588504720982617,0.0,0.1,383.6757640026385,637.5242821182457,0.0,1.0,0.0,0.0,2.0
24275,0.0026341274709326813,0.5689715337214591,0.0,0.1,380.9588917570012,642.8495110672837,0.0,1.0,0.0,0.0,2.0
24276,0.0021480018890001878,0.46396840802404055,0.0,0.1,377.2601768262214,654.6263638286473,1.0,0.0,0.0,0.0,2.0
24277,0.004265515850403827,0.9213514236872267,0.0,0.1,374.6330066587383,665.6036448787653,1.0,0.0,0.0,0.0,2.0
24278,0.0010042716950473102,0.216922686130219,0.0,0.1,372.6211887754303,679.1043545658578,1.0,0.0,0.0,0.0,2.0
24279,0.003618227286974147,0.7815370939864158,0.0,0.1,373.9708624453472,684.7900173944888,1.0,0.0,0.0,0.0,2.0
24280,0.0034499482222461793,0.7451888160051747,0.0,0.1,376.797151204848,695.8725984709573,1.0,0.0,0.0,0.0,2.0
24281,0.0034453939333156675,0.7442050895961843,0.0,0.1,377.6516942104603,707.7475720034437,1.0,0.0,0.0,0.0,2.0
24282,0.003390280723000387,0.7323006361680836,0.0,0.1,378.60956329169267,722.245482826186,1.0,0.0,0.0,0.0,2.0
24283,0.001347455872339578,0.2910504684253489,0.0,0.1,389.0658881949775,732.9589464952077,1.0,0.0,0.0,0.0,2.0
24284,0.0042131800055459365,0.9100468811979223,0.0,0.1,390.0828930957088,738.6929603231225,1.0,0.0,0.0,0.0,2.0
24285,0.002774638188546576,0.5993218487260604,0.0,0.1,386.948279815869,748.1553791239354,1.0,0.0,0.0,0.0,2.0
24286,0.0008169841755967618,0.17646858192890055,0.0,0.1,383.1395816097124,755.3843801687308,1.0,0.0,0.0,0.0,2.0
24287,0.001263512142829743,0.27291862285122453,0.0,0.1,380.1103236259752,760.1525851445253,1.0,0.0,0.0,0.0,2.0
24288,0.0017667393969501837,0.38161570974123965,0.0,0.1,,,1.0,0.0,,,2.0
24289,0.0013789210373393466,0.2978469440652989,0.0,0.1,,,1.0,0.0,,,2.0
24290,0.001861640471665025,0.40211434187964545,0.0,0.1,378.29876428502484,768.3340127443515,1.0,0.0,0.0,0.0,2.0
24291,0.0026436407148148883,0.5710263944000159,0.0,0.1,,,1.0,0.0,,,2.0
24292,0.00012271623310728763,0.02650670635117413,1.0,0.1,,,1.0,0.0,,,2.0
24293,0.00109429404773835,0.2363675143114836,0.0,0.1,,,1.0,0.0,,,2.0
24294,0.0025563540525784917,0.5521724753569542,0.0,0.1,,,1.0,0.0,,,2.0
24295,0.0018251714039704237,0.39423702325761156,0.0,0.1,372.31425538167247,775.5732079850251,1.0,0.0,0.0,0.0,2.0
24296,0.001290568175626196,0.27876272593525836,0.0,0.1,375.6729338065426,779.4970538813224,1.0,0.0,0.0,0.0,2.0
24297,0.002019584172635939,0.43623018128936286,0.0,0.1,378.6423556324793,779.586907777418,1.0,0.0,0.0,0.0,2.0
24298,0.0022447500112130953,0.4848660024220286,0.0,0.1,382.36960400056057,783.7256921602909,1.0,0.0,0.0,0.0,2.0
24299,0.0022214014948462556,0.4798227228867912,0.0,0.1,,,1.0,0.0,,,2.0
24300,0.002181053853246471,0.47110763230123776,0.0,0.1,,,1.0,0.0,,,2.0
24301,0.0001599978853227087,0.03455954322970508,1.0,0.1,383.31001555330255,793.5019917932575,1.0,0.0,0.0,0.0,2.0
24302,0.0010999633613826443,0.23759208605865118,0.0,0.1,383.7277443963172,793.4877344084507,1.0,0.0,0.0,0.0,2.0
24303,0.0006574551186119215,0.14201030562017505,0.0,0.1,,,1.0,0.0,,,2.0
24304,0.00112883286103294,0.24382789798311505,0.0,0.1,,,1.0,0.0,,,2.0
24305,0.0006116407455875606,0.1321144010469131,0.0,0.1,,,1.0,0.0,,,2.0
24306,0.001009175954223995,0.21798200611238291,0.0,0.1,,,1.0,0.0,,,2.0
24307,0.00047712513962755367,0.10305903015955159,0.0,0.1,,,1.0,0.0,,,2.0
24308,0.0010695423923772472,0.23102115675348536,0.0,0.1,,,1.0,0.0,,,2.0
24309,0.00027893720671827226,0.06025043665114681,1.0,0.1,,,1.0,0.0,,,2.0
24310,0.00040433616588376743,0.08733661183089377,1.0,0.1,,,1.0,0.0,,,2.0
24311,0.0006812690914920419,0.14715412376228107,0.0,0.1,,,1.0,0.0,,,2.0
24312,0.000264703075432976,0.05717586429352282,1.0,0.1,,,1.0,0.0,,,2.0
24313,0.00044717891016778587,0.09659064459624175,1.0,0.1,,,1.0,0.0,,,2.0
24314,0.0001695248931116826,0.03661737691212344,1.0,0.1,,,1.0,0.0,,,2.0
24315,0.0004868350616342063,0.10515637331298856,0.0,0.1,388.9395646839749,803.0730628473378,1.0,0.0,0.0,0.0,2.0
24316,0.0005414854086964633,0.11696084827843606,0.0,0.1,,,1.0,0.0,,,2.0
24317,0.0007069699061580894,0.15270549973014733,0.0,0.1,,,1.0,0.0,,,2.0
24318,0.0011571651139531596,0.24994766461388246,0.0,0.1,,,1.0,0.0,,,2.0
24319,0.0004528940935805992,0.09782512421340941,1.0,0.1,412.0309926824507,815.0330654147733,1.0,0.0,0.0,0.0,2.0
24320,0.0010351654554846355,0.22359573838468128,0.0,0.1,414.62297235959664,817.4467585967528,1.0,0.0,0.0,0.0,2.0
24321,0.0013040626112265756,0.28167752402494034,0.0,0.1,,,1.0,0.0,,,2.0
24322,0.000703250464792165,0.15190210039510765,0.0,0.1,,,1.0,0.0,,,2.0
24323,0.0010747216055325955,0.23213986679504062,0.0,0.1,,,1.0,0.0,,,2.0
24324,0.0010498866226323492,0.22677551048858743,0.0,0.1,,,1.0,0.0,,,2.0
24325,0.002645017334441182,0.5713237442392953,0.0,0.1,431.5908606901405,841.7024799717999,1.0,0.0,0.0,0.0,2.0
24326,0.0024013044038948862,0.5186817512412955,0.0,0.1,440.7963611539466,848.3078585341899,1.0,0.0,0.0,0.0,2.0
24327,0.001444600370149775,0.31203367995235143,0.0,0.1,448.6635482702252,853.2924008291575,1.0,0.0,0.0,0.0,2.0
24328,0.00031064860250322956,0.06710009814069759,1.0,0.1,,,1.0,0.0,,,2.0
24329,0.0027595290591855576,0.5960582767840805,0.0,0.1,,,1.0,0.0,,,2.0
24330,0.0008943660477099968,0.19318306630535934,0.0,0.1,,,1.0,0.0,,,2.0
24331,0.0011262829587184206,0.24327711908317887,0.0,0.1,,,1.0,0.0,,,2.0
24332,0.0006207721708554927,0.13408678890478642,0.0,0.1,,,1.0,0.0,,,2.0
24333,0.0010917688604036707,0.23582207384719286,0.0,0.1,,,1.0,0.0,,,2.0
24334,0.0005522485438380163,0.11928568546901151,0.0,0.1,,,1.0,0.0,,,2.0
24335,7.716612099868359e-05,0.016667882135715656,1.0,0.1,,,1.0,0.0,,,2.0
24336,0.001070312420230188,0.23118748276972062,0.0,0.1,,,1.0,0.0,,,2.0
24337,0.0007629924822041028,0.1648063761560862,0.0,0.1,,,1.0,0.0,,,2.0
24338,0.0002158483439370099,0.04662324229039414,1.0,0.1,,,1.0,0.0,,,2.0
24339,0.0010535986776636435,0.227577314375347,0.0,0.1,,,1.0,0.0,,,2.0
24340,0.00032183464886193056,0.069516284154177,1.0,0.1,,,1.0,0.0,,,2.0
24341,0.00027631661400987596,0.059684388626133206,1.0,0.1,,,1.0,0.0,,,2.0
24342,0.0008522308495482858,0.18408186350242972,0.0,0.1,,,1.0,0.0,,,2.0
24343,,,,0.1,,,1.0,0.0,,,2.0
24344,,,,0.1,,,,,,,2.0
24345,,,,0.1,,,,,,,2.0
24346,,,,0.1,,,,,,,2.0
24347,,,,0.1,,,,,,,2.0
24348,,,,0.1,,,,,,,2.0
24349,,,,0.1,,,,,,,2.0
24350,,,,0.1,,,,,,,2.0
24351,,,,0.1,,,,,,,2.0
24352,,,,0.1,,,,,,,2.0
24353,,,,0.1,,,,,,,2.0
24354,,,,0.1,,,,,,,2.0
24355,,,,0.1,,,,,,,2.0
24356,,,,0.1,,,,,,,2.0
24357,,,,0.1,,,,,,,2.0
24358,,,,0.1,,,,,,,2.0
24359,,,,0.1,,,,,,,2.0
24360,,,,0.1,,,,,,,2.0
24361,,,,0.1,,,,,,,2.0
24362,,,,0.1,,,,,,,2.0
24363,,,,0.1,,,,,,,2.0
24364,,,,0.1,,,,,,,2.0
24365,,,,0.1,,,,,,,2.0
24366,,,,0.1,,,,,,,2.0
24367,,,,0.1,,,,,,,2.0
24368,,,,0.1,,,,,,,2.0
24369,,,,0.1,,,,,,,2.0
24370,,,,0.1,,,,,,,2.0
24371,0.0009847619038123462,0.21270857122346676,0.0,0.1,298.4824488071592,740.9454597836748,1.0,0.0,0.0,0.0,2.0
24372,0.002369503475345721,0.5118127506746757,0.0,0.1,288.56836281598004,734.6251059259052,1.0,0.0,0.0,0.0,2.0
24373,0.0007641482694146393,0.1650560261935621,0.0,0.1,275.873758322867,730.2579107396939,1.0,0.0,0.0,0.0,2.0
24374,0.001853154422157603,0.40028135518604224,0.0,0.1,267.72626035048194,726.7533419789871,1.0,0.0,0.0,0.0,2.0
24375,0.002896281389806183,0.6255967801981356,0.0,0.1,251.45247617880233,718.1449469933375,1.0,0.0,0.0,0.0,2.0
24376,0.0011165636869606627,0.24117775638350314,0.0,0.1,236.57884931119622,707.7840920510553,1.0,0.0,0.0,0.0,2.0
24377,0.0007822377728007932,0.16896335892497133,0.0,0.1,229.0920748593532,696.7990471532985,1.0,0.0,0.0,0.0,2.0
24378,0.001999786003724969,0.43195377680459335,0.0,0.1,226.3663788233528,688.9520736820084,1.0,0.0,0.0,0.0,2.0
24379,0.0012825224350786618,0.27702484597699095,0.0,0.1,225.39828485507059,678.1647348230639,1.0,0.0,0.0,0.0,2.0
24380,0.0008292110165200768,0.1791095795683366,0.0,0.1,225.44008987487206,670.4446759507406,1.0,0.0,0.0,0.0,2.0
24381,0.0016989087914234665,0.3669642989474688,0.0,0.1,223.96938179561087,667.8913110621776,1.0,0.0,0.0,0.0,2.0
24382,,,,0.1,223.0745865947494,665.4592479228193,1.0,0.0,0.0,0.0,2.0
24383,,,,0.1,224.1002911370712,663.0831987478077,,,0.0,0.0,2.0
24384,0.00020882902834884573,0.04510707012335068,1.0,0.1,225.05946329368118,659.8554536334012,1.0,0.0,0.0,0.0,2.0
24385,0.0001343458151118347,0.029018696064156295,1.0,0.1,228.35718209040508,655.2238337316029,1.0,0.0,0.0,0.0,2.0
24386,0.00010962539538660697,0.023679085403507105,1.0,0.1,231.6784075511262,650.7619427094365,1.0,0.0,0.0,0.0,2.0
24387,0.0003103039039209696,0.06702564324692943,1.0,0.1,231.13431898615408,650.5156137160945,1.0,0.0,0.0,0.0,2.0
24388,0.0001491021817467418,0.032206071257296236,1.0,0.1,234.4190090467789,646.3135331778933,1.0,0.0,0.0,0.0,2.0
24389,0.00057760160350099,0.12476194635621386,0.0,0.1,237.2976740138751,642.8337495429191,1.0,0.0,0.0,0.0,2.0
24390,0.00019628045374634536,0.0423965780092106,1.0,0.1,239.60955391263207,640.9473906771058,1.0,0.0,0.0,0.0,2.0
24391,0.00020564107855802126,0.044418472968532595,1.0,0.1,240.7436211822618,640.2415844804987,1.0,0.0,0.0,0.0,2.0
24392,0.0004982843884867047,0.10762942791312823,0.0,0.1,241.55254906090698,639.2792882089033,1.0,0.0,0.0,0.0,2.0
24393,0.0009351466906358401,0.20199168517734145,0.0,0.1,243.50065939196696,637.101086053172,1.0,0.0,0.0,0.0,2.0
24394,0.00038836804139307906,0.08388749694090508,1.0,0.1,247.2732896286718,633.6480356854663,1.0,0.0,0.0,0.0,2.0
24395,0.00033716604837434865,0.07282786644885932,1.0,0.1,249.5236120890817,632.2456787201963,1.0,0.0,0.0,0.0,2.0
24396,0.0004221451457523,0.0911833514824968,1.0,0.1,249.69262066838803,632.8445377628743,1.0,0.0,0.0,0.0,2.0
24397,0.000946452219528152,0.20443367941808085,0.0,0.1,253.63288707635118,629.4820936031797,1.0,0.0,0.0,0.0,2.0
24398,0.0013562899221414848,0.2929586231825607,0.0,0.1,255.0675856162327,628.1982657901943,1.0,0.0,0.0,0.0,2.0
24399,0.0006767285143214253,0.14617335909342788,0.0,0.1,257.16066349629887,626.401936436744,1.0,0.0,0.0,0.0,2.0
24400,0.0008508954880374859,0.18379342541609694,0.0,0.1,259.3414002821546,624.4915431519034,1.0,0.0,0.0,0.0,2.0
24401,0.0006770492635044598,0.14624264091696332,0.0,0.1,258.0670798046495,626.1656374005408,1.0,0.0,0.0,0.0,2.0
24402,0.00045757218578919436,0.09883559213046599,1.0,0.1,265.1558238956409,619.8361838535154,1.0,0.0,0.0,0.0,2.0
24403,0.0010270728308625998,0.22184773146632156,0.0,0.1,271.01233666269167,615.129545004844,1.0,0.0,0.0,0.0,2.0
24404,0.0007141860587976498,0.15426418870029238,0.0,0.1,275.723149124173,611.4919494082783,1.0,0.0,0.0,0.0,2.0
24405,0.0023824439313305554,0.5146078891674,0.0,0.1,278.2818528082681,609.4860774103955,1.0,0.0,0.0,0.0,2.0
24406,0.0019903464885288585,0.4299148415222334,0.0,0.1,283.46493975528784,604.9575541101406,1.0,0.0,0.0,0.0,2.0
24407,0.0014360892705695828,0.3101952824430299,0.0,0.1,287.50833996012153,601.6362972128788,1.0,0.0,0.0,0.0,2.0
24408,0.0019425590329991713,0.41959275112782096,0.0,0.1,287.51011394645354,600.7816972758225,1.0,0.0,0.0,0.0,2.0
24409,0.000612375785690525,0.1322731697091534,0.0,0.1,286.05084715623406,599.7241667441054,1.0,0.0,0.0,0.0,2.0
24410,0.0015303145328549603,0.33054793909667146,0.0,0.1,287.1474107351616,598.1528479901771,1.0,0.0,0.0,0.0,2.0
24411,0.001238192585714821,0.26744959851440137,0.0,0.1,287.9749295801697,595.6053908708925,1.0,0.0,0.0,0.0,2.0
24412,0.0011069447929551485,0.2391000752783121,0.0,0.1,289.03988620750005,593.2046438153791,1.0,0.0,0.0,0.0,2.0
24413,0.00020310982931307032,0.043871723131623186,1.0,0.1,288.1824709462495,593.0816216265926,1.0,0.0,0.0,0.0,2.0
24414,0.0004195305447697609,0.09061859767026836,1.0,0.1,289.94660737732664,590.6442494367976,1.0,0.0,0.0,0.0,2.0
24415,0.0011800561075405991,0.2548921192287694,0.0,0.1,292.88327903770056,586.3255982226397,1.0,0.0,0.0,0.0,2.0
24416,0.000539451766148805,0.11652158148814187,0.0,0.1,292.3770153715823,586.1114327064712,1.0,0.0,0.0,0.0,2.0
24417,0.0007533689641532854,0.16272769625710964,0.0,0.1,290.9931893889038,586.6173735009993,1.0,0.0,0.0,0.0,2.0
24418,0.0006416479141061805,0.13859594944693499,0.0,0.1,294.5351044901287,581.6692476724866,1.0,0.0,0.0,0.0,2.0
24419,0.0005174377650097999,0.11176655724211677,0.0,0.1,299.3177667263781,576.3342186327899,1.0,0.0,0.0,0.0,2.0
24420,0.0012948614689514,0.2796900772935024,0.0,0.1,305.53744230680513,568.8234012067492,1.0,0.0,0.0,0.0,2.0
24421,0.002363751943780118,0.5105704198565055,0.0,0.1,308.736563310645,564.9820619082726,1.0,0.0,0.0,0.0,2.0
24422,0.0006463418907047104,0.13960984839221746,0.0,0.1,312.9750871548624,560.7481427200894,1.0,0.0,0.0,0.0,2.0
24423,0.0030265100807114345,0.6537261774336699,0.0,0.1,314.549263369443,559.4004889913427,1.0,0.0,0.0,0.0,2.0
24424,0.003536010579088778,0.763778285083176,0.0,0.1,318.3338024274668,556.4758513139815,1.0,0.0,0.0,0.0,2.0
24425,0.00276057554523695,0.5962843177711813,0.0,0.1,323.22450578861617,553.7322531145284,1.0,0.0,0.0,0.0,2.0
24426,0.0032357588841025074,0.6989239189661417,0.0,0.1,326.1110978242659,554.0147303431986,1.0,0.0,0.0,0.0,2.0
24427,0.0011457530417720012,0.24748265702275227,0.0,0.1,326.9897328084067,555.9186241900891,1.0,0.0,0.0,0.0,2.0
24428,0.0031012558245704334,0.6698712581072136,0.0,0.1,329.08135627409297,555.2798816153344,1.0,0.0,0.0,0.0,2.0
24429,0.003180609338931136,0.6870116172091254,0.0,0.1,329.6992711815304,557.5801983130386,1.0,0.0,0.0,0.0,2.0
24430,0.003294505645762331,0.7116132194846635,0.0,0.1,335.8490917939616,556.0596765957922,1.0,0.0,0.0,0.0,2.0
24431,0.0008605393582602086,0.18587650138420506,0.0,0.1,338.9978494931559,556.8016689330207,1.0,0.0,0.0,0.0,2.0
24432,0.003063581731993212,0.6617336541105338,0.0,0.1,341.0579692203885,556.6671334211395,1.0,0.0,0.0,0.0,2.0
24433,0.003315418735627901,0.7161304468956267,0.0,0.1,345.44452509253387,556.4176710165655,1.0,0.0,0.0,0.0,2.0
24434,0.002005600143026098,0.4332096308936372,0.0,0.1,351.6304883136275,556.1924372347173,1.0,0.0,0.0,0.0,2.0
24435,0.0024550500731964514,0.5302908158104336,0.0,0.1,355.2964396061861,557.2997343672554,1.0,0.0,0.0,0.0,2.0
24436,0.0018699470025285423,0.40390855254616514,0.0,0.1,358.753803753298,558.0578726569232,1.0,0.0,0.0,0.0,2.0
24437,0.0018284205235997138,0.3949388330975382,0.0,0.1,359.93194295815783,559.1929368930478,1.0,0.0,0.0,0.0,2.0
24438,0.0023039696179022076,0.4976574374668769,0.0,0.1,364.8381869712104,558.7580971786646,1.0,0.0,0.0,0.0,2.0
24439,0.0012937217185701206,0.27944389121114604,0.0,0.1,371.3405889896916,556.0814610912768,1.0,0.0,0.0,0.0,2.0
24440,0.001861183828217391,0.40201570689495647,0.0,0.1,374.4597432236135,555.3276519699989,1.0,0.0,0.0,0.0,2.0
24441,0.0027586079004920643,0.5958593065062859,0.0,0.1,375.1890804031836,555.7213295498059,1.0,0.0,0.0,0.0,2.0
24442,0.0020319064970206894,0.43889180335646893,0.0,0.1,379.00813288667547,553.4657831421374,1.0,0.0,0.0,0.0,2.0
24443,0.000557958473907738,0.12051903036407141,0.0,0.1,387.613895847309,546.4201865359057,1.0,0.0,0.0,0.0,2.0
24444,0.0003821301461203204,0.0825401115619892,1.0,0.1,395.5967763768063,537.5755739530218,1.0,0.0,0.0,0.0,2.0
24445,0.00024327021099072155,0.052546365573995855,1.0,0.1,400.2634276318851,532.0655800009814,1.0,0.0,0.0,0.0,2.0
24446,0.00020472694866798853,0.044221020912285525,1.0,0.1,399.8577947646702,531.3601852031366,1.0,0.0,0.0,0.0,2.0
24447,0.0011730470641084622,0.25337816584742784,0.0,0.1,398.37847578683113,530.8965641868745,1.0,0.0,0.0,0.0,2.0
24448,0.001467489767631308,0.3169777898083625,0.0,0.1,399.5142985029625,525.317781901576,1.0,0.0,0.0,0.0,2.0
24449,0.000390631627462648,0.08437643153193197,1.0,0.1,407.19918590707834,511.6633644698483,1.0,0.0,0.0,0.0,2.0
24450,0.0009270765606944033,0.20024853710999113,0.0,0.1,411.02858886627774,505.13742621174663,1.0,0.0,0.0,0.0,2.0
24451,0.0006050077447437149,0.1306816728646424,0.0,0.1,415.7413431106026,494.5587026655389,1.0,0.0,0.0,0.0,2.0
24452,0.00022439171667612353,0.048468610802042685,1.0,0.1,420.95242785599294,484.7544601914221,1.0,0.0,0.0,0.0,2.0
24453,0.00029092032867819324,0.06283879099448975,1.0,0.1,425.1964325133376,476.5903954305946,1.0,0.0,0.0,0.0,2.0
24454,0.00037477048102859724,0.08095042390217701,1.0,0.1,428.14713880229453,471.94813004597216,1.0,0.0,0.0,0.0,2.0
24455,0.00047729379125905556,0.103095458911956,0.0,0.1,429.40795441592115,469.7189750991414,1.0,0.0,0.0,0.0,2.0
24456,0.00022500289801633908,0.04860062597152924,1.0,0.1,432.56461659679013,465.52425166290107,1.0,0.0,0.0,0.0,2.0
24457,0.0015844602639700966,0.3422434170175409,0.0,0.1,434.7545212894585,462.9837765691567,1.0,0.0,0.0,0.0,2.0
24458,0.000351795913816677,0.07598791738440223,1.0,0.1,438.535551944293,460.94365700745965,1.0,0.0,0.0,0.0,2.0
24459,0.0006979255573039377,0.15075192037765053,0.0,0.1,443.2443915110198,456.9817725066813,1.0,0.0,0.0,0.0,2.0
24460,0.0020800178442358,0.44928385435493284,0.0,0.1,456.1196576139417,444.71203310432645,1.0,0.0,0.0,0.0,2.0
24461,0.001668289925565802,0.3603506239222133,0.0,0.1,467.4706010928502,434.58828033261454,1.0,0.0,0.0,0.0,2.0
24462,0.0027223401529274317,0.5880254730323253,0.0,0.1,483.478300348373,421.20361739598,1.0,0.0,0.0,0.0,2.0
24463,0.0022765905331288915,0.4917435551558406,0.0,0.1,498.224048860173,407.8490676515904,1.0,0.0,0.0,0.0,2.0
24464,0.003391458149173067,0.7325549602213824,0.0,0.1,504.81804769862777,401.5903005334625,1.0,0.0,0.0,0.0,2.0
24465,0.003426305793852689,0.7400820514721809,0.0,0.1,518.6817136829187,389.40442780995335,1.0,0.0,0.0,0.0,2.0
24466,0.0038525355031692496,0.8321476686845579,0.0,0.1,534.459681978056,374.773086088891,1.0,0.0,0.0,0.0,2.0
24467,0.0005276746421969708,0.11397772271454569,0.0,0.1,551.8144048368631,359.0588107996735,1.0,0.0,0.0,0.0,2.0
24468,0.005935290088562518,1.2820226591295039,0.0,0.1,561.6274133353197,349.8731696979076,1.0,0.0,0.0,0.0,2.0
24469,0.004797490984330338,1.036258052615353,0.0,0.1,578.7373663280879,335.5547899519133,1.0,0.0,0.0,0.0,2.0
24470,0.00461765933010476,0.9974144153026282,0.0,0.1,597.037889235148,321.03771709809877,1.0,0.0,0.0,0.0,2.0
24471,0.003651492328483776,0.7887223429524957,0.0,0.1,612.7591015215762,309.87269633539825,1.0,0.0,0.0,0.0,2.0
24472,0.0018181574046841305,0.3927219994117722,0.0,0.1,627.4696587279506,301.4146741935163,1.0,0.0,0.0,0.0,2.0
24473,0.0023259722741327945,0.5024100112126836,0.0,0.1,632.1513689441431,299.5840596351001,0.0,1.0,0.0,0.0,2.0
24474,0.003845288831286671,0.8305823875579209,0.0,0.1,645.0255383600453,292.29199049316657,0.0,1.0,0.0,0.0,2.0
24475,0.0043779154666173286,0.945629740789343,0.0,0.1,653.2598619757724,287.88467603341866,0.0,1.0,0.0,0.0,2.0
24476,0.0012231652418240376,0.2642036922339921,0.0,0.1,661.2325895464229,282.4438992442974,0.0,1.0,0.0,0.0,2.0
24477,0.002715133548375227,0.5864688464490491,0.0,0.1,663.381188900189,281.89516656764766,0.0,1.0,0.0,0.0,2.0
24478,0.002744612218712991,0.592836239242006,0.0,0.1,669.4733044241441,280.0216088619081,0.0,1.0,0.0,0.0,2.0
24479,0.0029900893658165524,0.6458593030163754,0.0,0.1,679.3904455461458,276.09095240910364,0.0,1.0,0.0,0.0,2.0
24480,0.0035031485125307698,0.7566800787066462,0.0,0.1,685.4067072780621,276.0383629594745,0.0,1.0,0.0,0.0,2.0
24481,0.0019993889373550004,0.4318680104686801,0.0,0.1,695.1724972957086,272.80838526357695,0.0,1.0,0.0,0.0,2.0
24482,0.0027629614313463813,0.5967996691708184,0.0,0.1,700.295701778626,271.64589678147985,0.0,1.0,0.0,0.0,2.0
24483,0.003150996215540209,0.6806151825566852,0.0,0.1,706.0218019670517,270.1886884212389,0.0,1.0,0.0,0.0,2.0
24484,0.0019117833864827002,0.41294521148026325,0.0,0.1,710.154152490993,271.8979896595923,0.0,1.0,0.0,0.0,2.0
24485,0.0011761870310980106,0.2540563987171703,0.0,0.1,714.8904692369013,273.7788174218813,0.0,1.0,0.0,0.0,2.0
24486,0.001967100192691827,0.42489364162143467,0.0,0.1,717.6413650143872,274.6139798025796,0.0,1.0,0.0,0.0,2.0
24487,0.003344155263298313,0.7223375368724356,0.0,0.1,723.4516315618735,279.37333840107004,0.0,1.0,0.0,0.0,2.0
24488,0.001558233582973799,0.3365784539223406,0.0,0.1,733.5130533095193,285.08424004950547,0.0,1.0,0.0,0.0,2.0
24489,0.003309503879899148,0.714852838058216,0.0,0.1,741.7158484464348,290.59015322795153,0.0,1.0,0.0,0.0,2.0
24490,0.0017381740766904085,0.3754456005651282,0.0,0.1,746.6106475590294,297.083068012296,0.0,1.0,0.0,0.0,2.0
24491,0.0025203734849216374,0.5444006727430737,0.0,0.1,748.9054986480988,299.85069546678903,0.0,1.0,0.0,0.0,2.0
24492,,,,0.1,758.2924256390668,302.2495939334279,0.0,1.0,0.0,0.0,2.0
24493,,,,0.1,770.0018015854465,309.48566471986584,,,0.0,0.0,2.0
24494,,,,0.1,781.2174099638102,312.685320981536,,,0.0,0.0,2.0
24495,,,,0.1,785.6115399041234,314.9809379658173,,,0.0,0.0,2.0
24496,,,,0.1,791.5588326264257,320.4101107895251,,,0.0,0.0,2.0
24497,0.004201859861764472,0.907601730141126,0.0,0.1,795.4965740194109,328.2314210724212,0.0,1.0,0.0,0.0,2.0
24498,0.00219552732617916,0.47423390245469854,0.0,0.1,802.7523600475383,336.93385760042287,0.0,1.0,0.0,0.0,2.0
24499,0.001573172862544747,0.33980533830966536,0.0,0.1,813.5345371212043,341.9695334037559,0.0,1.0,0.0,0.0,2.0
24500,0.002818963589286872,0.6088961352859644,0.0,0.1,818.4169511346508,344.1579025929953,0.0,1.0,0.0,0.0,2.0
24501,0.0031184960583005685,0.6735951485929228,0.0,0.1,821.8919352678741,347.0600304453459,0.0,1.0,0.0,0.0,2.0
24502,0.0021201106212091125,0.4579438941811683,0.0,0.1,826.2555339561474,345.8353884162227,0.0,1.0,0.0,0.0,2.0
24503,0.0007715869593041651,0.16666278320969966,0.0,0.1,832.3227567608642,343.25481966446364,0.0,1.0,0.0,0.0,2.0
24504,0.0006766050244290757,0.14614668527668034,0.0,0.1,834.0080442917039,342.8664395068053,0.0,1.0,0.0,0.0,2.0
24505,0.0004876423894460336,0.10533075612034326,0.0,0.1,838.9198938983941,343.6226522266267,0.0,1.0,0.0,0.0,2.0
24506,0.002074953743858038,0.44819000867333625,0.0,0.1,842.9988917883289,347.8045401214644,0.0,1.0,0.0,0.0,2.0
24507,0.0005434581704847109,0.11738696482469754,0.0,0.1,846.6398380573329,350.3496791612897,0.0,1.0,0.0,0.0,2.0
24508,0.00023333767629552413,0.050400938079833216,1.0,0.1,846.8236918846918,356.4604078962318,0.0,1.0,0.0,0.0,2.0
24509,0.0014518628393314253,0.3136023732955879,0.0,0.1,846.0361759594451,359.81361144577863,0.0,1.0,0.0,0.0,2.0
24510,0.0010303246213226747,0.22255011820569776,0.0,0.1,843.6419202937255,365.68956967818576,0.0,1.0,0.0,0.0,2.0
24511,0.0017420885622217144,0.37629112943989035,0.0,0.1,837.8285781164501,374.57716245599266,0.0,1.0,0.0,0.0,2.0
24512,0.0007487517415465148,0.1617303761740472,0.0,0.1,833.2554357599531,378.7791719453208,0.0,1.0,0.0,0.0,2.0
24513,0.001232571818318338,0.266235512756761,0.0,0.1,832.392040800704,379.7340567780578,0.0,1.0,0.0,0.0,2.0
24514,0.000517515835515925,0.1117834204714398,0.0,0.1,824.572352069151,380.05690694780446,0.0,1.0,0.0,0.0,2.0
24515,0.0009847141918497134,0.2126982654395381,0.0,0.1,815.8768193029919,383.1473758923073,0.0,1.0,0.0,0.0,2.0
24516,0.0018951451469136238,0.40935135173334275,0.0,0.1,808.9405675710681,384.72371368348865,0.0,1.0,0.0,0.0,2.0
24517,0.0010245484387229663,0.2213024627641607,0.0,0.1,801.2199821971655,385.1867746631559,0.0,1.0,0.0,0.0,2.0
24518,0.0008000478797887485,0.17281034203436968,0.0,0.1,797.2312366186989,385.512080448443,0.0,1.0,0.0,0.0,2.0
24519,0.0017415753785554782,0.3761802817679833,0.0,0.1,790.7315036148711,384.55050478419196,0.0,1.0,0.0,0.0,2.0
24520,0.0018335793599985183,0.3960531417596799,0.0,0.1,781.5298610630717,382.3227658132177,0.0,1.0,0.0,0.0,2.0
24521,0.0006955008148597387,0.15022817600970356,0.0,0.1,769.9566797686635,382.53217379075,0.0,1.0,0.0,0.0,2.0
24522,0.0012788665768239038,0.27623518059396324,0.0,0.1,,,0.0,1.0,,,2.0
24523,0.0005559823397423689,0.12009218538435168,0.0,0.1,754.8899318781681,384.852614740242,0.0,1.0,0.0,0.0,2.0
24524,0.00011378153941849665,0.024576812514395276,1.0,0.1,,,0.0,1.0,,,2.0
24525,0.00014747847848069456,0.03185535135183003,1.0,0.1,740.1990683591949,392.3748165665252,0.0,1.0,0.0,0.0,2.0
24526,0.0007107025587779689,0.15351175269604128,0.0,0.1,734.5139977454323,393.410499268022,0.0,1.0,0.0,0.0,2.0
24527,0.0006864279835151736,0.1482684444392775,0.0,0.1,,,0.0,1.0,,,2.0
24528,0.0007135415771240416,0.15412498065879301,0.0,0.1,,,0.0,1.0,,,2.0
24529,0.0010065393016961274,0.21741248916636352,0.0,0.1,,,0.0,1.0,,,2.0
24530,0.00027644201295960925,0.059711474799275605,1.0,0.1,720.4551694908062,397.79166616004693,0.0,1.0,0.0,0.0,2.0
24531,0.0003119392373892109,0.06737887527606956,1.0,0.1,719.5411024163599,397.59972171223535,0.0,1.0,0.0,0.0,2.0
24532,0.00018091016831152824,0.0390765963552901,1.0,0.1,,,0.0,1.0,,,2.0
24533,0.00029766781802537145,0.06429624869348025,1.0,0.1,,,0.0,1.0,,,2.0
24534,0.0006026459047945049,0.13017151543561306,0.0,0.1,,,0.0,1.0,,,2.0
24535,0.0002597697846206145,0.05611027347805273,1.0,0.1,,,0.0,1.0,,,2.0
24536,0.00033638629762442244,0.07265944028687525,1.0,0.1,,,0.0,1.0,,,2.0
24537,0.0002604683468499869,0.05626116291959717,1.0,0.1,,,0.0,1.0,,,2.0
24538,0.00021316312644001383,0.046043235311042985,1.0,0.1,,,0.0,1.0,,,2.0
24539,0.00029180604333046994,0.06303010535938151,1.0,0.1,,,0.0,1.0,,,2.0
24540,0.00016944459049758175,0.03660003154747766,1.0,0.1,,,0.0,1.0,,,2.0
24541,0.00019330060597933438,0.04175293089153623,1.0,0.1,,,0.0,1.0,,,2.0
24542,0.00032287537722503867,0.06974108148060836,1.0,0.1,,,0.0,1.0,,,2.0
24543,0.00016237470555102558,0.03507293639902153,1.0,0.1,,,0.0,1.0,,,2.0
24544,0.00023172249639659287,0.050052059221664065,1.0,0.1,,,0.0,1.0,,,2.0
24545,0.0003572805040338141,0.07717258887130385,1.0,0.1,,,0.0,1.0,,,2.0
24546,0.00031659486318367174,0.0683844904476731,1.0,0.1,,,0.0,1.0,,,2.0
24547,0.0003017507214047753,0.06517815582343148,1.0,0.1,,,0.0,1.0,,,2.0
24548,0.00020568177178946574,0.0444272627065246,1.0,0.1,,,0.0,1.0,,,2.0
24549,0.0004898842781943941,0.10581500408998912,0.0,0.1,,,0.0,1.0,,,2.0
24550,0.0008028523174222754,0.17341610056321147,0.0,0.1,,,0.0,1.0,,,2.0
24551,0.001329198756121109,0.28710693132215953,0.0,0.1,,,0.0,1.0,,,2.0
24552,0.00046163109697677546,0.0997123169469835,1.0,0.1,,,0.0,1.0,,,2.0
24553,0.00027757061813311635,0.05995525351675313,1.0,0.1,,,0.0,1.0,,,2.0
24554,0.0002623549877229166,0.05666867734814999,1.0,0.1,,,0.0,1.0,,,2.0
24555,0.0003873857304686795,0.08367531778123477,1.0,0.1,,,0.0,1.0,,,2.0
24556,0.0002937856705882812,0.06345770484706874,1.0,0.1,,,0.0,1.0,,,2.0
24557,0.0006953837633751774,0.1502028928890383,0.0,0.1,,,0.0,1.0,,,2.0
24558,0.00031506403246657944,0.06805383101278116,1.0,0.1,,,0.0,1.0,,,2.0
24559,0.00013889293979433865,0.03000087499557715,1.0,0.1,,,0.0,1.0,,,2.0
24560,8.017989659656632e-05,0.017318857664858325,1.0,0.1,,,0.0,1.0,,,2.0
24561,0.0001686635385383526,0.03643132432428416,1.0,0.1,,,0.0,1.0,,,2.0
24562,0.00013723603885593892,0.029642984392882803,1.0,0.1,,,0.0,1.0,,,2.0
24563,0.0002464456880470458,0.053232268618161896,1.0,0.1,,,0.0,1.0,,,2.0
24564,0.0005507616469807878,0.11896451574785016,0.0,0.1,,,0.0,1.0,,,2.0
24565,0.00016691853111118604,0.036054402720016185,1.0,0.1,,,0.0,1.0,,,2.0
24566,6.663968938271099e-05,0.014394172906665574,1.0,0.1,,,0.0,1.0,,,2.0
24567,,,,0.1,,,0.0,1.0,,,2.0
24568,,,,0.1,,,,,,,2.0
24569,,,,0.1,,,,,,,2.0
24570,,,,0.1,,,,,,,2.0
24571,,,,0.1,,,,,,,2.0
24572,,,,0.1,,,,,,,2.0
24573,,,,0.1,,,,,,,2.0
24574,,,,0.1,,,,,,,2.0
24575,,,,0.1,,,,,,,2.0
24576,,,,0.1,,,,,,,2.0
24577,,,,0.1,,,,,,,2.0
24578,,,,0.1,,,,,,,2.0
24579,,,,0.1,,,,,,,2.0
24580,,,,0.1,,,,,,,2.0
24581,,,,0.1,,,,,,,2.0
24582,,,,0.1,,,,,,,2.0
24583,,,,0.1,,,,,,,2.0
24584,,,,0.1,,,,,,,2.0
24585,,,,0.1,,,,,,,2.0
24586,,,,0.1,,,,,,,2.0
24587,,,,0.1,632.6912425091936,411.5400901991755,,,0.0,0.0,2.0
24588,0.0005328409849379464,0.11509365274659643,0.0,0.1,621.9300494027387,420.49823056044704,0.0,1.0,0.0,0.0,2.0
24589,0.0010062602956997918,0.21735222387115505,0.0,0.1,615.4282070346218,425.07874260980054,0.0,1.0,0.0,0.0,2.0
24590,0.0005795216850353268,0.1251766839676306,0.0,0.1,610.3748790126417,427.7991187890783,0.0,1.0,0.0,0.0,2.0
24591,0.0005335420955285683,0.11524509263417074,0.0,0.1,603.6764135226304,432.50930746109304,0.0,1.0,0.0,0.0,2.0
24592,0.0008097731924606638,0.17491100957150338,0.0,0.1,596.973143538509,435.3830264843848,0.0,1.0,0.0,0.0,2.0
24593,0.0002431967783453903,0.05253050412260431,1.0,0.1,583.1676961394011,442.4686147036407,0.0,1.0,0.0,0.0,2.0
24594,0.002476176915713413,0.5348542137940973,0.0,0.1,577.9152868889602,442.9382206539383,0.0,1.0,0.0,0.0,2.0
24595,0.0011471216553975065,0.2477782775658614,0.0,0.1,563.3870473796617,448.9847216569166,0.0,1.0,0.0,0.0,2.0
24596,0.0015652477804376133,0.33809352057452446,0.0,0.1,554.6641933848532,453.0888463377148,0.0,1.0,0.0,0.0,2.0
24597,0.000502647912618468,0.1085719491255891,0.0,0.1,550.8456869766652,457.023025199063,0.0,1.0,0.0,0.0,2.0
24598,6.151495685481846e-05,0.013287230680640787,1.0,0.1,549.7583483953024,459.73154106243265,0.0,1.0,0.0,0.0,2.0
24599,0.0018759121680748886,0.405197028304176,0.0,0.1,551.0916373448156,459.87383348562497,0.0,1.0,0.0,0.0,2.0
24600,0.0009877709026917037,0.213358514981408,0.0,0.1,556.0005648301578,460.0857405037921,0.0,1.0,0.0,0.0,2.0
24601,0.000595980859472638,0.1287318656460898,0.0,0.1,554.1907960889669,463.80453705440243,0.0,1.0,0.0,0.0,2.0
24602,0.00030551916013971483,0.06599213859017841,1.0,0.1,552.4162475212481,468.0400955495461,0.0,1.0,0.0,0.0,2.0
24603,0.002139010541409385,0.46202627694442716,0.0,0.1,552.3100306774462,471.1399975477944,0.0,1.0,0.0,0.0,2.0
24604,0.0010692408700573564,0.230956027932389,0.0,0.1,549.4868113816857,475.39425490837374,0.0,1.0,0.0,0.0,2.0
24605,0.00021160847024799946,0.04570742957356788,1.0,0.1,548.3919967334858,476.7454450131851,0.0,1.0,0.0,0.0,2.0
24606,0.0013554851846784132,0.29278479989053724,0.0,0.1,548.1174679866788,477.2839787749482,0.0,1.0,0.0,0.0,2.0
24607,0.0007756196421178252,0.16753384269745025,0.0,0.1,547.3161378672686,479.7434994235052,0.0,1.0,0.0,0.0,2.0
24608,0.0009241983098645062,0.19962683493073335,0.0,0.1,545.8322242123511,481.3857912020226,0.0,1.0,0.0,0.0,2.0
24609,0.0026033916853488285,0.5623326040353469,0.0,0.1,541.6413156950711,487.9976240937037,0.0,1.0,0.0,0.0,2.0
24610,0.0005165635867137646,0.11157773473017317,0.0,0.1,534.9577258711645,500.03041919460264,0.0,1.0,0.0,0.0,2.0
24611,0.00167426707742665,0.3616416887241564,0.0,0.1,527.2612461544738,513.0297620425101,0.0,1.0,0.0,0.0,2.0
24612,0.0036185940296024756,0.7816163103941347,0.0,0.1,525.1416654359554,517.3912495479956,0.0,1.0,0.0,0.0,2.0
24613,0.0015642701057200657,0.3378823428355342,0.0,0.1,518.605418912173,532.6246595106869,0.0,1.0,0.0,0.0,2.0
24614,0.0021258198552721566,0.4591770887387858,0.0,0.1,510.0840142782283,546.2611125174609,0.0,1.0,0.0,0.0,2.0
24615,0.0023997597745079617,0.5183481112937198,0.0,0.1,501.24062983592614,558.6533987989767,0.0,1.0,0.0,0.0,2.0
24616,0.0013777736990806628,0.29759911900142316,0.0,0.1,497.5180669477527,565.2558538434806,0.0,1.0,0.0,0.0,2.0
24617,0.0028033637253682877,0.6055265646795501,0.0,0.1,496.09912022071944,569.0023666865523,0.0,1.0,0.0,0.0,2.0
24618,0.0031173263037727384,0.6733424816149115,0.0,0.1,490.98279685905703,576.4305863359821,0.0,1.0,0.0,0.0,2.0
24619,0.003512195929325153,0.758634320734233,0.0,0.1,481.6390579131042,588.9201439466858,0.0,1.0,0.0,0.0,2.0
24620,0.0022760381877023083,0.4916242485436986,0.0,0.1,476.51837038060694,599.5048515868358,0.0,1.0,0.0,0.0,2.0
24621,0.0024266398014919977,0.5241541971222715,0.0,0.1,472.2921329819243,601.9296477211336,0.0,1.0,0.0,0.0,2.0
24622,0.002887330356623008,0.6236633570305697,0.0,0.1,466.7799427039607,609.007282801567,0.0,1.0,0.0,0.0,2.0
24623,0.0016762291595583657,0.362065498464607,0.0,0.1,460.3725543795069,612.7792459347255,0.0,1.0,0.0,0.0,2.0
24624,0.0018193837905879967,0.3929868987670073,0.0,0.1,452.2709540326881,613.9789364101297,0.0,1.0,0.0,0.0,2.0
24625,0.001069640933150474,0.23104244156050238,0.0,0.1,445.51590992560944,616.2927102417977,0.0,1.0,0.0,0.0,2.0
24626,0.001256186859064968,0.27133636155803315,0.0,0.1,443.0954872818044,614.6535436942414,0.0,1.0,0.0,0.0,2.0
24627,0.0019070601027325695,0.411924982190235,0.0,0.1,435.108669167487,608.1159585355363,0.0,1.0,0.0,0.0,2.0
24628,0.00108454513742802,0.23426174968445235,0.0,0.1,423.7863112071264,603.9432098489283,0.0,1.0,0.0,0.0,2.0
24629,0.0002984259596510686,0.06446000728463082,1.0,0.1,415.5538481216251,600.7178648501039,0.0,1.0,0.0,0.0,2.0
24630,0.0014101507036203419,0.30459255198199386,0.0,0.1,409.62811115964655,601.3206250148161,0.0,1.0,0.0,0.0,2.0
24631,0.002790498625279322,0.6027477030603335,0.0,0.1,396.70331594195574,604.9800688432999,0.0,1.0,0.0,0.0,2.0
24632,0.0022379873671761266,0.48340527131004335,0.0,0.1,380.9925620661984,616.1131928313484,0.0,1.0,0.0,0.0,2.0
24633,0.0036907135211940406,0.7971941205779128,0.0,0.1,367.32971832717413,627.8132443195325,0.0,1.0,0.0,0.0,2.0
24634,0.0014181952979883357,0.30633018436548054,0.0,0.1,355.4919838847954,639.2276485321728,0.0,1.0,0.0,0.0,2.0
24635,0.004604887680352841,0.9946557389562136,0.0,0.1,346.59098055837103,648.492096397568,0.0,1.0,0.0,0.0,2.0
24636,0.003677051055157292,0.7942430279139752,0.0,0.1,332.267330508028,666.3081903190935,0.0,1.0,0.0,0.0,2.0
24637,,,,0.1,321.3100346344303,680.9735901801712,0.0,1.0,0.0,0.0,2.0
24638,,,,0.1,310.2957349729735,697.4328517268071,,,0.0,0.0,2.0
24639,,,,0.1,307.7405370454934,706.2483128233212,,,0.0,0.0,2.0
24640,,,,0.1,299.7612707777738,722.9734067053549,,,0.0,0.0,2.0
24641,,,,0.1,293.32513719692474,738.9123243021382,,,0.0,0.0,2.0
24642,,,,0.1,287.6238059656554,752.9418175256832,,,0.0,0.0,2.0
24643,0.0015542780316760425,0.33572405484202517,0.0,0.1,290.64312453382945,769.7380421367657,1.0,0.0,0.0,0.0,2.0
24644,0.0017595467099171052,0.38006208934209473,0.0,0.1,290.079019904079,773.972999597035,1.0,0.0,0.0,0.0,2.0
24645,0.0029291077430490444,0.6326872724985936,0.0,0.1,288.52522596527245,781.6555182511865,1.0,0.0,0.0,0.0,2.0
24646,0.0017529473010785494,0.3786366170329667,0.0,0.1,295.08105079702335,792.5617202896626,1.0,0.0,0.0,0.0,2.0
24647,,,,0.1,297.9775761613659,803.8839250486258,1.0,0.0,0.0,0.0,2.0
24648,,,,0.1,299.5490850483597,810.3260023644416,,,0.0,0.0,2.0
24649,0.002991309176388622,0.6461227820999423,0.0,0.1,300.2188905093211,819.7035586628001,1.0,0.0,0.0,0.0,2.0
24650,0.0030071394237534826,0.6495421155307523,0.0,0.1,305.2690268191988,827.2820510493943,1.0,0.0,0.0,0.0,2.0
24651,0.002920628080182469,0.6308556653194134,0.0,0.1,313.6816206946817,836.3554563688078,1.0,0.0,0.0,0.0,2.0
24652,0.0014705748346414249,0.31764416428254777,0.0,0.1,309.4058703043939,845.9862480308851,1.0,0.0,0.0,0.0,2.0
24653,0.001275401791446517,0.27548678695244766,0.0,0.1,307.3792018346065,851.8061334537364,1.0,0.0,0.0,0.0,2.0
24654,0.0037014124199061115,0.7995050826997201,0.0,0.1,306.651497340347,862.3136493121993,1.0,0.0,0.0,0.0,2.0
24655,0.0028734997717560122,0.6206759506992986,0.0,0.1,304.4509246768808,870.9952429613571,1.0,0.0,0.0,0.0,2.0
24656,0.0013266703484972045,0.2865607952753962,0.0,0.1,298.3673104885897,882.4026345027048,1.0,0.0,0.0,0.0,2.0
24657,0.0030653539911899416,0.6621164620970273,0.0,0.1,294.79026428759204,888.6033644221686,1.0,0.0,0.0,0.0,2.0
24658,,,,0.1,290.6243142257119,900.9436190438073,1.0,0.0,0.0,0.0,2.0
24659,,,,0.1,288.1086798661706,911.5390252375049,,,0.0,0.0,2.0
24660,,,,0.1,283.18068764540726,921.6261093391051,,,0.0,0.0,2.0
24661,,,,0.1,277.5562383913039,935.406256330253,,,0.0,0.0,2.0
24662,,,,0.1,274.94209663566346,941.7121843476889,,,0.0,0.0,2.0
24663,,,,0.1,269.32707404711005,952.0631211161551,1.0,0.0,0.0,0.0,2.0
24664,,,,0.1,270.2633312208998,964.595305432233,,,0.0,0.0,2.0
24665,,,,0.1,267.3570135076562,975.4840558794904,1.0,0.0,0.0,0.0,2.0
24666,,,,0.1,266.20386608029946,981.616194794616,,,0.0,0.0,2.0
24667,0.005304282903936124,1.1457251072502028,0.0,0.1,267.84877223764806,996.842356440415,1.0,0.0,0.0,0.0,2.0
24668,0.006632333276704934,1.4325839877682658,0.0,0.1,273.92525537641643,1013.7352839521651,1.0,0.0,0.0,0.0,2.0
24669,0.00535781598344832,1.1572882524248371,0.0,0.1,280.33887100569876,1027.3233578171794,1.0,0.0,0.0,0.0,2.0
24670,0.0017331789094047656,0.37436664443142936,0.0,0.1,283.63881216728,1035.5530645026436,1.0,0.0,0.0,0.0,2.0
24671,0.001681648699299266,0.3632361190486415,0.0,0.1,286.23380305890953,1039.3982623297409,1.0,0.0,0.0,0.0,2.0
24672,0.0030916357173685753,0.6677933149516122,0.0,0.1,290.9632133709423,1052.979562512761,1.0,0.0,0.0,0.0,2.0
24673,0.002953649836921188,0.6379883647749767,0.0,0.1,294.10389277506323,1064.6654571353754,1.0,0.0,0.0,0.0,2.0
24674,0.0010922384558411811,0.23592350646169516,0.0,0.1,298.4520818708927,1071.2385268123558,1.0,0.0,0.0,0.0,2.0
24675,0.001177101110619516,0.25425383989381545,0.0,0.1,303.06110096772375,1074.280423203464,1.0,0.0,0.0,0.0,2.0
24676,0.0022544949817902707,0.4869709160666985,0.0,0.1,304.38736874862707,1077.9238974707666,1.0,0.0,0.0,0.0,2.0
24677,0.001135430491215542,0.2452529861025571,0.0,0.1,302.28881805321333,1079.5682307682341,1.0,0.0,0.0,0.0,2.0
24678,0.001116188172542148,0.241096645269104,0.0,0.1,296.97239445227285,1079.267427596741,1.0,0.0,0.0,0.0,2.0
24679,0.0008915177587486741,0.1925678358897136,0.0,0.1,283.1609936797316,1073.1148595210054,1.0,0.0,0.0,0.0,2.0
24680,0.0018242342028643953,0.39403458781870937,0.0,0.1,274.5511347650164,1066.6535712780967,1.0,0.0,0.0,0.0,2.0
24681,,,,0.1,265.4200338669051,1059.949742170892,1.0,0.0,0.0,0.0,2.0
24682,,,,0.1,259.4305950107671,1056.219342377603,,,0.0,0.0,2.0
24683,,,,0.1,253.8133081225328,1050.6446586909367,1.0,0.0,0.0,0.0,2.0
24684,,,,0.1,249.407389478848,1046.7358733842655,,,0.0,0.0,2.0
24685,,,,0.1,244.35646066164946,1042.570779360474,,,0.0,0.0,2.0
24686,,,,0.1,240.13326704891523,1040.2388276370218,,,0.0,0.0,2.0
24687,,,,0.1,236.9510274730909,1039.7154825955502,,,0.0,0.0,2.0
24688,0.00023128551306804147,0.049957670822696955,1.0,0.1,233.948071081363,1040.4247569896881,1.0,0.0,0.0,0.0,2.0
24689,,,,0.1,231.25388380033095,1039.4972796905486,1.0,0.0,0.0,0.0,2.0
24690,,,,0.1,226.4285347582567,1036.576171082071,,,0.0,0.0,2.0
24691,,,,0.1,217.40156284552427,1030.5477017008752,1.0,0.0,0.0,0.0,2.0
24692,,,,0.1,208.896518119386,1026.994580938562,,,0.0,0.0,2.0
24693,0.0007600024690524543,0.16416053331533012,0.0,0.1,204.39131674683384,1024.6404873222832,1.0,0.0,0.0,0.0,2.0
24694,0.0021620556527981692,0.4670040210044045,0.0,0.1,191.3768992855539,1017.1846680965388,1.0,0.0,0.0,0.0,2.0
24695,0.002342561775202121,0.5059933434436582,0.0,0.1,185.23855720977227,1014.3772724279415,1.0,0.0,0.0,0.0,2.0
24696,0.0012164534707960043,0.26275394969193694,0.0,0.1,182.29556106234207,1014.5354509635213,1.0,0.0,0.0,0.0,2.0
24697,0.001829381155606288,0.3951463296109582,0.0,0.1,177.5616043668202,1012.6440503517824,1.0,0.0,0.0,0.0,2.0
24698,0.0018383134976434536,0.39707571549098597,0.0,0.1,177.52525970894874,1015.0597538405643,1.0,0.0,0.0,0.0,2.0
24699,0.0006474209019929451,0.13984291483047614,0.0,0.1,175.0406853953607,1016.7416716528735,1.0,0.0,0.0,0.0,2.0
24700,0.000521605074669625,0.11266669612863903,0.0,0.1,171.24363944762442,1014.8181455798084,1.0,0.0,0.0,0.0,2.0
24701,0.000690646018682995,0.14917954003552691,0.0,0.1,167.37802276410656,1012.5454226241472,1.0,0.0,0.0,0.0,2.0
24702,0.0017545440273500372,0.37898150990760804,0.0,0.1,164.73936535212655,1011.6331416439182,1.0,0.0,0.0,0.0,2.0
24703,0.002466783165774889,0.5328251638073761,0.0,0.1,156.56493316142607,1007.8645352096322,1.0,0.0,0.0,0.0,2.0
24704,0.0015922074950085576,0.34391681892184844,0.0,0.1,149.20669490853595,1004.4222967890745,1.0,0.0,0.0,0.0,2.0
24705,0.002084897777964213,0.45033792004027,0.0,0.1,144.1932928798049,1003.947695483996,1.0,0.0,0.0,0.0,2.0
24706,0.0014477244501010724,0.31270848122183165,0.0,0.1,142.9408805346818,1006.2525842589853,1.0,0.0,0.0,0.0,2.0
24707,0.002813867851720326,0.6077954559715905,0.0,0.1,141.35652799639615,1005.4867766639204,1.0,0.0,0.0,0.0,2.0
24708,0.0016984676083163447,0.3668690033963305,0.0,0.1,140.8539552110992,1008.1621921822168,1.0,0.0,0.0,0.0,2.0
24709,0.0022067421803109244,0.4766563109471597,0.0,0.1,142.63892311404916,1012.2810081050058,1.0,0.0,0.0,0.0,2.0
24710,0.0007955021194321436,0.17182845779734301,0.0,0.1,145.6407816947045,1017.1950117181863,1.0,0.0,0.0,0.0,2.0
24711,0.0030320864789226453,0.6549306794472913,0.0,0.1,147.45251493238655,1019.6247964026215,1.0,0.0,0.0,0.0,2.0
24712,0.002199308227555464,0.47505057715198024,0.0,0.1,151.3362388085765,1024.2948472157148,1.0,0.0,0.0,0.0,2.0
24713,0.0036867924930497633,0.7963471784987489,0.0,0.1,154.12354786818776,1027.6128245650102,1.0,0.0,0.0,0.0,2.0
24714,0.0026954724558443297,0.5822220504623752,0.0,0.1,151.73357056714926,1025.2931648534704,1.0,0.0,0.0,0.0,2.0
24715,0.0014147137853084183,0.3055781776266184,0.0,0.1,149.50084660548444,1022.3598450387852,1.0,0.0,0.0,0.0,2.0
24716,0.0045001008183291075,0.9720217767590873,0.0,0.1,146.48328646055757,1018.4927994115155,1.0,0.0,0.0,0.0,2.0
24717,,,,0.1,142.85328981212157,1012.112137442514,1.0,0.0,0.0,0.0,2.0
24718,,,,0.1,140.6129983819739,1007.2950898940851,,,0.0,0.0,2.0
24719,,,,0.1,140.07110401562764,1003.5109444055605,,,0.0,0.0,2.0
24720,,,,0.1,141.23775791932286,1002.6187421906001,,,0.0,0.0,2.0
24721,0.004034932297367863,0.8715453762314583,0.0,0.1,144.4169041380762,1000.806007425238,1.0,0.0,0.0,0.0,2.0
24722,0.004371383331935935,0.944218799698162,0.0,0.1,149.4503964872624,1000.6040706975483,1.0,0.0,0.0,0.0,2.0
24723,0.003679029614330926,0.79467039669548,0.0,0.1,146.5678920178213,993.7083387137819,1.0,0.0,0.0,0.0,2.0
24724,8.432846500173717e-05,0.018214948440375228,1.0,0.1,145.66969814683327,991.8748771584495,1.0,0.0,0.0,0.0,2.0
24725,0.001973383202988769,0.4262507718455741,0.0,0.1,144.2696881357048,991.4632123339908,1.0,0.0,0.0,0.0,2.0
24726,0.0010557683616973976,0.2280459661266379,0.0,0.1,143.9571240438552,990.753331703097,1.0,0.0,0.0,0.0,2.0
24727,0.0026122388053711155,0.564243581960161,0.0,0.1,142.1647115734664,989.8535328903126,1.0,0.0,0.0,0.0,2.0
24728,0.00010123566272832619,0.021866903149318457,1.0,0.1,138.75445982204116,988.6225430094688,1.0,0.0,0.0,0.0,2.0
24729,0.00014574970958429175,0.03148193727020702,1.0,0.1,135.75486895685245,987.034573431379,1.0,0.0,0.0,0.0,2.0
24730,0.0008359113284513531,0.18055684694549226,0.0,0.1,131.43959861875823,985.177217868278,1.0,0.0,0.0,0.0,2.0
24731,0.0005704862818683878,0.12322503688357177,0.0,0.1,131.58347060832023,986.0561688763872,1.0,0.0,0.0,0.0,2.0
24732,0.0007848173849646498,0.16952055515236436,0.0,0.1,136.09760217020457,992.6499748606296,1.0,0.0,0.0,0.0,2.0
24733,0.0002308235785823799,0.04985789297379406,1.0,0.1,136.2857091595153,994.1986494631631,1.0,0.0,0.0,0.0,2.0
24734,,,,0.1,135.01259279855614,993.4698364570173,1.0,0.0,0.0,0.0,2.0
24735,,,,0.1,132.39914710662356,992.2409010409025,,,0.0,0.0,2.0
24736,0.002810680777306126,0.6071070478981232,0.0,0.1,130.77479702869655,990.3257970815622,1.0,0.0,0.0,0.0,2.0
24737,0.00046654639546307605,0.10077402142002442,0.0,0.1,130.0054018783308,989.1705114270128,1.0,0.0,0.0,0.0,2.0
24738,0.0007074660911456505,0.15281267568746051,0.0,0.1,129.69636115550173,989.14899748098,1.0,0.0,0.0,0.0,2.0
24739,0.00018871026732052712,0.04076141774123386,1.0,0.1,127.60307882874518,987.390058555026,1.0,0.0,0.0,0.0,2.0
24740,0.0011303262069391315,0.24415046069885243,0.0,0.1,127.32694730616022,986.7539265768738,1.0,0.0,0.0,0.0,2.0
24741,0.0007820544512711365,0.1689237614745655,0.0,0.1,127.61300058312693,986.0285337607726,1.0,0.0,0.0,0.0,2.0
24742,0.00020073810065996157,0.0433594297425517,1.0,0.1,126.68355154780927,984.6937051113473,1.0,0.0,0.0,0.0,2.0
24743,0.0006494650687533017,0.14028445485071317,0.0,0.1,125.42673407486781,983.1036437292373,1.0,0.0,0.0,0.0,2.0
24744,0.000565471075473442,0.12214175230226347,0.0,0.1,125.2610447401944,982.8432056796828,1.0,0.0,0.0,0.0,2.0
24745,5.6922301972525694e-05,0.01229521722606555,1.0,0.1,123.52433172010788,981.0679704723076,1.0,0.0,0.0,0.0,2.0
24746,0.00017290425347072716,0.03734731874967707,1.0,0.1,122.30486686036085,979.8819351099331,1.0,0.0,0.0,0.0,2.0
24747,7.202249469531825e-05,0.015556858854188742,1.0,0.1,122.25197704280762,979.8730750950874,1.0,0.0,0.0,0.0,2.0
24748,0.0002867252028247713,0.061932643810150595,1.0,0.1,121.18048810078021,978.0982360760065,1.0,0.0,0.0,0.0,2.0
24749,0.0009548911994249432,0.20625649907578772,0.0,0.1,120.89246419600218,978.2411088385448,1.0,0.0,0.0,0.0,2.0
24750,0.0017923672557467558,0.38715132724129925,0.0,0.1,118.82644065659184,977.896448231304,1.0,0.0,0.0,0.0,2.0
24751,4.887162274989289e-05,0.010556270513976864,1.0,0.1,117.86178265955768,977.6900842033497,1.0,0.0,0.0,0.0,2.0
24752,0.0006163996428937145,0.13314232286504235,0.0,0.1,117.0739049414403,977.1864252469582,1.0,0.0,0.0,0.0,2.0
24753,0.0002606678851168056,0.05630426318523001,1.0,0.1,117.39537299345041,976.778163299679,1.0,0.0,0.0,0.0,2.0
24754,0.00016240045241669568,0.03507849772200627,1.0,0.1,117.32388726410348,976.2911269892296,1.0,0.0,0.0,0.0,2.0
24755,0.0003904905278600068,0.08434595401776147,1.0,0.1,118.04206317171253,976.4824951236985,1.0,0.0,0.0,0.0,2.0
24756,0.00011115681750156474,0.024009872580337984,1.0,0.1,118.45431772349122,976.8247031000011,1.0,0.0,0.0,0.0,2.0
24757,0.0001595747107347872,0.03446813751871404,1.0,0.1,120.32366196378142,977.7745632904132,1.0,0.0,0.0,0.0,2.0
24758,0.00017801252758868332,0.0384507059591556,1.0,0.1,122.48846227605915,977.8292015604868,1.0,0.0,0.0,0.0,2.0
24759,6.799945532972939e-05,0.014687882351221548,1.0,0.1,122.74150676490268,977.2837444952105,1.0,0.0,0.0,0.0,2.0
24760,0.0004976690113330903,0.10749650644794752,0.0,0.1,122.14690274757221,975.8848894568898,1.0,0.0,0.0,0.0,2.0
24761,0.00016945879029845742,0.036603098704466805,1.0,0.1,121.72056703351322,974.8407103407453,1.0,0.0,0.0,0.0,2.0
24762,0.00017336629981225577,0.03744712075944725,1.0,0.1,120.29421985662805,972.2190128471042,1.0,0.0,0.0,0.0,2.0
24763,5.901278812809367e-05,0.012746762235668231,1.0,0.1,120.69451385545923,971.0559689419613,1.0,0.0,0.0,0.0,2.0
24764,4.5740880095286504e-05,0.009880030100581885,1.0,0.1,120.86119144632194,969.2293570326535,1.0,0.0,0.0,0.0,2.0
24765,0.00025896284373914523,0.055935974247655375,1.0,0.1,119.84232809082424,967.8220034111233,1.0,0.0,0.0,0.0,2.0
24766,0.0004790041713890399,0.10346490102003261,0.0,0.1,119.65651241583117,966.5694202145091,1.0,0.0,0.0,0.0,2.0
24767,0.000933646215529808,0.20166758255443853,0.0,0.1,118.77594224170578,966.8795926270886,1.0,0.0,0.0,0.0,2.0
24768,0.00046330065756787443,0.10007294203466088,0.0,0.1,122.11951324238264,971.7446142599146,1.0,0.0,0.0,0.0,2.0
24769,0.00037841328829080477,0.08173727027081383,1.0,0.1,125.96079190286669,976.4527619547587,1.0,0.0,0.0,0.0,2.0
24770,0.0012794348039219632,0.27635791764714407,0.0,0.1,126.13100581766909,977.1323224516918,1.0,0.0,0.0,0.0,2.0
24771,0.0014773436194083264,0.3191062217921985,0.0,0.1,125.98282491584213,977.8573054893005,1.0,0.0,0.0,0.0,2.0
24772,0.0006665088259448078,0.1439659064040785,0.0,0.1,123.49988883010836,978.054357271265,1.0,0.0,0.0,0.0,2.0
24773,0.00044803087262821993,0.0967746684876955,1.0,0.1,122.34929764649158,981.2312458801092,1.0,0.0,0.0,0.0,2.0
24774,0.0006961707585807426,0.1503728838534404,0.0,0.1,122.64812962643266,982.5467211967249,1.0,0.0,0.0,0.0,2.0
24775,0.0007956577484341094,0.17186207366176762,0.0,0.1,122.33248140794797,984.1732171639014,1.0,0.0,0.0,0.0,2.0
24776,0.0005260025595660682,0.11361655286627073,0.0,0.1,122.2912187814651,985.3194778345571,1.0,0.0,0.0,0.0,2.0
24777,0.0003633353733791752,0.07848044064990184,1.0,0.1,120.4099298793091,985.275808645957,1.0,0.0,0.0,0.0,2.0
24778,0.00025703071181758735,0.05551863375259887,1.0,0.1,120.44305047266195,986.3649036499867,1.0,0.0,0.0,0.0,2.0
24779,0.0012634683128977093,0.2729091555859052,0.0,0.1,120.43188957945797,986.8082224515033,1.0,0.0,0.0,0.0,2.0
24780,0.00042589219238103946,0.09199271355430452,1.0,0.1,121.32252059570249,988.0271760185682,1.0,0.0,0.0,0.0,2.0
24781,0.00047425460268462813,0.10243899417987967,0.0,0.1,121.63051953810755,989.2189461887621,1.0,0.0,0.0,0.0,2.0
24782,4.662508230575943e-05,0.010071017778044037,1.0,0.1,123.638781763774,991.7520126317518,1.0,0.0,0.0,0.0,2.0
24783,8.653688908011935e-05,0.01869196804130578,1.0,0.1,123.2561923550298,991.8688077727676,1.0,0.0,0.0,0.0,2.0
24784,0.0005227636338358379,0.112916944908541,0.0,0.1,124.08888241275825,992.836105021653,1.0,0.0,0.0,0.0,2.0
24785,0.0004668150964099243,0.10083206082454366,0.0,0.1,123.2351943159408,992.0042396111011,1.0,0.0,0.0,0.0,2.0
24786,0.00010990085556540788,0.023738584802128104,1.0,0.1,122.87425768904949,991.6980648228855,1.0,0.0,0.0,0.0,2.0
24787,0.00023805500173088682,0.05141988037387155,1.0,0.1,122.62468459891278,991.5222377766385,1.0,0.0,0.0,0.0,2.0
24788,8.997283465547643e-05,0.019434132285582908,1.0,0.1,122.72027374372956,991.304316581465,1.0,0.0,0.0,0.0,2.0
24789,0.00023392886943108746,0.05052863579711489,1.0,0.1,121.47298101578399,989.9443521856105,1.0,0.0,0.0,0.0,2.0
24790,0.0002368047376736195,0.051149823337501815,1.0,0.1,119.54154460951366,988.0261790034036,1.0,0.0,0.0,0.0,2.0
24791,0.0021560508371329438,0.4657069808207158,0.0,0.1,115.58314146011598,984.0410126714999,1.0,0.0,0.0,0.0,2.0
24792,0.0007970839527146785,0.17217013378637055,0.0,0.1,112.36449341369635,980.8039723695496,1.0,0.0,0.0,0.0,2.0
24793,0.0008016450591491843,0.1731553327762238,0.0,0.1,107.10654308937177,976.0803400182505,1.0,0.0,0.0,0.0,2.0
24794,0.0008178141802694297,0.17664786293819684,0.0,0.1,105.34012963089658,974.8755550744455,1.0,0.0,0.0,0.0,2.0
24795,0.000334033038923994,0.0721511364075827,1.0,0.1,102.70432795426277,972.4766521131,1.0,0.0,0.0,0.0,2.0
24796,0.0002764015085459762,0.05970272584593086,1.0,0.1,101.61666132485409,971.3626548158113,1.0,0.0,0.0,0.0,2.0
24797,0.0007073641100985333,0.1527906477812832,0.0,0.1,101.38974642968171,971.3474933204218,1.0,0.0,0.0,0.0,2.0
24798,0.0005251636783556903,0.11343535452482913,0.0,0.1,103.10835548028136,972.8298401458748,1.0,0.0,0.0,0.0,2.0
24799,0.00029851807049088836,0.06447990322603188,1.0,0.1,106.38371163712982,975.7102438780257,1.0,0.0,0.0,0.0,2.0
24800,0.0006047971745888643,0.1306361897111947,0.0,0.1,108.48835365471002,977.2610804720343,1.0,0.0,0.0,0.0,2.0
24801,0.0005964736006361095,0.12883829773739966,0.0,0.1,110.25251058460434,978.7531231824877,1.0,0.0,0.0,0.0,2.0
24802,0.00011675880661655263,0.02521990222917537,1.0,0.1,113.54003525206802,981.7303955414885,1.0,0.0,0.0,0.0,2.0
24803,0.0012990716136098816,0.28059946853973444,0.0,0.1,115.88332187857542,984.5093793019645,1.0,0.0,0.0,0.0,2.0
24804,0.00026053661902131117,0.05627590970860321,1.0,0.1,117.1673795118044,986.3654735627832,1.0,0.0,0.0,0.0,2.0
24805,0.00014800875907762742,0.03196989196076753,1.0,0.1,117.39029997598537,986.5919414724567,1.0,0.0,0.0,0.0,2.0
24806,0.0001094459028547691,0.023640315016630126,1.0,0.1,118.07724882348855,987.2068282020814,1.0,0.0,0.0,0.0,2.0
24807,0.00019383392845721101,0.04186812854675758,1.0,0.1,117.75651269460273,987.3132176703023,1.0,0.0,0.0,0.0,2.0
24808,0.00016238539280285353,0.03507524484541636,1.0,0.1,118.97006834676594,988.9733474316314,1.0,0.0,0.0,0.0,2.0
24809,0.00016499284370219622,0.035638454239674384,1.0,0.1,120.7703388214533,991.0250406763839,1.0,0.0,0.0,0.0,2.0
24810,0.0001750319188736065,0.037806894476699,1.0,0.1,121.48852447732521,991.9006809047086,1.0,0.0,0.0,0.0,2.0
24811,0.00018543136295507537,0.04005317439829628,1.0,0.1,125.0940338331883,995.5327811588388,1.0,0.0,0.0,0.0,2.0
24812,8.369055325288833e-05,0.01807715950262388,1.0,0.1,126.86659471529684,997.321986366648,1.0,0.0,0.0,0.0,2.0
24813,0.00038348679237974834,0.08283314715402565,1.0,0.1,127.15282651600938,997.6923773064661,1.0,0.0,0.0,0.0,2.0
24814,0.0003626864133986292,0.07834026529410391,1.0,0.1,127.72386653500965,998.1521574322157,1.0,0.0,0.0,0.0,2.0
24815,0.00016963205456408016,0.03664052378584132,1.0,0.1,127.98481239999921,998.3046399720319,1.0,0.0,0.0,0.0,2.0
24816,0.0001397404510239644,0.03018393742117631,1.0,0.1,128.1183115213468,998.3745532348808,1.0,0.0,0.0,0.0,2.0
24817,0.00011432366969227742,0.02469391265353192,1.0,0.1,129.63279347900087,999.8484452792252,1.0,0.0,0.0,0.0,2.0
24818,0.00013249720192625813,0.028619395616071755,1.0,0.1,130.18409624107773,1000.2877917780037,1.0,0.0,0.0,0.0,2.0
24819,0.000159636909258309,0.03448157239979474,1.0,0.1,130.14263741542527,1000.252893596488,1.0,0.0,0.0,0.0,2.0
24820,0.0002507646895021758,0.05416517293246997,1.0,0.1,130.52657225104483,1000.3416103827346,1.0,0.0,0.0,0.0,2.0
24821,0.00017527828585963394,0.03786010974568094,1.0,0.1,131.32996062431786,1000.9672035446162,1.0,0.0,0.0,0.0,2.0
24822,0.00030430016480777227,0.06572883559847882,1.0,0.1,132.03481894896694,1001.5243844405078,1.0,0.0,0.0,0.0,2.0
24823,0.00014305648187890903,0.03090020008584435,1.0,0.1,133.00448910332477,1002.2722768751835,1.0,0.0,0.0,0.0,2.0
24824,0.001103125805543843,0.23827517399747009,0.0,0.1,132.7488827232834,1001.9693391044318,1.0,0.0,0.0,0.0,2.0
24825,0.0002114202728775697,0.045666778941555054,1.0,0.1,132.01005110324735,1001.2598501006305,1.0,0.0,0.0,0.0,2.0
24826,0.0014068644730359562,0.30388272617576656,0.0,0.1,130.83932061582647,999.7997265404913,1.0,0.0,0.0,0.0,2.0
24827,0.001742174957036209,0.3763097907198211,0.0,0.1,129.94589597667084,998.7043430252345,1.0,0.0,0.0,0.0,2.0
24828,0.000343597265769658,0.07421700940624612,1.0,0.1,128.95972341183617,997.9586395198367,1.0,0.0,0.0,0.0,2.0
24829,0.0003433311395986885,0.07415952615331672,1.0,0.1,128.52037133654582,997.6545332142443,1.0,0.0,0.0,0.0,2.0
24830,0.00016403861292281694,0.035432340391328455,1.0,0.1,129.27579771518748,998.185936301862,1.0,0.0,0.0,0.0,2.0
24831,0.00035797638220963853,0.07732289855728193,1.0,0.1,129.08596553738985,997.8171827784658,1.0,0.0,0.0,0.0,2.0
24832,7.145389079121273e-05,0.015434040410901951,1.0,0.1,130.20719619227887,998.8611180983926,1.0,0.0,0.0,0.0,2.0
24833,0.00032387520819842806,0.06995704497086046,1.0,0.1,130.6788463732225,999.232761706733,1.0,0.0,0.0,0.0,2.0
24834,0.00025658071223193674,0.055421433842098335,1.0,0.1,131.48086032041925,999.6226536013352,1.0,0.0,0.0,0.0,2.0
24835,0.00042266352827276726,0.09129532210691774,1.0,0.1,131.446890947988,999.4048799952059,1.0,0.0,0.0,0.0,2.0
24836,0.00017071060705230613,0.03687349112329812,1.0,0.1,131.6426203659837,999.3142930115094,1.0,0.0,0.0,0.0,2.0
24837,0.000311430394129083,0.06726896513188194,1.0,0.1,132.41507232533834,1000.1125531998912,1.0,0.0,0.0,0.0,2.0
24838,0.0002629368608446457,0.05679436194244347,1.0,0.1,133.48388978358625,1001.4056955379128,1.0,0.0,0.0,0.0,2.0
24839,,,,0.1,133.99543779794945,1002.1018603367964,1.0,0.0,0.0,0.0,2.0
24840,,,,0.1,134.88508815784886,1003.0960875105718,,,0.0,0.0,2.0
24841,,,,0.1,135.00702726273911,1003.4241354571357,,,0.0,0.0,2.0
24842,,,,0.1,135.30443135983205,1003.6020732398955,,,0.0,0.0,2.0
24843,,,,0.1,134.50527869061295,1003.3050961668256,1.0,0.0,0.0,0.0,2.0
24844,,,,0.1,134.01937724591153,1003.1531051008853,,,0.0,0.0,2.0
24845,,,,0.1,134.04701222170266,1003.3679654234691,,,0.0,0.0,2.0
24846,0.00018510120357087892,0.03998185997130985,1.0,0.1,133.35765260976385,1002.5663087734049,1.0,0.0,0.0,0.0,2.0
24847,0.0002326159263060544,0.050245040082107756,1.0,0.1,132.346689090642,1001.487899514261,1.0,0.0,0.0,0.0,2.0
24848,1.101234451175367e-05,0.0023786664145387924,1.0,0.1,130.89884058118807,1000.0903153004471,1.0,0.0,0.0,0.0,2.0
24849,5.380642156342112e-05,0.011622187057698963,1.0,0.1,129.98004905898037,999.199545916204,1.0,0.0,0.0,0.0,2.0
24850,0.0007343552659705805,0.1586207374496454,0.0,0.1,129.32466672001507,998.8452971738328,1.0,0.0,0.0,0.0,2.0
24851,0.0012193729879743966,0.2633845654024697,0.0,0.1,128.9051948206659,998.3225067239061,1.0,0.0,0.0,0.0,2.0
24852,6.069446245436198e-05,0.01311000389014219,1.0,0.1,128.85511895478777,998.0124825867106,1.0,0.0,0.0,0.0,2.0
24853,0.00024345327748045097,0.05258590793577741,1.0,0.1,128.35733686998535,997.6495538031054,1.0,0.0,0.0,0.0,2.0
24854,0.0001257607699500475,0.02716432630921026,1.0,0.1,127.75011014066438,997.0745741137022,1.0,0.0,0.0,0.0,2.0
24855,8.434341034629626e-05,0.018218176634799996,1.0,0.1,127.07329525759609,996.4981514093741,1.0,0.0,0.0,0.0,2.0
24856,3.4764082447648746e-05,0.00750904180869213,1.0,0.1,126.94917160306386,996.610915425501,1.0,0.0,0.0,0.0,2.0
24857,0.00020013929062151947,0.04323008677424821,1.0,0.1,128.11870389490906,997.738215759337,1.0,0.0,0.0,0.0,2.0
24858,0.00032932761050912803,0.07113476386997165,1.0,0.1,128.26792231189484,997.7266269933376,1.0,0.0,0.0,0.0,2.0
24859,0.00036848666365361547,0.07959311934918094,1.0,0.1,128.6085221283259,997.9717560496871,1.0,0.0,0.0,0.0,2.0
24860,0.00012412077367922095,0.026810087114711726,1.0,0.1,128.58818531869196,997.9535209350646,1.0,0.0,0.0,0.0,2.0
24861,0.00018689140292759787,0.04036854303236114,1.0,0.1,128.35960946605817,997.7685303193028,1.0,0.0,0.0,0.0,2.0
24862,0.0002854904518284152,0.06166593759493768,1.0,0.1,128.35787069242895,997.5569551721079,1.0,0.0,0.0,0.0,2.0
24863,0.0006573471219240265,0.1419869783355897,0.0,0.1,128.47204352356286,997.4791118236102,1.0,0.0,0.0,0.0,2.0
24864,0.0011576025048568993,0.2500421410490902,0.0,0.1,128.67332316347222,997.3638157292388,1.0,0.0,0.0,0.0,2.0
24865,,,,0.1,128.59295396616727,997.1125088483573,1.0,0.0,0.0,0.0,2.0
24866,,,,0.1,127.52985295106856,996.3045560692219,,,0.0,0.0,2.0
24867,,,,0.1,126.82192024353607,995.4988257717558,,,0.0,0.0,2.0
24868,0.00010513401167283392,0.022708946521332127,1.0,0.1,128.45327058048858,996.9069522549921,1.0,0.0,0.0,0.0,2.0
24869,0.0010697399049609231,0.2310638194715594,0.0,0.1,128.1489399044475,996.4277377597381,1.0,0.0,0.0,0.0,2.0
24870,0.000125596084798895,0.027128754316561317,1.0,0.1,129.5079820488985,998.0289020406183,1.0,0.0,0.0,0.0,2.0
24871,0.0012013973653653013,0.2595018309189051,0.0,0.1,130.49090827248244,999.3612147439065,1.0,0.0,0.0,0.0,2.0
24872,7.194022085855006e-05,0.01553908770544681,1.0,0.1,130.2296185534656,999.140156870618,1.0,0.0,0.0,0.0,2.0
24873,0.00011221899603019784,0.024239303142522733,1.0,0.1,129.95707092038307,998.7585468409584,1.0,0.0,0.0,0.0,2.0
24874,0.0010538336353520937,0.22762806523605225,0.0,0.1,130.66308390051697,999.7643603835373,1.0,0.0,0.0,0.0,2.0
24875,0.001467272539555149,0.31693086854391217,0.0,0.1,130.18532477036834,999.6282369636585,1.0,0.0,0.0,0.0,2.0
24876,0.00017169217791558464,0.03708551042976628,1.0,0.1,129.57202150393988,999.1855640953903,1.0,0.0,0.0,0.0,2.0
24877,6.67564158488821e-05,0.014419385823358534,1.0,0.1,129.21378231562943,998.8580987194705,1.0,0.0,0.0,0.0,2.0
24878,0.00012864658615604674,0.027787662609706096,1.0,0.1,128.409771199918,998.030825316469,1.0,0.0,0.0,0.0,2.0
24879,0.0004688137646001139,0.1012637731536246,0.0,0.1,128.0161032813009,997.3714830948904,1.0,0.0,0.0,0.0,2.0
24880,0.00011307246279268817,0.024423651963220647,1.0,0.1,129.20599869138678,998.4206365723521,1.0,0.0,0.0,0.0,2.0
24881,0.0002528800643098697,0.05462209389093186,1.0,0.1,128.71854483731008,997.9859768234237,1.0,0.0,0.0,0.0,2.0
24882,0.00029785843585053976,0.0643374221437166,1.0,0.1,128.1755055493409,997.5496859500956,1.0,0.0,0.0,0.0,2.0
24883,4.2319138084248516e-05,0.00914093382619768,1.0,0.1,129.24896231319906,998.383260246945,1.0,0.0,0.0,0.0,2.0
24884,8.076567482997574e-05,0.01744538576327476,1.0,0.1,128.82639074982902,998.1128189581445,1.0,0.0,0.0,0.0,2.0
24885,0.0003042286635675006,0.06571339133058014,1.0,0.1,128.69599895222433,998.25652213293,1.0,0.0,0.0,0.0,2.0
24886,0.00010008037157710897,0.021617360260655537,1.0,0.1,128.8051488969537,998.6069492262517,1.0,0.0,0.0,0.0,2.0
24887,0.001705299362916067,0.3683446623898705,0.0,0.1,128.8468091618696,998.646371137873,1.0,0.0,0.0,0.0,2.0
24888,0.0003126040683725637,0.06752247876847375,1.0,0.1,127.92068113516247,997.8809770132674,1.0,0.0,0.0,0.0,2.0
24889,0.00017819451725739995,0.03849001572759839,1.0,0.1,129.52295758887107,999.4655329657438,1.0,0.0,0.0,0.0,2.0
24890,7.903801688077449e-05,0.01707221164624729,1.0,0.1,129.46172823708196,999.5673385342069,1.0,0.0,0.0,0.0,2.0
24891,2.835719706345326e-05,0.006125154565705905,1.0,0.1,128.90191425502323,999.1104727560045,1.0,0.0,0.0,0.0,2.0
24892,0.0001475481826646658,0.03187040745556781,1.0,0.1,128.3154233944796,998.692025518016,1.0,0.0,0.0,0.0,2.0
24893,0.00010794524747620039,0.023316173454859285,1.0,0.1,127.8994672517517,998.2476325878515,1.0,0.0,0.0,0.0,2.0
24894,8.416955023377681e-05,0.018180622850495792,1.0,0.1,128.13356175642107,998.1487184070362,1.0,0.0,0.0,0.0,2.0
24895,0.001110213735705929,0.23980616691248066,0.0,0.1,129.2593488308685,999.0462438748108,1.0,0.0,0.0,0.0,2.0
24896,0.00014488709047690818,0.031295611543012164,1.0,0.1,129.38726777826167,999.1384584705758,1.0,0.0,0.0,0.0,2.0
24897,0.00014109479259138456,0.03047647519973907,1.0,0.1,129.90274144653654,999.6340253603162,1.0,0.0,0.0,0.0,2.0
24898,0.0012688234002137004,0.2740658544461593,0.0,0.1,130.36888189403993,999.9478564739491,1.0,0.0,0.0,0.0,2.0
24899,0.000609310888889758,0.13161115200018772,0.0,0.1,129.77448516251093,999.1117837879416,1.0,0.0,0.0,0.0,2.0
24900,0.0013408324578389392,0.28961981089321087,0.0,0.1,129.7109662291843,998.925468442754,1.0,0.0,0.0,0.0,2.0
24901,7.691155207325045e-05,0.0166128952478221,1.0,0.1,129.73415624729478,998.8267948064293,1.0,0.0,0.0,0.0,2.0
24902,5.56691273189088e-05,0.0120245315008843,1.0,0.1,129.33286614194853,998.4153147373926,1.0,0.0,0.0,0.0,2.0
24903,2.273000908321461e-05,0.004909681961974356,1.0,0.1,128.96550130490527,998.1035341774815,1.0,0.0,0.0,0.0,2.0
24904,0.00013173628019466527,0.0284550365220477,1.0,0.1,128.30620694792333,997.4793115489547,1.0,0.0,0.0,0.0,2.0
24905,0.00024307046765612234,0.05250322101372243,1.0,0.1,128.47336365915586,997.6111056337548,1.0,0.0,0.0,0.0,2.0
24906,0.0012772064413725773,0.2758765913364767,0.0,0.1,128.4476008677924,997.457265915122,1.0,0.0,0.0,0.0,2.0
24907,0.0012145737500740565,0.2623479300159962,0.0,0.1,128.3028541113561,996.9990355111033,1.0,0.0,0.0,0.0,2.0
24908,0.00015461197737879774,0.03339618711382031,1.0,0.1,128.37987108142613,997.0777609018813,1.0,0.0,0.0,0.0,2.0
24909,0.001021473441091179,0.22063826327569466,0.0,0.1,128.66412489070615,997.350531363335,1.0,0.0,0.0,0.0,2.0
24910,0.0002539413344219252,0.054851328235135846,1.0,0.1,127.63888667762055,996.3450011921394,1.0,0.0,0.0,0.0,2.0
24911,0.0016445742990693392,0.3552280485989773,0.0,0.1,129.03936130257395,997.7435007712825,1.0,0.0,0.0,0.0,2.0
24912,0.0003566458383240306,0.0770355010779906,1.0,0.1,128.85991913183238,997.3157179411064,1.0,0.0,0.0,0.0,2.0
24913,0.00018847579391029936,0.04071077148462466,1.0,0.1,129.5443156757189,997.5741038962044,1.0,0.0,0.0,0.0,2.0
24914,0.0002955701529797694,0.0638431530436302,1.0,0.1,129.46825867877214,997.0546872349361,1.0,0.0,0.0,0.0,2.0
24915,0.0011334112039094273,0.24481682004443628,0.0,0.1,132.2850042391125,996.9786717156628,1.0,0.0,0.0,0.0,2.0
24916,0.0014689760521977167,0.3172988272747068,0.0,0.1,135.4599641523307,997.1256475227892,1.0,0.0,0.0,0.0,2.0
24917,7.68960291581168e-05,0.01660954229815323,1.0,0.1,138.52238574642126,998.2335209858261,1.0,0.0,0.0,0.0,2.0
24918,9.542863525276105e-05,0.02061258521459639,1.0,0.1,140.81108316779316,998.9918676630592,1.0,0.0,0.0,0.0,2.0
24919,0.0014073598976880146,0.3039897379006112,0.0,0.1,143.47262290782743,998.5617297823467,1.0,0.0,0.0,0.0,2.0
24920,,,,0.1,147.55245917726364,999.8287796980352,1.0,0.0,0.0,0.0,2.0
24921,,,,0.1,151.1799144617621,1000.8178425741708,,,0.0,0.0,2.0
24922,0.0002801159942827556,0.060505054765075214,1.0,0.1,149.96549125956727,998.3251115057766,1.0,0.0,0.0,0.0,2.0
24923,0.0017496800125616318,0.3779308827133125,0.0,0.1,149.4165836295963,997.2289515348249,1.0,0.0,0.0,0.0,2.0
24924,0.00029000367897468604,0.06264079465853219,1.0,0.1,149.2589485029884,993.6662198416705,1.0,0.0,0.0,0.0,2.0
24925,0.00044414542452867476,0.09593541169819375,1.0,0.1,150.60931241144922,991.7273953096457,1.0,0.0,0.0,0.0,2.0
24926,0.0007244199922264836,0.15647471832092047,0.0,0.1,152.00897977182981,992.1145279476822,1.0,0.0,0.0,0.0,2.0
24927,0.002231204116648193,0.4819400891960097,0.0,0.1,152.57397018686467,991.1938236587085,1.0,0.0,0.0,0.0,2.0
24928,,,,0.1,150.9910208371979,987.8239314413313,1.0,0.0,0.0,0.0,2.0
24929,,,,0.1,148.68167097030604,983.8842701215711,,,0.0,0.0,2.0
24930,,,,0.1,,,,,,,2.0
24931,,,,0.1,,,,,,,2.0
24932,,,,0.1,,,,,,,2.0
24933,,,,0.1,,,1.0,0.0,,,2.0
24934,,,,0.1,,,,,,,2.0
24935,,,,0.1,,,,,,,2.0
24936,0.0005258853185518669,0.11359122880720324,0.0,0.1,,,1.0,0.0,,,2.0
24937,0.0003037128081789815,0.06560196656666001,1.0,0.1,113.3103244022979,940.8044468712859,1.0,0.0,0.0,0.0,2.0
24938,,,,0.1,,,1.0,0.0,,,2.0
24939,,,,0.1,,,,,,,2.0
24940,,,,0.1,,,,,,,2.0
24941,0.0008232294633407882,0.17781756408161029,0.0,0.1,,,1.0,0.0,,,2.0
24942,0.0003847007757181905,0.08309536755512915,1.0,0.1,,,1.0,0.0,,,2.0
24943,0.0006626881002066234,0.14314062964463065,0.0,0.1,,,1.0,0.0,,,2.0
24944,0.00013134848656115326,0.028371273097209104,1.0,0.1,,,1.0,0.0,,,2.0
24945,0.000443088703423992,0.09570715993958227,1.0,0.1,,,1.0,0.0,,,2.0
24946,0.000743488276974869,0.16059346782657172,0.0,0.1,,,1.0,0.0,,,2.0
24947,0.0007551800814244797,0.16311889758768763,0.0,0.1,,,1.0,0.0,,,2.0
24948,0.0005225380354459509,0.11286821565632539,0.0,0.1,,,1.0,0.0,,,2.0
24949,0.00013505625877535825,0.029172151895477387,1.0,0.1,,,1.0,0.0,,,2.0
24950,0.0001813795142830588,0.039177975085140704,1.0,0.1,,,1.0,0.0,,,2.0
24951,0.0008574288967158557,0.1852046416906248,0.0,0.1,,,1.0,0.0,,,2.0
24952,0.0012142240839438563,0.262272402131873,0.0,0.1,,,1.0,0.0,,,2.0
24953,0.00031718954672728096,0.06851294209309268,1.0,0.1,,,1.0,0.0,,,2.0
24954,0.0004605479701232026,0.09947836154661176,1.0,0.1,,,1.0,0.0,,,2.0
24955,0.0003796492531363937,0.08200423867746104,1.0,0.1,,,1.0,0.0,,,2.0
24956,0.0010636250537687751,0.22974301161405541,0.0,0.1,,,1.0,0.0,,,2.0
24957,0.0013038017242848873,0.2816211724455357,0.0,0.1,,,1.0,0.0,,,2.0
24958,,,,0.1,,,1.0,0.0,,,2.0
24959,,,,0.1,,,,,,,2.0
24960,0.0002215892693905866,0.047863282188366704,1.0,0.1,,,1.0,0.0,,,2.0
24961,0.0009889051379812527,0.2136035098039506,0.0,0.1,,,1.0,0.0,,,2.0
24962,0.0003243465385611118,0.07005885232920016,1.0,0.1,,,1.0,0.0,,,2.0
24963,0.0007972292149066169,0.17220151041982926,0.0,0.1,,,1.0,0.0,,,2.0
24964,0.00016093456251091957,0.03476186550235863,1.0,0.1,,,1.0,0.0,,,2.0
24965,0.00022333657620690722,0.04824070046069196,1.0,0.1,,,1.0,0.0,,,2.0
24966,0.0006554652208951524,0.1415804877133529,0.0,0.1,,,1.0,0.0,,,2.0
24967,0.0003721894915536208,0.08039293017558209,1.0,0.1,,,1.0,0.0,,,2.0
24968,0.00020919103368860248,0.04518526327673814,1.0,0.1,,,1.0,0.0,,,2.0
24969,0.0002005990650216638,0.043329398044679376,1.0,0.1,,,1.0,0.0,,,2.0
24970,0.0002940636828553581,0.06351775549675735,1.0,0.1,,,1.0,0.0,,,2.0
24971,0.00010240961266711186,0.02212047633609616,1.0,0.1,,,1.0,0.0,,,2.0
24972,0.0002150946950773477,0.04646045413670711,1.0,0.1,,,1.0,0.0,,,2.0
24973,0.00021751050991918093,0.04698227014254308,1.0,0.1,,,1.0,0.0,,,2.0
24974,0.0003671295403466127,0.07929998071486835,1.0,0.1,,,1.0,0.0,,,2.0
24975,0.0003972764131936291,0.0858117052498239,1.0,0.1,,,1.0,0.0,,,2.0
24976,0.00030950012445269933,0.06685202688178306,1.0,0.1,,,1.0,0.0,,,2.0
24977,0.0001709151846316689,0.03691767988044048,1.0,0.1,,,1.0,0.0,,,2.0
24978,0.0002055029557212175,0.04438863843578298,1.0,0.1,,,1.0,0.0,,,2.0
24979,0.0004743489069414601,0.1024593638993554,0.0,0.1,,,1.0,0.0,,,2.0
24980,8.842959798742312e-05,0.019100793165283392,1.0,0.1,44.06779607368767,885.6045257630811,1.0,0.0,1.0,0.0,2.0
24981,0.000861135832808261,0.18600533988658438,0.0,0.1,44.619184163331774,885.8381707574633,1.0,0.0,1.0,0.0,2.0
24982,0.0004813913863670046,0.103980539455273,0.0,0.1,,,1.0,0.0,,,2.0
24983,0.0002803164722098871,0.06054835799733562,1.0,0.1,,,1.0,0.0,,,2.0
24984,0.00037365937916369717,0.08071042589935859,1.0,0.1,,,1.0,0.0,,,2.0
24985,0.00013023658267229617,0.028131101857215977,1.0,0.1,,,1.0,0.0,,,2.0
24986,0.00035831884199205387,0.07739686987028363,1.0,0.1,,,1.0,0.0,,,2.0
24987,0.0005830268253863296,0.12593379428344723,0.0,0.1,,,1.0,0.0,,,2.0
24988,0.0012177502262226973,0.26303404886410264,0.0,0.1,,,1.0,0.0,,,2.0
24989,0.00019707958896983307,0.04256919121748394,1.0,0.1,,,1.0,0.0,,,2.0
24990,0.00011978155882122626,0.025872816705384872,1.0,0.1,,,1.0,0.0,,,2.0
24991,0.0001637109736667919,0.03536157031202705,1.0,0.1,,,1.0,0.0,,,2.0
24992,0.0005010739772009741,0.1082319790754104,0.0,0.1,,,1.0,0.0,,,2.0
24993,0.0015417734154705891,0.33302305774164725,0.0,0.1,,,1.0,0.0,,,2.0
24994,0.00012970022251125685,0.028015248062431483,1.0,0.1,,,1.0,0.0,,,2.0
24995,0.0004678056250316882,0.10104601500684465,0.0,0.1,,,1.0,0.0,,,2.0
24996,0.0010028219393464384,0.2166095388988307,0.0,0.1,,,1.0,0.0,,,2.0
24997,0.0013488313164070876,0.29134756434393094,0.0,0.1,,,1.0,0.0,,,2.0
24998,0.0005283960039553042,0.11413353685434571,0.0,0.1,,,1.0,0.0,,,2.0
24999,0.000177855928657871,0.038416880590100136,1.0,0.1,,,1.0,0.0,,,2.0
25000,0.0003231136495261587,0.06979254829765029,1.0,0.1,,,1.0,0.0,,,2.0
25001,0.0003179748732139703,0.06868257261421759,1.0,0.1,,,1.0,0.0,,,2.0
25002,0.000758191929941458,0.16376945686735495,0.0,0.1,78.58622158902993,925.5598608220516,1.0,0.0,0.0,0.0,2.0
25003,0.00028328793168838547,0.061190193244691264,1.0,0.1,74.59243467904825,923.407613069575,1.0,0.0,0.0,0.0,2.0
25004,0.0005718084048993984,0.12351061545827006,0.0,0.1,,,1.0,0.0,,,2.0
25005,0.001011811941409435,0.218551379344438,0.0,0.1,,,1.0,0.0,,,2.0
25006,0.00038151954623188603,0.08240822198608738,1.0,0.1,,,1.0,0.0,,,2.0
25007,0.0004465573428338855,0.09645638605211927,1.0,0.1,,,1.0,0.0,,,2.0
25008,0.00027680355660131224,0.05978956822588345,1.0,0.1,,,1.0,0.0,,,2.0
25009,0.00032606112792258094,0.07042920363127748,1.0,0.1,,,1.0,0.0,,,2.0
25010,0.002107142478653879,0.45514277538923786,0.0,0.1,,,1.0,0.0,,,2.0
25011,0.0007723820499541492,0.16683452279009622,0.0,0.1,,,1.0,0.0,,,2.0
25012,0.0004467624598259097,0.09650069132239648,1.0,0.1,14.644615812227926,867.5684900535211,1.0,0.0,1.0,0.0,2.0
25013,0.0010864574154012578,0.23467480172667168,0.0,0.1,15.964675750413175,862.5213747642396,1.0,0.0,1.0,0.0,2.0
25014,0.0011737423158196428,0.25352834021704285,0.0,0.1,24.52239949977225,854.2489187681138,1.0,0.0,1.0,0.0,2.0
25015,0.0009273767558279524,0.20031337925883771,0.0,0.1,31.01347786428112,848.7623676822494,1.0,0.0,1.0,0.0,2.0
25016,0.0008412506573089478,0.18171014197873273,0.0,0.1,39.08761100633766,840.3816692466639,1.0,0.0,1.0,0.0,2.0
25017,0.0011451150021286782,0.24734484045979452,0.0,0.1,41.073229293088374,837.8633824938095,1.0,0.0,1.0,0.0,2.0
25018,0.0012797142931193985,0.2764182873137901,0.0,0.1,52.223700160905764,826.8666602544728,1.0,0.0,1.0,0.0,2.0
25019,0.003047799834344507,0.6583247642184136,0.0,0.1,68.8142513728766,810.630697526023,1.0,0.0,1.0,0.0,2.0
25020,0.0036380781038292493,0.7858248704271179,0.0,0.1,79.17385040658553,799.1734142160175,1.0,0.0,0.0,0.0,2.0
25021,0.0018081552397363073,0.3905615317830424,0.0,0.1,89.0656439507566,790.140533761065,1.0,0.0,0.0,0.0,2.0
25022,0.0010965130610484856,0.2368468211864729,0.0,0.1,93.0837401295604,786.0156195079743,1.0,0.0,0.0,0.0,2.0
25023,0.002204958024173104,0.4762709332213905,0.0,0.1,104.80640571870964,774.5655182117039,1.0,0.0,0.0,0.0,2.0
25024,0.0011640825441217835,0.25144182953030525,0.0,0.1,109.97297840942139,769.7493583862913,1.0,0.0,0.0,0.0,2.0
25025,0.0005790405465873889,0.12507275806287602,0.0,0.1,111.02423361515037,768.7568807114313,1.0,0.0,0.0,0.0,2.0
25026,0.0003353924797459093,0.0724447756251164,1.0,0.1,107.78309079631231,771.2168390130294,1.0,0.0,0.0,0.0,2.0
25027,0.00033819807989804847,0.07305078525797847,1.0,0.1,103.54197981111339,774.8276067853715,1.0,0.0,0.0,0.0,2.0
25028,0.0006509888672051841,0.14061359531631976,0.0,0.1,103.59038011327607,774.688084979539,1.0,0.0,0.0,0.0,2.0
25029,0.0011137332627919351,0.24056638476305797,0.0,0.1,105.94353631824484,772.8246690785079,1.0,0.0,0.0,0.0,2.0
25030,0.0005699907846937483,0.12311800949384963,0.0,0.1,109.57956354905843,769.3941217126503,1.0,0.0,0.0,0.0,2.0
25031,0.0034048775546031322,0.7354535517942765,0.0,0.1,112.57309478942051,767.2074309110893,1.0,0.0,0.0,0.0,2.0
25032,0.0013426185394170064,0.29000560451407337,0.0,0.1,119.46820830502486,761.5165341353614,1.0,0.0,0.0,0.0,2.0
25033,0.0008855525515240594,0.19127935112919683,0.0,0.1,127.82918254754112,754.2979629020239,1.0,0.0,0.0,0.0,2.0
25034,0.001052818130403622,0.22740871616718236,0.0,0.1,135.72838947047433,746.8956300261216,1.0,0.0,0.0,0.0,2.0
25035,0.0018554066967637491,0.40076784650096986,0.0,0.1,138.15936441325908,744.5227930535538,1.0,0.0,0.0,0.0,2.0
25036,0.0006964678276827572,0.15043705077947556,0.0,0.1,142.38192669974922,740.8932938532729,1.0,0.0,0.0,0.0,2.0
25037,0.0007631644598026697,0.16484352331737664,0.0,0.1,144.93744083476997,738.322746039245,1.0,0.0,0.0,0.0,2.0
25038,0.0006352828733073219,0.13722110063438153,0.0,0.1,150.718067127663,733.6626577948945,1.0,0.0,0.0,0.0,2.0
25039,0.0005596922468023278,0.12089352530930281,0.0,0.1,154.98250250952398,728.9109568047577,1.0,0.0,0.0,0.0,2.0
25040,0.0006693526075305904,0.14458016322660755,0.0,0.1,155.64361762135172,727.8514241986652,1.0,0.0,0.0,0.0,2.0
25041,0.00013508227933073375,0.02917777233543849,1.0,0.1,156.46342791169218,727.4526550201163,1.0,0.0,0.0,0.0,2.0
25042,4.3736658376684174e-05,0.009447118209363782,1.0,0.1,155.16404474355892,728.3245239518697,1.0,0.0,0.0,0.0,2.0
25043,0.0006969922878266559,0.1505503341705577,0.0,0.1,151.85547252802215,730.1948662709777,1.0,0.0,0.0,0.0,2.0
25044,0.00017687203500812594,0.038204359561755205,1.0,0.1,152.54410138932832,729.323487337568,1.0,0.0,0.0,0.0,2.0
25045,0.0013200054367791287,0.2851211743442918,0.0,0.1,152.366051058721,729.0207001762532,1.0,0.0,0.0,0.0,2.0
25046,0.0006190912201145003,0.13372370354473206,0.0,0.1,153.71803306290067,727.9737453105181,1.0,0.0,0.0,0.0,2.0
25047,0.0007200716234539538,0.15553547066605403,0.0,0.1,155.1365232313697,726.9198626479233,1.0,0.0,0.0,0.0,2.0
25048,0.0004129809423206636,0.08920388354126334,1.0,0.1,146.99415174354633,734.4060732967529,1.0,0.0,0.0,0.0,2.0
25049,0.0014378039340852192,0.31056564976240736,0.0,0.1,141.95986679920483,738.7491250444701,1.0,0.0,0.0,0.0,2.0
25050,0.0009147043569572473,0.19757614110276542,0.0,0.1,139.31751291238453,740.7944439637427,1.0,0.0,0.0,0.0,2.0
25051,0.0006328686205958931,0.13669962204871292,0.0,0.1,143.83320656031762,736.5918073956711,1.0,0.0,0.0,0.0,2.0
25052,0.0006588303196050106,0.1423073490346823,0.0,0.1,145.57963961182043,734.1850870331243,1.0,0.0,0.0,0.0,2.0
25053,0.0011152498152681724,0.24089396009792527,0.0,0.1,146.64932329875793,732.7554359109262,1.0,0.0,0.0,0.0,2.0
25054,0.0008742067970903816,0.18882866817152244,0.0,0.1,155.19844690908752,724.1229315840408,1.0,0.0,0.0,0.0,2.0
25055,0.0012966840820997055,0.2800837617335364,0.0,0.1,164.15491943071572,715.6086978244998,1.0,0.0,0.0,0.0,2.0
25056,0.0013403123146885916,0.2895074599727358,0.0,0.1,172.07695113437163,707.3040419197733,1.0,0.0,0.0,0.0,2.0
25057,0.0008320381528651034,0.17972024101886236,0.0,0.1,178.97496829006016,700.4862821442575,1.0,0.0,0.0,0.0,2.0
25058,0.0005688346186997301,0.12286827763914171,0.0,0.1,182.72572979092476,696.847485289051,1.0,0.0,0.0,0.0,2.0
25059,0.0013024890710244886,0.2813376393412895,0.0,0.1,192.499490510598,687.4056120608374,1.0,0.0,0.0,0.0,2.0
25060,0.004015647179441018,0.86737979075926,0.0,0.1,204.61544696412702,675.1983069027386,1.0,0.0,0.0,0.0,2.0
25061,0.0010192280901113464,0.22015326746405084,0.0,0.1,217.90729840880832,662.0970199577903,1.0,0.0,0.0,0.0,2.0
25062,0.0009483333853181058,0.20484001122871084,0.0,0.1,222.86232742002622,657.5018719440386,1.0,0.0,0.0,0.0,2.0
25063,0.0020781854567002334,0.4488880586472504,0.0,0.1,231.3277905751706,649.6627220159412,1.0,0.0,0.0,0.0,2.0
25064,0.002546230054080704,0.5499856916814321,0.0,0.1,236.6677541682075,645.3904276077706,1.0,0.0,0.0,0.0,2.0
25065,0.0024018007192326,0.5187889553542416,0.0,0.1,244.42337368015257,640.7242620365078,1.0,0.0,0.0,0.0,2.0
25066,0.0010827120553744355,0.2338658039608781,0.0,0.1,253.7100568030506,634.0043743637636,1.0,0.0,0.0,0.0,2.0
25067,0.003483531602954552,0.7524428262381833,0.0,0.1,258.27684583648977,629.7808657140474,1.0,0.0,0.0,0.0,2.0
25068,0.0021207512654120076,0.45808227332899365,0.0,0.1,266.69776222346,623.8319953904718,1.0,0.0,0.0,0.0,2.0
25069,0.004087648338710121,0.8829320411613861,0.0,0.1,273.47330263796994,616.9334067007288,1.0,0.0,0.0,0.0,2.0
25070,0.0018730624060756455,0.40458147971233943,0.0,0.1,281.6316762698854,609.1740524579445,1.0,0.0,0.0,0.0,2.0
25071,0.002978802235764166,0.6434212829250598,0.0,0.1,285.26817622218977,605.5404531035374,1.0,0.0,0.0,0.0,2.0
25072,0.0020240136063299475,0.4371869389672687,0.0,0.1,293.7867594344817,597.1249327588105,1.0,0.0,0.0,0.0,2.0
25073,0.004677418254388177,1.0103223429478463,0.0,0.1,302.9259178899077,589.2903896685724,1.0,0.0,0.0,0.0,2.0
25074,0.0031300795090086026,0.6760971739458582,0.0,0.1,312.2568375714917,579.9154317237633,1.0,0.0,0.0,0.0,2.0
25075,0.0013081079740486132,0.2825513223945005,0.0,0.1,319.45618453267343,573.8991289178413,1.0,0.0,0.0,0.0,2.0
25076,0.002458219055765135,0.5309753160452692,0.0,0.1,322.9824863167557,570.4788801681766,1.0,0.0,0.0,0.0,2.0
25077,0.0014032050580858751,0.30309229254654907,0.0,0.1,330.00936416193144,562.6586210462356,1.0,0.0,0.0,0.0,2.0
25078,0.0028079318607145257,0.6065132819143375,0.0,0.1,336.80698122225596,554.7466321655968,1.0,0.0,0.0,0.0,2.0
25079,0.0004364085023036293,0.09426423649758393,1.0,0.1,345.58920820449754,546.1701596662601,1.0,0.0,0.0,0.0,2.0
25080,0.0026273345163305858,0.5675042555274066,0.0,0.1,351.37299720094416,540.0790682774666,1.0,0.0,0.0,0.0,2.0
25081,0.0027469484595585613,0.5933408672646492,0.0,0.1,358.2000081455913,534.0882432346982,1.0,0.0,0.0,0.0,2.0
25082,0.0026546098692680022,0.5733957317618885,0.0,0.1,367.5420252881411,525.4665694113703,1.0,0.0,0.0,0.0,2.0
25083,0.003686857469061944,0.79636121331738,0.0,0.1,377.77123236545094,515.57431653361,1.0,0.0,0.0,0.0,2.0
25084,0.001978157509433898,0.42728202203772203,0.0,0.1,387.2541820350456,505.5906858721724,1.0,0.0,0.0,0.0,2.0
25085,0.0021943654311768293,0.47398293313419515,0.0,0.1,393.0703713388367,500.0347704049299,1.0,0.0,0.0,0.0,2.0
25086,0.0019833964439767903,0.42841363189898674,0.0,0.1,399.80168415525554,493.29333037036315,1.0,0.0,0.0,0.0,2.0
25087,0.0009554039408348592,0.2063672512203296,0.0,0.1,403.79903405018734,490.5293486577876,1.0,0.0,0.0,0.0,2.0
25088,0.0009240008396427999,0.19958418136284478,0.0,0.1,409.27827293144884,487.10690542078385,1.0,0.0,0.0,0.0,2.0
25089,0.0023100277108062625,0.4989659855341527,0.0,0.1,412.46634150862275,484.56956923884843,1.0,0.0,0.0,0.0,2.0
25090,0.0015083659415368233,0.3258070433719539,0.0,0.1,416.56380824844894,480.5150731577789,1.0,0.0,0.0,0.0,2.0
25091,0.0020463463298801645,0.4420108072541155,0.0,0.1,,,1.0,0.0,,,2.0
25092,0.0018013653541085173,0.38909491648743977,0.0,0.1,418.7982149435224,478.68732061928694,1.0,0.0,0.0,0.0,2.0
25093,0.000408532146142541,0.08824294356678886,1.0,0.1,,,1.0,0.0,,,2.0
25094,0.001416115858103519,0.3058810253503601,0.0,0.1,,,1.0,0.0,,,2.0
25095,0.0007727551429096873,0.16691511086849245,0.0,0.1,,,1.0,0.0,,,2.0
25096,6.575493195217652e-05,0.014203065301670127,1.0,0.1,,,1.0,0.0,,,2.0
25097,0.0001500898848466769,0.03241941512688221,1.0,0.1,,,1.0,0.0,,,2.0
25098,0.0003111086952838021,0.06719947818130126,1.0,0.1,,,1.0,0.0,,,2.0
25099,0.0008147877565541198,0.17599415541568986,0.0,0.1,408.7135731242545,486.79483271640515,1.0,0.0,0.0,0.0,2.0
25100,0.00039977009345499247,0.08635034018627838,1.0,0.1,409.1407015196596,486.73434501459775,1.0,0.0,0.0,0.0,2.0
25101,0.00030168239070818,0.06516339639296688,1.0,0.1,409.4401453680195,485.9964682099094,1.0,0.0,0.0,0.0,2.0
25102,0.0004399765907871967,0.09503494361003448,1.0,0.1,410.2433036309482,484.8938119563725,1.0,0.0,0.0,0.0,2.0
25103,0.00039029415230490774,0.08430353689786008,1.0,0.1,410.1227436593113,484.61001998826777,1.0,0.0,0.0,0.0,2.0
25104,0.00016283992044450343,0.035173422816012746,1.0,0.1,409.3539749529772,483.6856697897469,1.0,0.0,0.0,0.0,2.0
25105,0.0004471999024074532,0.09659517892000989,1.0,0.1,406.86742052281045,483.15989742437966,1.0,0.0,0.0,0.0,2.0
25106,0.0003842111864191214,0.08298961626653022,1.0,0.1,405.9939076099518,482.32778546181396,1.0,0.0,0.0,0.0,2.0
25107,0.00011430608093172096,0.02469011348125173,1.0,0.1,408.7201030252613,478.81953433833405,1.0,0.0,0.0,0.0,2.0
25108,0.00042945380692368,0.09276202229551488,1.0,0.1,413.1770455038522,472.78317809375613,1.0,0.0,0.0,0.0,2.0
25109,0.0007598601003040424,0.16412978166567316,0.0,0.1,416.0662458308385,469.0331862579721,1.0,0.0,0.0,0.0,2.0
25110,0.0002929380099578998,0.06327461015090637,1.0,0.1,419.6786760247958,464.6772415553273,1.0,0.0,0.0,0.0,2.0
25111,0.00010367404035809333,0.02239359271734816,1.0,0.1,422.2539672625665,461.0067359225399,1.0,0.0,0.0,0.0,2.0
25112,0.00024037511734828688,0.05192102534722996,1.0,0.1,424.67581140013215,457.92728570866154,1.0,0.0,0.0,0.0,2.0
25113,0.00011899309959867168,0.02570250951331308,1.0,0.1,425.9922998594071,456.189293938233,1.0,0.0,0.0,0.0,2.0
25114,0.0002935901939105786,0.06341548188468499,1.0,0.1,427.67019298301517,453.7988286427822,1.0,0.0,0.0,0.0,2.0
25115,0.00011853370047072476,0.025603279301676548,1.0,0.1,428.01880443247796,453.01087291246984,1.0,0.0,0.0,0.0,2.0
25116,0.0005023832344863709,0.1085147786490561,0.0,0.1,427.6222211298796,453.51664568110175,1.0,0.0,0.0,0.0,2.0
25117,6.918660345310618e-05,0.014944306345870935,1.0,0.1,425.51655060167786,455.72721175778895,1.0,0.0,0.0,0.0,2.0
25118,0.0006892229755126562,0.14887216271073372,0.0,0.1,424.70393072370587,456.88209109682265,1.0,0.0,0.0,0.0,2.0
25119,0.0006773030001938699,0.1462974480418759,0.0,0.1,,,1.0,0.0,,,2.0
25120,0.00012793884352602078,0.02763479020162049,1.0,0.1,421.147229688207,460.2900210693871,1.0,0.0,0.0,0.0,2.0
25121,0.00033660721199356674,0.07270715779061042,1.0,0.1,419.954971926197,461.51390997663924,1.0,0.0,0.0,0.0,2.0
25122,0.0002846852369725448,0.06149201118606968,1.0,0.1,,,1.0,0.0,,,2.0
25123,0.00028829283637772754,0.062271252657589156,1.0,0.1,,,1.0,0.0,,,2.0
25124,0.00018030050892943258,0.03894490992875744,1.0,0.1,,,1.0,0.0,,,2.0
25125,0.0005579353551449156,0.12051403671130177,0.0,0.1,,,1.0,0.0,,,2.0
25126,0.0006284876675949856,0.1357533362005169,0.0,0.1,,,1.0,0.0,,,2.0
25127,0.0027811209562561006,0.6007221265513177,0.0,0.1,,,1.0,0.0,,,2.0
25128,0.0006338607340839664,0.13691391856213675,0.0,0.1,,,1.0,0.0,,,2.0
25129,0.000768869370032139,0.16607578392694203,0.0,0.1,,,1.0,0.0,,,2.0
25130,0.0007359854458948861,0.15897285631329539,0.0,0.1,,,1.0,0.0,,,2.0
25131,0.0014178913203461304,0.3062645251947642,0.0,0.1,,,1.0,0.0,,,2.0
25132,,,,0.1,,,1.0,0.0,,,2.0
25133,,,,0.1,,,,,,,2.0
25134,0.0005930860482117655,0.12810658641374134,0.0,0.1,,,1.0,0.0,,,2.0
25135,0.000908893002077241,0.19632088844868406,0.0,0.1,,,1.0,0.0,,,2.0
25136,0.000704794791366865,0.15223567493524284,0.0,0.1,,,1.0,0.0,,,2.0
25137,0.00023897074847825737,0.051617681671303595,1.0,0.1,,,1.0,0.0,,,2.0
25138,0.00027872496585787957,0.060204592625301985,1.0,0.1,,,1.0,0.0,,,2.0
25139,0.0005817149350830495,0.12565042597793868,0.0,0.1,,,1.0,0.0,,,2.0
25140,0.0010249327396224942,0.22138547175845874,0.0,0.1,,,1.0,0.0,,,2.0
25141,,,,0.1,,,1.0,0.0,,,2.0
25142,,,,0.1,,,,,,,2.0
25143,,,,0.1,,,,,,,2.0
25144,,,,0.1,,,,,,,2.0
25145,,,,0.1,,,,,,,2.0
25146,,,,0.1,,,,,,,2.0
25147,,,,0.1,,,,,,,2.0
25148,,,,0.1,,,,,,,2.0
25149,,,,0.1,,,,,,,2.0
25150,,,,0.1,,,,,,,2.0
25151,,,,0.1,,,,,,,2.0
25152,,,,0.1,,,,,,,2.0
25153,,,,0.1,,,,,,,2.0
25154,,,,0.1,,,,,,,2.0
25155,,,,0.1,,,,,,,2.0
25156,,,,0.1,,,,,,,2.0
25157,,,,0.1,,,,,,,2.0
25158,,,,0.1,,,,,,,2.0
25159,,,,0.1,,,,,,,2.0
25160,,,,0.1,,,,,,,2.0
25161,,,,0.1,,,,,,,2.0
25162,,,,0.1,,,,,,,2.0
25163,,,,0.1,,,,,,,2.0
25164,,,,0.1,,,,,,,2.0
25165,,,,0.1,,,,,,,2.0
25166,,,,0.1,,,,,,,2.0
25167,,,,0.1,,,,,,,2.0
25168,,,,0.1,,,,,,,2.0
25169,,,,0.1,,,,,,,2.0
25170,,,,0.1,,,,,,,2.0
25171,,,,0.1,,,,,,,2.0
25172,,,,0.1,,,,,,,2.0
25173,,,,0.1,,,,,,,2.0
25174,,,,0.1,,,,,,,2.0
25175,,,,0.1,,,,,,,2.0
25176,,,,0.1,,,,,,,2.0
25177,0.0007525453995299276,0.16254980629846436,0.0,0.1,,,1.0,0.0,,,2.0
25178,0.0003563225336382112,0.07696566726585363,1.0,0.1,,,1.0,0.0,,,2.0
25179,0.00045013310545563405,0.09722875077841696,1.0,0.1,281.2472427331356,620.3830190552643,1.0,0.0,0.0,0.0,2.0
25180,0.000659414307611771,0.14243349044414252,0.0,0.1,288.9694859877233,613.4955596772529,1.0,0.0,0.0,0.0,2.0
25181,0.0007250087762890822,0.15660189567844177,0.0,0.1,295.51947028443465,607.5513241385056,1.0,0.0,0.0,0.0,2.0
25182,0.0010791789694129593,0.23310265739319921,0.0,0.1,299.96379460718407,605.2180024692393,1.0,0.0,0.0,0.0,2.0
25183,0.0006248773474581498,0.13497350705096037,0.0,0.1,300.75308346492585,607.3553899955746,1.0,0.0,0.0,0.0,2.0
25184,0.0014950091271254836,0.3229219714591045,0.0,0.1,300.89686276402045,608.4551333107139,1.0,0.0,0.0,0.0,2.0
25185,0.0009195840771751563,0.19863016066983377,0.0,0.1,302.53913507540705,607.363836022322,1.0,0.0,0.0,0.0,2.0
25186,0.0009550603045987019,0.20629302579331962,0.0,0.1,302.16339656346827,605.4798478983782,1.0,0.0,0.0,0.0,2.0
25187,0.0003854341388434277,0.08325377399018039,1.0,0.1,302.4187186959487,604.8645514084418,1.0,0.0,0.0,0.0,2.0
25188,0.000622961580809727,0.13455970145490104,0.0,0.1,302.9756044182111,604.1454840400007,1.0,0.0,0.0,0.0,2.0
25189,4.0801286128877866e-05,0.008813077803837619,1.0,0.1,306.8048031494433,600.3047571374935,1.0,0.0,0.0,0.0,2.0
25190,0.0002492775866589562,0.053843958718334535,1.0,0.1,313.1761546402164,597.2368800745918,1.0,0.0,0.0,0.0,2.0
25191,0.0011732909839778688,0.25343085253921965,0.0,0.1,317.1778601501797,594.7103221036726,1.0,0.0,0.0,0.0,2.0
25192,0.00022163544602675386,0.04787325634177884,1.0,0.1,319.31443035231416,594.8181348549838,1.0,0.0,0.0,0.0,2.0
25193,0.000532858518366438,0.11509743996715062,0.0,0.1,320.80497117501807,594.2182589360713,1.0,0.0,0.0,0.0,2.0
25194,0.0005143880135958604,0.11110781093670584,0.0,0.1,323.7937434770367,592.5559527217813,1.0,0.0,0.0,0.0,2.0
25195,0.0001891359150647538,0.04085335765398682,1.0,0.1,324.9118715013135,592.9447214286878,1.0,0.0,0.0,0.0,2.0
25196,0.00017079543596939707,0.03689181416938977,1.0,0.1,327.1166240614185,590.9222233619175,1.0,0.0,0.0,0.0,2.0
25197,0.0014659371096780321,0.316642415690455,0.0,0.1,326.9820514151984,591.3869875888736,1.0,0.0,0.0,0.0,2.0
25198,0.0013599382804933972,0.2937466685865738,0.0,0.1,326.77591518482484,590.0592702960124,1.0,0.0,0.0,0.0,2.0
25199,0.00033853122305759425,0.07312274418044036,1.0,0.1,326.13609037984145,588.7527426531268,1.0,0.0,0.0,0.0,2.0
25200,,,,0.1,324.1808504032735,589.1843975018356,1.0,0.0,0.0,0.0,2.0
25201,,,,0.1,322.1880075086495,588.974519239132,,,0.0,0.0,2.0
25202,,,,0.1,319.2018115322786,589.8453148019233,,,0.0,0.0,2.0
25203,,,,0.1,318.77204343214925,584.360772558583,,,0.0,0.0,2.0
25204,,,,0.1,321.25769651063024,574.3752217613536,,,0.0,0.0,2.0
25205,,,,0.1,325.8462975062614,563.1701474119371,,,0.0,0.0,2.0
25206,,,,0.1,326.23443135659073,560.3344039712315,,,0.0,0.0,2.0
25207,0.0008523280997258793,0.18410286954078994,0.0,0.1,329.7459989848501,553.7853582088828,1.0,0.0,0.0,0.0,2.0
25208,0.0010755375617689342,0.2323161133420898,0.0,0.1,329.2761625097387,551.4405304246048,1.0,0.0,0.0,0.0,2.0
25209,0.0009311788071627632,0.20113462234715687,0.0,0.1,330.6033080019135,550.2040532873374,1.0,0.0,0.0,0.0,2.0
25210,0.00043789691978927156,0.09458573467448265,1.0,0.1,334.17426620925164,544.12336856306,1.0,0.0,0.0,0.0,2.0
25211,0.000932697418945024,0.20146264249212517,0.0,0.1,336.28661996498533,541.9941469651071,1.0,0.0,0.0,0.0,2.0
25212,0.0021124772381920574,0.4562950834494844,0.0,0.1,339.8221473550582,538.7373109996078,1.0,0.0,0.0,0.0,2.0
25213,0.0016948049817682121,0.3660778760619338,0.0,0.1,343.16444378564603,535.2156438732129,1.0,0.0,0.0,0.0,2.0
25214,0.0003804831924721426,0.0821843695739828,1.0,0.1,353.7902820652955,522.7843036989017,1.0,0.0,0.0,0.0,2.0
25215,0.0015610612394027275,0.33718922771098914,0.0,0.1,361.7502435658753,514.5028857631796,1.0,0.0,0.0,0.0,2.0
25216,0.001064281015415548,0.22988469932975839,0.0,0.1,374.12046983258097,501.4968506775685,1.0,0.0,0.0,0.0,2.0
25217,0.001489423830532865,0.3217155473950989,0.0,0.1,383.249692187066,492.19427741582746,1.0,0.0,0.0,0.0,2.0
25218,0.0023103379695573454,0.4990330014243866,0.0,0.1,390.1537136743495,485.1011772004981,1.0,0.0,0.0,0.0,2.0
25219,0.00020050808731578314,0.04330974686020916,1.0,0.1,402.5115353474745,472.8189377296659,1.0,0.0,0.0,0.0,2.0
25220,0.0031772246741817384,0.6862805296232555,0.0,0.1,409.35872839487075,466.0107095543883,1.0,0.0,0.0,0.0,2.0
25221,0.002533044745248622,0.5471376649737023,0.0,0.1,422.59993411238463,453.18238160454564,1.0,0.0,0.0,0.0,2.0
25222,0.0027607105440614235,0.5963134775172675,0.0,0.1,438.44731155202993,437.9702463328476,1.0,0.0,0.0,0.0,2.0
25223,0.0015790543678531404,0.34107574345627834,0.0,0.1,450.50982264643574,426.3811745386129,1.0,0.0,0.0,0.0,2.0
25224,0.002892272530124568,0.6247308665069067,0.0,0.1,454.6659045958316,422.61174974211275,1.0,0.0,0.0,0.0,2.0
25225,0.002408254785115319,0.5201830335849089,0.0,0.1,462.22324732142306,416.60486354017235,1.0,0.0,0.0,0.0,2.0
25226,0.00344660016494223,0.7444656356275218,0.0,0.1,473.14617333191194,407.0681898183848,1.0,0.0,0.0,0.0,2.0
25227,0.0036389923314099344,0.7860223435845458,0.0,0.1,484.2221684639093,398.08920474431187,1.0,0.0,0.0,0.0,2.0
25228,0.0015959300275134186,0.34472088594289846,0.0,0.1,492.6332103954743,391.0645050692753,1.0,0.0,0.0,0.0,2.0
25229,0.00360953234862236,0.7796589873024298,0.0,0.1,498.7235141904769,386.07620787058676,1.0,0.0,0.0,0.0,2.0
25230,0.003575248434650096,0.7722536618844207,0.0,0.1,509.96836201062905,375.8058650967988,1.0,0.0,0.0,0.0,2.0
25231,0.0022350963723215024,0.4827808164214446,0.0,0.1,519.1494504783952,367.86092142326527,1.0,0.0,0.0,0.0,2.0
25232,0.00038123272064221594,0.08234626765871865,1.0,0.1,525.842997373135,361.4937360823221,1.0,0.0,0.0,0.0,2.0
25233,0.002908119781992776,0.6281538729104396,0.0,0.1,526.7823561819157,361.2956471870889,1.0,0.0,0.0,0.0,2.0
25234,0.002816490088941958,0.608361859211463,0.0,0.1,534.1100396071911,356.02915797652315,1.0,0.0,0.0,0.0,2.0
25235,0.0023482491574222907,0.5072218180032148,0.0,0.1,541.2624531265492,351.0727132812447,1.0,0.0,0.0,0.0,2.0
25236,0.00322177997165342,0.6959044738771388,0.0,0.1,549.0726360671073,345.40329221021545,1.0,0.0,0.0,0.0,2.0
25237,0.0014945419187783176,0.3228210544561166,0.0,0.1,559.2992150005978,338.20027039458375,1.0,0.0,0.0,0.0,2.0
25238,0.0033334809721851243,0.7200318899919869,0.0,0.1,563.0618849525504,335.23345076821505,1.0,0.0,0.0,0.0,2.0
25239,0.004659475552198601,1.0064467192748978,0.0,0.1,576.745229673674,323.7336195092074,1.0,0.0,0.0,0.0,2.0
25240,0.002769802232085422,0.5982772821304512,0.0,0.1,589.9239722110995,314.5484068101199,1.0,0.0,0.0,0.0,2.0
25241,0.002287420901207381,0.49408291466079435,0.0,0.1,602.852693758474,304.1623537808613,1.0,0.0,0.0,0.0,2.0
25242,0.003594344860661723,0.7763784899029322,0.0,0.1,611.0007974196741,296.9632184811012,1.0,0.0,0.0,0.0,2.0
25243,0.0032500482671669337,0.7020104257080577,0.0,0.1,626.6785364262715,285.1974402479593,0.0,1.0,0.0,0.0,2.0
25244,0.004988164774392205,1.0774435912687161,0.0,0.1,639.1869692173063,276.743806381797,0.0,1.0,0.0,0.0,2.0
25245,0.004258239391347268,0.91977970853101,0.0,0.1,653.9164404570856,264.72585945207896,0.0,1.0,0.0,0.0,2.0
25246,0.0027111439212341324,0.5856070869865727,0.0,0.1,670.7208685022018,251.28276196895925,0.0,1.0,0.0,0.0,2.0
25247,0.005913836924247296,1.277388775637416,0.0,0.1,678.342941016373,244.2625160294027,0.0,1.0,0.0,0.0,2.0
25248,0.0027965575584181874,0.6040564326183285,0.0,0.1,692.3376301200053,231.50147644675872,0.0,1.0,0.0,0.0,2.0
25249,0.0046722429326898456,1.0092044734610066,0.0,0.1,704.9749922135919,219.0353394003606,0.0,1.0,0.0,0.0,2.0
25250,0.001632798118429704,0.35268439358081605,0.0,0.1,715.6102328853001,209.0040291657143,0.0,1.0,0.0,0.0,2.0
25251,0.004216803215713489,0.9108294945941134,0.0,0.1,722.0561043849746,202.556706431377,0.0,1.0,0.0,0.0,2.0
25252,0.0024244230400225254,0.5236753766448655,0.0,0.1,735.6013406060338,188.53281464748517,0.0,1.0,0.0,0.0,2.0
25253,0.0029728774485456477,0.6421415288858598,0.0,0.1,749.4242476021413,176.69849275057405,0.0,1.0,0.0,0.0,2.0
25254,0.005192216697509998,1.1215188066621598,0.0,0.1,762.0814521848539,166.51928387559627,0.0,1.0,0.0,0.0,2.0
25255,0.0016856788154865443,0.36410662414509354,0.0,0.1,773.5932994936041,158.8863690670816,0.0,1.0,0.0,0.0,2.0
25256,0.004250910491654215,0.9181966661973104,0.0,0.1,780.836392076626,153.88965903115624,0.0,1.0,0.0,0.0,2.0
25257,0.004092513483419098,0.8839829124185252,0.0,0.1,797.3588701231187,146.25226107835618,0.0,1.0,0.0,0.0,2.0
25258,0.005456697142105955,1.1786465826948864,0.0,0.1,813.3828488123283,141.26310285660412,0.0,1.0,0.0,0.0,2.0
25259,0.001567049857280961,0.33848276917268755,0.0,0.1,828.8757776170676,135.779746579349,0.0,1.0,0.0,0.0,2.0
25260,0.0029474794688070806,0.6366555652623295,0.0,0.1,833.7783572256194,133.63967435795104,0.0,1.0,0.0,0.0,2.0
25261,0.003057067966034077,0.6603266806633606,0.0,0.1,841.5834767276419,131.1292284504173,0.0,1.0,0.0,0.0,2.0
25262,0.002792509574872512,0.6031820681724627,0.0,0.1,853.5387073064445,128.3019603341196,0.0,1.0,0.0,0.0,2.0
25263,0.002715207211161164,0.5864847576108114,0.0,0.1,867.1395041728374,124.98197081501633,0.0,1.0,0.0,0.0,2.0
25264,0.0017173101014908477,0.3709389819220231,0.0,0.1,880.0512138496874,121.4230531057491,0.0,1.0,0.0,0.0,2.0
25265,0.002888000269191586,0.6238080581453825,0.0,0.1,885.0240111910626,120.41189026288629,0.0,1.0,0.0,0.0,2.0
25266,0.002219417133174101,0.4793941007656059,0.0,0.1,890.7891778214937,118.75868585375015,0.0,1.0,0.0,0.0,2.0
25267,0.0017729649294618611,0.382960424763762,0.0,0.1,891.198157707406,118.2202644467981,0.0,1.0,0.0,0.0,2.0
25268,0.0006715538562899461,0.14505563295862836,0.0,0.1,887.8772750492645,117.39716939015722,0.0,1.0,0.0,0.0,2.0
25269,0.0005676199187829084,0.1226059024571082,0.0,0.1,886.2377793491705,116.27735918195728,0.0,1.0,0.0,0.0,2.0
25270,0.00035734269023942055,0.07718602109171484,1.0,0.1,880.8039823399588,115.98857740389802,0.0,1.0,0.0,0.0,2.0
25271,0.0010362354917732262,0.22382686622301687,0.0,0.1,872.5310406535623,119.32693066870067,0.0,1.0,0.0,0.0,2.0
25272,0.001974288166345155,0.42644624393055347,0.0,0.1,863.8104537140448,119.70736036848642,0.0,1.0,0.0,0.0,2.0
25273,0.0003449977462673412,0.07451951319374571,1.0,0.1,860.4632026176483,118.51645397930186,0.0,1.0,0.0,0.0,2.0
25274,0.00034696166619534543,0.07494371989819462,1.0,0.1,857.6571013944697,119.26090473801493,0.0,1.0,0.0,0.0,2.0
25275,0.0008274267343068179,0.17872417461027265,0.0,0.1,851.9894394104126,122.02336897376206,0.0,1.0,0.0,0.0,2.0
25276,8.269223488537123e-05,0.017861522735240186,1.0,0.1,850.6365542495993,121.33809581797576,0.0,1.0,0.0,0.0,2.0
25277,8.112756650858204e-05,0.01752355436585372,1.0,0.1,849.4641290018378,122.6928913339111,0.0,1.0,0.0,0.0,2.0
25278,0.000213486773789717,0.04611314313857887,1.0,0.1,848.5488397415845,125.56914956786336,0.0,1.0,0.0,0.0,2.0
25279,0.00031429232984245015,0.06788714324596924,1.0,0.1,847.880821361165,124.98060616548116,0.0,1.0,0.0,0.0,2.0
25280,0.0005791941442568029,0.12510593515946944,0.0,0.1,847.184493119,125.59482073215113,0.0,1.0,0.0,0.0,2.0
25281,0.0002395948165274071,0.05175248036991994,1.0,0.1,848.4164791515278,131.14795091645013,0.0,1.0,0.0,0.0,2.0
25282,0.00045962015960506765,0.09927795447469462,1.0,0.1,854.0109701082386,133.4731465739711,0.0,1.0,0.0,0.0,2.0
25283,0.0005092057312690628,0.10998843795411756,0.0,0.1,854.3756164528767,133.58614566083133,0.0,1.0,0.0,0.0,2.0
25284,0.00034367192396975366,0.0742331355774668,1.0,0.1,851.9769590759796,129.32224664202147,0.0,1.0,0.0,0.0,2.0
25285,0.00034504663917934097,0.07453007406273765,1.0,0.1,847.0219559009885,124.55326393874931,0.0,1.0,0.0,0.0,2.0
25286,0.0005373596053344829,0.1160696747522483,0.0,0.1,,,0.0,1.0,,,2.0
25287,0.0006487088522077706,0.14012111207687844,0.0,0.1,,,0.0,1.0,,,2.0
25288,0.0012305950156352849,0.26580852337722155,0.0,0.1,,,0.0,1.0,,,2.0
25289,0.0002899184486139461,0.06262238490061235,1.0,0.1,,,0.0,1.0,,,2.0
25290,0.0015444951224712834,0.33361094645379724,0.0,0.1,,,0.0,1.0,,,2.0
25291,0.0007005066960925659,0.15130944635599425,0.0,0.1,,,0.0,1.0,,,2.0
25292,0.0003477069064362268,0.07510469179022498,1.0,0.1,,,0.0,1.0,,,2.0
25293,0.0008203487139493941,0.17719532221306913,0.0,0.1,852.494766953459,110.28922229140807,0.0,1.0,0.0,0.0,2.0
25294,0.0009896459662068833,0.21376352870068682,0.0,0.1,854.2150738790932,111.56033850855032,0.0,1.0,0.0,0.0,2.0
25295,0.0003525442147493397,0.07614955038585738,1.0,0.1,855.0780175679635,113.86153459503647,0.0,1.0,0.0,0.0,2.0
25296,0.0007937648034110715,0.17145319753679145,0.0,0.1,855.2756423933191,114.77395241997931,0.0,1.0,0.0,0.0,2.0
25297,0.0006846879350039416,0.1478925939608514,0.0,0.1,853.8055757257085,117.91368483938997,0.0,1.0,0.0,0.0,2.0
25298,0.00038528065174775006,0.083220620777514,1.0,0.1,856.4356577930912,115.9503469634283,0.0,1.0,0.0,0.0,2.0
25299,0.0004271628104651915,0.09226716706048137,1.0,0.1,863.4908246476257,113.68492974401788,0.0,1.0,0.0,0.0,2.0
25300,0.0002076798956971711,0.04485885747058896,1.0,0.1,871.3341759417561,110.97662920700175,0.0,1.0,0.0,0.0,2.0
25301,0.0006306548882679621,0.13622145586587983,0.0,0.1,872.6614932971422,110.8335492940481,0.0,1.0,0.0,0.0,2.0
25302,0.00047967621294455094,0.103610061996023,0.0,0.1,876.0140087320475,107.98416368507444,0.0,1.0,0.0,0.0,2.0
25303,0.0017387228268583533,0.3755641306014043,0.0,0.1,885.4923536279922,101.99511366715122,0.0,1.0,0.0,0.0,2.0
25304,0.0005537602794372764,0.11961222035845172,0.0,0.1,893.3602763644981,97.2445340460908,0.0,1.0,0.0,0.0,2.0
25305,0.0011700166359768888,0.252723593371008,0.0,0.1,896.2789749276443,95.36816741595563,0.0,1.0,0.0,0.0,2.0
25306,0.0008590149154291248,0.18554722173269098,0.0,0.1,901.9611696889957,94.68721882508194,0.0,1.0,0.0,0.0,2.0
25307,0.0030086199141605087,0.64986190145867,0.0,0.1,907.5394261051747,96.44008553000619,0.0,1.0,0.0,0.0,2.0
25308,0.0011282821183214904,0.24370893755744194,0.0,0.1,918.2318655090653,96.89884614233554,0.0,1.0,0.0,0.0,2.0
25309,0.00046333235978071553,0.10007978971263455,0.0,0.1,926.9071735693168,99.98827045112901,0.0,1.0,0.0,0.0,2.0
25310,0.0014407451951430864,0.31120096215090665,0.0,0.1,930.7168412081234,102.22141376643894,0.0,1.0,0.0,0.0,2.0
25311,0.002782703294598512,0.6010639116332787,0.0,0.1,936.1002554949117,104.88017568964098,0.0,1.0,0.0,0.0,2.0
25312,0.0007097537316403567,0.15330680603431707,0.0,0.1,938.0379272599487,104.52264692960361,0.0,1.0,0.0,0.0,2.0
25313,0.00022966988426786146,0.04960869500185808,1.0,0.1,940.427817470858,102.9130267772597,0.0,1.0,0.0,0.0,2.0
25314,0.00031779251909130494,0.06864318412372188,1.0,0.1,942.6313469280839,103.7083507371857,0.0,1.0,0.0,0.0,2.0
25315,0.0020610340657656948,0.44518335820539007,0.0,0.1,947.019592282505,106.49249221220353,0.0,1.0,0.0,0.0,2.0
25316,0.0005740430051391154,0.12399328911004893,0.0,0.1,947.6042652717285,105.75989740989037,0.0,1.0,0.0,0.0,2.0
25317,0.0006290172993428388,0.13586773665805316,0.0,0.1,946.6161381381752,103.39277871202138,0.0,1.0,0.0,0.0,2.0
25318,0.0001844685847096976,0.039845214297294686,1.0,0.1,938.1535273090874,92.9593812688375,0.0,1.0,0.0,0.0,2.0
25319,0.000751191197897446,0.16225729874584832,0.0,0.1,932.0051541446284,84.60354056605541,0.0,1.0,0.0,0.0,2.0
25320,0.0018192583877176354,0.3929598117470092,0.0,0.1,,,0.0,1.0,,,2.0
25321,0.0003363293526079151,0.07264714016330967,1.0,0.1,915.4510444173326,59.93447175644913,0.0,1.0,0.0,1.0,2.0
25322,0.0009097065696474869,0.19649661904385718,0.0,0.1,911.1146563374217,51.964728942626124,0.0,1.0,0.0,1.0,2.0
25323,0.0006206906624520283,0.1340691830896381,0.0,0.1,909.6931285178279,49.8081965617242,0.0,1.0,0.0,1.0,2.0
25324,0.0007714821946640674,0.16664015404743857,0.0,0.1,905.1274303906894,43.22830939369747,0.0,1.0,0.0,1.0,2.0
25325,0.00024717150699574554,0.053389045511081035,1.0,0.1,900.993658627745,40.15359560810909,0.0,1.0,0.0,1.0,2.0
25326,0.0007537511651265534,0.16281025166733554,0.0,0.1,898.8272273711871,35.930823399396246,0.0,1.0,0.0,1.0,2.0
25327,0.00042739797998687414,0.09231796367716481,1.0,0.1,899.3863247886827,35.76773326658699,0.0,1.0,0.0,1.0,2.0
25328,0.0008621178731483731,0.18621746060004857,0.0,0.1,899.1356555877463,34.910061030553074,0.0,1.0,0.0,1.0,2.0
25329,0.0003437323329108625,0.0742461839087463,1.0,0.1,899.9775833752892,33.41055009839027,0.0,1.0,0.0,1.0,2.0
25330,0.0011715868021533356,0.2530627492651205,0.0,0.1,898.1679275450853,30.462648794441236,0.0,1.0,0.0,1.0,2.0
25331,0.000927823960221796,0.20040997540790795,0.0,0.1,,,0.0,1.0,,,2.0
25332,0.000614487965956634,0.13272940064663294,0.0,0.1,,,0.0,1.0,,,2.0
25333,0.0012436607494717745,0.2686307218859033,0.0,0.1,,,0.0,1.0,,,2.0
25334,0.0010965743649439259,0.23686006282788802,0.0,0.1,,,0.0,1.0,,,2.0
25335,0.0008458809306004026,0.18271028100968698,0.0,0.1,,,0.0,1.0,,,2.0
25336,0.0002525911737985514,0.0545596935404871,1.0,0.1,,,0.0,1.0,,,2.0
25337,0.00016584196943090015,0.03582186539707444,1.0,0.1,,,0.0,1.0,,,2.0
25338,0.00041833081053084596,0.09035945507466273,1.0,0.1,,,0.0,1.0,,,2.0
25339,0.0005456392113298574,0.1178580696472492,0.0,0.1,,,0.0,1.0,,,2.0
25340,0.00029429500796983885,0.06356772172148518,1.0,0.1,,,0.0,1.0,,,2.0
25341,0.0007553744217763516,0.16316087510369195,0.0,0.1,,,0.0,1.0,,,2.0
25342,0.0007349163676576477,0.1587419354140519,0.0,0.1,898.3991013284169,31.16100886740864,0.0,1.0,0.0,1.0,2.0
25343,0.0014605769667654929,0.3154846248213465,0.0,0.1,896.4589488175834,32.28762248018461,0.0,1.0,0.0,1.0,2.0
25344,0.0008620545857597171,0.18620379052409888,0.0,0.1,895.6900563890827,36.27607652790761,0.0,1.0,0.0,1.0,2.0
25345,,,,0.1,894.7028908275589,39.408986012939174,0.0,1.0,0.0,1.0,2.0
25346,,,,0.1,894.8275016331945,42.033979520482205,,,0.0,1.0,2.0
25347,,,,0.1,894.2818065230692,54.612006945211355,,,0.0,1.0,2.0
25348,,,,0.1,,,,,,,2.0
25349,,,,0.1,895.4663640619674,70.20619513949208,,,0.0,0.0,2.0
25350,,,,0.1,895.3745443335023,73.3583084117522,,,0.0,0.0,2.0
25351,,,,0.1,895.6414157336418,80.70018616215616,,,0.0,0.0,2.0
25352,,,,0.1,,,,,,,2.0
25353,,,,0.1,890.8853599033168,102.59448739758808,,,0.0,0.0,2.0
25354,,,,0.1,884.6819642544723,101.24909400203916,,,0.0,0.0,2.0
25355,,,,0.1,880.3897812985284,101.22043374122808,,,0.0,0.0,2.0
25356,,,,0.1,876.508443263647,102.5210789397232,,,0.0,0.0,2.0
25357,,,,0.1,873.0939139007489,102.5555709980583,,,0.0,0.0,2.0
25358,,,,0.1,868.7031605340082,100.36050702003008,,,0.0,0.0,2.0
25359,,,,0.1,867.707490295674,99.60342798912309,,,0.0,0.0,2.0
25360,,,,0.1,,,,,,,2.0
25361,,,,0.1,870.5703000151042,95.15300492524392,,,0.0,0.0,2.0
25362,,,,0.1,,,,,,,2.0
25363,,,,0.1,,,,,,,2.0
25364,,,,0.1,,,,,,,2.0
25365,,,,0.1,,,,,,,2.0
25366,,,,0.1,,,,,,,2.0
25367,,,,0.1,,,,,,,2.0
25368,,,,0.1,,,,,,,2.0
25369,,,,0.1,,,,,,,2.0
25370,0.0029526144216878705,0.63776471508458,0.0,0.1,,,0.0,1.0,,,2.0
25371,0.0015704004607596026,0.33920649952407417,0.0,0.1,,,0.0,1.0,,,2.0
25372,0.0006922810915576467,0.1495327157764517,0.0,0.1,,,0.0,1.0,,,2.0
25373,,,,0.1,,,0.0,1.0,,,2.0
25374,,,,0.1,,,,,,,2.0
25375,0.0030487600652421517,0.6585321740923048,0.0,0.1,,,0.0,1.0,,,2.0
25376,0.0014514343152492199,0.3135098120938315,0.0,0.1,776.4211711315843,98.69709252217424,0.0,1.0,0.0,0.0,2.0
25377,0.0017399941818085575,0.3758387432706484,0.0,0.1,770.1203668876533,105.46831776735252,0.0,1.0,0.0,0.0,2.0
25378,0.002741575214485504,0.5921802463288689,0.0,0.1,755.9079731229544,120.64469468223182,0.0,1.0,0.0,0.0,2.0
25379,0.0020747686385274174,0.4481500259219222,0.0,0.1,736.1777491316843,142.74847178186045,0.0,1.0,0.0,0.0,2.0
25380,0.0023079887784066212,0.4985255761358302,0.0,0.1,720.4403092216021,162.26018245030298,0.0,1.0,0.0,0.0,2.0
25381,0.0005854237448534706,0.12645152888834965,0.0,0.1,708.9382542661162,177.6001501242843,0.0,1.0,0.0,0.0,2.0
25382,0.0003633403660636174,0.07848151906974137,1.0,0.1,703.1155139680462,184.65570856707524,0.0,1.0,0.0,0.0,2.0
25383,0.0013235738243375327,0.28589194605690704,0.0,0.1,697.977208984486,192.93221213166453,0.0,1.0,0.0,0.0,2.0
25384,0.000782034970506845,0.16891955362947852,0.0,0.1,692.9492525753722,200.30229546703106,0.0,1.0,0.0,0.0,2.0
25385,,,,0.1,683.6096539474355,210.9917624092474,0.0,1.0,0.0,0.0,2.0
25386,,,,0.1,680.6674391490338,215.17581596236596,,,0.0,0.0,2.0
25387,0.0008317802968524102,0.17966454412012062,0.0,0.1,678.1619931895808,221.51476361085108,0.0,1.0,0.0,0.0,2.0
25388,0.0009152661630224203,0.1976974912128428,0.0,0.1,676.5363508244706,227.97871974614023,0.0,1.0,0.0,0.0,2.0
25389,0.0008355363851469886,0.18047585919174955,0.0,0.1,675.6216140949058,234.98343988749716,0.0,1.0,0.0,0.0,2.0
25390,0.0008994114117324517,0.19427286493420956,0.0,0.1,674.683033469955,244.25182823231128,0.0,1.0,0.0,0.0,2.0
25391,0.0011340883221794846,0.2449630775907687,0.0,0.1,674.5462752644828,247.7932763406933,0.0,1.0,0.0,0.0,2.0
25392,0.002234695036465701,0.4826941278765915,0.0,0.1,675.6250125828988,253.62612865747028,0.0,1.0,0.0,0.0,2.0
25393,0.001998757361301911,0.43173159004121275,0.0,0.1,674.4725657735808,260.1652420152794,0.0,1.0,0.0,0.0,2.0
25394,0.0006773875445718341,0.1463157096275162,0.0,0.1,675.4432175699235,264.7733355172509,0.0,1.0,0.0,0.0,2.0
25395,0.0015847631033723776,0.34230883032843357,0.0,0.1,675.5591167846661,266.65338210764634,0.0,1.0,0.0,0.0,2.0
25396,0.0018120417504231664,0.391401018091404,0.0,0.1,673.9243864351113,274.36419561792667,0.0,1.0,0.0,0.0,2.0
25397,0.0017838285361547522,0.3853069638094265,0.0,0.1,672.52273860291,282.3904022916307,0.0,1.0,0.0,0.0,2.0
25398,0.00220309215510853,0.47586790550344255,0.0,0.1,672.3524609365493,287.6997439099823,0.0,1.0,0.0,0.0,2.0
25399,0.0009826384476163308,0.21224990468512747,0.0,0.1,672.4492540726172,291.05472274954644,0.0,1.0,0.0,0.0,2.0
25400,0.0017504259103141575,0.37809199662785803,0.0,0.1,671.6048194336905,293.60771775299435,0.0,1.0,0.0,0.0,2.0
25401,0.002670876620458876,0.5769093500191173,0.0,0.1,670.9150677251616,299.0638516983053,0.0,1.0,0.0,0.0,2.0
25402,0.0013035518413696916,0.28156719773585337,0.0,0.1,670.1363172818632,303.0162531667222,0.0,1.0,0.0,0.0,2.0
25403,0.0006680288794325952,0.14429423795744056,0.0,0.1,672.6090498108923,302.98233909605557,0.0,1.0,0.0,0.0,2.0
25404,0.0007024438856536874,0.15172787930119647,0.0,0.1,674.0042533709905,302.5336774024173,0.0,1.0,0.0,0.0,2.0
25405,0.0010212575065942323,0.22059162142435418,0.0,0.1,676.982123163445,300.6368874081719,0.0,1.0,0.0,0.0,2.0
25406,7.092164748262818e-05,0.015319075856247687,1.0,0.1,679.3612772428831,298.4920111132067,0.0,1.0,0.0,0.0,2.0
25407,0.00025231734640534647,0.05450054682355484,1.0,0.1,680.1387068867823,298.07168475724467,0.0,1.0,0.0,0.0,2.0
25408,0.00015511619510059305,0.0335050981417281,1.0,0.1,681.5080285604452,296.9580561662505,0.0,1.0,0.0,0.0,2.0
25409,0.001270538783056757,0.2744363771402595,0.0,0.1,681.9030443393112,295.6072473494547,0.0,1.0,0.0,0.0,2.0
25410,0.0018526953344266577,0.4001821922361581,0.0,0.1,681.0367419032428,294.2867494264778,0.0,1.0,0.0,0.0,2.0
25411,0.0015866593604719648,0.3427184218619444,0.0,0.1,682.2098588563414,290.65186746458215,0.0,1.0,0.0,0.0,2.0
25412,0.0010573480316346836,0.22838717483309168,0.0,0.1,682.6912830748904,286.74810662145063,0.0,1.0,0.0,0.0,2.0
25413,0.0021179271861236355,0.45747227220270525,0.0,0.1,681.4799913417268,285.73165688636067,0.0,1.0,0.0,0.0,2.0
25414,0.0007967160180314486,0.17209065989479289,0.0,0.1,680.9794104043963,282.4622092601775,0.0,1.0,0.0,0.0,2.0
25415,0.0005976903061962855,0.12910110613839768,0.0,0.1,679.0198588817865,280.8126947008859,0.0,1.0,0.0,0.0,2.0
25416,0.0007929919606718017,0.17128626350510917,0.0,0.1,677.9588063741237,280.67884058783017,0.0,1.0,0.0,0.0,2.0
25417,0.00017466164030931086,0.037726914306811146,1.0,0.1,676.1497299939202,281.64017645720133,0.0,1.0,0.0,0.0,2.0
25418,0.0004112039670845054,0.08882005689025319,1.0,0.1,675.0061629985332,282.2200149778225,0.0,1.0,0.0,0.0,2.0
25419,0.0007079798801698311,0.15292365411668352,0.0,0.1,673.2178832451295,281.80681112784424,0.0,1.0,0.0,0.0,2.0
25420,0.000346796886445383,0.07490812747220273,1.0,0.1,669.7861965392729,282.5483149634627,0.0,1.0,0.0,0.0,2.0
25421,0.0003722178317227528,0.08039905165211461,1.0,0.1,661.6800246045499,286.50896394629586,0.0,1.0,0.0,0.0,2.0
25422,0.0006461334440435631,0.13956482391340966,0.0,0.1,658.553693650703,288.44627224425375,0.0,1.0,0.0,0.0,2.0
25423,0.0011053565688331618,0.23875701886796294,0.0,0.1,654.091659462222,289.95154372309594,0.0,1.0,0.0,0.0,2.0
25424,0.0008828444789399205,0.19069440745102284,0.0,0.1,649.4268261227547,293.73868669618776,0.0,1.0,0.0,0.0,2.0
25425,0.000756927668214941,0.16349637633442726,0.0,0.1,640.9199668513918,301.15121061711966,0.0,1.0,0.0,0.0,2.0
25426,0.00032888675798477,0.07103953972471033,1.0,0.1,633.0257537561599,305.55814771808764,0.0,1.0,0.0,0.0,2.0
25427,0.0005332827094430563,0.11518906523970017,0.0,0.1,628.5961447979498,307.83290034495104,0.0,1.0,0.0,0.0,2.0
25428,0.0006303842055472347,0.1361629883982027,0.0,0.1,621.5671228399565,310.8337912485532,0.0,1.0,0.0,0.0,2.0
25429,0.0006931316715731981,0.1497164410598108,0.0,0.1,612.9613139104295,314.84110070928995,0.0,1.0,0.0,0.0,2.0
25430,0.00019072214839257651,0.04119598405279653,1.0,0.1,603.9354955246962,320.9754744932992,0.0,1.0,0.0,0.0,2.0
25431,0.0007490450836578226,0.16179373807008968,0.0,0.1,600.361755965118,323.2960470988126,0.0,1.0,0.0,0.0,2.0
25432,0.0005071064016346105,0.10953498275307585,0.0,0.1,595.6495390586733,325.70125363535857,0.0,1.0,0.0,0.0,2.0
25433,0.0004498868192605053,0.09717555296026915,1.0,0.1,590.8028946391257,329.1539262295543,0.0,1.0,0.0,0.0,2.0
25434,0.0004197154414863557,0.09065853536105284,1.0,0.1,582.600753906391,333.3038886371919,0.0,1.0,0.0,0.0,2.0
25435,0.0006203633490356444,0.1339984833916992,0.0,0.1,574.3096798948874,337.8829722692196,0.0,1.0,0.0,0.0,2.0
25436,0.0011252496044653682,0.24305391456451952,0.0,0.1,567.7517739051199,340.91971670804116,0.0,1.0,0.0,0.0,2.0
25437,0.0010912252279276088,0.2357046492323635,0.0,0.1,557.7431646051634,345.0381372194344,0.0,1.0,0.0,0.0,2.0
25438,0.0008871976477697965,0.19163469191827603,0.0,0.1,552.3193408473626,344.6445717215764,0.0,1.0,0.0,0.0,2.0
25439,0.0005651231638685022,0.12206660339559645,0.0,0.1,547.6967918218218,345.7411312402622,0.0,1.0,0.0,0.0,2.0
25440,0.000808401250939447,0.17461467020292057,0.0,0.1,545.6674494486365,346.2312766944549,0.0,1.0,0.0,0.0,2.0
25441,0.00020086486770310417,0.043386811423870505,1.0,0.1,541.5941500335178,348.4724073241895,0.0,1.0,0.0,0.0,2.0
25442,0.0003433733811735277,0.07416865033348198,1.0,0.1,539.6008581145531,348.2393105162074,0.0,1.0,0.0,0.0,2.0
25443,0.0004278540096072287,0.09241646607516141,1.0,0.1,539.3315875250661,347.02443040893786,0.0,1.0,0.0,0.0,2.0
25444,0.0005079635721880599,0.10972013159262094,0.0,0.1,539.4560729685326,346.41544781014807,0.0,1.0,0.0,0.0,2.0
25445,0.0007930340530961999,0.1712953554687792,0.0,0.1,538.9356605663661,346.48109280058975,0.0,1.0,0.0,0.0,2.0
25446,0.0023221450619342666,0.5015833333778016,0.0,0.1,534.1659584689257,350.6051104780707,0.0,1.0,0.0,0.0,2.0
25447,0.0015579316658266484,0.3365132398185561,0.0,0.1,531.7383380590011,353.61632622624313,0.0,1.0,0.0,0.0,2.0
25448,0.0009367129104376498,0.20232998865453236,0.0,0.1,530.2553454128278,354.4147663635915,0.0,1.0,0.0,0.0,2.0
25449,0.0018149939846991974,0.3920387006950266,0.0,0.1,530.6118871718312,353.42524914638375,0.0,1.0,0.0,0.0,2.0
25450,0.0009212464415663154,0.19898923137832414,0.0,0.1,527.4044069917513,354.69734137645014,0.0,1.0,0.0,0.0,2.0
25451,0.0004929119655840024,0.10646898456614452,0.0,0.1,522.6973947331315,357.0381607680032,0.0,1.0,0.0,0.0,2.0
25452,0.0011769442030454304,0.254219947857813,0.0,0.1,517.0988763995425,361.5865620592776,0.0,1.0,0.0,0.0,2.0
25453,0.00046897014899431095,0.10129755218277117,0.0,0.1,516.4753562362015,362.22236961047685,0.0,1.0,0.0,0.0,2.0
25454,0.0003521060994000002,0.07605491747040005,1.0,0.1,515.5800507553156,362.985844612949,0.0,1.0,0.0,0.0,2.0
25455,0.0002464973354112452,0.053243424448828965,1.0,0.1,511.1469034540587,367.02498771106485,0.0,1.0,0.0,0.0,2.0
25456,0.0007406039373676048,0.15997045047140265,0.0,0.1,509.2376803345171,368.0410897203101,0.0,1.0,0.0,0.0,2.0
25457,0.00012751854311991392,0.027544005313901408,1.0,0.1,510.3297078587912,366.6111866979752,0.0,1.0,0.0,0.0,2.0
25458,0.0003071246554429827,0.06633892557568427,1.0,0.1,511.4500595491052,365.30991307834864,0.0,1.0,0.0,0.0,2.0
25459,0.000892475288750051,0.192774662370011,0.0,0.1,512.0146164676522,363.96457650664325,0.0,1.0,0.0,0.0,2.0
25460,0.00014327464199880558,0.030947322671742005,1.0,0.1,510.025962347449,365.00024175240424,0.0,1.0,0.0,0.0,2.0
25461,0.00021391051446234687,0.046204671123866926,1.0,0.1,507.5698232224655,366.72687108506096,0.0,1.0,0.0,0.0,2.0
25462,0.00014944540647199886,0.03228020779795175,1.0,0.1,503.47513039982215,370.5710654881141,0.0,1.0,0.0,0.0,2.0
25463,0.0014178893493499354,0.30626409945958605,0.0,0.1,,,0.0,1.0,,,2.0
25464,0.0007696516601485136,0.16624475859207896,0.0,0.1,496.9402486337511,376.9511015461439,0.0,1.0,0.0,0.0,2.0
25465,0.0009598822640223846,0.20733456902883507,0.0,0.1,,,0.0,1.0,,,2.0
25466,0.00040340630163846055,0.08713576115390748,1.0,0.1,507.1168221603776,366.7542223995934,0.0,1.0,0.0,0.0,2.0
25467,0.0018801136878645887,0.4061045565787512,0.0,0.1,509.26698880307,364.67802830083014,0.0,1.0,0.0,0.0,2.0
25468,0.001280815557582834,0.27665616043789215,0.0,0.1,511.44493957744265,362.780499713433,0.0,1.0,0.0,0.0,2.0
25469,0.0005260467470822573,0.11362609736976759,0.0,0.1,510.0743615866404,364.31482408767255,0.0,1.0,0.0,0.0,2.0
25470,0.0004575946707944744,0.09884044889160648,1.0,0.1,509.369769794085,365.11238229705486,0.0,1.0,0.0,0.0,2.0
25471,0.0005994839471534998,0.12948853258515597,0.0,0.1,510.73651360646073,363.85052535400575,0.0,1.0,0.0,0.0,2.0
25472,0.001551865132723199,0.335202868668211,0.0,0.1,511.57118505224514,363.41074164542397,0.0,1.0,0.0,0.0,2.0
25473,0.0007125889893821598,0.1539192217065465,0.0,0.1,518.3246678203835,357.55933303188243,0.0,1.0,0.0,0.0,2.0
25474,,,,0.1,528.5831571914883,348.3799656581976,0.0,1.0,0.0,0.0,2.0
25475,,,,0.1,534.0271356429758,343.7847196572111,,,0.0,0.0,2.0
25476,0.0004985014050323918,0.10767630348699664,0.0,0.1,537.4650177096636,340.5474868128158,0.0,1.0,0.0,0.0,2.0
25477,0.00028640712874627403,0.0618639398091952,1.0,0.1,547.8915019304272,331.0448284009218,0.0,1.0,0.0,0.0,2.0
25478,0.00028543046578321255,0.06165298060917391,1.0,0.1,554.214440283905,325.619268699814,0.0,1.0,0.0,0.0,2.0
25479,0.0010699816696479484,0.23111604064395685,0.0,0.1,559.98895998284,320.7802123117084,0.0,1.0,0.0,0.0,2.0
25480,0.0010705163949187653,0.23123154130245333,0.0,0.1,562.4199259717501,319.43481352788075,0.0,1.0,0.0,0.0,2.0
25481,0.0016310063110349998,0.35229736318356,0.0,0.1,563.4835664303807,318.98242297608834,0.0,1.0,0.0,0.0,2.0
25482,0.0001462432145062089,0.03158853433334113,1.0,0.1,565.0477257721697,317.76043622076975,0.0,1.0,0.0,0.0,2.0
25483,0.0006761428497896652,0.1460468555545677,0.0,0.1,564.4795367265391,317.77977580630767,0.0,1.0,0.0,0.0,2.0
25484,0.000590133985193802,0.12746894080186125,0.0,0.1,564.6315349122099,318.30046238029183,0.0,1.0,0.0,0.0,2.0
25485,0.0008928061818700054,0.19284613528392117,0.0,0.1,564.1555109436437,318.7915626664417,0.0,1.0,0.0,0.0,2.0
25486,0.0005558740380626218,0.1200687922215263,0.0,0.1,564.8673422565641,318.4792489704329,0.0,1.0,0.0,0.0,2.0
25487,0.0003809310580612662,0.0822811085412335,1.0,0.1,566.3521642700551,318.40460219103335,0.0,1.0,0.0,0.0,2.0
25488,0.00041379275814364965,0.08937923575902833,1.0,0.1,565.8723532993416,321.29537347623506,0.0,1.0,0.0,0.0,2.0
25489,0.0010588444231563019,0.22871039540176122,0.0,0.1,570.2829467756302,320.3039963670007,0.0,1.0,0.0,0.0,2.0
25490,0.0009489845571436012,0.20498066434301784,0.0,0.1,570.4536487165872,321.1020186458825,0.0,1.0,0.0,0.0,2.0
25491,0.0014300007636855918,0.30888016495608783,0.0,0.1,569.0736052036647,326.17647958780947,0.0,1.0,0.0,0.0,2.0
25492,0.0020539815666198026,0.44366001838987734,0.0,0.1,574.7652912427346,322.2720176774113,0.0,1.0,0.0,0.0,2.0
25493,0.0007464998892419229,0.16124397607625535,0.0,0.1,586.5151599884177,312.0454630851619,0.0,1.0,0.0,0.0,2.0
25494,0.0020069416712492536,0.4334994009898388,0.0,0.1,594.3394273510308,305.2088023669406,0.0,1.0,0.0,0.0,2.0
25495,0.0010587306698737425,0.22868582469272838,0.0,0.1,612.7711793416595,286.9793936549575,0.0,1.0,0.0,0.0,2.0
25496,0.0006585101277668856,0.1422381875976473,0.0,0.1,627.9478058183375,272.09693551056046,0.0,1.0,0.0,0.0,2.0
25497,0.0007739722656967998,0.16717800939050878,0.0,0.1,642.2380832529661,256.4965976215067,0.0,1.0,0.0,0.0,2.0
25498,0.0004186990119337688,0.09043898657769406,1.0,0.1,654.7909246846677,242.73752586811642,0.0,1.0,0.0,0.0,2.0
25499,0.0018016277163105153,0.3891515867230713,0.0,0.1,660.7315515125173,236.10183237236058,0.0,1.0,0.0,0.0,2.0
25500,0.0013741626434985682,0.29681913099569074,0.0,0.1,671.3777631708286,221.97629993735882,0.0,1.0,0.0,0.0,2.0
25501,0.002362812718404805,0.5103675471754379,0.0,0.1,678.9397072061857,212.29546012629442,0.0,1.0,0.0,0.0,2.0
25502,0.0009898024805507573,0.2137973357989636,0.0,0.1,681.8601617232945,208.98800424009247,0.0,1.0,0.0,0.0,2.0
25503,0.0019097100028750355,0.41249736062100767,0.0,0.1,688.2140982221057,201.95821569833294,0.0,1.0,0.0,0.0,2.0
25504,0.0015313310684175333,0.3307675107781872,0.0,0.1,707.0874068508283,180.2395459501618,0.0,1.0,0.0,0.0,2.0
25505,0.00103431126830562,0.2234112339540139,0.0,0.1,728.3699552126305,154.94497840121934,0.0,1.0,0.0,0.0,2.0
25506,0.00045293111867611614,0.09783312163404109,1.0,0.1,745.6128868387132,134.08270585992727,0.0,1.0,0.0,0.0,2.0
25507,0.0005865468645881497,0.12669412275104036,0.0,0.1,754.9125548920239,123.59049399545859,0.0,1.0,0.0,0.0,2.0
25508,0.0011019943863709292,0.2380307874561207,0.0,0.1,756.9947052531825,121.95757621453261,0.0,1.0,0.0,0.0,2.0
25509,0.0007146286720702948,0.15435979316718368,0.0,0.1,763.4724479488791,114.45831102079057,0.0,1.0,0.0,0.0,2.0
25510,0.0006800269397704566,0.14688581899041864,0.0,0.1,772.4084690993321,103.42960754931778,0.0,1.0,0.0,0.0,2.0
25511,0.00017934191711219003,0.038737854096233044,1.0,0.1,779.3091210605861,95.61043617804303,0.0,1.0,0.0,0.0,2.0
25512,0.0005651013557593312,0.12206189284401553,0.0,0.1,781.8394452744355,92.74346840429972,0.0,1.0,0.0,0.0,2.0
25513,0.0005042335819306482,0.10891445369702,0.0,0.1,784.6110708460988,89.37214973554804,0.0,1.0,0.0,0.0,2.0
25514,0.0005196805008090192,0.11225098817474814,0.0,0.1,786.7395740375702,86.97991871800157,0.0,1.0,0.0,0.0,2.0
25515,0.0019476628106960751,0.4206951671103522,0.0,0.1,789.5837326173606,84.084939122553,0.0,1.0,0.0,0.0,2.0
25516,0.0006355885435446695,0.13728712540564864,0.0,0.1,794.703126784054,79.60503605603745,0.0,1.0,0.0,0.0,2.0
25517,0.000622079705538356,0.1343692163962849,0.0,0.1,797.9044997123202,76.54125854438844,0.0,1.0,0.0,0.0,2.0
25518,0.0011638787369842875,0.25139780718860616,0.0,0.1,806.3591700280931,67.83252359898617,0.0,1.0,0.0,1.0,2.0
25519,0.0014306947257292414,0.30903006075751616,0.0,0.1,814.6669301993107,59.15242979651413,0.0,1.0,0.0,1.0,2.0
25520,0.0009275950441779115,0.2003605295424289,0.0,0.1,825.02701276097,48.95030238756755,0.0,1.0,0.0,1.0,2.0
25521,0.0028095583797550262,0.6068646100270857,0.0,0.1,832.6906080895634,41.52920376366644,0.0,1.0,0.0,1.0,2.0
25522,0.0016303152142994354,0.35214808628867805,0.0,0.1,,,0.0,1.0,,,2.0
25523,0.0024502218325599054,0.5292479158329396,0.0,0.1,,,0.0,1.0,,,2.0
25524,0.0005559102754459934,0.12007661949633458,0.0,0.1,,,0.0,1.0,,,2.0
25525,0.00014998245595678755,0.03239621048666611,1.0,0.1,,,0.0,1.0,,,2.0
25526,0.00052062534360633,0.11245507421896726,0.0,0.1,,,0.0,1.0,,,2.0
25527,0.0017679307445927956,0.3818730408320439,0.0,0.1,,,0.0,1.0,,,2.0
25528,0.0010079608942310866,0.2177195531539147,0.0,0.1,,,0.0,1.0,,,2.0
25529,0.00019987605495706685,0.04317322787072644,1.0,0.1,843.426160080994,31.735029665544083,0.0,1.0,0.0,1.0,2.0
25530,0.0004266418167948023,0.09215463242767731,1.0,0.1,840.5498628653309,34.772458694823904,0.0,1.0,0.0,1.0,2.0
25531,0.0004100349428227293,0.08856754764970953,1.0,0.1,,,0.0,1.0,,,2.0
25532,0.000920674702334921,0.19886573570434296,0.0,0.1,,,0.0,1.0,,,2.0
25533,0.0026108672900973756,0.5639473346610332,0.0,0.1,866.3664072603826,27.446863260389353,0.0,1.0,0.0,1.0,2.0
25534,0.0008866922394721187,0.19152552372597764,0.0,0.1,876.8170529768731,35.84364544909136,0.0,1.0,0.0,1.0,2.0
25535,0.001762804761287195,0.3807658284380341,0.0,0.1,879.649523675247,36.647636279990536,0.0,1.0,0.0,1.0,2.0
25536,0.002253985794229876,0.4868609315536532,0.0,0.1,885.3939247425919,41.76423521406302,0.0,1.0,0.0,1.0,2.0
25537,0.0009200308894986525,0.19872667213170894,0.0,0.1,896.4461374931993,52.05237631041084,0.0,1.0,0.0,1.0,2.0
25538,0.0018771434921451855,0.40546299430336,0.0,0.1,909.9223855047152,66.39249659537668,0.0,1.0,0.0,1.0,2.0
25539,0.002181970695013365,0.4713056701228869,0.0,0.1,915.1973810127873,70.26694200184178,0.0,1.0,0.0,0.0,2.0
25540,0.0028016838811404116,0.605163718326329,0.0,0.1,923.299167337101,80.47864998934796,0.0,1.0,0.0,0.0,2.0
25541,0.002096232845536782,0.45278629463594494,0.0,0.1,931.0704955573357,88.61417260147336,0.0,1.0,0.0,0.0,2.0
25542,0.0038357778904384633,0.8285280243347081,0.0,0.1,935.617282429542,95.1704247077173,0.0,1.0,0.0,0.0,2.0
25543,0.001006941244819605,0.2174993088810347,0.0,0.1,942.4599035523428,104.5738064994985,0.0,1.0,0.0,0.0,2.0
25544,0.0026056017492924713,0.5628099778471738,0.0,0.1,946.757372206247,108.9144175019323,0.0,1.0,0.0,0.0,2.0
25545,0.0035379942847465593,0.7642067655052568,0.0,0.1,955.9693874454479,119.95524799746322,0.0,1.0,0.0,0.0,2.0
25546,0.002708331836471074,0.584999676677752,0.0,0.1,966.7924906865517,130.5397220195726,0.0,1.0,0.0,0.0,2.0
25547,0.0008995535532442931,0.19430356750076733,0.0,0.1,974.1511603488611,138.12573177244403,0.0,1.0,0.0,0.0,2.0
25548,0.002300683808520805,0.4969477026404939,0.0,0.1,979.8172819024976,143.45117877263854,0.0,1.0,0.0,0.0,2.0
25549,0.002506523866885224,0.5414091552472083,0.0,0.1,989.7566784057426,152.95625436311155,0.0,1.0,0.0,0.0,2.0
25550,0.004585197263737778,0.9904026089673601,0.0,0.1,997.9877487695222,161.04681255380865,0.0,1.0,0.0,0.0,2.0
25551,0.0006062516265390895,0.13095035133244334,0.0,0.1,1003.4289556076567,167.14364874445064,0.0,1.0,0.0,0.0,2.0
25552,0.0003898828727475505,0.08421470051347091,1.0,0.1,1007.6014808621833,170.6949043317932,0.0,1.0,0.0,0.0,2.0
25553,0.002028881726596359,0.4382384529448136,0.0,0.1,1008.0204749981197,170.66988806278223,0.0,1.0,0.0,0.0,2.0
25554,0.0019773444263042994,0.4271063960817287,0.0,0.1,1012.6649632145592,175.09135936485296,0.0,1.0,0.0,0.0,2.0
25555,0.00035655864702357874,0.07701666775709301,1.0,0.1,1018.1271023817529,181.00647151263126,0.0,1.0,0.0,0.0,2.0
25556,0.0004925732664477343,0.1063958255527106,0.0,0.1,1021.8815419788821,186.26656559305948,0.0,1.0,0.0,0.0,2.0
25557,0.0013072936712908506,0.2823754329988237,0.0,0.1,1022.5022223381771,187.3692765636181,0.0,1.0,0.0,0.0,2.0
25558,0.0005403727370666469,0.11672051120639573,0.0,0.1,1023.7236289418391,189.1151254211129,0.0,1.0,0.0,0.0,2.0
25559,0.003966341895243815,0.856729849372664,0.0,0.1,1025.881804510361,189.91006252606758,0.0,1.0,0.0,0.0,2.0
25560,0.0006469384953653564,0.139738714998917,0.0,0.1,1025.5299588357418,189.05360961626533,0.0,1.0,0.0,0.0,2.0
25561,0.000681451582634338,0.14719354184901703,0.0,0.1,1022.4132003884971,186.1962798438031,0.0,1.0,0.0,0.0,2.0
25562,0.00236910419151417,0.5117265053670608,0.0,0.1,1020.9887167345548,184.49643800860085,0.0,1.0,0.0,0.0,2.0
25563,0.0018355529923143328,0.3964794463398959,0.0,0.1,1017.3999685337576,178.70108657144652,0.0,1.0,0.0,0.0,2.0
25564,0.0014730603420119266,0.31818103387457614,0.0,0.1,1014.5655888675087,171.38970842315462,0.0,1.0,0.0,0.0,2.0
25565,0.0010221412808350972,0.220782516660381,0.0,0.1,1012.9342278138654,165.5305304610216,0.0,1.0,0.0,0.0,2.0
25566,0.0016705446703150864,0.36083764878805863,0.0,0.1,,,0.0,1.0,,,2.0
25567,0.0009384376571695401,0.20270253394862067,0.0,0.1,1012.8766921184018,161.71642200762756,0.0,1.0,0.0,0.0,2.0
25568,0.0009891888637257532,0.21366479456476273,0.0,0.1,1014.6540990239693,162.16229230031757,0.0,1.0,0.0,0.0,2.0
25569,0.0010855452452566935,0.23447777297544578,0.0,0.1,,,0.0,1.0,,,2.0
25570,2.79280355452538e-05,0.0060324556777748214,1.0,0.1,,,0.0,1.0,,,2.0
25571,0.001172793402477461,0.2533233749351316,0.0,0.1,,,0.0,1.0,,,2.0
25572,0.002263773114251731,0.48897499267837397,0.0,0.1,,,0.0,1.0,,,2.0
25573,0.0011406307844317241,0.24637624943725242,0.0,0.1,1024.136622961073,172.08852192807598,0.0,1.0,0.0,0.0,2.0
25574,0.00041319670562235764,0.08925048841442926,1.0,0.1,1025.3029890913929,173.83612886539765,0.0,1.0,0.0,0.0,2.0
25575,0.0007387193845753736,0.1595633870682807,0.0,0.1,1027.0705549679813,175.6158157542334,0.0,1.0,0.0,0.0,2.0
25576,0.0007328433222077512,0.15829415759687426,0.0,0.1,1028.3799263692413,176.1127161005405,0.0,1.0,0.0,0.0,2.0
25577,0.0003797211463957536,0.08201976762148279,1.0,0.1,1029.779467944423,177.4045958354194,0.0,1.0,0.0,0.0,2.0
25578,0.00038269072788015425,0.08266119722211332,1.0,0.1,1030.3064639618513,178.52592075319896,0.0,1.0,0.0,0.0,2.0
25579,0.00088828182166813,0.1918688734803161,0.0,0.1,1026.4308506389755,177.26505905266342,0.0,1.0,0.0,0.0,2.0
25580,0.000543757481397598,0.11745161598188117,0.0,0.1,1024.2091481704635,176.1231341292882,0.0,1.0,0.0,0.0,2.0
25581,0.0011822868922233215,0.2553739687202375,0.0,0.1,1021.2819099910662,173.82328529928526,0.0,1.0,0.0,0.0,2.0
25582,0.0006833596487096026,0.14760568412127414,0.0,0.1,1018.0184363785062,172.12053582869146,0.0,1.0,0.0,0.0,2.0
25583,0.00025565644315347127,0.05522179172114979,1.0,0.1,1014.8010919349668,171.10586636482293,0.0,1.0,0.0,0.0,2.0
25584,0.0008876878129458415,0.19174056759630176,0.0,0.1,1012.1541602793449,169.59661956330083,0.0,1.0,0.0,0.0,2.0
25585,0.0007474508485758248,0.16144938329237818,0.0,0.1,1005.77052412752,164.04762751357364,0.0,1.0,0.0,0.0,2.0
25586,0.0008275381416486669,0.17874823859611205,0.0,0.1,998.3604841469651,158.08001334064625,0.0,1.0,0.0,0.0,2.0
25587,0.0006290703397568372,0.1358791933874768,0.0,0.1,995.0660428621603,154.9165220925902,0.0,1.0,0.0,0.0,2.0
25588,0.000609745567257604,0.13170504252764248,0.0,0.1,994.8823870641527,154.96176374997415,0.0,1.0,0.0,0.0,2.0
25589,,,,0.1,995.638604181963,154.98208438302782,0.0,1.0,0.0,0.0,2.0
25590,,,,0.1,997.967673857182,155.81138237477234,,,0.0,0.0,2.0
25591,0.0004504526176336222,0.0972977654088624,1.0,0.1,1001.9028644818775,157.89464894934196,0.0,1.0,0.0,0.0,2.0
25592,0.0005771787884037788,0.12467061829521622,0.0,0.1,1001.9398922736475,158.06546316074085,0.0,1.0,0.0,0.0,2.0
25593,0.0008098952901602688,0.17493738267461806,0.0,0.1,1001.7513504407831,158.53988421262,0.0,1.0,0.0,0.0,2.0
25594,0.0018790584251069274,0.4058766198230963,0.0,0.1,997.2623701689175,154.2315911855023,0.0,1.0,0.0,0.0,2.0
25595,0.0007947071207265646,0.17165673807693796,0.0,0.1,990.7697789368369,148.5662675370117,0.0,1.0,0.0,0.0,2.0
25596,0.0009121836485561918,0.19703166808813743,0.0,0.1,985.9401318844101,146.70380720588,0.0,1.0,0.0,0.0,2.0
25597,0.0008555244877661349,0.18479328935748512,0.0,0.1,981.7861713200386,141.5083342625597,0.0,1.0,0.0,0.0,2.0
25598,0.0019626356751304016,0.4239293058281668,0.0,0.1,979.1456143215872,137.9079588729199,0.0,1.0,0.0,0.0,2.0
25599,0.0006560530760861266,0.14170746443460336,0.0,0.1,975.0579115726904,130.67302337739645,0.0,1.0,0.0,0.0,2.0
25600,0.0007201586733061552,0.15555427343412953,0.0,0.1,971.5454744328342,122.6843916336006,0.0,1.0,0.0,0.0,2.0
25601,0.00038842317961490654,0.08389940679681981,1.0,0.1,970.3345631750348,118.70301400095711,0.0,1.0,0.0,0.0,2.0
25602,0.0007080668644137641,0.15294244271337304,0.0,0.1,968.983511733557,116.39707597759347,0.0,1.0,0.0,0.0,2.0
25603,0.0011937417100701616,0.25784820937515496,0.0,0.1,967.0698593427747,113.61854123090602,0.0,1.0,0.0,0.0,2.0
25604,0.0013016781500424699,0.2811624804091735,0.0,0.1,968.5094659830344,114.37720415372115,0.0,1.0,0.0,0.0,2.0
25605,0.0011976287207700969,0.258687803686341,0.0,0.1,974.9597873581481,120.85720295062394,0.0,1.0,0.0,0.0,2.0
25606,5.073526671019493e-05,0.010958817609402106,1.0,0.1,981.3991323511947,127.3823813069505,0.0,1.0,0.0,0.0,2.0
25607,0.0027436279902929403,0.5926236459032751,0.0,0.1,983.213870469445,129.55019107611136,0.0,1.0,0.0,0.0,2.0
25608,0.0008473127270321658,0.18301954903894782,0.0,0.1,982.3719448044567,131.937945318919,0.0,1.0,0.0,0.0,2.0
25609,0.0008383293378965259,0.18107913698564962,0.0,0.1,983.7354324950343,134.94508708982127,0.0,1.0,0.0,0.0,2.0
25610,0.0003836276898498435,0.0828635810075662,1.0,0.1,988.9275109102367,139.91771403521693,0.0,1.0,0.0,0.0,2.0
25611,0.0013706701485782,0.2960647520928912,0.0,0.1,990.4101815140264,140.87096078300382,0.0,1.0,0.0,0.0,2.0
25612,0.0010222831636997236,0.2208131633591403,0.0,0.1,990.5754519619942,140.9613524462398,0.0,1.0,0.0,0.0,2.0
25613,0.0013095863640126926,0.2828706546267416,0.0,0.1,989.5162045505239,139.78265426601115,0.0,1.0,0.0,0.0,2.0
25614,0.0012640740201775396,0.27303998835834853,0.0,0.1,993.7984338201493,143.64246708082877,0.0,1.0,0.0,0.0,2.0
25615,0.0008631603584698745,0.18644263742949288,0.0,0.1,997.7367297402258,146.5912735673462,0.0,1.0,0.0,0.0,2.0
25616,0.0018693598425496242,0.4037817259907188,0.0,0.1,1000.026362164505,148.7784350391837,0.0,1.0,0.0,0.0,2.0
25617,0.0009571666291124304,0.20674799188828497,0.0,0.1,1007.2231100933445,154.32784121872433,0.0,1.0,0.0,0.0,2.0
25618,0.0016408322342929408,0.3544197626072752,0.0,0.1,1018.4189634290371,163.56197199484117,0.0,1.0,0.0,0.0,2.0
25619,0.0004156729041788605,0.08978534730263386,1.0,0.1,1029.3044850874562,173.8038266649382,0.0,1.0,0.0,0.0,2.0
25620,0.00431189411590093,0.9313691290346009,0.0,0.1,1036.7365016466786,181.24464061890941,0.0,1.0,0.0,0.0,2.0
25621,0.0017667098283500027,0.3816093229236006,0.0,0.1,1044.1403032653361,188.47906572666014,0.0,1.0,0.0,0.0,2.0
25622,0.0005421972685173692,0.11711460999975173,0.0,0.1,1053.642084950791,196.85038115991188,0.0,1.0,0.0,0.0,2.0
25623,0.0012983385261322255,0.28044112164456075,0.0,0.1,1061.7473761990318,205.0514421330821,0.0,1.0,0.0,0.0,2.0
25624,0.00048370063520583747,0.1044793372044609,0.0,0.1,1069.0249769333006,214.07257101099736,0.0,1.0,0.0,0.0,2.0
25625,0.0009214456316153383,0.19903225642891306,0.0,0.1,1071.869911276915,217.01534511886936,0.0,1.0,0.0,0.0,2.0
25626,0.0014876887394487301,0.32134076772092574,0.0,0.1,1075.1692246119558,220.8139478714773,0.0,1.0,0.0,0.0,2.0
25627,0.0007419411702056606,0.1602592927644227,0.0,0.1,1076.349103075134,224.0437921124406,0.0,1.0,0.0,0.0,2.0
25628,0.0005663563546273327,0.12233297259950385,0.0,0.1,1079.9593350550676,231.01330784267546,0.0,1.0,0.0,0.0,2.0
25629,0.0007161319517775189,0.1546845015839441,0.0,0.1,1082.3414807758304,233.79823861205355,0.0,1.0,0.0,0.0,2.0
25630,0.00040911599548478666,0.08836905502471393,1.0,0.1,1087.4137421198943,240.41826298367323,0.0,1.0,0.0,0.0,2.0
25631,0.00024779715139241245,0.05352418470076109,1.0,0.1,1089.2012055156704,246.2221977751126,0.0,1.0,0.0,0.0,2.0
25632,0.0013839158721854457,0.2989258283920563,0.0,0.1,1087.3225433095656,248.86473070737102,0.0,1.0,0.0,0.0,2.0
25633,0.00037532111713800743,0.08106936130180961,1.0,0.1,1084.5645561759695,251.82166236683494,0.0,1.0,0.0,0.0,2.0
25634,0.0006480506585716062,0.13997894225146693,0.0,0.1,1083.471571868167,252.9875659283135,0.0,1.0,0.0,0.0,2.0
25635,0.0012570938063907497,0.27153226218040194,0.0,0.1,1078.17628623469,253.9195238882411,0.0,1.0,0.0,0.0,2.0
25636,0.002573127747925112,0.5557955935518243,0.0,0.1,1072.853437769857,254.30607742011213,0.0,1.0,0.0,0.0,2.0
25637,0.0016359398080966192,0.35336299854886977,0.0,0.1,1068.7903063030137,257.9351311112539,0.0,1.0,0.0,0.0,2.0
25638,0.002164353291675509,0.46750031100191,0.0,0.1,1069.442092410672,259.76195827874153,0.0,1.0,0.0,0.0,2.0
25639,0.0022164122646103094,0.4787450491558269,0.0,0.1,1073.0359513176775,267.85080696554746,0.0,1.0,0.0,0.0,2.0
25640,0.0018150760747577177,0.39205643214766706,0.0,0.1,1072.932123908811,276.3149004422753,0.0,1.0,0.0,0.0,2.0
25641,0.0017435436581248948,0.37660543015497727,0.0,0.1,1072.13113121634,283.668263277272,0.0,1.0,0.0,0.0,2.0
25642,0.0013094167235420309,0.28283401228507865,0.0,0.1,1071.4825050877628,289.92473188808026,0.0,1.0,0.0,0.0,2.0
25643,0.00045568513634163064,0.09842798944979222,1.0,0.1,1071.327749274341,290.4597063890864,0.0,1.0,0.0,0.0,2.0
25644,0.0005786745205154064,0.1249936964313278,0.0,0.1,1071.7842867540242,293.6345044804807,0.0,1.0,0.0,0.0,2.0
25645,0.0005761162302120482,0.1244411057258024,0.0,0.1,1073.7969314357158,298.88175479688203,0.0,1.0,0.0,0.0,2.0
25646,0.0001083758709708703,0.023409188129707985,1.0,0.1,1078.3321387872008,309.05432840458684,0.0,1.0,0.0,0.0,2.0
25647,0.0009555466294314078,0.20639807195718407,0.0,0.1,1079.7655684229817,312.92044080616165,0.0,1.0,0.0,0.0,2.0
25648,0.0008022754719658186,0.17329150194461682,0.0,0.1,,,0.0,1.0,,,2.0
25649,0.0011419850362467787,0.24666876782930422,0.0,0.1,1088.0139619971226,322.3931549873422,0.0,1.0,0.0,0.0,2.0
25650,0.00116579174952192,0.2518110178967347,0.0,0.1,,,0.0,1.0,,,2.0
25651,0.0007920443351370424,0.17108157638960117,0.0,0.1,,,0.0,1.0,,,2.0
25652,0.0014851433227573787,0.32079095771559385,0.0,0.1,,,0.0,1.0,,,2.0
25653,0.001849259329146174,0.3994400150955736,0.0,0.1,1076.3954568377794,343.3026034912363,0.0,1.0,0.0,0.0,2.0
25654,0.0029026614504384074,0.626974873294696,0.0,0.1,,,0.0,1.0,,,2.0
25655,0.0009439975023433207,0.2039034605061573,0.0,0.1,1075.4908798979955,354.8725279136318,0.0,1.0,0.0,0.0,2.0
25656,0.002702695713897901,0.5837822742019466,0.0,0.1,1077.2851325460397,359.4938447176303,0.0,1.0,0.0,0.0,2.0
25657,0.0021520563376276097,0.4648441689275637,0.0,0.1,,,0.0,1.0,,,2.0
25658,0.0023505138411899717,0.5077109896970339,0.0,0.1,,,0.0,1.0,,,2.0
25659,0.0007667348755618512,0.16561473312135985,0.0,0.1,,,0.0,1.0,,,2.0
25660,0.000247303421195416,0.053417538978209854,1.0,0.1,,,0.0,1.0,,,2.0
25661,0.0004679401920313317,0.10107508147876765,0.0,0.1,,,0.0,1.0,,,2.0
25662,0.0013285986652485046,0.28697731169367696,0.0,0.1,,,0.0,1.0,,,2.0
25663,0.0025324920388279494,0.5470182803868371,0.0,0.1,,,0.0,1.0,,,2.0
25664,0.001929365395640675,0.41674292545838576,0.0,0.1,,,0.0,1.0,,,2.0
25665,0.0019027045086946943,0.41098417387805397,0.0,0.1,1112.9277114618471,375.0223917490147,0.0,1.0,0.0,0.0,2.0
25666,0.0024183707131379354,0.5223680740377941,0.0,0.1,1119.8208904869275,371.9591981626624,0.0,1.0,0.0,0.0,2.0
25667,0.001094624066143793,0.23643879828705924,0.0,0.1,,,0.0,1.0,,,2.0
25668,0.0014679909260494435,0.3170860400266798,0.0,0.1,,,0.0,1.0,,,2.0
25669,0.00044652141738885424,0.09644862615599252,1.0,0.1,,,0.0,1.0,,,2.0
25670,0.0005422742295071829,0.11713123357355151,0.0,0.1,1114.595194281269,336.0097606114593,0.0,1.0,0.0,0.0,2.0
25671,0.0011904992663703093,0.2571478415359868,0.0,0.1,,,0.0,1.0,,,2.0
25672,0.0016273494064863163,0.3515074718010443,0.0,0.1,1123.4052688070678,336.26318153102824,0.0,1.0,0.0,0.0,2.0
25673,0.00020680610700515647,0.0446701191131138,1.0,0.1,1124.912614052417,335.9045603182008,0.0,1.0,0.0,0.0,2.0
25674,0.0009107697050263404,0.19672625628568954,0.0,0.1,1125.2918889620419,335.80237643197415,0.0,1.0,0.0,0.0,2.0
25675,0.00046515519000885595,0.10047352104191289,0.0,0.1,1127.3324824981603,337.36923953368796,0.0,1.0,0.0,0.0,2.0
25676,0.00021465724131879778,0.04636596412486032,1.0,0.1,1127.5308884277958,336.4606023865571,0.0,1.0,0.0,0.0,2.0
25677,0.0006739341334441549,0.14556977282393746,0.0,0.1,1127.1172570545064,334.85060064759233,0.0,1.0,0.0,0.0,2.0
25678,0.00016459639704407837,0.03555282176152093,1.0,0.1,1125.2430205915375,332.6709136307797,0.0,1.0,0.0,0.0,2.0
25679,0.0007314127624420411,0.1579851566874809,0.0,0.1,1123.340620153884,331.35395139746043,0.0,1.0,0.0,0.0,2.0
25680,0.0007234314049687947,0.15626118347325965,0.0,0.1,1121.6183323491684,329.6896295502494,0.0,1.0,0.0,0.0,2.0
25681,0.00015604722122405866,0.03370619978439667,1.0,0.1,1119.9818011612097,328.6540659281497,0.0,1.0,0.0,0.0,2.0
25682,0.00022658162364992527,0.048941630708383865,1.0,0.1,1118.9544259445881,328.5418002770588,0.0,1.0,0.0,0.0,2.0
25683,0.00016536754023124082,0.03571938868994802,1.0,0.1,1118.6444930677867,328.56784494897363,0.0,1.0,0.0,0.0,2.0
25684,0.0002839644341609865,0.061336317778773096,1.0,0.1,1117.2476886931343,328.54714508093616,0.0,1.0,0.0,0.0,2.0
25685,0.00032494377269726274,0.07018785490260876,1.0,0.1,1117.6688718256216,328.54217718714625,0.0,1.0,0.0,0.0,2.0
25686,0.0001194060027444887,0.02579169659280956,1.0,0.1,1117.969966216862,329.27977629953836,0.0,1.0,0.0,0.0,2.0
25687,0.00012177195596333056,0.0263027424880794,1.0,0.1,1117.8438064660775,328.8639722748485,0.0,1.0,0.0,0.0,2.0
25688,0.00023621499314979897,0.051022438520356574,1.0,0.1,1118.3717084971847,329.5340152094094,0.0,1.0,0.0,0.0,2.0
25689,3.84564477046053e-05,0.008306592704194744,1.0,0.1,1117.8201292892265,329.41140584061566,0.0,1.0,0.0,0.0,2.0
25690,7.931162436506915e-05,0.01713131086285494,1.0,0.1,1117.802916329191,329.16973501537905,0.0,1.0,0.0,0.0,2.0
25691,0.00031014382563652386,0.06699106633748915,1.0,0.1,,,0.0,1.0,,,2.0
25692,0.000316237128723334,0.06830721980424015,1.0,0.1,,,0.0,1.0,,,2.0
25693,0.000553095754894658,0.11946868305724616,0.0,0.1,,,0.0,1.0,,,2.0
25694,6.85950662526774e-05,0.01481653431057832,1.0,0.1,1111.7894470441454,323.75047813741185,0.0,1.0,0.0,0.0,2.0
25695,0.0006979806569750788,0.15076382190661702,0.0,0.1,1109.443479967311,319.06728393789587,0.0,1.0,0.0,0.0,2.0
25696,0.0003535312164350211,0.07636274274996456,1.0,0.1,1104.782738968789,311.311430762258,0.0,1.0,0.0,0.0,2.0
25697,0.0008355513162607243,0.18047908431231646,0.0,0.1,1103.1478668886077,307.75848544515446,0.0,1.0,0.0,0.0,2.0
25698,0.002203475465065007,0.47595070045404153,0.0,0.1,1102.4556972562402,303.0176789777649,0.0,1.0,0.0,0.0,2.0
25699,0.001049541793819342,0.2267010274649779,0.0,0.1,1097.1611378571213,291.586505396756,0.0,1.0,0.0,0.0,2.0
25700,0.0003801504864041377,0.08211250506329375,1.0,0.1,1093.9033473965226,281.2747294907034,0.0,1.0,0.0,0.0,2.0
25701,0.00027878904003260146,0.06021843264704192,1.0,0.1,1094.2281266757316,280.66025512701776,0.0,1.0,0.0,0.0,2.0
25702,0.0015462632719665107,0.3339928667447663,0.0,0.1,,,0.0,1.0,,,2.0
25703,0.002994025844985805,0.6467095825169338,0.0,0.1,1108.0242982408283,284.3291628738668,0.0,1.0,0.0,0.0,2.0
25704,0.002413021765086484,0.5212127012586807,0.0,0.1,1118.6813747311217,290.960544026074,0.0,1.0,0.0,0.0,2.0
25705,0.0016529329107180593,0.3570335087151008,0.0,0.1,1130.2539006228997,299.38504345386946,0.0,1.0,0.0,0.0,2.0
25706,0.001931728055043569,0.4172532598894109,0.0,0.1,1135.4745069156877,304.14212208185756,0.0,1.0,0.0,0.0,2.0
25707,0.0024228524311719116,0.5233361251331329,0.0,0.1,1144.0642646744225,310.88498676134463,0.0,1.0,0.0,0.0,2.0
25708,0.0013281797891224894,0.28688683445045776,0.0,0.1,1153.020986642174,316.8423408272819,0.0,1.0,0.0,0.0,2.0
25709,0.0008367279864841521,0.18073324508057687,0.0,0.1,1160.601872422824,322.9344981740674,0.0,1.0,0.0,0.0,2.0
25710,0.0019353819295556982,0.41804249678403077,0.0,0.1,1161.6403976261965,322.81870428488236,0.0,1.0,0.0,0.0,2.0
25711,0.002896067552884787,0.625550591423114,0.0,0.1,1167.3500419487214,325.1666232381931,0.0,1.0,0.0,0.0,2.0
25712,0.0020831516709764668,0.4499607609309168,0.0,0.1,1174.8557920971164,330.80675373968586,0.0,1.0,0.0,0.0,2.0
25713,0.0038998952760936428,0.8423773796362268,0.0,0.1,,,0.0,1.0,,,2.0
25714,0.001595293484814911,0.3445833927200208,0.0,0.1,,,0.0,1.0,,,2.0
25715,0.0031347235621780253,0.6771002894304535,0.0,0.1,,,0.0,1.0,,,2.0
25716,0.0024350917987853403,0.5259798285376335,0.0,0.1,,,0.0,1.0,,,2.0
25717,0.0004104092798170835,0.08864840444049005,1.0,0.1,,,0.0,1.0,,,2.0
25718,0.0003546632661357631,0.07660726548532482,1.0,0.1,,,0.0,1.0,,,2.0
25719,0.0017758538646729827,0.38358443476936427,0.0,0.1,,,0.0,1.0,,,2.0
25720,0.0009499594547968488,0.20519124223611934,0.0,0.1,,,0.0,1.0,,,2.0
25721,0.00016636472145612014,0.03593477983452195,1.0,0.1,,,0.0,1.0,,,2.0
25722,0.001643056687066968,0.35490024440646506,0.0,0.1,,,0.0,1.0,,,2.0
25723,0.0006888514169470715,0.14879190606056744,0.0,0.1,,,0.0,1.0,,,2.0
25724,0.001064733415732005,0.22998241779811307,0.0,0.1,,,0.0,1.0,,,2.0
25725,0.0005944246375403803,0.12839572170872215,0.0,0.1,,,0.0,1.0,,,2.0
25726,0.002841898521449452,0.6138500806330817,0.0,0.1,,,0.0,1.0,,,2.0
25727,0.0004866220684105497,0.10511036677667875,0.0,0.1,,,0.0,1.0,,,2.0
25728,,,,0.1,,,0.0,1.0,,,2.0
25729,,,,0.1,,,,,,,2.0
25730,,,,0.1,,,,,,,2.0
25731,,,,0.1,,,,,,,2.0
25732,,,,0.1,,,,,,,2.0
25733,,,,0.1,,,,,,,2.0
25734,,,,0.1,,,,,,,2.0
25735,,,,0.1,,,,,,,2.0
25736,0.0006452566531920445,0.1393754370894816,0.0,0.1,,,0.0,1.0,,,2.0
25737,0.001731181113707765,0.3739351205608773,0.0,0.1,,,0.0,1.0,,,2.0
25738,,,,0.1,,,0.0,1.0,,,2.0
25739,,,,0.1,,,,,,,2.0
25740,,,,0.1,,,,,,,2.0
25741,,,,0.1,,,,,,,2.0
25742,,,,0.1,,,,,,,2.0
25743,,,,0.1,,,,,,,2.0
25744,,,,0.1,,,,,,,2.0
25745,,,,0.1,,,,,,,2.0
25746,,,,0.1,,,,,,,2.0
25747,,,,0.1,,,,,,,2.0
25748,,,,0.1,,,,,,,2.0
25749,,,,0.1,,,,,,,2.0
25750,,,,0.1,,,,,,,2.0
25751,,,,0.1,,,,,,,2.0
25752,,,,0.1,,,,,,,2.0
25753,,,,0.1,,,,,,,2.0
25754,,,,0.1,,,,,,,2.0
25755,,,,0.1,,,,,,,2.0
25756,,,,0.1,,,,,,,2.0
25757,,,,0.1,,,0.0,1.0,,,2.0
25758,,,,0.1,,,,,,,2.0
25759,0.0010632309666424044,0.22965788879475937,0.0,0.1,,,0.0,1.0,,,2.0
25760,0.0005219196180008764,0.1127346374881893,0.0,0.1,,,0.0,1.0,,,2.0
25761,0.0007256272112436634,0.1567354776286313,0.0,0.1,,,0.0,1.0,,,2.0
25762,0.0005080585090325334,0.10974063795102722,0.0,0.1,,,0.0,1.0,,,2.0
25763,0.00020389932743885542,0.04404225472679277,1.0,0.1,,,0.0,1.0,,,2.0
25764,0.0012230039133781596,0.2641688452896825,0.0,0.1,,,0.0,1.0,,,2.0
25765,0.0009410059521049478,0.20325728565466872,0.0,0.1,,,0.0,1.0,,,2.0
25766,0.0003544061098204631,0.07655171972122003,1.0,0.1,,,0.0,1.0,,,2.0
25767,0.0003926186595541536,0.08480563046369718,1.0,0.1,,,0.0,1.0,,,2.0
25768,7.892052902938841e-05,0.017046834270347897,1.0,0.1,,,0.0,1.0,,,2.0
25769,0.0016381306012032415,0.35383620985990016,0.0,0.1,,,0.0,1.0,,,2.0
25770,0.0012731885707249274,0.2750087312765843,0.0,0.1,,,0.0,1.0,,,2.0
25771,0.0008422018640721162,0.1819156026395771,0.0,0.1,,,0.0,1.0,,,2.0
25772,0.000289989398700249,0.06263771011925379,1.0,0.1,,,0.0,1.0,,,2.0
25773,0.0005038903975533026,0.10884032587151335,0.0,0.1,,,0.0,1.0,,,2.0
25774,0.0007186347742586471,0.15522511123986776,0.0,0.1,,,0.0,1.0,,,2.0
25775,0.0015415226471139265,0.33296889177660816,0.0,0.1,,,0.0,1.0,,,2.0
25776,0.0002888891101981837,0.06240004780280769,1.0,0.1,,,0.0,1.0,,,2.0
25777,0.0005936237723515193,0.12822273482792818,0.0,0.1,,,0.0,1.0,,,2.0
25778,,,,0.1,,,0.0,1.0,,,2.0
25779,,,,0.1,,,,,,,2.0
25780,,,,0.1,,,0.0,1.0,,,2.0
25781,,,,0.1,,,,,,,2.0
25782,,,,0.1,,,,,,,2.0
25783,,,,0.1,,,,,,,2.0
25784,,,,0.1,,,,,,,2.0
25785,,,,0.1,,,,,,,2.0
25786,,,,0.1,,,,,,,2.0
25787,,,,0.1,,,,,,,2.0
25788,0.0003166374376203087,0.06839368652598668,1.0,0.1,,,0.0,1.0,,,2.0
25789,0.00026451111493593164,0.05713440082616123,1.0,0.1,,,0.0,1.0,,,2.0
25790,0.0002455237954407573,0.05303313981520358,1.0,0.1,,,0.0,1.0,,,2.0
25791,0.0004328432380952021,0.09349413942856366,1.0,0.1,,,0.0,1.0,,,2.0
25792,0.0007623145830270592,0.16465994993384478,0.0,0.1,,,0.0,1.0,,,2.0
25793,0.00021040216519932606,0.04544686768305443,1.0,0.1,,,0.0,1.0,,,2.0
25794,0.0007611351654456591,0.1644051957362624,0.0,0.1,,,0.0,1.0,,,2.0
25795,0.00012022460816817461,0.025968515364325716,1.0,0.1,,,0.0,1.0,,,2.0
25796,0.0002986114711431477,0.0645000777669199,1.0,0.1,,,0.0,1.0,,,2.0
25797,0.0002207751827818087,0.04768743948087068,1.0,0.1,,,0.0,1.0,,,2.0
25798,0.0001985681741639015,0.04289072561940272,1.0,0.1,,,0.0,1.0,,,2.0
25799,0.0005559843954504023,0.12009262941728689,0.0,0.1,,,0.0,1.0,,,2.0
25800,0.0003312664565954722,0.07155355462462198,1.0,0.1,,,0.0,1.0,,,2.0
25801,0.0005017972815781768,0.10838821282088619,0.0,0.1,,,0.0,1.0,,,2.0
25802,0.0007371920560400633,0.15923348410465368,0.0,0.1,,,0.0,1.0,,,2.0
25803,0.0005429373974520419,0.11727447784964105,0.0,0.1,,,0.0,1.0,,,2.0
25804,0.00012629764441279284,0.02728029119316325,1.0,0.1,,,0.0,1.0,,,2.0
25805,0.0001756890644604106,0.037948837923448685,1.0,0.1,,,0.0,1.0,,,2.0
25806,0.0004714074530346194,0.10182400985547779,0.0,0.1,,,0.0,1.0,,,2.0
25807,0.0005593230965285562,0.12081378885016815,0.0,0.1,,,0.0,1.0,,,2.0
25808,8.345908283796914e-05,0.018027161893001336,1.0,0.1,,,0.0,1.0,,,2.0
25809,0.0004789788010730996,0.10345942103178951,0.0,0.1,,,0.0,1.0,,,2.0
25810,,,,0.1,,,0.0,1.0,,,2.0
25811,,,,0.1,,,,,,,2.0
25812,,,,0.1,,,,,,,2.0
25813,,,,0.1,,,,,,,2.0
25814,0.002605604490657632,0.5628105699820485,0.0,0.1,976.3918495463106,156.2957419612079,0.0,1.0,0.0,0.0,2.0
25815,0.0021140186314320426,0.4566280243893212,0.0,0.1,,,0.0,1.0,,,2.0
25816,0.0009891266615871053,0.21365135890281475,0.0,0.1,,,0.0,1.0,,,2.0
25817,0.0004922185901765346,0.10631921547813147,0.0,0.1,,,0.0,1.0,,,2.0
25818,0.0023303409489846974,0.5033536449806947,0.0,0.1,,,0.0,1.0,,,2.0
25819,0.0011371091227850277,0.24561557052156596,0.0,0.1,1116.6565361680464,263.09064829691823,0.0,1.0,0.0,0.0,2.0
25820,0.0008428019288454074,0.182045216630608,0.0,0.1,1099.256544711705,243.22197385157082,0.0,1.0,0.0,0.0,2.0
25821,0.0020406929297880467,0.4407896728342181,0.0,0.1,1084.0746140013725,225.15733690397414,0.0,1.0,0.0,0.0,2.0
25822,0.0005234694702720051,0.11306940557875308,0.0,0.1,1066.5490698386934,204.63364204104357,0.0,1.0,0.0,0.0,2.0
25823,0.001642448965186371,0.3547689764802562,0.0,0.1,1055.7256120475226,192.37778622219057,0.0,1.0,0.0,0.0,2.0
25824,0.0005394670174011761,0.11652487575865403,0.0,0.1,1036.1998423876082,169.80256608968867,0.0,1.0,0.0,0.0,2.0
25825,0.0015114020750717982,0.3264628482155084,0.0,0.1,1003.4161154414174,135.29265515923177,0.0,1.0,0.0,0.0,2.0
25826,0.0002168994389284129,0.04685027880853719,1.0,0.1,969.0881502733495,101.01906200487802,0.0,1.0,0.0,0.0,2.0
25827,0.0011296777560228103,0.24401039530092702,0.0,0.1,955.0653906954722,87.52847023400892,0.0,1.0,0.0,0.0,2.0
25828,0.0016275036828551212,0.3515407954967062,0.0,0.1,932.3845407608607,67.25314178152514,0.0,1.0,0.0,1.0,2.0
25829,0.0016090989382471425,0.34756537066138277,0.0,0.1,915.006031774623,55.42717431576295,0.0,1.0,0.0,1.0,2.0
25830,0.001268363271567816,0.27396646665864827,0.0,0.1,894.8275592700886,42.8045097531191,0.0,1.0,0.0,1.0,2.0
25831,0.0011928775578899718,0.2576615525042339,0.0,0.1,879.715849519978,34.480201883948226,0.0,1.0,0.0,1.0,2.0
25832,0.0018361507210598812,0.3966085557489344,0.0,0.1,872.6792896719508,33.58146111681166,0.0,1.0,0.0,1.0,2.0
25833,0.001965702658724039,0.42459177428439243,0.0,0.1,864.0727552162023,31.4086743432661,0.0,1.0,0.0,1.0,2.0
25834,0.0016944239042644945,0.3659955633211308,0.0,0.1,,,0.0,1.0,,,2.0
25835,0.001014379361683793,0.2191059421236993,0.0,0.1,,,0.0,1.0,,,2.0
25836,0.0013242216022494161,0.2860318660858739,0.0,0.1,,,0.0,1.0,,,2.0
25837,0.001095714981241986,0.23667443594826898,0.0,0.1,819.0911866973037,61.39765570393775,0.0,1.0,0.0,1.0,2.0
25838,0.0010141877866426624,0.21906456191481508,0.0,0.1,810.4432403070566,68.2842890066699,0.0,1.0,0.0,1.0,2.0
25839,0.0011353718562383066,0.24524032094747425,0.0,0.1,805.0084606898232,73.80064513193373,0.0,1.0,0.0,0.0,2.0
25840,0.0011987329143836733,0.2589263095068734,0.0,0.1,808.148285165979,70.63711179006252,0.0,1.0,0.0,0.0,2.0
25841,0.0011004038193065226,0.2376872249702089,0.0,0.1,810.2976977221529,67.91137467301486,0.0,1.0,0.0,1.0,2.0
25842,0.0003165048717854193,0.06836505230565057,1.0,0.1,813.8776622509645,63.1944648153161,0.0,1.0,0.0,1.0,2.0
25843,0.0006085696261397758,0.1314510392461916,0.0,0.1,815.5183864291895,61.10539142033362,0.0,1.0,0.0,1.0,2.0
25844,0.0003092858008770579,0.0668057329894445,1.0,0.1,811.720182043353,64.27278562305968,0.0,1.0,0.0,1.0,2.0
25845,0.0012745497842912754,0.2753027534069155,0.0,0.1,,,0.0,1.0,,,2.0
25846,0.0006257066726755,0.135152641297908,0.0,0.1,812.9854431751122,63.5083600262733,0.0,1.0,0.0,1.0,2.0
25847,0.0009999853552562477,0.2159968367353495,0.0,0.1,824.1535702961214,51.75706429296984,0.0,1.0,0.0,1.0,2.0
25848,0.0015356535682623381,0.33170117074466504,0.0,0.1,832.024717105936,46.21160119580522,0.0,1.0,0.0,1.0,2.0
25849,0.0006160039086488912,0.1330568442681605,0.0,0.1,,,0.0,1.0,,,2.0
25850,0.0004794356325977669,0.10355809664111765,0.0,0.1,,,0.0,1.0,,,2.0
25851,0.00010727920350648227,0.02317230795740017,1.0,0.1,,,0.0,1.0,,,2.0
25852,0.0001068407865252332,0.02307760988945037,1.0,0.1,,,0.0,1.0,,,2.0
25853,0.00026332887258618035,0.056879036478614954,1.0,0.1,,,0.0,1.0,,,2.0
25854,0.00023745777528583122,0.05129087946173955,1.0,0.1,,,0.0,1.0,,,2.0
25855,0.0005025424420912497,0.10854916749170994,0.0,0.1,,,0.0,1.0,,,2.0
25856,0.0008284838857375979,0.17895251931932116,0.0,0.1,,,0.0,1.0,,,2.0
25857,0.000773914253546154,0.1671654787659693,0.0,0.1,,,0.0,1.0,,,2.0
25858,0.000412755113821432,0.08915510458542932,1.0,0.1,850.0744139775979,33.47744049609023,0.0,1.0,0.0,1.0,2.0
25859,0.0003965471058048014,0.08565417485383711,1.0,0.1,858.8307724856022,29.780750205668568,0.0,1.0,0.0,1.0,2.0
25860,0.0008872011402963595,0.19163544630401363,0.0,0.1,865.2532402649298,33.598386227091346,0.0,1.0,0.0,1.0,2.0
25861,0.0006331842355354003,0.13676779487564647,0.0,0.1,867.6866130497685,35.65380424257393,0.0,1.0,0.0,1.0,2.0
25862,0.00018439746403093284,0.039829852230681494,1.0,0.1,875.8290347140675,36.502674891541076,0.0,1.0,0.0,1.0,2.0
25863,0.00040943778378647026,0.08843856129787758,1.0,0.1,877.5994036938473,34.7958345981385,0.0,1.0,0.0,1.0,2.0
25864,0.00043261599635727177,0.0934450552131707,1.0,0.1,881.3133211044794,38.346890385823386,0.0,1.0,0.0,1.0,2.0
25865,0.0002830448615545266,0.06113769009577774,1.0,0.1,881.5852497156343,40.11520102633394,0.0,1.0,0.0,1.0,2.0
25866,0.0001662965140283933,0.035920047030132955,1.0,0.1,882.0223275168469,42.7578199541412,0.0,1.0,0.0,1.0,2.0
25867,7.985959832655753e-05,0.017249673238536423,1.0,0.1,884.5476338477248,42.34072648704986,0.0,1.0,0.0,1.0,2.0
25868,0.00028207352918463403,0.060927882303880944,1.0,0.1,885.5060168949285,42.425692188833985,0.0,1.0,0.0,1.0,2.0
25869,6.405481016657609e-05,0.013835838995980435,1.0,0.1,889.7488359673879,41.986965426633596,0.0,1.0,0.0,1.0,2.0
25870,0.00036369544854361765,0.07855821688542142,1.0,0.1,891.1604369546355,40.66993586130492,0.0,1.0,0.0,1.0,2.0
25871,0.0003736716725933777,0.08071308128016959,1.0,0.1,892.6814820932843,41.022602866840806,0.0,1.0,0.0,1.0,2.0
25872,0.0002542317004424319,0.054914047295565295,1.0,0.1,,,0.0,1.0,,,2.0
25873,0.0005400685453076749,0.11665480578645777,0.0,0.1,895.3815937722264,31.009732404896376,0.0,1.0,0.0,1.0,2.0
25874,0.0011791185468321276,0.25468960611573954,0.0,0.1,,,0.0,1.0,,,2.0
25875,0.0007668540902054805,0.1656404834843838,0.0,0.1,898.040621041735,26.850872187971152,0.0,1.0,0.0,1.0,2.0
25876,5.6241274813558105e-05,0.01214811535972855,1.0,0.1,898.1144063959601,24.997020143897533,0.0,1.0,0.0,1.0,2.0
25877,0.001831972483197881,0.3957060563707423,0.0,0.1,894.7212679112903,21.110531488758173,0.0,1.0,0.0,1.0,2.0
25878,0.0014155884180760245,0.3057670983044213,0.0,0.1,897.0068481019377,24.18882176203233,0.0,1.0,0.0,1.0,2.0
25879,0.0012095209012386737,0.26125651466755356,0.0,0.1,893.7125002906591,24.1912425473152,0.0,1.0,0.0,1.0,2.0
25880,0.0005376955491139391,0.11614223860861085,0.0,0.1,891.6323195736953,22.930803588596063,0.0,1.0,0.0,1.0,2.0
25881,0.0009966052679403266,0.21526673787511055,0.0,0.1,891.0885871230788,23.45710954486317,0.0,1.0,0.0,1.0,2.0
25882,0.0006505781559728622,0.14052488169013824,0.0,0.1,893.0966714309312,29.505699710283906,0.0,1.0,0.0,1.0,2.0
25883,0.001038921999327162,0.22440715185466698,0.0,0.1,,,0.0,1.0,,,2.0
25884,0.0006338148468909805,0.13690400692845178,0.0,0.1,895.8151860818825,37.69551613772439,0.0,1.0,0.0,1.0,2.0
25885,0.00020588390453073302,0.04447092337863834,1.0,0.1,894.9048050620587,37.86407288197314,0.0,1.0,0.0,1.0,2.0
25886,0.00029430799017822197,0.06357052587849595,1.0,0.1,894.4751970515225,38.75566425532937,0.0,1.0,0.0,1.0,2.0
25887,0.0009101811662760625,0.19659913191562953,0.0,0.1,892.6055966174827,46.38722336364132,0.0,1.0,0.0,1.0,2.0
25888,0.000928819523131302,0.20062501699636123,0.0,0.1,891.9268204449157,51.58430713311238,0.0,1.0,0.0,1.0,2.0
25889,0.0011478878610878655,0.24794377799497896,0.0,0.1,889.9726546892166,59.33843012142267,0.0,1.0,0.0,1.0,2.0
25890,0.0022995255141714855,0.4966975110610409,0.0,0.1,887.9295749203089,61.53522962896844,0.0,1.0,0.0,1.0,2.0
25891,0.0012527709166870132,0.27059851800439483,0.0,0.1,889.2848954963195,64.97230026633464,0.0,1.0,0.0,1.0,2.0
25892,0.0021319503001793264,0.4605012648387345,0.0,0.1,889.9021298639873,69.36703847630571,0.0,1.0,0.0,1.0,2.0
25893,0.0007173087710884004,0.15493869455509449,0.0,0.1,890.6830166828498,75.77082788876486,0.0,1.0,0.0,0.0,2.0
25894,0.0006397888272946235,0.1381943866956387,0.0,0.1,888.3036064627762,82.4552905578546,0.0,1.0,0.0,0.0,2.0
25895,0.002626239055960815,0.567267636087536,0.0,0.1,885.4329515207178,88.25230980697927,0.0,1.0,0.0,0.0,2.0
25896,0.00268879641097304,0.5807800247701767,0.0,0.1,882.9790048235982,94.89418800052691,0.0,1.0,0.0,0.0,2.0
25897,0.0022763240035120463,0.491685984758602,0.0,0.1,884.392833687018,103.43531553729169,0.0,1.0,0.0,0.0,2.0
25898,0.0023248652433936787,0.5021708925730346,0.0,0.1,883.5327988338287,115.51236134998571,0.0,1.0,0.0,0.0,2.0
25899,0.0025216724086938773,0.5446812402778775,0.0,0.1,881.7245647495081,121.84091360524057,0.0,1.0,0.0,0.0,2.0
25900,0.0028815132773609936,0.6224068679099747,0.0,0.1,876.7345551920286,135.55202662330788,0.0,1.0,0.0,0.0,2.0
25901,0.00222402675830569,0.480389779794029,0.0,0.1,871.8658870217779,146.00914128988003,0.0,1.0,0.0,0.0,2.0
25902,0.002592528466427642,0.5599861487483706,0.0,0.1,868.8540189326366,150.76915680553705,0.0,1.0,0.0,0.0,2.0
25903,0.0011259377689947295,0.24320255810286157,0.0,0.1,871.5399293691513,151.76851628144396,0.0,1.0,0.0,0.0,2.0
25904,0.0027022234955834464,0.5836802750460245,0.0,0.1,873.101934445442,153.70394488453894,0.0,1.0,0.0,0.0,2.0
25905,0.002400212323150954,0.518445861800606,0.0,0.1,872.5817351049949,158.47791859949749,0.0,1.0,0.0,0.0,2.0
25906,0.0021159658424803724,0.4570486219757604,0.0,0.1,871.9648412525328,166.27611570281232,0.0,1.0,0.0,0.0,2.0
25907,0.0016608784589147276,0.35874974712558116,0.0,0.1,870.3307146380841,174.55820582225056,0.0,1.0,0.0,0.0,2.0
25908,0.002324846655421927,0.5021668775711362,0.0,0.1,872.1332634894593,176.41677334637518,0.0,1.0,0.0,0.0,2.0
25909,0.0026110972869873763,0.5639970139892733,0.0,0.1,880.3476744863341,184.91349758698126,0.0,1.0,0.0,0.0,2.0
25910,0.0017533976558101784,0.37873389365499854,0.0,0.1,893.4157057224348,191.78625931597554,0.0,1.0,0.0,0.0,2.0
25911,,,,0.1,906.8754087170378,203.01771378362153,0.0,1.0,0.0,0.0,2.0
25912,,,,0.1,914.7291931771666,210.53439671477983,,,0.0,0.0,2.0
25913,,,,0.1,919.1225743868036,216.17737924436813,,,0.0,0.0,2.0
25914,0.0022839279564099255,0.4933284385845439,0.0,0.1,925.6526916998383,223.6031962371733,0.0,1.0,0.0,0.0,2.0
25915,0.0033860747432227596,0.7313921445361161,0.0,0.1,934.3896240276872,233.03545738155486,0.0,1.0,0.0,0.0,2.0
25916,0.0005920413172537822,0.12788092452681696,0.0,0.1,942.2222598282734,241.6485619481302,0.0,1.0,0.0,0.0,2.0
25917,0.002774443104852409,0.5992797106481204,0.0,0.1,946.0200238483728,247.9331026349643,0.0,1.0,0.0,0.0,2.0
25918,0.0016819813696372196,0.36330797584163943,0.0,0.1,952.84438534027,255.92296756158558,0.0,1.0,0.0,0.0,2.0
25919,,,,0.1,956.3859069701431,259.47484866445546,0.0,1.0,0.0,0.0,2.0
25920,,,,0.1,963.7680007314865,262.6117960717039,,,0.0,0.0,2.0
25921,,,,0.1,974.7599881669669,268.40828116560317,,,0.0,0.0,2.0
25922,0.0016313096220349564,0.3523628783595506,0.0,0.1,979.8721362435417,272.29699366435165,0.0,1.0,0.0,0.0,2.0
25923,0.0021916050116034093,0.47338668250633636,0.0,0.1,989.3609376574332,278.2782069294755,0.0,1.0,0.0,0.0,2.0
25924,0.0018815394752776052,0.40641252665996275,0.0,0.1,999.649474404418,286.619147849085,0.0,1.0,0.0,0.0,2.0
25925,0.0023932153508042747,0.5169345157737234,0.0,0.1,1010.9718195219848,295.8782910363205,0.0,1.0,0.0,0.0,2.0
25926,0.0012574731202873461,0.27161419398206677,0.0,0.1,1016.8068607002406,299.3102549396597,0.0,1.0,0.0,0.0,2.0
25927,0.0012616998279815397,0.27252716284401257,0.0,0.1,1028.9043550735623,310.3232155332019,0.0,1.0,0.0,0.0,2.0
25928,0.00155304577407429,0.33545788720004666,0.0,0.1,1039.3927421042406,320.89441333865506,0.0,1.0,0.0,0.0,2.0
25929,0.0023972972927728195,0.5178162152389291,0.0,0.1,1048.7207048598225,330.6256585739092,0.0,1.0,0.0,0.0,2.0
25930,0.0011135968001834032,0.2405369088396151,0.0,0.1,1055.2278530932995,339.4326519621889,0.0,1.0,0.0,0.0,2.0
25931,0.0034504411944509066,0.7452952980013958,0.0,0.1,1056.8846913983523,340.64688314107616,0.0,1.0,0.0,0.0,2.0
25932,0.00217067974884633,0.46886682575080735,0.0,0.1,1062.9715237025491,345.0719311903252,0.0,1.0,0.0,0.0,2.0
25933,0.002480788513607725,0.5358503189392687,0.0,0.1,,,0.0,1.0,,,2.0
25934,0.0003157508017892991,0.06820217318648861,1.0,0.1,,,0.0,1.0,,,2.0
25935,0.0010410763351751929,0.22487248839784166,0.0,0.1,,,0.0,1.0,,,2.0
25936,0.0011616363248256854,0.25091344616234806,0.0,0.1,,,0.0,1.0,,,2.0
25937,0.0014998582393836322,0.32396937970686457,0.0,0.1,,,0.0,1.0,,,2.0
25938,0.0012118962997828377,0.26176960075309297,0.0,0.1,,,0.0,1.0,,,2.0
25939,0.00048701919600502893,0.10519614633708625,0.0,0.1,,,0.0,1.0,,,2.0
25940,0.00045534439743345805,0.09835438984562693,1.0,0.1,,,0.0,1.0,,,2.0
25941,0.0005305617480670161,0.11460133758247548,0.0,0.1,,,0.0,1.0,,,2.0
25942,0.00044679692697544026,0.0965081362266951,1.0,0.1,,,0.0,1.0,,,2.0
25943,0.0004599973472314547,0.09935942700199422,1.0,0.1,,,0.0,1.0,,,2.0
25944,0.0009267402184363162,0.2001758871822443,0.0,0.1,,,0.0,1.0,,,2.0
25945,0.001377387109554896,0.29751561566385754,0.0,0.1,,,0.0,1.0,,,2.0
25946,0.0010636753583449145,0.22975387740250153,0.0,0.1,,,0.0,1.0,,,2.0
25947,0.0007084822922605092,0.15303217512827,0.0,0.1,,,0.0,1.0,,,2.0
25948,0.0008200416026620343,0.17712898617499942,0.0,0.1,,,0.0,1.0,,,2.0
25949,0.003518236880480539,0.7599391661837964,0.0,0.1,,,0.0,1.0,,,2.0
25950,0.0017649173638672306,0.38122215059532183,0.0,0.1,,,0.0,1.0,,,2.0
25951,0.0010103270741702265,0.2182306480207689,0.0,0.1,,,0.0,1.0,,,2.0
25952,0.0003687485846500262,0.07964969428440566,1.0,0.1,,,0.0,1.0,,,2.0
25953,0.0021574374763104935,0.46600649488306656,0.0,0.1,,,0.0,1.0,,,2.0
25954,0.001410826119722455,0.3047384418600503,0.0,0.1,,,0.0,1.0,,,2.0
25955,0.0019392296743844532,0.4188736096670419,0.0,0.1,,,0.0,1.0,,,2.0
25956,0.0019640439118470006,0.4242334849589522,0.0,0.1,,,0.0,1.0,,,2.0
25957,0.0009197329816246129,0.19866232403091638,0.0,0.1,,,0.0,1.0,,,2.0
25958,0.0008122213850181095,0.17543981916391166,0.0,0.1,,,0.0,1.0,,,2.0
25959,0.0022888831404903032,0.49439875834590546,0.0,0.1,,,0.0,1.0,,,2.0
25960,0.002624000287612981,0.5667840621244039,0.0,0.1,,,0.0,1.0,,,2.0
25961,0.000978045304253634,0.21125778571878495,0.0,0.1,,,0.0,1.0,,,2.0
25962,0.0024920490366651324,0.5382825919196687,0.0,0.1,,,0.0,1.0,,,2.0
25963,0.0017286416465403394,0.37338659565271337,0.0,0.1,,,0.0,1.0,,,2.0
25964,0.0019972287816724505,0.43140141684124933,0.0,0.1,,,0.0,1.0,,,2.0
25965,0.0013134985723182496,0.28371569162074195,0.0,0.1,,,0.0,1.0,,,2.0
25966,0.0010724430711482298,0.23164770336801765,0.0,0.1,,,0.0,1.0,,,2.0
25967,0.0017571355859933725,0.3795412865745685,0.0,0.1,,,0.0,1.0,,,2.0
25968,0.000933733803461277,0.20168650154763582,0.0,0.1,,,0.0,1.0,,,2.0
25969,0.0011322447622583026,0.24456486864779337,0.0,0.1,,,0.0,1.0,,,2.0
25970,0.0007218267756310635,0.15591458353630971,0.0,0.1,,,0.0,1.0,,,2.0
25971,0.001940358688647111,0.419117476747776,0.0,0.1,,,0.0,1.0,,,2.0
25972,0.0008612982059687001,0.18604041248923922,0.0,0.1,,,0.0,1.0,,,2.0
25973,0.00015726071367545887,0.033968314153899115,1.0,0.1,,,0.0,1.0,,,2.0
25974,0.0005703738093191847,0.12320074281294388,0.0,0.1,,,0.0,1.0,,,2.0
25975,0.00012330925232689519,0.02663479850260936,1.0,0.1,,,0.0,1.0,,,2.0
25976,0.000761195026367952,0.16441812569547762,0.0,0.1,,,0.0,1.0,,,2.0
25977,0.0011655688138277856,0.2517628637868017,0.0,0.1,,,0.0,1.0,,,2.0
25978,0.0007643376359680789,0.16509692936910506,0.0,0.1,,,0.0,1.0,,,2.0
25979,0.00019349913858907966,0.04179581393524121,1.0,0.1,,,0.0,1.0,,,2.0
25980,0.00019937394455186048,0.043064772023201865,1.0,0.1,,,0.0,1.0,,,2.0
25981,0.0005309654947770967,0.11468854687185287,0.0,0.1,,,0.0,1.0,,,2.0
25982,0.0006723275976640452,0.14522276109543378,0.0,0.1,,,0.0,1.0,,,2.0
25983,0.0005035411598109054,0.10876489051915557,0.0,0.1,,,0.0,1.0,,,2.0
25984,0.0007593188349340883,0.16401286834576306,0.0,0.1,,,0.0,1.0,,,2.0
25985,,,,0.1,,,0.0,1.0,,,2.0
25986,,,,0.1,,,,,,,2.0
25987,,,,0.1,,,,,,,2.0
25988,,,,0.1,,,,,,,2.0
25989,,,,0.1,,,,,,,2.0
25990,,,,0.1,,,,,,,2.0
25991,,,,0.1,,,,,,,2.0
25992,,,,0.1,,,0.0,1.0,,,2.0
25993,,,,0.1,,,,,,,2.0
25994,,,,0.1,,,,,,,2.0
25995,,,,0.1,,,,,,,2.0
25996,,,,0.1,,,,,,,2.0
25997,,,,0.1,,,,,,,2.0
25998,,,,0.1,,,,,,,2.0
25999,,,,0.1,,,,,,,2.0
26000,,,,0.1,,,,,,,2.0
26001,,,,0.1,,,,,,,2.0
26002,,,,0.1,,,,,,,2.0
26003,,,,0.1,,,,,,,2.0
26004,,,,0.1,,,,,,,2.0
26005,,,,0.1,,,,,,,2.0
26006,,,,0.1,,,,,,,2.0
26007,,,,0.1,,,,,,,2.0
26008,,,,0.1,,,,,,,2.0
26009,,,,0.1,,,,,,,2.0
26010,,,,0.1,,,,,,,2.0
26011,,,,0.1,,,,,,,2.0
26012,,,,0.1,,,,,,,2.0
26013,0.0003609226933630326,0.07795930176641504,1.0,0.1,,,0.0,1.0,,,2.0
26014,0.0005889009123795309,0.12720259707397868,0.0,0.1,,,0.0,1.0,,,2.0
26015,1.1952281666562048e-05,0.0025816928399774023,1.0,0.1,,,0.0,1.0,,,2.0
26016,,,,0.1,,,0.0,1.0,,,2.0
26017,,,,0.1,,,,,,,2.0
26018,,,,0.1,,,,,,,2.0
26019,,,,0.1,,,,,,,2.0
26020,,,,0.1,,,,,,,2.0
26021,,,,0.1,,,,,,,2.0
26022,,,,0.1,,,,,,,2.0
26023,,,,0.1,,,,,,,2.0
26024,,,,0.1,,,,,,,2.0
26025,,,,0.1,,,,,,,2.0
26026,,,,0.1,,,,,,,2.0
26027,,,,0.1,,,,,,,2.0
26028,,,,0.1,,,,,,,2.0
26029,,,,0.1,,,,,,,2.0
26030,,,,0.1,,,,,,,2.0
26031,,,,0.1,,,,,,,2.0
26032,,,,0.1,,,,,,,2.0
26033,,,,0.1,,,,,,,2.0
26034,,,,0.1,,,,,,,2.0
26035,,,,0.1,,,,,,,2.0
26036,,,,0.1,,,,,,,2.0
26037,,,,0.1,,,,,,,2.0
26038,,,,0.1,,,,,,,2.0
26039,,,,0.1,,,,,,,2.0
26040,,,,0.1,,,,,,,2.0
26041,,,,0.1,,,,,,,2.0
26042,0.00033855375847994845,0.07312761183166887,1.0,0.1,,,0.0,1.0,,,2.0
26043,0.0003889495872024264,0.0840131108357241,1.0,0.1,,,0.0,1.0,,,2.0
26044,0.00018730000180181813,0.040456800389192714,1.0,0.1,,,0.0,1.0,,,2.0
26045,0.00031141899785488313,0.06726650353665477,1.0,0.1,,,0.0,1.0,,,2.0
26046,0.000707660136941918,0.1528545895794543,0.0,0.1,,,0.0,1.0,,,2.0
26047,,,,0.1,,,0.0,1.0,,,2.0
26048,,,,0.1,,,,,,,2.0
26049,,,,0.1,,,0.0,1.0,,,2.0
26050,,,,0.1,,,,,,,2.0
26051,,,,0.1,,,,,,,2.0
26052,,,,0.1,,,,,,,2.0
26053,,,,0.1,,,,,,,2.0
26054,,,,0.1,,,,,,,2.0
26055,,,,0.1,,,,,,,2.0
26056,0.0005462336061506361,0.11798645892853739,0.0,0.1,,,0.0,1.0,,,2.0
26057,0.0012083442604982658,0.2610023602676254,0.0,0.1,,,0.0,1.0,,,2.0
26058,0.0006623606405913437,0.14306989836773024,0.0,0.1,,,0.0,1.0,,,2.0
26059,0.00019418880344221538,0.04194478154351852,1.0,0.1,1122.3225557460178,413.73756099715547,0.0,1.0,0.0,0.0,2.0
26060,,,,0.1,,,0.0,1.0,,,2.0
26061,,,,0.1,1112.1005626180315,409.56113220109967,,,0.0,0.0,2.0
26062,,,,0.1,,,,,,,2.0
26063,,,,0.1,,,,,,,2.0
26064,0.0006524744688571242,0.14093448527313884,0.0,0.1,,,0.0,1.0,,,2.0
26065,0.0005594307616788322,0.12083704452262775,0.0,0.1,,,0.0,1.0,,,2.0
26066,0.00042407452460282134,0.09160009731420941,1.0,0.1,,,0.0,1.0,,,2.0
26067,0.0007532319831778895,0.16269810836642412,0.0,0.1,,,0.0,1.0,,,2.0
26068,0.0005927395822372962,0.128031749763256,0.0,0.1,,,0.0,1.0,,,2.0
26069,,,,0.1,1060.0000978932392,379.1751307297393,0.0,1.0,0.0,0.0,2.0
26070,,,,0.1,1058.501415377383,377.84199794702494,,,0.0,0.0,2.0
26071,,,,0.1,1062.4142224920795,379.4151485144811,,,0.0,0.0,2.0
26072,,,,0.1,1069.4225880410543,377.74089433505884,,,0.0,0.0,2.0
26073,,,,0.1,,,0.0,1.0,,,2.0
26074,,,,0.1,,,,,,,2.0
26075,,,,0.1,,,,,,,2.0
26076,0.0010078616796438248,0.21769812280306616,0.0,0.1,,,0.0,1.0,,,2.0
26077,0.0014760223282796227,0.3188208229083985,0.0,0.1,,,0.0,1.0,,,2.0
26078,0.00029882165508195386,0.06454547749770204,1.0,0.1,,,0.0,1.0,,,2.0
26079,0.0009501464608231732,0.2052316355378054,0.0,0.1,,,0.0,1.0,,,2.0
26080,0.0021301697321886143,0.46011666215274066,0.0,0.1,,,0.0,1.0,,,2.0
26081,0.0021844381856605346,0.4718386481026755,0.0,0.1,,,0.0,1.0,,,2.0
26082,0.00043841390594757755,0.09469740368467675,1.0,0.1,,,0.0,1.0,,,2.0
26083,0.0003477091763727403,0.0751051820965119,1.0,0.1,,,0.0,1.0,,,2.0
26084,0.0015711797316784063,0.3393748220425357,0.0,0.1,,,0.0,1.0,,,2.0
26085,0.0013245345035859594,0.2860994527745672,0.0,0.1,,,0.0,1.0,,,2.0
26086,0.0005468828951755453,0.11812670535791779,0.0,0.1,,,0.0,1.0,,,2.0
26087,0.00011271374849446194,0.02434616967480378,1.0,0.1,,,0.0,1.0,,,2.0
26088,0.0009163578824287405,0.19793330260460792,0.0,0.1,,,0.0,1.0,,,2.0
26089,0.00044500983295227417,0.09612212391769122,1.0,0.1,,,0.0,1.0,,,2.0
26090,0.0005356894574847157,0.11570892281669859,0.0,0.1,,,0.0,1.0,,,2.0
26091,0.0006012954600572791,0.1298798193723723,0.0,0.1,,,0.0,1.0,,,2.0
26092,0.0003395159969299774,0.07333545533687512,1.0,0.1,,,0.0,1.0,,,2.0
26093,0.0006596061456156725,0.14247492745298526,0.0,0.1,,,0.0,1.0,,,2.0
26094,0.0011126901124545998,0.24034106429019356,0.0,0.1,,,0.0,1.0,,,2.0
26095,0.0013558495040525446,0.29286349287534963,0.0,0.1,,,0.0,1.0,,,2.0
26096,0.0006138019879369071,0.13258122939437195,0.0,0.1,,,0.0,1.0,,,2.0
26097,,,,0.1,,,0.0,1.0,,,2.0
26098,,,,0.1,,,,,,,2.0
26099,,,,0.1,,,,,,,2.0
26100,0.0007715466020415923,0.16665406604098396,0.0,0.1,,,0.0,1.0,,,2.0
26101,0.0010583470295209751,0.22860295837653066,0.0,0.1,,,0.0,1.0,,,2.0
26102,0.0015768090780700246,0.34059076086312534,0.0,0.1,,,0.0,1.0,,,2.0
26103,0.0004140830259892304,0.08944193361367377,1.0,0.1,,,0.0,1.0,,,2.0
26104,0.0010637478074268473,0.229769526404199,0.0,0.1,1098.721213007306,323.6699241049278,0.0,1.0,0.0,0.0,2.0
26105,0.0002502971445409464,0.05406418322084442,1.0,0.1,1097.7136235223315,325.6569583056923,0.0,1.0,0.0,0.0,2.0
26106,0.0014894874143036429,0.32172928148958685,0.0,0.1,1097.0489053323213,327.2253604906685,0.0,1.0,0.0,0.0,2.0
26107,0.0005802127767184959,0.12532595977119512,0.0,0.1,1091.720646205168,328.941568723521,0.0,1.0,0.0,0.0,2.0
26108,0.0011374083633295844,0.24568020647919023,0.0,0.1,1090.710503650918,329.48274910744874,0.0,1.0,0.0,0.0,2.0
26109,0.0010994065142937819,0.23747180708745688,0.0,0.1,1091.3610270927013,330.1283178962595,0.0,1.0,0.0,0.0,2.0
26110,0.00024096536823470553,0.052048519538696394,1.0,0.1,,,0.0,1.0,,,2.0
26111,0.0009124468148413655,0.19708851200573496,0.0,0.1,,,0.0,1.0,,,2.0
26112,0.0009693551423967812,0.20938071075770473,0.0,0.1,,,0.0,1.0,,,2.0
26113,0.00013328726089953616,0.028790048354299814,1.0,0.1,,,0.0,1.0,,,2.0
26114,9.879618969580137e-05,0.021339976974293094,1.0,0.1,,,0.0,1.0,,,2.0
26115,3.599391965707137e-05,0.007774686645927415,1.0,0.1,,,0.0,1.0,,,2.0
26116,0.0004771365618039812,0.10306149734965993,0.0,0.1,,,0.0,1.0,,,2.0
26117,0.00020162076742989802,0.04355008576485798,1.0,0.1,,,0.0,1.0,,,2.0
26118,8.26885540092288e-05,0.017860727665993423,1.0,0.1,,,0.0,1.0,,,2.0
26119,0.000223463452162613,0.0482681056671244,1.0,0.1,,,0.0,1.0,,,2.0
26120,0.000152997497253975,0.0330474594068586,1.0,0.1,,,0.0,1.0,,,2.0
26121,0.00012594691708645492,0.027204534090674262,1.0,0.1,,,0.0,1.0,,,2.0
26122,0.0001968959913638926,0.042529534134600804,1.0,0.1,,,0.0,1.0,,,2.0
26123,0.0011180443248415915,0.2414975741657838,0.0,0.1,,,0.0,1.0,,,2.0
26124,0.0003036574112011613,0.06559000081945085,1.0,0.1,,,0.0,1.0,,,2.0
26125,6.435211281921394e-05,0.013900056368950212,1.0,0.1,,,0.0,1.0,,,2.0
26126,0.0005205564522144508,0.11244019367832138,0.0,0.1,,,0.0,1.0,,,2.0
26127,0.0001630067273548653,0.0352094531086509,1.0,0.1,,,0.0,1.0,,,2.0
26128,0.0001174718344010102,0.025373916230618205,1.0,0.1,,,0.0,1.0,,,2.0
26129,0.0003052782875797865,0.06594011011723389,1.0,0.1,,,0.0,1.0,,,2.0
26130,0.00010606871036984643,0.02291084143988683,1.0,0.1,,,0.0,1.0,,,2.0
26131,0.0007355417463409008,0.15887701720963457,0.0,0.1,,,0.0,1.0,,,2.0
26132,0.00032770712404086395,0.07078473879282661,1.0,0.1,,,0.0,1.0,,,2.0
26133,0.0007287850931030209,0.1574175801102525,0.0,0.1,,,0.0,1.0,,,2.0
26134,0.0008529702590170963,0.1842415759476928,0.0,0.1,,,0.0,1.0,,,2.0
26135,0.0010565848217172686,0.22822232149093,0.0,0.1,,,0.0,1.0,,,2.0
26136,0.00035860563762048274,0.07745881772602427,1.0,0.1,,,0.0,1.0,,,2.0
26137,0.00013446039774791816,0.029043445913550323,1.0,0.1,,,0.0,1.0,,,2.0
26138,0.00037775042691996487,0.08159409221471241,1.0,0.1,,,0.0,1.0,,,2.0
26139,0.0003888326695574046,0.08398785662439939,1.0,0.1,1107.4768644801773,295.17749182112635,0.0,1.0,0.0,0.0,2.0
26140,0.00045101075027228354,0.09741832205881325,1.0,0.1,1105.9272269374933,295.1157136932384,0.0,1.0,0.0,0.0,2.0
26141,0.0003738535296263075,0.08075236239928242,1.0,0.1,1107.2074216122514,298.7276886110858,0.0,1.0,0.0,0.0,2.0
26142,0.00017299839799627737,0.037367653967195914,1.0,0.1,1105.973415429475,298.23854357204584,0.0,1.0,0.0,0.0,2.0
26143,0.00029254967160494014,0.06319072906666706,1.0,0.1,1104.4406314080495,296.77295733668774,0.0,1.0,0.0,0.0,2.0
26144,0.0012742614220395707,0.27524046716054723,0.0,0.1,1104.132339115747,295.74813322953923,0.0,1.0,0.0,0.0,2.0
26145,0.0004962109367039017,0.10718156232804277,0.0,0.1,,,0.0,1.0,,,2.0
26146,0.0001666480343394495,0.035995975417321094,1.0,0.1,1092.75619494731,267.77544683625075,0.0,1.0,0.0,0.0,2.0
26147,0.0008395783483979583,0.181348923253959,0.0,0.1,1095.5128413910309,267.88842094251856,0.0,1.0,0.0,0.0,2.0
26148,0.00042256794385691824,0.09127467587309433,1.0,0.1,1098.5343683304386,268.1995979188073,0.0,1.0,0.0,0.0,2.0
26149,0.0005946894572515963,0.1284529227663448,0.0,0.1,1099.3664498972653,265.76921676700005,0.0,1.0,0.0,0.0,2.0
26150,0.0011402382728617467,0.2462914669381373,0.0,0.1,1102.2395248117477,266.85376040413126,0.0,1.0,0.0,0.0,2.0
26151,0.0003953139480554313,0.08538781277997316,1.0,0.1,1103.18402646577,267.49514202058407,0.0,1.0,0.0,0.0,2.0
26152,0.0003338692698055203,0.07211576227799238,1.0,0.1,1103.8203639835099,267.11716206157803,0.0,1.0,0.0,0.0,2.0
26153,0.0006816371955098801,0.1472336342301341,0.0,0.1,1105.356410421331,267.2259840395114,0.0,1.0,0.0,0.0,2.0
26154,0.000262170304441591,0.05662878575938366,1.0,0.1,1106.2674192157592,266.5827097222533,0.0,1.0,0.0,0.0,2.0
26155,0.0003327948440513548,0.07188368631509265,1.0,0.1,1104.831514516425,262.9783617280703,0.0,1.0,0.0,0.0,2.0
26156,0.0010901149095620972,0.23546482046541303,0.0,0.1,1102.8494622933333,259.8106293109686,0.0,1.0,0.0,0.0,2.0
26157,0.00038772139205947294,0.08374782068484615,1.0,0.1,1100.0288742231505,255.32744884792456,0.0,1.0,0.0,0.0,2.0
26158,0.0015258285482875192,0.32957896643010415,0.0,0.1,1100.4913584627338,256.28611483028016,0.0,1.0,0.0,0.0,2.0
26159,0.00015129898238564778,0.03268058019529992,1.0,0.1,1102.6742474510288,260.2400584414669,0.0,1.0,0.0,0.0,2.0
26160,0.0003969936569339066,0.08575062989772382,1.0,0.1,1102.9880794286987,262.28568866478844,0.0,1.0,0.0,0.0,2.0
26161,0.0002736750270471874,0.059113805842192474,1.0,0.1,1103.3981982109776,266.6480011771437,0.0,1.0,0.0,0.0,2.0
26162,0.000810439981862153,0.17505503608222506,0.0,0.1,1100.242393844939,268.75030080386347,0.0,1.0,0.0,0.0,2.0
26163,0.0007719641377917554,0.16674425376301918,0.0,0.1,1094.790433088241,269.7628393862808,0.0,1.0,0.0,0.0,2.0
26164,0.0005577570163739392,0.12047551553677087,0.0,0.1,1093.391504671932,276.1115597277486,0.0,1.0,0.0,0.0,2.0
26165,0.001533471440669102,0.331229831184526,0.0,0.1,1092.307382618341,275.6604455007742,0.0,1.0,0.0,0.0,2.0
26166,0.000781264899249776,0.16875321823795164,0.0,0.1,,,0.0,1.0,,,2.0
26167,0.0001908616853231786,0.04122612402980658,1.0,0.1,,,0.0,1.0,,,2.0
26168,0.0014870256213546334,0.32119753421260083,0.0,0.1,,,0.0,1.0,,,2.0
26169,0.0003937855932042685,0.085057688132122,1.0,0.1,,,0.0,1.0,,,2.0
26170,0.0003085789976142006,0.06665306348466733,1.0,0.1,,,0.0,1.0,,,2.0
26171,0.0005446503861830309,0.11764448341553468,0.0,0.1,,,0.0,1.0,,,2.0
26172,7.141060850040344e-05,0.015424691436087145,1.0,0.1,,,0.0,1.0,,,2.0
26173,0.00011532724093406515,0.024910684041758075,1.0,0.1,,,0.0,1.0,,,2.0
26174,0.00012458972162302968,0.026911379870574414,1.0,0.1,,,0.0,1.0,,,2.0
26175,0.00036518467278711113,0.078879889322016,1.0,0.1,,,0.0,1.0,,,2.0
26176,0.00010293284670416794,0.022233494888100277,1.0,0.1,,,0.0,1.0,,,2.0
26177,0.00011184012599279156,0.02415746721444298,1.0,0.1,,,0.0,1.0,,,2.0
26178,0.00014398567191836826,0.031100905134367543,1.0,0.1,,,0.0,1.0,,,2.0
26179,0.00017900685089271618,0.038665479792826696,1.0,0.1,,,0.0,1.0,,,2.0
26180,0.000275317447145677,0.05946856858346623,1.0,0.1,,,0.0,1.0,,,2.0
26181,0.00010461230461096805,0.0225962577959691,1.0,0.1,,,0.0,1.0,,,2.0
26182,0.0002303369984005923,0.049752791654527936,1.0,0.1,,,0.0,1.0,,,2.0
26183,0.0008066263902492283,0.17423130029383332,0.0,0.1,,,0.0,1.0,,,2.0
26184,0.00016131285129350562,0.034843575879397216,1.0,0.1,,,0.0,1.0,,,2.0
26185,5.957159305028362e-05,0.012867464098861263,1.0,0.1,,,0.0,1.0,,,2.0
26186,6.974036366317648e-05,0.015063918551246122,1.0,0.1,,,0.0,1.0,,,2.0
26187,0.0001069303842068307,0.023096962988675432,1.0,0.1,,,0.0,1.0,,,2.0
26188,6.468864097371557e-05,0.013972746450322563,1.0,0.1,,,0.0,1.0,,,2.0
26189,1.346023241994933e-05,0.0029074102027090553,1.0,0.1,,,0.0,1.0,,,2.0
26190,0.00012215371315165628,0.026385202040757758,1.0,0.1,,,0.0,1.0,,,2.0
26191,5.536156497810441e-05,0.011958098035270552,1.0,0.1,,,0.0,1.0,,,2.0
26192,7.88389241909152e-05,0.017029207625237686,1.0,0.1,,,0.0,1.0,,,2.0
26193,8.856101158281883e-05,0.019129178501888867,1.0,0.1,,,0.0,1.0,,,2.0
26194,7.87648406135475e-05,0.01701320557252626,1.0,0.1,,,0.0,1.0,,,2.0
26195,0.00017297897941669072,0.0373634595540052,1.0,0.1,,,0.0,1.0,,,2.0
26196,8.015999903906949e-05,0.01731455979243901,1.0,0.1,,,0.0,1.0,,,2.0
26197,2.9813957128595077e-05,0.006439814739776536,1.0,0.1,,,0.0,1.0,,,2.0
26198,0.00018823374309987737,0.04065848850957351,1.0,0.1,,,0.0,1.0,,,2.0
26199,0.00019009261067507826,0.041060003905816905,1.0,0.1,,,0.0,1.0,,,2.0
26200,0.00020076537305391032,0.04336532057964463,1.0,0.1,,,0.0,1.0,,,2.0
26201,0.0005251243112867224,0.11342685123793204,0.0,0.1,,,0.0,1.0,,,2.0
26202,0.0005341394139416036,0.11537411341138638,0.0,0.1,,,0.0,1.0,,,2.0
26203,0.0010898481571391062,0.23540720194204698,0.0,0.1,1084.347722641916,261.17515394839677,0.0,1.0,0.0,0.0,2.0
26204,0.00020865448046390175,0.045069367780202776,1.0,0.1,1082.0924560885292,254.21872423171277,0.0,1.0,0.0,0.0,2.0
26205,0.0008254190716100369,0.17829051946776797,0.0,0.1,1080.8334973554565,252.54938480396532,0.0,1.0,0.0,0.0,2.0
26206,0.00017766574389437633,0.03837580068118529,1.0,0.1,1078.4230835610774,247.8664445471288,0.0,1.0,0.0,0.0,2.0
26207,0.0006427409805991272,0.1388320518094115,0.0,0.1,1076.056579819318,241.7558650269874,0.0,1.0,0.0,0.0,2.0
26208,0.00021527998957339474,0.046500477747853264,1.0,0.1,1071.8225711918299,233.1212439298082,0.0,1.0,0.0,0.0,2.0
26209,0.0002419692489303427,0.052265357768954024,1.0,0.1,1068.993651400345,228.3521105088553,0.0,1.0,0.0,0.0,2.0
26210,0.0014193947917735302,0.30658927502308253,0.0,0.1,1067.6324022714746,225.84940256299072,0.0,1.0,0.0,0.0,2.0
26211,0.0019020459379724944,0.4108419226020588,0.0,0.1,1058.7653607243003,215.0099865100505,0.0,1.0,0.0,0.0,2.0
26212,0.000996719118273288,0.2152913295470302,0.0,0.1,1041.9646521440266,194.37410491334265,0.0,1.0,0.0,0.0,2.0
26213,0.0005057635150256605,0.10924491924554267,0.0,0.1,1034.2597481571643,184.72561238968774,0.0,1.0,0.0,0.0,2.0
26214,0.0004902162247982054,0.10588670455641236,0.0,0.1,1031.0444895701298,181.3821532532133,0.0,1.0,0.0,0.0,2.0
26215,0.00196642622503049,0.4247480646065859,0.0,0.1,1024.4760475393102,173.79735748947164,0.0,1.0,0.0,0.0,2.0
26216,0.002125878339676281,0.45918972137007674,0.0,0.1,1017.2862173794986,167.69938575575884,0.0,1.0,0.0,0.0,2.0
26217,0.0016390676390532085,0.3540386100354931,0.0,0.1,1013.9897081279809,165.20101399806407,0.0,1.0,0.0,0.0,2.0
26218,0.0002618722899603462,0.05656441463143479,1.0,0.1,1011.3082645143213,164.24746445379844,0.0,1.0,0.0,0.0,2.0
26219,0.00032944622530302884,0.07116038466545424,1.0,0.1,1011.3314046632004,164.95084367954246,0.0,1.0,0.0,0.0,2.0
26220,0.0007453236611384425,0.16098991080590358,0.0,0.1,1010.4812483446708,163.30238369243713,0.0,1.0,0.0,0.0,2.0
26221,0.000571988391993053,0.12354949267049944,0.0,0.1,1000.9811319495506,151.13761401309984,0.0,1.0,0.0,0.0,2.0
26222,,,,0.1,986.7314477280304,134.11305317963357,0.0,1.0,0.0,0.0,2.0
26223,,,,0.1,980.7695878441823,126.26761230510832,,,0.0,0.0,2.0
26224,0.0008910775188385087,0.19247274406911788,0.0,0.1,966.7488216766238,109.14941905322112,0.0,1.0,0.0,0.0,2.0
26225,,,,0.1,959.7012955406367,99.36799963137784,0.0,1.0,0.0,0.0,2.0
26226,,,,0.1,959.0036005241287,95.49000268214684,,,0.0,0.0,2.0
26227,0.0009494057602245481,0.20507164420850238,0.0,0.1,955.4375054083524,88.48318079306418,0.0,1.0,0.0,0.0,2.0
26228,0.0031703491185521146,0.6847954096072567,0.0,0.1,952.0894777037189,84.06072189584762,0.0,1.0,0.0,0.0,2.0
26229,0.002624589996718484,0.5669114392911926,0.0,0.1,943.0619891501517,75.20864969871491,0.0,1.0,0.0,0.0,2.0
26230,0.0017374595227705645,0.37529125691844195,0.0,0.1,935.1873587588923,68.93338170424003,0.0,1.0,0.0,1.0,2.0
26231,0.0012442490869288539,0.26875780277663247,0.0,0.1,930.9982647364664,65.29819928088578,0.0,1.0,0.0,1.0,2.0
26232,0.0009339451150293516,0.20173214484633997,0.0,0.1,926.0615549396575,61.9943862032666,0.0,1.0,0.0,1.0,2.0
26233,0.0003079245879115679,0.06651171098889867,1.0,0.1,917.6875048082189,57.6438748642269,0.0,1.0,0.0,1.0,2.0
26234,0.0004213436062009442,0.09101021893940396,1.0,0.1,,,0.0,1.0,,,2.0
26235,0.00022724102689959013,0.04908406181031147,1.0,0.1,893.8278098793181,52.23802925188285,0.0,1.0,0.0,1.0,2.0
26236,0.00020294530379856798,0.043836185620490686,1.0,0.1,887.8569200710244,50.11473034196733,0.0,1.0,0.0,1.0,2.0
26237,0.001181853155737251,0.25528028163924626,0.0,0.1,886.800633638592,50.302311952009966,0.0,1.0,0.0,1.0,2.0
26238,0.00033855926687015325,0.0731288016439531,1.0,0.1,883.3494121503534,52.25996614924464,0.0,1.0,0.0,1.0,2.0
26239,0.000874140896846186,0.18881443371877618,0.0,0.1,875.0416923211667,58.724460359067685,0.0,1.0,0.0,1.0,2.0
26240,0.0002514711824450603,0.05431777540813303,1.0,0.1,870.0955603882678,61.51274100285314,0.0,1.0,0.0,1.0,2.0
26241,0.0011655902750644508,0.25176749941392135,0.0,0.1,867.945118132316,61.487571822239076,0.0,1.0,0.0,1.0,2.0
26242,0.0012298673671029786,0.2656513512942434,0.0,0.1,869.8861785096976,61.554270416586796,0.0,1.0,0.0,1.0,2.0
26243,0.0008597767808375728,0.18571178466091573,0.0,0.1,872.6779632742248,60.86277413054434,0.0,1.0,0.0,1.0,2.0
26244,0.0008070700356173059,0.17432712769333808,0.0,0.1,871.5506195139749,58.7532857399972,0.0,1.0,0.0,1.0,2.0
26245,0.00017820381558467249,0.03849202416628926,1.0,0.1,868.6479194357241,61.72952430358429,0.0,1.0,0.0,1.0,2.0
26246,0.0006225703848176179,0.13447520312060546,0.0,0.1,867.008688845452,61.95089931185142,0.0,1.0,0.0,1.0,2.0
26247,0.0009356435340641547,0.2020990033578574,0.0,0.1,863.9743909241265,62.40400246876702,0.0,1.0,0.0,1.0,2.0
26248,0.0005907307260724451,0.12759783683164816,0.0,0.1,864.9164372291306,61.846401274026526,0.0,1.0,0.0,1.0,2.0
26249,2.218189453794958e-05,0.0047912892201971095,1.0,0.1,870.2553052484803,59.572502759378516,0.0,1.0,0.0,1.0,2.0
26250,0.0006778917649952389,0.14642462123897163,0.0,0.1,872.8334202825874,60.95919818714787,0.0,1.0,0.0,1.0,2.0
26251,0.0015019885476038597,0.3244295262824337,0.0,0.1,873.3111079888877,65.14783355858044,0.0,1.0,0.0,1.0,2.0
26252,0.0008591473111362225,0.18557581920542407,0.0,0.1,870.9998693053526,62.62252271641245,0.0,1.0,0.0,1.0,2.0
26253,0.0008655667356550423,0.18696241490148915,0.0,0.1,867.5588716274616,61.455520814295014,0.0,1.0,0.0,1.0,2.0
26254,0.00014912724714718118,0.032211485383791136,1.0,0.1,860.1960218127906,64.55021890507847,0.0,1.0,0.0,1.0,2.0
26255,0.0013039503635258354,0.28165327852158045,0.0,0.1,857.8203575881373,64.74609344632017,0.0,1.0,0.0,1.0,2.0
26256,0.0012801067926579473,0.27650306721411666,0.0,0.1,856.0865428428068,69.36287009683465,0.0,1.0,0.0,1.0,2.0
26257,0.0015754993299073282,0.3403078552599829,0.0,0.1,856.2879584890183,68.87530716663244,0.0,1.0,0.0,1.0,2.0
26258,0.00045844275403296534,0.09902363487112052,1.0,0.1,853.0970590088497,68.1692589847629,0.0,1.0,0.0,1.0,2.0
26259,0.001100363242894034,0.23767846046511132,0.0,0.1,852.6854009839516,68.37269945530677,0.0,1.0,0.0,1.0,2.0
26260,0.0009763321047039542,0.21088773461605412,0.0,0.1,852.0503776021903,68.76823456954789,0.0,1.0,0.0,1.0,2.0
26261,0.0004008244882364829,0.08657808945908031,1.0,0.1,850.5066164674436,69.26381493229248,0.0,1.0,0.0,1.0,2.0
26262,0.0003508469180669443,0.07578293430245996,1.0,0.1,850.8225787946533,68.77614371004675,0.0,1.0,0.0,1.0,2.0
26263,0.0003722854619821776,0.08041365978815036,1.0,0.1,855.6218500453455,68.45608897359253,0.0,1.0,0.0,1.0,2.0
26264,0.00010355029351721453,0.02236686339971834,1.0,0.1,856.3135724056557,68.7448629398008,0.0,1.0,0.0,1.0,2.0
26265,0.00010243722434114132,0.022126440457686525,1.0,0.1,854.076277817485,69.13808558105625,0.0,1.0,0.0,1.0,2.0
26266,0.00022163483669125384,0.047873124725310835,1.0,0.1,853.2742342539843,69.27956995362159,0.0,1.0,0.0,1.0,2.0
26267,0.0001697104922460428,0.036657466325145244,1.0,0.1,858.4689878888565,68.3846484328901,0.0,1.0,0.0,1.0,2.0
26268,0.00014587561827399839,0.03150913354718365,1.0,0.1,858.9984305341798,68.40107591944246,0.0,1.0,0.0,1.0,2.0
26269,0.00021229896793993668,0.04585657707502632,1.0,0.1,857.6636260264852,68.45106478692603,0.0,1.0,0.0,1.0,2.0
26270,0.00012945474338094256,0.027962224570283595,1.0,0.1,855.2865823438606,69.8824663618502,0.0,1.0,0.0,0.0,2.0
26271,0.00014559968180097462,0.03144953126901052,1.0,0.1,852.7719452923242,69.45041980109312,0.0,1.0,0.0,1.0,2.0
26272,4.005474662347217e-05,0.008651825270669988,1.0,0.1,851.7176752809318,70.56082014607527,0.0,1.0,0.0,0.0,2.0
26273,0.0003039690936785529,0.06565732423456742,1.0,0.1,852.7246558905856,70.11854856028138,0.0,1.0,0.0,0.0,2.0
26274,0.00013005525747228783,0.02809193561401417,1.0,0.1,851.1537411522519,70.94390068725139,0.0,1.0,0.0,0.0,2.0
26275,0.00047085286979086293,0.10170421987482639,0.0,0.1,848.2415768519506,71.13096753798827,0.0,1.0,0.0,0.0,2.0
26276,9.689074554719257e-05,0.020928401038193597,1.0,0.1,845.8652417067224,71.93774581454662,0.0,1.0,0.0,0.0,2.0
26277,0.0003629561706258606,0.07839853285518589,1.0,0.1,845.8341146598519,71.36212353910776,0.0,1.0,0.0,0.0,2.0
26278,0.0007379123167137643,0.1593890604101731,0.0,0.1,843.2258059254553,73.98243475840147,0.0,1.0,0.0,0.0,2.0
26279,1.4442703743049627e-05,0.0031196240084987196,1.0,0.1,838.4873170713787,77.51202903750432,0.0,1.0,0.0,0.0,2.0
26280,0.0012185240974235112,0.26320120504347844,0.0,0.1,,,0.0,1.0,,,2.0
26281,0.0003651685555510802,0.07887640799903334,1.0,0.1,,,0.0,1.0,,,2.0
26282,5.2725013184839485e-05,0.011388602847925328,1.0,0.1,,,0.0,1.0,,,2.0
26283,0.0002907550375484277,0.06280308811046038,1.0,0.1,,,0.0,1.0,,,2.0
26284,0.0005283317295330009,0.11411965357912819,0.0,0.1,843.7542935938314,71.29555558535743,0.0,1.0,0.0,0.0,2.0
26285,0.00014162108287437197,0.030590153900864347,1.0,0.1,,,0.0,1.0,,,2.0
26286,9.568450794586935e-05,0.02066785371630778,1.0,0.1,843.3531715352291,71.78687452719744,0.0,1.0,0.0,0.0,2.0
26287,0.00035294887981984156,0.07623695804108578,1.0,0.1,843.3104083840091,73.06503374179081,0.0,1.0,0.0,0.0,2.0
26288,0.0001952244238068071,0.04216847554227034,1.0,0.1,842.8897621987629,75.37862322391874,0.0,1.0,0.0,0.0,2.0
26289,0.0002086084436154102,0.045059423820928604,1.0,0.1,849.8093628282518,74.03930889878889,0.0,1.0,0.0,0.0,2.0
26290,0.00031810699193381793,0.06871111025770467,1.0,0.1,854.9343990325482,73.81348944470403,0.0,1.0,0.0,0.0,2.0
26291,0.0011928427730264826,0.25765403897372025,0.0,0.1,856.4721179161854,72.8313941581167,0.0,1.0,0.0,0.0,2.0
26292,0.0003753714462597045,0.08108023239209616,1.0,0.1,857.6690229355569,71.7859280532505,0.0,1.0,0.0,0.0,2.0
26293,0.00031058212291485923,0.0670857385496096,1.0,0.1,857.7095351601172,72.69520173881739,0.0,1.0,0.0,0.0,2.0
26294,0.00016308187481480158,0.035225684959997144,1.0,0.1,862.0974673124751,72.77271905824425,0.0,1.0,0.0,0.0,2.0
26295,0.00027010442654885517,0.05834255613455271,1.0,0.1,864.6215092893393,73.59505329509301,0.0,1.0,0.0,0.0,2.0
26296,0.00027417541957806965,0.05922189062886304,1.0,0.1,864.9576853770568,74.21573689892251,0.0,1.0,0.0,0.0,2.0
26297,0.0005875728161262406,0.12691572828326797,0.0,0.1,865.3243226715426,72.65694771964888,0.0,1.0,0.0,0.0,2.0
26298,0.00021617682202439744,0.04669419355726985,1.0,0.1,862.1900113727096,70.72520208807003,0.0,1.0,0.0,0.0,2.0
26299,0.0002398718162173183,0.051812312302940755,1.0,0.1,,,0.0,1.0,,,2.0
26300,0.0003352194638401131,0.07240740418946444,1.0,0.1,,,0.0,1.0,,,2.0
26301,0.00046781204355556596,0.10104740140800225,0.0,0.1,,,0.0,1.0,,,2.0
26302,0.0009281387321545614,0.20047796614538527,0.0,0.1,,,0.0,1.0,,,2.0
26303,0.0010174489877806156,0.21976898136061299,0.0,0.1,,,0.0,1.0,,,2.0
26304,0.00027324846341928864,0.05902166809856635,1.0,0.1,,,0.0,1.0,,,2.0
26305,0.000378063897121954,0.08166180177834208,1.0,0.1,852.1376450117126,74.80398349682177,0.0,1.0,0.0,0.0,2.0
26306,6.966457263353372e-05,0.015047547688843282,1.0,0.1,,,0.0,1.0,,,2.0
26307,0.00025305772545916404,0.05466046869917943,1.0,0.1,851.7441856298615,72.38683793302214,0.0,1.0,0.0,0.0,2.0
26308,0.00033009242334010167,0.07129996344146197,1.0,0.1,850.2994062119428,72.8051748013841,0.0,1.0,0.0,0.0,2.0
26309,0.0005474427489189136,0.11824763376648535,0.0,0.1,849.2125049120165,73.75006231612466,0.0,1.0,0.0,0.0,2.0
26310,0.00019720517724749082,0.04259631828545802,1.0,0.1,848.5398664476409,75.71746600472345,0.0,1.0,0.0,0.0,2.0
26311,0.0003862275411709993,0.08342514889293585,1.0,0.1,851.5005288196729,73.30223198188693,0.0,1.0,0.0,0.0,2.0
26312,0.00020415003281570857,0.04409640708819305,1.0,0.1,851.2912544271281,72.65293417983523,0.0,1.0,0.0,0.0,2.0
26313,0.00015638115315525034,0.033778329081534074,1.0,0.1,849.9584149555649,72.65341033605912,0.0,1.0,0.0,0.0,2.0
26314,0.0010207352901476438,0.22047882267189106,0.0,0.1,,,0.0,1.0,,,2.0
26315,0.0005926775219445072,0.12801834474001356,0.0,0.1,843.1744668223829,76.6214715464562,0.0,1.0,0.0,0.0,2.0
26316,0.0001307233303284837,0.02823623935095248,1.0,0.1,837.8185350686012,80.57817150284389,0.0,1.0,0.0,0.0,2.0
26317,8.079558870959864e-05,0.017451847161273307,1.0,0.1,828.272848074794,86.91590342983002,0.0,1.0,0.0,0.0,2.0
26318,0.0002794024783052315,0.060350935313930015,1.0,0.1,825.2000757586746,88.56549142249294,0.0,1.0,0.0,0.0,2.0
26319,0.0016527895382512387,0.3570025402622676,0.0,0.1,821.4494336373398,90.93023206994062,0.0,1.0,0.0,0.0,2.0
26320,0.0006863160491739717,0.14824426662157789,0.0,0.1,814.8399873967772,93.53872736886184,0.0,1.0,0.0,0.0,2.0
26321,8.56115650145366e-05,0.018492098043139907,1.0,0.1,810.2755148464671,94.24046161728414,0.0,1.0,0.0,0.0,2.0
26322,0.00020463932738288787,0.04420209471470378,1.0,0.1,808.1094627877085,94.50395713842309,0.0,1.0,0.0,0.0,2.0
26323,0.001162566188435619,0.25111429670209373,0.0,0.1,806.184673819988,92.10857652199995,0.0,1.0,0.0,0.0,2.0
26324,0.0001932832295025857,0.04174917757255851,1.0,0.1,802.0951359974183,94.02799445277718,0.0,1.0,0.0,0.0,2.0
26325,0.0004133781743382951,0.08928968565707174,1.0,0.1,799.8764615286237,95.2778834772269,0.0,1.0,0.0,0.0,2.0
26326,0.0005315363519493035,0.11481185202104954,0.0,0.1,795.6572038272242,97.02762099290983,0.0,1.0,0.0,0.0,2.0
26327,0.0014911855723185581,0.32209608362080855,0.0,0.1,793.9513964134702,97.82263785262197,0.0,1.0,0.0,0.0,2.0
26328,,,,0.1,791.3951073474084,99.23036975036871,0.0,1.0,0.0,0.0,2.0
26329,,,,0.1,790.441434425417,99.27155401417787,,,0.0,0.0,2.0
26330,,,,0.1,786.6306141306527,105.85638734819138,,,0.0,0.0,2.0
26331,,,,0.1,785.2417637524543,108.00414488775472,,,0.0,0.0,2.0
26332,0.0002330358055803334,0.05033573400535202,1.0,0.1,782.030674272796,112.67249434635109,0.0,1.0,0.0,0.0,2.0
26333,0.001387342732751545,0.2996660302743337,0.0,0.1,780.3974088039841,116.91117197901187,0.0,1.0,0.0,0.0,2.0
26334,8.146825211950331e-05,0.017597142457812714,1.0,0.1,777.5454198072043,122.87555655357814,0.0,1.0,0.0,0.0,2.0
26335,8.604828271705692e-05,0.018586429066884295,1.0,0.1,774.9050127906817,127.45934348347411,0.0,1.0,0.0,0.0,2.0
26336,0.0003513711544338534,0.07589616935771235,1.0,0.1,773.299074957713,129.5792775877936,0.0,1.0,0.0,0.0,2.0
26337,0.00039688638670206387,0.08572745952764581,1.0,0.1,772.9166440304182,133.08109873145128,0.0,1.0,0.0,0.0,2.0
26338,0.0003134744547304403,0.06771048222177511,1.0,0.1,772.4036957006202,134.43200455335486,0.0,1.0,0.0,0.0,2.0
26339,0.0006609432474524997,0.14276374144973994,0.0,0.1,773.38963783903,136.57832320898234,0.0,1.0,0.0,0.0,2.0
26340,0.00030445453309823494,0.06576217914921875,1.0,0.1,772.4060677707586,140.3903702969886,0.0,1.0,0.0,0.0,2.0
26341,,,,0.1,770.7583045463965,146.13665627613605,0.0,1.0,0.0,0.0,2.0
26342,,,,0.1,770.6468008253777,153.53228352424978,,,0.0,0.0,2.0
26343,,,,0.1,772.0369401615912,160.36098640479358,,,0.0,0.0,2.0
26344,,,,0.1,774.850546346895,166.97352701421468,,,0.0,0.0,2.0
26345,0.0005840763402873747,0.12616048950207295,0.0,0.1,776.947038363642,169.48108795008426,0.0,1.0,0.0,0.0,2.0
26346,0.0010070062569196784,0.21751335149465056,0.0,0.1,781.4362945122416,170.6797194154237,0.0,1.0,0.0,0.0,2.0
26347,0.0005548302263932861,0.11984332890094983,0.0,0.1,786.8864248723714,176.59742751732747,0.0,1.0,0.0,0.0,2.0
26348,0.0005012818459813479,0.10827687873197116,0.0,0.1,788.026102510962,183.57627951821863,0.0,1.0,0.0,0.0,2.0
26349,0.0010352609404363753,0.22361636313425706,0.0,0.1,787.9375186631474,187.60606246292352,0.0,1.0,0.0,0.0,2.0
26350,0.000981656006347538,0.2120376973710682,0.0,0.1,787.786068347508,194.7366857145794,0.0,1.0,0.0,0.0,2.0
26351,0.0009424024779318359,0.20355893523327653,0.0,0.1,785.1047984122666,198.88345294758025,0.0,1.0,0.0,0.0,2.0
26352,0.0009038703263661166,0.1952359904950812,0.0,0.1,782.5392594434211,203.54545815210554,0.0,1.0,0.0,0.0,2.0
26353,0.0007566057333787413,0.16342683840980812,0.0,0.1,781.4022868759722,211.31562837280399,0.0,1.0,0.0,0.0,2.0
26354,0.0013909544936109145,0.30044617061995754,0.0,0.1,781.977865082078,215.8077078047827,0.0,1.0,0.0,0.0,2.0
26355,0.0011906557675158218,0.25718164578341757,0.0,0.1,784.5397028852875,222.23530425974766,0.0,1.0,0.0,0.0,2.0
26356,0.0006880992283928009,0.148629433332845,0.0,0.1,785.9296886324574,225.01020228887342,0.0,1.0,0.0,0.0,2.0
26357,0.00027098161271682183,0.05853202834683352,1.0,0.1,783.0562189926757,229.95215366199662,0.0,1.0,0.0,0.0,2.0
26358,0.000762983076028132,0.1648043444220765,0.0,0.1,780.9630158452352,234.69173638362227,0.0,1.0,0.0,0.0,2.0
26359,0.0008711198650142216,0.18816189084307186,0.0,0.1,774.7118379757306,242.34013708964636,0.0,1.0,0.0,0.0,2.0
26360,0.0012051852725146906,0.2603200188631732,0.0,0.1,772.7676961321491,248.91972961002455,0.0,1.0,0.0,0.0,2.0
26361,0.0021068517458218156,0.4550799770975122,0.0,0.1,768.1853350083717,256.3556910592382,0.0,1.0,0.0,0.0,2.0
26362,0.0006017561604836014,0.1299793306644579,0.0,0.1,764.6659902455592,262.4818547497022,0.0,1.0,0.0,0.0,2.0
26363,0.0013353608343002132,0.28843794020884606,0.0,0.1,761.9355840647673,266.7899172977971,0.0,1.0,0.0,0.0,2.0
26364,0.0018618388845331767,0.4021571990591662,0.0,0.1,751.3179217887526,278.14783494669007,0.0,1.0,0.0,0.0,2.0
26365,0.002312781785165259,0.49956086559569596,0.0,0.1,745.6442754628387,288.3210958414635,0.0,1.0,0.0,0.0,2.0
26366,0.00021200479461425968,0.04579303563668009,1.0,0.1,737.2143441766362,296.55115739000826,0.0,1.0,0.0,0.0,2.0
26367,0.0016884849965197145,0.36471275924825836,0.0,0.1,736.9185165302725,297.74055028249325,0.0,1.0,0.0,0.0,2.0
26368,0.0008083283704006682,0.17459892800654433,0.0,0.1,730.8600034306846,299.91595775485075,0.0,1.0,0.0,0.0,2.0
26369,0.0012580431529945865,0.2717373210468307,0.0,0.1,720.9664764353774,301.33018813194684,0.0,1.0,0.0,0.0,2.0
26370,0.002446235469044235,0.5283868613135548,0.0,0.1,711.163901523303,304.3621679592431,0.0,1.0,0.0,0.0,2.0
26371,0.0012787869150197291,0.2762179736442615,0.0,0.1,702.7037455925687,306.03815733908556,0.0,1.0,0.0,0.0,2.0
26372,0.0025757687464702957,0.5563660492375839,0.0,0.1,700.5324923841495,306.6887553971396,0.0,1.0,0.0,0.0,2.0
26373,0.0020018155981946285,0.43239216921003976,0.0,0.1,697.3698439967903,313.8513152446979,0.0,1.0,0.0,0.0,2.0
26374,0.0021178675164989845,0.45745938356378063,0.0,0.1,695.155484511091,320.382748778723,0.0,1.0,0.0,0.0,2.0
26375,0.0021291202122296323,0.4598899658416005,0.0,0.1,703.6271562012649,324.65304396779266,0.0,1.0,0.0,0.0,2.0
26376,0.001710821969682972,0.36953754545152195,0.0,0.1,710.5783723145322,325.8331267695745,0.0,1.0,0.0,0.0,2.0
26377,0.0014229507060755276,0.30735735251231394,0.0,0.1,714.5317773393366,331.815405165608,0.0,1.0,0.0,0.0,2.0
26378,0.0005548903774104329,0.11985632152065351,0.0,0.1,715.4149055999629,333.35918248312856,0.0,1.0,0.0,0.0,2.0
26379,0.0007889465259464922,0.17041244960444232,0.0,0.1,717.739300570851,336.6291308117042,0.0,1.0,0.0,0.0,2.0
26380,0.0007391903059643829,0.1596651060883067,0.0,0.1,722.1984422470972,339.6223550161262,0.0,1.0,0.0,0.0,2.0
26381,0.0015805430242656951,0.3413972932413902,0.0,0.1,724.2479812249253,341.47244807515665,0.0,1.0,0.0,0.0,2.0
26382,0.0005535001412015709,0.1195560304995393,0.0,0.1,725.9217021099172,344.2268675480793,0.0,1.0,0.0,0.0,2.0
26383,0.00030139367823315725,0.06510103449836196,1.0,0.1,727.767086009154,344.9233507185731,0.0,1.0,0.0,0.0,2.0
26384,0.0005919621578874101,0.1278638261036806,0.0,0.1,733.5931100235613,338.4789812801852,0.0,1.0,0.0,0.0,2.0
26385,0.0006657437773396044,0.14380065590535454,0.0,0.1,735.9790946357832,336.01411293018316,0.0,1.0,0.0,0.0,2.0
26386,0.0008705331999874287,0.1880351711972846,0.0,0.1,738.9882637300705,334.4064565540329,0.0,1.0,0.0,0.0,2.0
26387,0.00146547183198218,0.3165419157081509,0.0,0.1,746.6575494157589,333.63651177926164,0.0,1.0,0.0,0.0,2.0
26388,0.0012413170206746356,0.26812447646572135,0.0,0.1,746.8394258162095,330.1510320206331,0.0,1.0,0.0,0.0,2.0
26389,0.00011484926117874057,0.024807440414607963,1.0,0.1,746.946812573891,325.6876485641829,0.0,1.0,0.0,0.0,2.0
26390,0.0008987296764674351,0.194125610116966,0.0,0.1,748.3379141315468,323.5623381931189,0.0,1.0,0.0,0.0,2.0
26391,3.864940331658435e-05,0.00834827111638222,1.0,0.1,750.1477370760654,323.5760111743891,0.0,1.0,0.0,0.0,2.0
26392,0.000334642866499717,0.07228285916393887,1.0,0.1,750.4095818514216,322.67487987538226,0.0,1.0,0.0,0.0,2.0
26393,0.00013880648839093804,0.029982201492442618,1.0,0.1,749.7073713760684,325.09168520551646,0.0,1.0,0.0,0.0,2.0
26394,0.00046110325838758014,0.0995983038117173,1.0,0.1,752.43608964409,327.58419840201475,0.0,1.0,0.0,0.0,2.0
26395,0.0007081800445534439,0.1529668896235439,0.0,0.1,755.3264500964069,330.81817663656705,0.0,1.0,0.0,0.0,2.0
26396,0.00017641000099796113,0.03810456021555961,1.0,0.1,756.4205718602227,332.93381833613046,0.0,1.0,0.0,0.0,2.0
26397,0.00020803611887436436,0.0449358016768627,1.0,0.1,754.2902906598374,333.56966413405837,0.0,1.0,0.0,0.0,2.0
26398,0.00010855397487435651,0.023447658572861005,1.0,0.1,750.8139777039795,337.3309791759412,0.0,1.0,0.0,0.0,2.0
26399,0.0008805763743319389,0.1902044968556988,0.0,0.1,749.8258387982011,339.3752905535288,0.0,1.0,0.0,0.0,2.0
26400,2.6060672777344314e-05,0.005629105319906372,1.0,0.1,747.8378514524254,344.2652367330582,0.0,1.0,0.0,0.0,2.0
26401,0.0002966020437646311,0.06406604145316033,1.0,0.1,747.8785856210174,346.7867027637956,0.0,1.0,0.0,0.0,2.0
26402,0.0002318470119226955,0.05007895457530223,1.0,0.1,757.2193489801739,344.6525325912455,0.0,1.0,0.0,0.0,2.0
26403,0.00014200028259053982,0.0306720610395566,1.0,0.1,760.797607634584,345.1916955021567,0.0,1.0,0.0,0.0,2.0
26404,9.62661630632175e-05,0.02079349122165498,1.0,0.1,768.9938423186776,341.4395250760392,0.0,1.0,0.0,0.0,2.0
26405,0.0001813780028396048,0.03917764861335464,1.0,0.1,775.7694108681736,340.7460785668447,0.0,1.0,0.0,0.0,2.0
26406,0.0005103406629906694,0.1102335832059846,0.0,0.1,780.3546366438561,340.48821075855494,0.0,1.0,0.0,0.0,2.0
26407,0.0001929467214976836,0.04167649184349966,1.0,0.1,780.1577285399356,340.8695927520899,0.0,1.0,0.0,0.0,2.0
26408,0.0001190651344190243,0.02571806903450925,1.0,0.1,780.728337972112,342.02409999507205,0.0,1.0,0.0,0.0,2.0
26409,0.0001326770801726626,0.028658249317295124,1.0,0.1,780.1919969670689,345.1625130268257,0.0,1.0,0.0,0.0,2.0
26410,0.0002534188986306737,0.05473848210422552,1.0,0.1,781.3349034362458,346.50230589952326,0.0,1.0,0.0,0.0,2.0
26411,5.3705162721655454e-05,0.011600315147877578,1.0,0.1,779.4966015656968,347.56157614619974,0.0,1.0,0.0,0.0,2.0
26412,0.0004094009258712332,0.08843059998818638,1.0,0.1,779.1522421423213,347.2786807445011,0.0,1.0,0.0,0.0,2.0
26413,0.000370306206678554,0.07998614064256766,1.0,0.1,776.5513734344117,349.6882617273668,0.0,1.0,0.0,0.0,2.0
26414,6.519362976818236e-05,0.01408182402992739,1.0,0.1,774.4387985120495,349.7096333821032,0.0,1.0,0.0,0.0,2.0
26415,0.00010723706790547373,0.023163206667582325,1.0,0.1,772.3793906544386,350.4793640138581,0.0,1.0,0.0,0.0,2.0
26416,0.0010041234527120553,0.21689066578580396,0.0,0.1,769.1555939213695,350.7779776180797,0.0,1.0,0.0,0.0,2.0
26417,0.0002456592695084384,0.0530624022138227,1.0,0.1,768.7200377259109,350.39642499830194,0.0,1.0,0.0,0.0,2.0
26418,2.6075104015465004e-05,0.005632222467340441,1.0,0.1,765.1494163470842,351.6254682859967,0.0,1.0,0.0,0.0,2.0
26419,0.000736034333551492,0.15898341604712227,0.0,0.1,765.0638317498452,351.7100254464672,0.0,1.0,0.0,0.0,2.0
26420,4.3361630681645506e-05,0.00936611222723543,1.0,0.1,765.5964397335447,354.05757106290343,0.0,1.0,0.0,0.0,2.0
26421,0.0007171233765890088,0.15489864934322592,0.0,0.1,764.0907880966448,354.9742854244805,0.0,1.0,0.0,0.0,2.0
26422,0.0002898441817299334,0.06260634325366561,1.0,0.1,759.4782886729612,355.66982746283264,0.0,1.0,0.0,0.0,2.0
26423,0.00039110629579593495,0.08447895989192195,1.0,0.1,758.2009010986116,357.89799892894627,0.0,1.0,0.0,0.0,2.0
26424,0.00040823118822505425,0.08817793665661172,1.0,0.1,750.7230541545786,360.69434494126745,0.0,1.0,0.0,0.0,2.0
26425,0.00027182103677307346,0.058713343942983866,1.0,0.1,748.3170972108608,364.25868027436053,0.0,1.0,0.0,0.0,2.0
26426,0.00040385479950710444,0.08723263669353457,1.0,0.1,747.8030478259609,364.9085479564375,0.0,1.0,0.0,0.0,2.0
26427,0.0002823875736897181,0.06099571591697911,1.0,0.1,744.2666933840749,369.20093438147006,0.0,1.0,0.0,0.0,2.0
26428,0.0005416165248461629,0.11698916936677119,0.0,0.1,745.1797764001946,368.4854180573586,0.0,1.0,0.0,0.0,2.0
26429,0.0002879255895367373,0.062191927339935255,1.0,0.1,747.4616423607941,364.82342524856654,0.0,1.0,0.0,0.0,2.0
26430,0.00024075985407197986,0.05200412847954765,1.0,0.1,748.1443242363101,363.7879936449977,0.0,1.0,0.0,0.0,2.0
26431,0.0002991444210867857,0.06461519495474571,1.0,0.1,747.9807219811261,356.7441583136798,0.0,1.0,0.0,0.0,2.0
26432,0.00030009354746157594,0.06482020625170042,1.0,0.1,751.1697942641374,354.6744921072861,0.0,1.0,0.0,0.0,2.0
26433,0.00037198465932536894,0.0803486864142797,1.0,0.1,753.4136730239501,355.44845759708,0.0,1.0,0.0,0.0,2.0
26434,8.372973632506055e-05,0.018085623046213077,1.0,0.1,753.6677511431805,355.3678526299502,0.0,1.0,0.0,0.0,2.0
26435,0.00040878981891497994,0.08829860088563567,1.0,0.1,755.4474881909746,356.1283390367404,0.0,1.0,0.0,0.0,2.0
26436,0.0007338365903579242,0.15850870351731164,0.0,0.1,754.4215612993975,356.8094683836981,0.0,1.0,0.0,0.0,2.0
26437,0.00020594651411115971,0.0444844470480105,1.0,0.1,753.3504844259136,354.53575839677364,0.0,1.0,0.0,0.0,2.0
26438,0.0004534079005402947,0.09793610651670366,1.0,0.1,752.9403831387682,354.78470767290366,0.0,1.0,0.0,0.0,2.0
26439,0.0002964562854328437,0.06403455765349425,1.0,0.1,753.1805463622583,354.5311220045949,0.0,1.0,0.0,0.0,2.0
26440,0.0002991667172528792,0.0646200109266219,1.0,0.1,753.2738012018452,354.82398010456285,0.0,1.0,0.0,0.0,2.0
26441,0.0005576045382488507,0.12044258026175175,0.0,0.1,749.5857664318091,355.318961390715,0.0,1.0,0.0,0.0,2.0
26442,5.5714957887108305e-05,0.012034430903615395,1.0,0.1,748.0808699894003,358.00405451176294,0.0,1.0,0.0,0.0,2.0
26443,0.00030705355707999905,0.0663235683292798,1.0,0.1,749.9389466773586,362.42037516010373,0.0,1.0,0.0,0.0,2.0
26444,0.00015143480805266204,0.03270991853937501,1.0,0.1,748.8171972693304,362.95510755016716,0.0,1.0,0.0,0.0,2.0
26445,8.381015791032674e-05,0.018102994108630577,1.0,0.1,748.1392565880041,365.834717690478,0.0,1.0,0.0,0.0,2.0
26446,0.000212500609814847,0.04590013172000695,1.0,0.1,747.33263130089,367.86619430126075,0.0,1.0,0.0,0.0,2.0
26447,0.0002007588752039595,0.043363917044055254,1.0,0.1,747.3789874716012,368.4716830851652,0.0,1.0,0.0,0.0,2.0
26448,0.00022336394298576594,0.048246611684925444,1.0,0.1,746.5838086716861,368.3111735288219,0.0,1.0,0.0,0.0,2.0
26449,0.00013595675172144481,0.029366658371832083,1.0,0.1,747.6163681244338,368.35393860217647,0.0,1.0,0.0,0.0,2.0
26450,0.0001831915848732716,0.03956938233262667,1.0,0.1,747.1588455777953,368.31351725089047,0.0,1.0,0.0,0.0,2.0
26451,0.0005269572506215691,0.11382276613425893,0.0,0.1,745.0681428647816,369.5643445264396,0.0,1.0,0.0,0.0,2.0
26452,0.000188784833250795,0.040777523982171715,1.0,0.1,745.2989890171922,370.7272710373016,0.0,1.0,0.0,0.0,2.0
26453,0.0001448869796447397,0.03129558760326377,1.0,0.1,744.9529544581937,370.5671396259043,0.0,1.0,0.0,0.0,2.0
26454,0.0001487701116542939,0.03213434411732749,1.0,0.1,745.9693790413847,369.70186680297667,0.0,1.0,0.0,0.0,2.0
26455,0.000204071491386546,0.044079442139493934,1.0,0.1,745.2663783869834,370.8494011265445,0.0,1.0,0.0,0.0,2.0
26456,0.00016630678161245067,0.03592226482828934,1.0,0.1,744.030764371273,372.8759526085495,0.0,1.0,0.0,0.0,2.0
26457,0.00026831197185172504,0.05795538591997261,1.0,0.1,744.4090660357213,372.122286978219,0.0,1.0,0.0,0.0,2.0
26458,0.00019865266035634093,0.042908974636969646,1.0,0.1,742.8780379672023,372.7685666386868,0.0,1.0,0.0,0.0,2.0
26459,0.0006996417365957134,0.1511226151046741,0.0,0.1,743.0778947882368,372.3779758314784,0.0,1.0,0.0,0.0,2.0
26460,0.000400199979932381,0.0864431956653943,1.0,0.1,745.9781943709934,366.9472537868753,0.0,1.0,0.0,0.0,2.0
26461,0.00014744978653726562,0.03184915389204938,1.0,0.1,745.5649824777469,361.98084847974354,0.0,1.0,0.0,0.0,2.0
26462,0.00013448428208840923,0.029048604931096393,1.0,0.1,747.9267999808336,359.08117715737757,0.0,1.0,0.0,0.0,2.0
26463,1.8610102705650757e-05,0.004019782184420563,1.0,0.1,745.1971692586487,358.2381394474433,0.0,1.0,0.0,0.0,2.0
26464,5.468179373811484e-05,0.011811267447432806,1.0,0.1,744.8067497725963,357.2533176972112,0.0,1.0,0.0,0.0,2.0
26465,0.0006835371548475125,0.1476440254470627,0.0,0.1,746.4962500848129,353.5684610202944,0.0,1.0,0.0,0.0,2.0
26466,0.00012060838188537445,0.026051410487240884,1.0,0.1,747.9228921952661,353.50265324884674,0.0,1.0,0.0,0.0,2.0
26467,0.0006877957985011731,0.1485638924762534,0.0,0.1,747.9177831477676,353.83914222954036,0.0,1.0,0.0,0.0,2.0
26468,0.0002270399984600429,0.04904063966736927,1.0,0.1,746.6623841356925,357.04037648177797,0.0,1.0,0.0,0.0,2.0
26469,0.00013962896221182087,0.03015985583775331,1.0,0.1,749.0802535014967,359.7650958641556,0.0,1.0,0.0,0.0,2.0
26470,0.00034906795916047814,0.07539867917866327,1.0,0.1,752.4812289445406,361.36978993840034,0.0,1.0,0.0,0.0,2.0
26471,0.0002373728474123117,0.051272535041059324,1.0,0.1,751.6769505097611,362.60765419102796,0.0,1.0,0.0,0.0,2.0
26472,0.0004035154846483102,0.08715934468403501,1.0,0.1,749.8640087929562,365.8278642283107,0.0,1.0,0.0,0.0,2.0
26473,0.00015518085466135532,0.03351906460685275,1.0,0.1,748.8827981626232,368.8703030564094,0.0,1.0,0.0,0.0,2.0
26474,0.00038179350453669726,0.08246739697992661,1.0,0.1,747.2277018640549,372.86543681415026,0.0,1.0,0.0,0.0,2.0
26475,0.00017293230821028064,0.037353378573420616,1.0,0.1,746.4405925553002,373.9560424986621,0.0,1.0,0.0,0.0,2.0
26476,0.00023350878805597258,0.05043789822009008,1.0,0.1,745.9406323583006,375.3453300804158,0.0,1.0,0.0,0.0,2.0
26477,9.245360681856786e-05,0.01996997907281066,1.0,0.1,745.304243178516,376.18762611451456,0.0,1.0,0.0,0.0,2.0
26478,4.6976562208376935e-06,0.0010146937437009419,1.0,0.1,745.9914991750954,375.92083530824635,0.0,1.0,0.0,0.0,2.0
26479,7.154019272295075e-05,0.015452681628157362,1.0,0.1,747.240336582015,375.1838020803483,0.0,1.0,0.0,0.0,2.0
26480,6.263702322818506e-05,0.013529597017287972,1.0,0.1,747.5238299323438,376.1985336685938,0.0,1.0,0.0,0.0,2.0
26481,0.00010519611885923622,0.022722361673595023,1.0,0.1,748.2158807620315,376.67072076714123,0.0,1.0,0.0,0.0,2.0
26482,0.0006236528468711538,0.13470901492416923,0.0,0.1,748.2558876555496,377.8786081326449,0.0,1.0,0.0,0.0,2.0
26483,0.00022309612104299027,0.0481887621452859,1.0,0.1,745.9438382501927,382.4346559033899,0.0,1.0,0.0,0.0,2.0
26484,0.0006632627876292585,0.14326476212791986,0.0,0.1,745.3146615859966,385.32949926875335,0.0,1.0,0.0,0.0,2.0
26485,7.44832818951961e-05,0.016088388889362357,1.0,0.1,743.0930661364184,388.732545487035,0.0,1.0,0.0,0.0,2.0
26486,0.0004733020452806256,0.10223324178061513,0.0,0.1,739.8537142418281,385.91772561256533,0.0,1.0,0.0,0.0,2.0
26487,0.0004616394444603441,0.09971412000343433,1.0,0.1,735.9726380097852,381.35139696575,0.0,1.0,0.0,0.0,2.0
26488,0.0004398244479065074,0.09500208074780561,1.0,0.1,725.4040263107727,374.53108360700134,0.0,1.0,0.0,0.0,2.0
26489,0.0003946706122332887,0.08524885224239036,1.0,0.1,722.8201235309366,374.4287240213796,0.0,1.0,0.0,0.0,2.0
26490,0.0006316773049664702,0.13644229787275758,0.0,0.1,716.221289505522,373.04167497641726,0.0,1.0,0.0,0.0,2.0
26491,0.001250168344039012,0.2700363623124266,0.0,0.1,712.5552877224249,373.66255287133447,0.0,1.0,0.0,0.0,2.0
26492,0.000882932821590648,0.19071348946357997,0.0,0.1,702.7747784703552,373.27033452351355,0.0,1.0,0.0,0.0,2.0
26493,0.0016587166124906409,0.35828278829797844,0.0,0.1,699.1074243116476,370.2257614607848,0.0,1.0,0.0,0.0,2.0
26494,0.001550450872808806,0.3348973885267021,0.0,0.1,694.8070558211354,369.9540772627639,0.0,1.0,0.0,0.0,2.0
26495,0.0012958584781976234,0.2799054312906867,0.0,0.1,694.1035298302961,371.63542201995364,0.0,1.0,0.0,0.0,2.0
26496,0.0010305991495950365,0.2226094163125279,0.0,0.1,691.162661211945,372.3262888771793,0.0,1.0,0.0,0.0,2.0
26497,0.0005789269659554307,0.12504822464637302,0.0,0.1,687.3982457448095,372.58733742439676,0.0,1.0,0.0,0.0,2.0
26498,0.0019284410347577055,0.4165432635076644,0.0,0.1,685.4345194325348,373.4336759064124,0.0,1.0,0.0,0.0,2.0
26499,0.001339502881319773,0.28933262236507096,0.0,0.1,681.1887019438562,371.53021432279905,0.0,1.0,0.0,0.0,2.0
26500,0.0013821411319013118,0.2985424844906834,0.0,0.1,676.344526190176,370.21771937447784,0.0,1.0,0.0,0.0,2.0
26501,0.0007852918393645232,0.16962303730273703,0.0,0.1,673.168262678995,369.580106522919,0.0,1.0,0.0,0.0,2.0
26502,0.0013487231567487592,0.291324201857732,0.0,0.1,,,0.0,1.0,,,2.0
26503,0.0004967120369041173,0.10728979997128933,0.0,0.1,671.4856921726781,365.99726914548853,0.0,1.0,0.0,0.0,2.0
26504,0.000521828346772087,0.11271492290277078,0.0,0.1,,,0.0,1.0,,,2.0
26505,0.0010216683651111138,0.22068036686400058,0.0,0.1,,,0.0,1.0,,,2.0
26506,0.0004938371787781665,0.10666883061608398,0.0,0.1,,,0.0,1.0,,,2.0
26507,0.0005862338622378987,0.1266265142433861,0.0,0.1,,,0.0,1.0,,,2.0
26508,0.0011432382577016664,0.24693946366355995,0.0,0.1,,,0.0,1.0,,,2.0
26509,0.001082064712375706,0.23372597787315247,0.0,0.1,,,0.0,1.0,,,2.0
26510,0.00039288462584893927,0.08486307918337088,1.0,0.1,,,0.0,1.0,,,2.0
26511,0.00019291013639746566,0.04166858946185259,1.0,0.1,,,0.0,1.0,,,2.0
26512,0.0008799715104633386,0.19007384626008114,0.0,0.1,,,0.0,1.0,,,2.0
26513,0.0005671023239863257,0.12249410198104636,0.0,0.1,,,0.0,1.0,,,2.0
26514,6.595527416782915e-05,0.014246339220251095,1.0,0.1,637.0685320332793,335.67674284274295,0.0,1.0,0.0,0.0,2.0
26515,0.00024614828872563413,0.053168030364736975,1.0,0.1,,,0.0,1.0,,,2.0
26516,0.0009176748303392454,0.198217763353277,0.0,0.1,631.1455129077945,336.4554960539637,0.0,1.0,0.0,0.0,2.0
26517,0.0010545520047619936,0.22778323302859063,0.0,0.1,628.352222086911,329.5495670774868,0.0,1.0,0.0,0.0,2.0
26518,0.0012552865763231366,0.2711419004857975,0.0,0.1,623.0346302598479,327.06037640869846,0.0,1.0,0.0,0.0,2.0
26519,0.0014104911111876939,0.3046660800165419,0.0,0.1,616.3417207882238,325.4183596758777,0.0,1.0,0.0,0.0,2.0
26520,0.0018141017003487172,0.3918459672753229,0.0,0.1,608.8236947077966,330.53712729157775,0.0,1.0,0.0,0.0,2.0
26521,0.0021595583224492663,0.4664645976490415,0.0,0.1,597.2154121964481,335.27590134913254,0.0,1.0,0.0,0.0,2.0
26522,0.0034940484408892405,0.7547144632320759,0.0,0.1,580.8105904505923,342.2536241586888,0.0,1.0,0.0,0.0,2.0
26523,0.0035075887214143634,0.7576391638255024,0.0,0.1,564.3984136133847,353.52361182749684,0.0,1.0,0.0,0.0,2.0
26524,0.001290417141121766,0.27873010248230146,0.0,0.1,545.0645686391281,370.0406464025981,0.0,1.0,0.0,0.0,2.0
26525,0.0026651014517675787,0.575661913581797,0.0,0.1,536.5196309146826,378.79191936268575,0.0,1.0,0.0,0.0,2.0
26526,0.004347668608106876,0.9390964193510855,0.0,0.1,521.2998749371066,392.3537013170928,0.0,1.0,0.0,0.0,2.0
26527,0.004474188772605127,0.9664247748827075,0.0,0.1,510.3486948307054,403.9074169436666,0.0,1.0,0.0,0.0,2.0
26528,0.001892493669837186,0.40877863268483217,0.0,0.1,501.0745314271732,414.4799049250149,0.0,1.0,0.0,0.0,2.0
26529,0.003746149905526153,0.8091683795936491,0.0,0.1,497.0599292888967,418.96863832818684,0.0,1.0,0.0,0.0,2.0
26530,0.00459916579716378,0.9934198121873765,0.0,0.1,483.03677685916387,430.3201204753812,0.0,1.0,0.0,0.0,2.0
26531,0.0044124775838672555,0.9530951581153272,0.0,0.1,467.9352927368061,441.0725913389696,0.0,1.0,0.0,0.0,2.0
26532,0.00484798126082814,1.0471639523388783,0.0,0.1,455.2354742818326,450.7203866025791,0.0,1.0,0.0,0.0,2.0
26533,0.000810120606499641,0.17498605100392245,0.0,0.1,446.36261853770446,458.45188539562076,0.0,1.0,0.0,0.0,2.0
26534,0.002762516976611797,0.5967036669481481,0.0,0.1,441.83397762837564,460.78565202141874,0.0,1.0,0.0,0.0,2.0
26535,0.0019294694091829335,0.4167653923835136,0.0,0.1,432.5025837335036,466.13057162774794,0.0,1.0,0.0,0.0,2.0
26536,0.001307463417720711,0.28241209822767355,0.0,0.1,424.923587232014,470.73108993662584,0.0,1.0,0.0,0.0,2.0
26537,0.0023286102584270897,0.5029798158202514,0.0,0.1,415.9934981646777,477.4715077617485,0.0,1.0,0.0,0.0,2.0
26538,0.002162003177460017,0.46699268633136376,0.0,0.1,413.40221779194803,479.9869982747802,0.0,1.0,0.0,0.0,2.0
26539,0.002991752336541865,0.6462185046930429,0.0,0.1,411.52967076951677,481.7903685354078,0.0,1.0,0.0,0.0,2.0
26540,0.0005414558513668707,0.11695446389524407,0.0,0.1,411.5230899595686,481.2262254309352,0.0,1.0,0.0,0.0,2.0
26541,0.00031464341666764497,0.06796297800021132,1.0,0.1,409.93143444155146,482.740585098186,0.0,1.0,0.0,0.0,2.0
26542,0.0006046926466867375,0.1306136116843353,0.0,0.1,414.25834845645824,477.59346953120354,0.0,1.0,0.0,0.0,2.0
26543,0.0013818079458942784,0.2984705163131641,0.0,0.1,418.4457710015652,473.07606300783254,0.0,1.0,0.0,0.0,2.0
26544,0.0014001655669671595,0.30243576246490644,0.0,0.1,429.13635085844436,461.1853686950835,0.0,1.0,0.0,0.0,2.0
26545,0.0013546148709188055,0.292596812118462,0.0,0.1,443.7488530879075,445.94709927067004,0.0,1.0,0.0,0.0,2.0
26546,0.0014244149476529495,0.3076736286930371,0.0,0.1,457.123990383943,432.44032285646426,0.0,1.0,0.0,0.0,2.0
26547,0.001211126011526525,0.2616032184897294,0.0,0.1,462.16703293338094,426.38097856855063,0.0,1.0,0.0,0.0,2.0
26548,0.0024703186629258236,0.5335888311919779,0.0,0.1,465.9640361674167,423.21522946250496,0.0,1.0,0.0,0.0,2.0
26549,0.00047086000368630227,0.10170576079624129,0.0,0.1,468.7886456924695,422.6562099153919,0.0,1.0,0.0,0.0,2.0
26550,0.0006817545955720595,0.14725899264356485,0.0,0.1,475.7104802505304,415.2138178647262,0.0,1.0,0.0,0.0,2.0
26551,0.0009785738499713621,0.21137195159381422,0.0,0.1,479.1005956695737,411.6403303670969,0.0,1.0,0.0,0.0,2.0
26552,0.00035122061231636733,0.07586365226033535,1.0,0.1,476.3884353271139,415.957449953913,0.0,1.0,0.0,0.0,2.0
26553,0.0014401469101108417,0.31107173258394183,0.0,0.1,475.8963429309003,417.95946662156797,0.0,1.0,0.0,0.0,2.0
26554,0.0010290985897831609,0.22228529539316275,0.0,0.1,478.110305319782,414.25948280760315,0.0,1.0,0.0,0.0,2.0
26555,0.000876471421267977,0.18931782699388303,0.0,0.1,476.90012373279,416.22698338853996,0.0,1.0,0.0,0.0,2.0
26556,0.00016965439052700829,0.03664534835383379,1.0,0.1,476.383402414322,417.9686743547469,0.0,1.0,0.0,0.0,2.0
26557,0.000638030746057932,0.1378146411485133,0.0,0.1,478.95679338399873,414.12810168933015,0.0,1.0,0.0,0.0,2.0
26558,0.0014336214594445386,0.30966223524002034,0.0,0.1,477.9221652537628,414.9487362383665,0.0,1.0,0.0,0.0,2.0
26559,0.0002217823599248114,0.047904989743759264,1.0,0.1,477.32104564480153,417.16734876904525,0.0,1.0,0.0,0.0,2.0
26560,0.0006528763929521411,0.1410213008776625,0.0,0.1,479.2811802553125,413.2055790121351,0.0,1.0,0.0,0.0,2.0
26561,0.0016730954550476763,0.3613886182902981,0.0,0.1,478.10967117991316,414.4809183447128,0.0,1.0,0.0,0.0,2.0
26562,0.0012164593571623613,0.26275522114707006,0.0,0.1,478.7513120551135,412.69326059919507,0.0,1.0,0.0,0.0,2.0
26563,0.0010203856175569294,0.22040329339229675,0.0,0.1,483.6013977744068,406.081228060104,0.0,1.0,0.0,0.0,2.0
26564,0.00035466159967174074,0.07660690552909599,1.0,0.1,483.0881912380643,407.1542748481068,0.0,1.0,0.0,0.0,2.0
26565,0.001884304659192448,0.40700980638556883,0.0,0.1,485.0864418135938,404.47127326341325,0.0,1.0,0.0,0.0,2.0
26566,0.0014283270260780168,0.3085186376328516,0.0,0.1,485.1955157021181,404.3504430330769,0.0,1.0,0.0,0.0,2.0
26567,0.000987245825286047,0.21324509826178617,0.0,0.1,,,0.0,1.0,,,2.0
26568,0.0005513323677425591,0.11908779143239279,0.0,0.1,489.93429692129257,399.4982765782214,0.0,1.0,0.0,0.0,2.0
26569,0.000551214401170713,0.11906231065287402,0.0,0.1,,,0.0,1.0,,,2.0
26570,0.0012671706012008022,0.27370884985937327,0.0,0.1,,,0.0,1.0,,,2.0
26571,0.001550550158397315,0.33491883421382007,0.0,0.1,,,0.0,1.0,,,2.0
26572,0.0005691225931658024,0.12293048012381332,0.0,0.1,,,0.0,1.0,,,2.0
26573,0.0004657827058091633,0.10060906445477928,0.0,0.1,,,0.0,1.0,,,2.0
26574,0.0010652118944775996,0.2300857692071615,0.0,0.1,,,0.0,1.0,,,2.0
26575,0.00022521956739558147,0.0486474265574456,1.0,0.1,,,0.0,1.0,,,2.0
26576,0.001688664002434826,0.36475142452592246,0.0,0.1,,,0.0,1.0,,,2.0
26577,0.0003233641759238745,0.06984666199955689,1.0,0.1,484.90886312523037,406.76543361020305,0.0,1.0,0.0,0.0,2.0
26578,0.000914334601403972,0.19749627390325794,0.0,0.1,484.6410957770375,406.3036473257414,0.0,1.0,0.0,0.0,2.0
26579,0.0005192291091308706,0.11215348757226806,0.0,0.1,,,0.0,1.0,,,2.0
26580,0.00015638816297567764,0.03377984320274637,1.0,0.1,480.9965625252896,410.1362108902771,0.0,1.0,0.0,0.0,2.0
26581,0.0005074333153433076,0.10960559611415445,0.0,0.1,481.1263766444051,409.68838548811914,0.0,1.0,0.0,0.0,2.0
26582,0.0012107055383951623,0.2615123962933551,0.0,0.1,477.31019124265043,415.3186228584468,0.0,1.0,0.0,0.0,2.0
26583,0.0006109622721677147,0.13196785078822637,0.0,0.1,476.65201266501884,416.5279725441918,0.0,1.0,0.0,0.0,2.0
26584,0.00043928287669690863,0.09488510136653226,1.0,0.1,472.8492294063033,418.01713172070214,0.0,1.0,0.0,0.0,2.0
26585,0.0012613143972964866,0.2724439098160411,0.0,0.1,467.47732719752776,423.94810107674806,0.0,1.0,0.0,0.0,2.0
26586,0.0014448977170639014,0.3120979068858027,0.0,0.1,464.1504120611478,427.01796289401693,0.0,1.0,0.0,0.0,2.0
26587,0.0005433338882442706,0.11736011986076246,0.0,0.1,462.29289964862033,428.35790367037276,0.0,1.0,0.0,0.0,2.0
26588,0.0010539797459254094,0.22765962511988844,0.0,0.1,457.92925352988993,432.88308112678675,0.0,1.0,0.0,0.0,2.0
26589,0.0010748078142030877,0.23215848786786694,0.0,0.1,449.9283531591022,441.51425756454137,0.0,1.0,0.0,0.0,2.0
26590,0.0016303843605954896,0.35216302188862575,0.0,0.1,442.9717998315592,447.09207951468426,0.0,1.0,0.0,0.0,2.0
26591,0.0008974747846338497,0.19385455348091155,0.0,0.1,433.0103948005148,456.88033408973246,0.0,1.0,0.0,0.0,2.0
26592,0.002024110412896546,0.4372078491856539,0.0,0.1,430.1877342829419,459.52414650446394,0.0,1.0,0.0,0.0,2.0
26593,0.002026402455946162,0.437702930484371,0.0,0.1,427.6068135111566,462.744312445808,0.0,1.0,0.0,0.0,2.0
26594,0.0014179209879456804,0.306270933396267,0.0,0.1,422.81646348108075,467.52069338330455,0.0,1.0,0.0,0.0,2.0
26595,0.0006185120131139654,0.13359859483261655,0.0,0.1,413.3678357650876,476.60879053333895,0.0,1.0,0.0,0.0,2.0
26596,0.0016476313018822602,0.35588836120656825,0.0,0.1,406.98810920149316,480.35781532271454,0.0,1.0,0.0,0.0,2.0
26597,0.0021204272143345755,0.4580122782962684,0.0,0.1,402.8799148358249,483.6397362338495,0.0,1.0,0.0,0.0,2.0
26598,0.0032166525868548125,0.6947969587606395,0.0,0.1,398.95739605603563,486.72440661375555,0.0,1.0,0.0,0.0,2.0
26599,0.0021532773688327997,0.46510791166788473,0.0,0.1,395.60108627994236,492.14002897896194,0.0,1.0,0.0,0.0,2.0
26600,0.0005191516870294473,0.11213676439836061,0.0,0.1,392.319048869986,496.6683999121803,0.0,1.0,0.0,0.0,2.0
26601,0.0014985724948936596,0.32369165889703044,0.0,0.1,389.9773420896399,498.9382305909407,0.0,1.0,0.0,0.0,2.0
26602,0.0008801993575248861,0.1901230612253754,0.0,0.1,388.06066462419545,500.17587042516175,0.0,1.0,0.0,0.0,2.0
26603,0.002074685288628368,0.44813202234372745,0.0,0.1,383.69676313577907,505.2864828347937,0.0,1.0,0.0,0.0,2.0
26604,0.0012953006341777813,0.27978493698240076,0.0,0.1,377.60331879772383,511.8803340896012,0.0,1.0,0.0,0.0,2.0
26605,0.0003776930426120799,0.08158169720420926,1.0,0.1,374.14688214640023,514.3247040278708,0.0,1.0,0.0,0.0,2.0
26606,0.0004546786141935008,0.09821058066579619,1.0,0.1,372.1313250926672,515.8234158381231,0.0,1.0,0.0,0.0,2.0
26607,0.00047238069044926016,0.1020342291370402,0.0,0.1,369.1703005400139,518.5726109621977,0.0,1.0,0.0,0.0,2.0
26608,0.0006341654643522229,0.13697974030008017,0.0,0.1,368.246876784385,518.7437587666103,0.0,1.0,0.0,0.0,2.0
26609,0.00011593584910559726,0.02504214340680901,1.0,0.1,365.29689295046916,520.2577468324774,0.0,1.0,0.0,0.0,2.0
26610,0.001377128808523518,0.2974598226410799,0.0,0.1,362.13016912542463,523.1039405378056,0.0,1.0,0.0,0.0,2.0
26611,0.0012886243971800154,0.2783428697908833,0.0,0.1,352.31259158472403,531.7902525026442,0.0,1.0,0.0,0.0,2.0
26612,0.0013978669471116276,0.3019392605761116,0.0,0.1,342.9586576241906,539.3605289738388,0.0,1.0,0.0,0.0,2.0
26613,0.0025343661811654174,0.5474230951317302,0.0,0.1,334.57851742107954,546.7007256240774,0.0,1.0,0.0,0.0,2.0
26614,0.0012532048348137378,0.2706922443197674,0.0,0.1,325.34276940150744,554.0699719616409,0.0,1.0,0.0,0.0,2.0
26615,0.002748108647302634,0.593591467817369,0.0,0.1,319.44039620886423,559.6738604785115,0.0,1.0,0.0,0.0,2.0
26616,0.003476099289223792,0.7508374464723391,0.0,0.1,305.99999645187404,572.3217710827048,0.0,1.0,0.0,0.0,2.0
26617,0.005623653919382952,1.2147092465867178,0.0,0.1,293.1957946130617,583.954907840403,0.0,1.0,0.0,0.0,2.0
26618,0.0001935563088156352,0.041808162704177206,1.0,0.1,285.73946240897425,590.3258685114997,0.0,1.0,0.0,0.0,2.0
26619,0.004542606865977418,0.9812030830511222,0.0,0.1,281.38885125870456,594.5160835434608,0.0,1.0,0.0,0.0,2.0
26620,0.0020492974661201636,0.44264825268195535,0.0,0.1,270.1877767315392,604.9123383671819,1.0,0.0,0.0,0.0,2.0
26621,0.003558129976294374,0.7685560748795849,0.0,0.1,255.69338529599992,618.4561509391366,1.0,0.0,0.0,0.0,2.0
26622,0.002297306713423404,0.4962182500994553,0.0,0.1,247.40910076540516,626.3221210810932,1.0,0.0,0.0,0.0,2.0
26623,0.002575762558482271,0.5563647126321706,0.0,0.1,239.99971932299943,633.651493705413,1.0,0.0,0.0,0.0,2.0
26624,0.0033069460357055417,0.714300343712397,0.0,0.1,233.81971351124034,639.8340136572418,1.0,0.0,0.0,0.0,2.0
26625,0.003646542777986598,0.7876532400451052,0.0,0.1,220.06886009916866,653.5950833799842,1.0,0.0,0.0,0.0,2.0
26626,0.002565426703421016,0.5541321679389394,0.0,0.1,206.364053729787,667.2931870000849,1.0,0.0,0.0,0.0,2.0
26627,0.0032371042897927087,0.6992145265952251,0.0,0.1,195.13122385633156,678.5177946706341,1.0,0.0,0.0,0.0,2.0
26628,0.002527415947598153,0.5459218446812011,0.0,0.1,191.65403392954906,681.9946597078093,1.0,0.0,0.0,0.0,2.0
26629,0.0030560280429236283,0.6601020572715037,0.0,0.1,179.3575431870967,694.2994411459554,1.0,0.0,0.0,0.0,2.0
26630,0.002733317212861247,0.5903965179780294,0.0,0.1,165.13412418613578,708.5326127882594,1.0,0.0,0.0,0.0,2.0
26631,0.002965229423785914,0.6404895555377574,0.0,0.1,149.94326883592487,723.7246339761974,1.0,0.0,0.0,0.0,2.0
26632,0.0019745682120856107,0.4265067338104919,0.0,0.1,140.11426410588493,733.5339841026585,1.0,0.0,0.0,0.0,2.0
26633,0.003340896391893401,0.7216336206489746,0.0,0.1,136.91971318799702,736.729294990656,1.0,0.0,0.0,0.0,2.0
26634,0.0031119708219417763,0.6721856975394237,0.0,0.1,130.5251867875122,743.1968253211367,1.0,0.0,0.0,0.0,2.0
26635,0.0013115857573041706,0.28330252357770086,0.0,0.1,123.05669424605142,751.1178838529573,1.0,0.0,0.0,0.0,2.0
26636,0.0016887475730746162,0.3647694757841171,0.0,0.1,114.83928772770543,759.7831547130821,1.0,0.0,0.0,0.0,2.0
26637,0.002390787385626412,0.516410075295305,0.0,0.1,110.13466033544235,764.5967982802058,1.0,0.0,0.0,0.0,2.0
26638,0.002729883235298753,0.5896547788245307,0.0,0.1,99.84409774429062,775.0824306727502,1.0,0.0,0.0,0.0,2.0
26639,0.0031442193349856887,0.6791513763569088,0.0,0.1,88.89341255631403,785.7395455930327,1.0,0.0,0.0,0.0,2.0
26640,0.0025327637541054516,0.5470769708867775,0.0,0.1,81.79349658571576,792.5721349551429,1.0,0.0,0.0,0.0,2.0
26641,0.0010445575840889916,0.2256244381632222,0.0,0.1,75.97029207910197,798.3868651367007,1.0,0.0,0.0,0.0,2.0
26642,0.0019058081395883588,0.4116545581510855,0.0,0.1,72.54715418143125,801.8923500693207,1.0,0.0,0.0,0.0,2.0
26643,0.002971515929381925,0.6418474407464958,0.0,0.1,65.45722252422337,809.4396822300063,1.0,0.0,1.0,0.0,2.0
26644,0.0024517366284932734,0.5295751117545471,0.0,0.1,63.6887571863657,810.7318094486558,1.0,0.0,1.0,0.0,2.0
26645,0.0006670730737112168,0.14408778392162283,0.0,0.1,61.36379217167883,812.8553799710286,1.0,0.0,1.0,0.0,2.0
26646,0.0025313506504806176,0.5467717405038135,0.0,0.1,60.83148428764056,813.4692532355588,1.0,0.0,1.0,0.0,2.0
26647,0.0018282415533031106,0.3949001755134719,0.0,0.1,59.169116791641926,814.9237423473231,1.0,0.0,1.0,0.0,2.0
26648,0.0015567267765166386,0.33625298372759393,0.0,0.1,54.78452850964731,819.8802200491699,1.0,0.0,1.0,0.0,2.0
26649,0.0007749956526700689,0.16739906097673488,0.0,0.1,56.32701995459432,818.5085177368171,1.0,0.0,1.0,0.0,2.0
26650,0.0005243757662615652,0.11326516551249807,0.0,0.1,57.883823293562166,816.78107320743,1.0,0.0,1.0,0.0,2.0
26651,0.0010611345070615811,0.22920505352530152,0.0,0.1,57.700239517712774,817.1395025180348,1.0,0.0,1.0,0.0,2.0
26652,0.00051100891668797,0.11037792600460151,0.0,0.1,58.96481845150102,816.1035573772893,1.0,0.0,1.0,0.0,2.0
26653,0.0005084275933826902,0.10982036017066109,0.0,0.1,60.503192387006635,814.9965301249497,1.0,0.0,1.0,0.0,2.0
26654,0.000362382756265311,0.07827467535330718,1.0,0.1,63.1779383853514,812.047622093394,1.0,0.0,1.0,0.0,2.0
26655,0.000856769555956602,0.18506222408662604,0.0,0.1,67.73077869990632,806.5325482723694,1.0,0.0,1.0,0.0,2.0
26656,0.001012869199717668,0.2187797471390163,0.0,0.1,69.11095573213925,804.835528098627,1.0,0.0,1.0,0.0,2.0
26657,0.0004193388222541114,0.09057718560688807,1.0,0.1,67.16776449089795,806.673307810477,1.0,0.0,1.0,0.0,2.0
26658,0.0004491693815586287,0.09702058641666379,1.0,0.1,69.48479552602268,804.2382611923392,1.0,0.0,1.0,0.0,2.0
26659,0.00014464153539531273,0.03124257164538755,1.0,0.1,73.44487647172745,800.2096097209879,1.0,0.0,0.0,0.0,2.0
26660,0.00037169764332227977,0.08028669095761243,1.0,0.1,73.78551822167942,799.8740226514075,1.0,0.0,0.0,0.0,2.0
26661,0.00022823281594027087,0.04929828824309851,1.0,0.1,72.21034436612712,801.4561061699404,1.0,0.0,0.0,0.0,2.0
26662,0.00024369107304671072,0.052637271778089516,1.0,0.1,71.80915043469366,801.8721959487739,1.0,0.0,0.0,0.0,2.0
26663,0.00044964935843262477,0.09712426142144695,1.0,0.1,72.17487925932959,801.5245145512464,1.0,0.0,0.0,0.0,2.0
26664,0.00010321310842581618,0.022294031419976296,1.0,0.1,72.215232799092,801.5176248274694,1.0,0.0,0.0,0.0,2.0
26665,9.149536242129818e-05,0.019762998283000408,1.0,0.1,71.97724891473692,801.7665468585293,1.0,0.0,0.0,0.0,2.0
26666,6.787971530886636e-05,0.014662018506715136,1.0,0.1,71.69894567711437,802.030429165621,1.0,0.0,0.0,0.0,2.0
26667,0.00018959626032318563,0.0409527922298081,1.0,0.1,71.22483658122131,802.5189263236437,1.0,0.0,0.0,0.0,2.0
26668,0.00010773918851973191,0.023271664720262094,1.0,0.1,71.41124994087721,802.3130752285614,1.0,0.0,0.0,0.0,2.0
26669,5.431381268010597e-05,0.01173178353890289,1.0,0.1,71.77152539554487,801.9469943766494,1.0,0.0,0.0,0.0,2.0
26670,0.0001789368744560515,0.03865036488250712,1.0,0.1,71.52503554076168,802.1933802406664,1.0,0.0,0.0,0.0,2.0
26671,9.962359329870352e-05,0.021518696152519962,1.0,0.1,71.24550206434225,802.4030144892315,1.0,0.0,0.0,0.0,2.0
26672,0.00020935598072193995,0.04522089183593903,1.0,0.1,71.45332978129785,802.2312268447669,1.0,0.0,0.0,0.0,2.0
26673,3.9361176423583084e-05,0.008502014107493946,1.0,0.1,70.32798985891192,803.3905453099272,1.0,0.0,0.0,0.0,2.0
26674,0.00017708900887254103,0.03825122591646886,1.0,0.1,68.26310603752677,805.5936027671521,1.0,0.0,1.0,0.0,2.0
26675,0.0004109522820585592,0.0887656929246488,1.0,0.1,68.56696587535589,805.3568358235822,1.0,0.0,1.0,0.0,2.0
26676,0.00020921235303822443,0.045189868256256475,1.0,0.1,68.63010478456401,805.2212281378014,1.0,0.0,1.0,0.0,2.0
26677,9.497519746627047e-05,0.02051464265271442,1.0,0.1,69.1025332076206,804.805467188215,1.0,0.0,1.0,0.0,2.0
26678,4.286221214886465e-05,0.009258237824154764,1.0,0.1,69.11760887510934,804.8228443907219,1.0,0.0,1.0,0.0,2.0
26679,0.00024398047479930865,0.05269978255665067,1.0,0.1,68.6771689443965,805.4430246727808,1.0,0.0,1.0,0.0,2.0
26680,0.0003075456926420599,0.06642986961068494,1.0,0.1,67.95466955714636,806.3542381188773,1.0,0.0,1.0,0.0,2.0
26681,4.839908468380468e-06,0.0010454202291701813,1.0,0.1,68.68847724740132,806.6639405877412,1.0,0.0,1.0,0.0,2.0
26682,9.116378174795202e-05,0.01969137685755764,1.0,0.1,68.14844914998409,807.3533491217759,1.0,0.0,1.0,0.0,2.0
26683,0.0002218540211090631,0.04792046855955763,1.0,0.1,68.1564715124999,807.3377397750326,1.0,0.0,1.0,0.0,2.0
26684,0.00021131591027368624,0.04564423661911623,1.0,0.1,67.18580536005402,808.2057579371204,1.0,0.0,1.0,0.0,2.0
26685,0.0002274059348621205,0.049119681930218026,1.0,0.1,64.72213425395,810.4302934896446,1.0,0.0,1.0,0.0,2.0
26686,1.4814830108303694e-05,0.003200003303393598,1.0,0.1,61.53125802900849,813.8761934808906,1.0,0.0,1.0,0.0,2.0
26687,0.0009915474544526764,0.21417425016177813,0.0,0.1,60.62512242118037,814.939529698245,1.0,0.0,1.0,0.0,2.0
26688,0.001344934247700169,0.2905057975032365,0.0,0.1,58.54333837790431,817.7861719193629,1.0,0.0,1.0,0.0,2.0
26689,0.0019259074315915098,0.4159960052237661,0.0,0.1,55.11307503131541,822.6811725102922,1.0,0.0,1.0,0.0,2.0
26690,0.0007807780272217436,0.16864805387989662,0.0,0.1,51.389411950843545,827.7672996714427,1.0,0.0,1.0,0.0,2.0
26691,0.0012979265258402743,0.28035212958149924,0.0,0.1,48.560081872523,830.8878336125853,1.0,0.0,1.0,0.0,2.0
26692,0.002064368081612398,0.44590350562827796,0.0,0.1,42.12984173089354,841.7731405981742,1.0,0.0,1.0,0.0,2.0
26693,0.0016277127630709655,0.35158595682332855,0.0,0.1,37.13968360610135,854.6821626105362,1.0,0.0,1.0,0.0,2.0
26694,0.0010091183951792904,0.21796957335872671,0.0,0.1,37.96842183125318,863.4174176695659,1.0,0.0,1.0,0.0,2.0
26695,0.0010944910135237903,0.23641005892113873,0.0,0.1,39.81012919480611,863.5344200356071,1.0,0.0,1.0,0.0,2.0
26696,0.0017532639775412159,0.37870501914890264,0.0,0.1,39.120747220927605,862.2340514501835,1.0,0.0,1.0,0.0,2.0
26697,0.0013648883771400812,0.29481588946225756,0.0,0.1,42.385593931281036,854.6176131462811,1.0,0.0,1.0,0.0,2.0
26698,0.0016772768219313746,0.36229179353717694,0.0,0.1,46.054844679859485,853.3031275648187,1.0,0.0,1.0,0.0,2.0
26699,0.00042175504876782697,0.09109909053385062,1.0,0.1,49.79124500403781,851.2272176034407,1.0,0.0,1.0,0.0,2.0
26700,0.0020727409918137743,0.4477120542317753,0.0,0.1,53.156906134147185,848.4639800745778,1.0,0.0,1.0,0.0,2.0
26701,0.00033384615828858856,0.07211077019033513,1.0,0.1,56.12450816318242,849.3156490121335,1.0,0.0,1.0,0.0,2.0
26702,0.00033264202258187606,0.07185067687768523,1.0,0.1,55.91720819588939,850.965921701425,1.0,0.0,1.0,0.0,2.0
26703,0.0009494415355532692,0.20507937167950616,0.0,0.1,59.82472140679828,852.7782948630264,1.0,0.0,1.0,0.0,2.0
26704,0.00021839311183109093,0.04717291215551564,1.0,0.1,63.9230884717084,855.0816089041255,1.0,0.0,1.0,0.0,2.0
26705,0.0005992110364460244,0.12942958387234127,0.0,0.1,63.26596000288982,858.921799898101,1.0,0.0,1.0,0.0,2.0
26706,0.0005241413583950319,0.11321453341332689,0.0,0.1,63.246008538574024,861.46129538681,1.0,0.0,1.0,0.0,2.0
26707,0.00018577315790848286,0.0401270021082323,1.0,0.1,64.2988224285331,863.8933936980318,1.0,0.0,1.0,0.0,2.0
26708,0.00039472076790568483,0.08525968586762793,1.0,0.1,67.99602608387809,866.1521566822843,1.0,0.0,1.0,0.0,2.0
26709,0.0009670591038405624,0.20888476642956147,0.0,0.1,70.33814171137799,867.9190444070643,1.0,0.0,0.0,0.0,2.0
26710,0.0021563254959501687,0.4657663071252364,0.0,0.1,68.86041685893855,874.873661007714,1.0,0.0,1.0,0.0,2.0
26711,0.0008624998344639386,0.18629996424421075,0.0,0.1,70.19205960459479,878.1705793719867,1.0,0.0,0.0,0.0,2.0
26712,0.00039555966822420906,0.08544088833642917,1.0,0.1,70.60333704422608,878.5535234993395,1.0,0.0,0.0,0.0,2.0
26713,0.00012445163736179155,0.026881553670146975,1.0,0.1,76.82114102164988,878.7435432768417,1.0,0.0,0.0,0.0,2.0
26714,0.0003074942242582795,0.06641875243978837,1.0,0.1,81.65157201238748,881.0282902091658,1.0,0.0,0.0,0.0,2.0
26715,0.0011394908920406728,0.24613003268078532,0.0,0.1,88.85798473643148,890.0368944447522,1.0,0.0,0.0,0.0,2.0
26716,0.0015690036969916595,0.3389047985501985,0.0,0.1,91.43306931407888,896.2197479573329,1.0,0.0,0.0,0.0,2.0
26717,0.00018750066836270102,0.04050014436634342,1.0,0.1,91.61797132231587,896.6145191393776,1.0,0.0,0.0,0.0,2.0
26718,0.0007335408157257426,0.1584448161967604,0.0,0.1,91.13007743588443,896.726497634233,1.0,0.0,0.0,0.0,2.0
26719,0.00036119690059249743,0.07801853052797944,1.0,0.1,,,1.0,0.0,,,2.0
26720,0.0007216737866861643,0.15588153792421147,0.0,0.1,82.66419485487786,893.5980654111461,1.0,0.0,0.0,0.0,2.0
26721,0.00027613763355443773,0.05964572884775856,1.0,0.1,84.79797239528804,897.4098393504429,1.0,0.0,0.0,0.0,2.0
26722,0.000660632969973099,0.14269672151418938,0.0,0.1,84.23721774164245,901.7409082588617,1.0,0.0,0.0,0.0,2.0
26723,0.0030157847968871063,0.651409516127615,0.0,0.1,84.96433564719425,906.3904093464959,1.0,0.0,0.0,0.0,2.0
26724,0.0010233858608516358,0.22105134594395331,0.0,0.1,88.29107788179944,911.6964435114285,1.0,0.0,0.0,0.0,2.0
26725,0.0017648457783589894,0.3812066881255417,0.0,0.1,95.15147732980684,918.6358462833942,1.0,0.0,0.0,0.0,2.0
26726,0.0010281012400774811,0.22206986785673594,0.0,0.1,103.94515669388834,927.5226913275756,1.0,0.0,0.0,0.0,2.0
26727,0.0015601278535136943,0.33698761635895796,0.0,0.1,106.92639685717567,929.924321281766,1.0,0.0,0.0,0.0,2.0
26728,0.002616117598387321,0.5650814012516613,0.0,0.1,110.01067632903519,933.1974916853779,1.0,0.0,0.0,0.0,2.0
26729,0.0007134762923731243,0.15411087915259483,0.0,0.1,116.22242331772361,935.1839151080723,1.0,0.0,0.0,0.0,2.0
26730,0.001991395936218946,0.4301415222232924,0.0,0.1,121.9601050600265,933.1463981150902,1.0,0.0,0.0,0.0,2.0
26731,0.0005094018800902119,0.11003080609948578,0.0,0.1,131.02803312363432,935.2242615953844,1.0,0.0,0.0,0.0,2.0
26732,0.0008073227061991707,0.17438170453902088,0.0,0.1,134.67981389208956,937.7792626851863,1.0,0.0,0.0,0.0,2.0
26733,0.001444017994646404,0.31190788684362325,0.0,0.1,138.24294017416807,939.6516488813588,1.0,0.0,0.0,0.0,2.0
26734,0.001476408575192598,0.3189042522416012,0.0,0.1,139.05676805835776,939.8296946414089,1.0,0.0,0.0,0.0,2.0
26735,0.0010918270194720753,0.23583463620596826,0.0,0.1,142.03877258533467,936.558848967546,1.0,0.0,0.0,0.0,2.0
26736,0.0010255842524905887,0.22152619853796718,0.0,0.1,145.60272820425885,935.4897826720749,1.0,0.0,0.0,0.0,2.0
26737,0.0014850610802785143,0.3207731933401591,0.0,0.1,152.97572438606988,934.6812714465584,1.0,0.0,0.0,0.0,2.0
26738,0.0018553699087902173,0.40075990029868697,0.0,0.1,159.18414666078016,932.7257075584196,1.0,0.0,0.0,0.0,2.0
26739,0.000981235606205084,0.21194689094029814,0.0,0.1,165.73647156668312,933.1754599891724,1.0,0.0,0.0,0.0,2.0
26740,0.0010678525453039595,0.23065614978565527,0.0,0.1,175.97719246633014,935.2919975695709,1.0,0.0,0.0,0.0,2.0
26741,0.0015193379846703112,0.32817700468878724,0.0,0.1,181.07095281964675,937.7030017941172,1.0,0.0,0.0,0.0,2.0
26742,0.001900063496322442,0.41041371520564746,0.0,0.1,187.38242298959094,937.0720878601212,1.0,0.0,0.0,0.0,2.0
26743,0.0014342876587046564,0.3098061342802058,0.0,0.1,190.8926492528327,936.1577181131323,1.0,0.0,0.0,0.0,2.0
26744,0.0024434958780390234,0.5277951096564291,0.0,0.1,194.29201579697641,934.7150988382701,1.0,0.0,0.0,0.0,2.0
26745,0.0013782011698048903,0.2976914526778563,0.0,0.1,195.30551042577568,935.2650003681601,1.0,0.0,0.0,0.0,2.0
26746,0.0009115112715822854,0.19688643466177366,0.0,0.1,199.69859635891268,938.6755089533714,1.0,0.0,0.0,0.0,2.0
26747,0.0007008273955717737,0.15137871744350312,0.0,0.1,205.0915263951864,944.7239948884526,1.0,0.0,0.0,0.0,2.0
26748,0.0014715033566357998,0.3178447250333328,0.0,0.1,210.92723019621474,951.8048140441999,1.0,0.0,0.0,0.0,2.0
26749,0.0005846485047063387,0.12628407701656916,0.0,0.1,216.1367969863374,958.9749618103867,1.0,0.0,0.0,0.0,2.0
26750,0.0018238988549566064,0.393962152670627,0.0,0.1,218.0932432578965,961.012679900819,1.0,0.0,0.0,0.0,2.0
26751,0.0007389101426904048,0.15960459082112743,0.0,0.1,223.91947348627957,968.9961493831198,1.0,0.0,0.0,0.0,2.0
26752,0.002036176831427093,0.43981419558825213,0.0,0.1,231.67976845539025,978.7885145445833,1.0,0.0,0.0,0.0,2.0
26753,0.0007406245268259217,0.15997489779439908,0.0,0.1,237.9163924229327,985.7308479484816,1.0,0.0,0.0,0.0,2.0
26754,0.002497177264753299,0.5393902891867126,0.0,0.1,240.66315438587296,989.4826676695436,1.0,0.0,0.0,0.0,2.0
26755,0.0030431404492761924,0.6573183370436576,0.0,0.1,250.8585363222645,999.3264765165352,1.0,0.0,0.0,0.0,2.0
26756,0.003338934610582061,0.7212098758857253,0.0,0.1,261.09341587525245,1009.3432392890492,1.0,0.0,0.0,0.0,2.0
26757,0.002384731830826917,0.5151020754586141,0.0,0.1,277.6062889619283,1022.690524401735,1.0,0.0,0.0,0.0,2.0
26758,0.0027674131173269887,0.5977612333426295,0.0,0.1,288.518917321851,1032.9686117121803,1.0,0.0,0.0,0.0,2.0
26759,0.0027996774208638962,0.6047303229066016,0.0,0.1,294.0906876017896,1038.0549963693365,1.0,0.0,0.0,0.0,2.0
26760,0.004010971110915765,0.8663697599578052,0.0,0.1,303.21998863900086,1047.5894427765857,1.0,0.0,0.0,0.0,2.0
26761,0.003246316523694276,0.7012043691179636,0.0,0.1,315.374973328239,1058.8884344850014,1.0,0.0,0.0,0.0,2.0
26762,0.0017573846128034318,0.3795950763655413,0.0,0.1,324.99705840948974,1065.7731230590964,1.0,0.0,0.0,0.0,2.0
26763,0.0033326517598073163,0.7198527801183804,0.0,0.1,330.7594931625814,1069.3019523009623,1.0,0.0,0.0,0.0,2.0
26764,0.0023650471335476464,0.5108501808462916,0.0,0.1,339.169674276498,1072.5622016904301,1.0,0.0,0.0,0.0,2.0
26765,0.0022155161361962607,0.47855148541839226,0.0,0.1,342.40730091942646,1075.848282505221,1.0,0.0,0.0,0.0,2.0
26766,0.0009181619221554483,0.19832297518557684,0.0,0.1,350.05577230716403,1083.5629839275102,1.0,0.0,0.0,0.0,2.0
26767,0.0015318830039732958,0.3308867288582319,0.0,0.1,362.34570904377483,1091.143415525464,1.0,0.0,0.0,0.0,2.0
26768,0.0019515927263476535,0.42154402889109316,0.0,0.1,366.37160376313705,1097.0541158524975,1.0,0.0,0.0,0.0,2.0
26769,0.0020241152794148805,0.4372089003536142,0.0,0.1,373.05781347676657,1100.656598783536,1.0,0.0,0.0,0.0,2.0
26770,0.0021921655812013707,0.47350776553949614,0.0,0.1,377.7481110538399,1103.683083964413,1.0,0.0,0.0,0.0,2.0
26771,0.00022900221153079875,0.04946447769065253,1.0,0.1,376.93046159079887,1103.9562747447353,1.0,0.0,0.0,0.0,2.0
26772,0.0015609995628706101,0.3371759055800518,0.0,0.1,378.60836397047206,1104.60373040467,1.0,0.0,0.0,0.0,2.0
26773,0.0004928653146323148,0.10645890796058,0.0,0.1,382.76267609257104,1108.1160842789461,1.0,0.0,0.0,0.0,2.0
26774,0.00140809029303613,0.3041475032958041,0.0,0.1,386.4081425837632,1112.2112718601816,1.0,0.0,0.0,0.0,2.0
26775,0.0004906934197043543,0.10598977865614054,0.0,0.1,,,1.0,0.0,,,2.0
26776,0.0007797831359376245,0.1684331573625269,0.0,0.1,,,1.0,0.0,,,2.0
26777,0.000571773628426399,0.12350310374010218,0.0,0.1,,,1.0,0.0,,,2.0
26778,0.0006711563274222805,0.14496976672321257,0.0,0.1,,,1.0,0.0,,,2.0
26779,0.0011278643955113798,0.24361870943045805,0.0,0.1,,,1.0,0.0,,,2.0
26780,0.0009663325279255742,0.20872782603192402,0.0,0.1,,,1.0,0.0,,,2.0
26781,0.0023819897309061,0.5145097818757176,0.0,0.1,,,1.0,0.0,,,2.0
26782,0.0017871776165827408,0.38603036518187206,0.0,0.1,,,1.0,0.0,,,2.0
26783,0.00196520067317648,0.4244833454061197,0.0,0.1,,,1.0,0.0,,,2.0
26784,0.001029715522691976,0.2224185529014668,0.0,0.1,,,1.0,0.0,,,2.0
26785,0.0009913746856824418,0.21413693210740745,0.0,0.1,,,1.0,0.0,,,2.0
26786,0.0017504389157498846,0.3780948058019751,0.0,0.1,,,1.0,0.0,,,2.0
26787,0.0022328601094624037,0.48229778364387926,0.0,0.1,,,1.0,0.0,,,2.0
26788,0.0032824115684891688,0.7090008987936605,0.0,0.1,,,1.0,0.0,,,2.0
26789,0.0005484564254400184,0.11846658789504397,0.0,0.1,,,1.0,0.0,,,2.0
26790,0.002903607107603435,0.627179135242342,0.0,0.1,,,1.0,0.0,,,2.0
26791,0.002357432192222077,0.5092053535199685,0.0,0.1,,,1.0,0.0,,,2.0
26792,0.0018779312077820184,0.40563314088091595,0.0,0.1,,,1.0,0.0,,,2.0
26793,0.0011239397959098142,0.24277099591651988,0.0,0.1,,,1.0,0.0,,,2.0
26794,0.000551116909781554,0.11904125251281565,0.0,0.1,447.2035770732188,1219.893344518215,1.0,0.0,0.0,0.0,2.0
26795,0.0007898532920528225,0.17060831108340968,0.0,0.1,448.94847989813354,1221.8916572696453,1.0,0.0,0.0,0.0,2.0
26796,0.001182193827112206,0.2553538666562365,0.0,0.1,,,1.0,0.0,,,2.0
26797,0.0017803224639620751,0.3845496522158082,0.0,0.1,,,1.0,0.0,,,2.0
26798,0.0007620468230218819,0.1646021137727265,0.0,0.1,,,1.0,0.0,,,2.0
26799,0.0008382397082117895,0.18105977697374656,0.0,0.1,,,1.0,0.0,,,2.0
26800,0.0009622046625163164,0.20783620710352435,0.0,0.1,,,1.0,0.0,,,2.0
26801,0.00016653136065924838,0.035970773902397654,1.0,0.1,457.83222920568727,1241.2967277375524,1.0,0.0,0.0,0.0,2.0
26802,0.0008087861478190049,0.17469780792890507,0.0,0.1,452.69054431735975,1236.5735381789764,1.0,0.0,0.0,0.0,2.0
26803,0.0008890383899262242,0.19203229222406443,0.0,0.1,446.24291882902753,1229.2572037610253,1.0,0.0,0.0,0.0,2.0
26804,0.0006782493284353448,0.14650185494203447,0.0,0.1,,,1.0,0.0,,,2.0
26805,0.0004293215444302133,0.09273345359692607,1.0,0.1,,,1.0,0.0,,,2.0
26806,0.0009022569138790707,0.19488749339787928,0.0,0.1,,,1.0,0.0,,,2.0
26807,0.00043824442296761836,0.09466079536100556,1.0,0.1,,,1.0,0.0,,,2.0
26808,0.0009941643164438467,0.21473949235187087,0.0,0.1,,,1.0,0.0,,,2.0
26809,0.0010425609394749658,0.22519316292659264,0.0,0.1,,,1.0,0.0,,,2.0
26810,0.0005209238178606988,0.11251954465791095,0.0,0.1,,,1.0,0.0,,,2.0
26811,0.000426474739311355,0.09211854369125269,1.0,0.1,,,1.0,0.0,,,2.0
26812,0.0004616975566744433,0.09972667224167976,1.0,0.1,,,1.0,0.0,,,2.0
26813,0.0010414529498179801,0.22495383716068373,0.0,0.1,,,1.0,0.0,,,2.0
26814,0.0006248612493473717,0.1349700298590323,0.0,0.1,,,1.0,0.0,,,2.0
26815,0.0017295976562847026,0.3735930937574958,0.0,0.1,416.7501872394586,1207.4038965428747,1.0,0.0,0.0,0.0,2.0
26816,0.0006967748974039841,0.15050337783926057,0.0,0.1,414.0485384652001,1206.0358181144693,1.0,0.0,0.0,0.0,2.0
26817,,,,0.1,411.1355350526712,1203.15528614488,1.0,0.0,0.0,0.0,2.0
26818,,,,0.1,407.0073098820267,1199.1446288071263,,,0.0,0.0,2.0
26819,,,,0.1,406.28665179437587,1196.4844926452972,,,0.0,0.0,2.0
26820,0.0016033056628519879,0.3463140231760294,0.0,0.1,410.83798235487666,1198.247424771134,1.0,0.0,0.0,0.0,2.0
26821,0.0009979125398193436,0.21554910860097823,0.0,0.1,410.2592086602076,1195.499744608931,1.0,0.0,0.0,0.0,2.0
26822,0.0011154631447624643,0.2409400392686923,0.0,0.1,411.20490007774055,1194.1665844963777,1.0,0.0,0.0,0.0,2.0
26823,,,,0.1,406.6003338515422,1182.010954194536,1.0,0.0,0.0,0.0,2.0
26824,,,,0.1,406.8480241033146,1178.1163783236623,,,0.0,0.0,2.0
26825,0.00014679947307737537,0.03170868618471308,1.0,0.1,408.57058989168684,1176.0948056762682,1.0,0.0,0.0,0.0,2.0
26826,0.0023263941616227463,0.5025011389105132,0.0,0.1,405.74429352218704,1169.6762745176557,1.0,0.0,0.0,0.0,2.0
26827,0.0004958069264022668,0.10709429610288962,0.0,0.1,406.48096071474953,1165.2972353142138,1.0,0.0,0.0,0.0,2.0
26828,0.0014885744218319616,0.3215320751157037,0.0,0.1,403.4426835547418,1153.087946633356,1.0,0.0,0.0,0.0,2.0
26829,0.0017441882606393246,0.37674466429809417,0.0,0.1,397.24187900047565,1140.136117640479,1.0,0.0,0.0,0.0,2.0
26830,0.004715746217075838,1.018601182888381,0.0,0.1,,,1.0,0.0,,,2.0
26831,0.0021121440632461694,0.45622311766117263,0.0,0.1,,,1.0,0.0,,,2.0
26832,0.0013861965680631695,0.29941845870164463,0.0,0.1,391.51265578257045,1121.4962088107047,1.0,0.0,0.0,0.0,2.0
26833,0.0039407113001579935,0.8511936408341266,0.0,0.1,390.24390700855975,1120.047611195464,1.0,0.0,0.0,0.0,2.0
26834,0.001545505554563099,0.33382919978562936,0.0,0.1,384.71801402967867,1116.8566874430812,1.0,0.0,0.0,0.0,2.0
26835,0.0004717983427843984,0.10190844204143006,0.0,0.1,379.1505517440289,1117.536289399994,1.0,0.0,0.0,0.0,2.0
26836,0.00026412688387902444,0.05705140691786928,1.0,0.1,375.37879673219993,1119.3506390660998,1.0,0.0,0.0,0.0,2.0
26837,0.0006081334448205649,0.13135682408124202,0.0,0.1,369.85299125778675,1118.6285736372615,1.0,0.0,0.0,0.0,2.0
26838,0.0009857675584696176,0.2129257926294374,0.0,0.1,363.95182639915106,1112.7388034392911,1.0,0.0,0.0,0.0,2.0
26839,0.00017433307300407638,0.0376559437688805,1.0,0.1,359.8296767053973,1110.7549462399431,1.0,0.0,0.0,0.0,2.0
26840,2.615114341646774e-05,0.0056486469779570316,1.0,0.1,357.9848133566036,1109.7009596941964,1.0,0.0,0.0,0.0,2.0
26841,0.00029358064389774425,0.06341341908191277,1.0,0.1,356.8930782123406,1108.5852641812107,1.0,0.0,0.0,0.0,2.0
26842,0.0003669278958096001,0.07925642549487362,1.0,0.1,355.25384838641435,1109.34698702836,1.0,0.0,0.0,0.0,2.0
26843,0.0005170207043559601,0.1116764721408874,0.0,0.1,353.802093712176,1109.8532146446387,1.0,0.0,0.0,0.0,2.0
26844,0.0005982491918846651,0.12922182544708766,0.0,0.1,353.2674830186029,1109.3709576926965,1.0,0.0,0.0,0.0,2.0
26845,0.0003353772248186703,0.07244148056083279,1.0,0.1,351.01835900448145,1106.926604363694,1.0,0.0,0.0,0.0,2.0
26846,0.0003749866530554315,0.0809971170599732,1.0,0.1,349.42443922782246,1105.0991724200971,1.0,0.0,0.0,0.0,2.0
26847,0.0004188549787010402,0.09047267539942469,1.0,0.1,347.874623879765,1104.4656432928562,1.0,0.0,0.0,0.0,2.0
26848,6.358410648758071e-05,0.013734167001317434,1.0,0.1,348.1667265808026,1105.0710920851045,1.0,0.0,0.0,0.0,2.0
26849,0.0006213521030432094,0.13421205425733324,0.0,0.1,,,1.0,0.0,,,2.0
26850,0.0015241534302146904,0.3292171409263731,0.0,0.1,348.01594860878663,1103.452015991965,1.0,0.0,0.0,0.0,2.0
26851,0.0007372794413653695,0.1592523593349198,0.0,0.1,348.9662785168487,1104.4346909016092,1.0,0.0,0.0,0.0,2.0
26852,0.0002598740073519999,0.05613278558803198,1.0,0.1,,,1.0,0.0,,,2.0
26853,0.00023444044505544604,0.05063913613197635,1.0,0.1,353.7722211207427,1106.7612254106568,1.0,0.0,0.0,0.0,2.0
26854,0.0001282800509124827,0.027708490997096265,1.0,0.1,357.2408319450635,1110.1425738130572,1.0,0.0,0.0,0.0,2.0
26855,0.0010836555717735382,0.23406960350308428,0.0,0.1,359.9322850895914,1111.259149639479,1.0,0.0,0.0,0.0,2.0
26856,0.00022632444617552415,0.04888608037391322,1.0,0.1,362.0021857584234,1110.8011969223896,1.0,0.0,0.0,0.0,2.0
26857,0.0001585878442632424,0.034254974360860356,1.0,0.1,363.97314735241383,1109.9713868078582,1.0,0.0,0.0,0.0,2.0
26858,9.344894739661455e-05,0.020184972637668743,1.0,0.1,365.19463675242434,1110.2221668304032,1.0,0.0,0.0,0.0,2.0
26859,0.0003868670726800649,0.08356328769889403,1.0,0.1,369.44848696076144,1112.3556827446944,1.0,0.0,0.0,0.0,2.0
26860,0.00014775628060697716,0.03191535661110707,1.0,0.1,374.03536249164273,1112.5550452585164,1.0,0.0,0.0,0.0,2.0
26861,5.942946015794086e-05,0.012836763394115226,1.0,0.1,377.6549040744397,1113.6777032698812,1.0,0.0,0.0,0.0,2.0
26862,0.0003318637333897777,0.07168256641219198,1.0,0.1,379.06194039015753,1114.2318413282474,1.0,0.0,0.0,0.0,2.0
26863,0.0004468976371058874,0.09652988961487169,1.0,0.1,383.47893309799855,1117.0332549747711,1.0,0.0,0.0,0.0,2.0
26864,0.00032433961800002224,0.0700573574880048,1.0,0.1,387.5567367963401,1118.5540795703919,1.0,0.0,0.0,0.0,2.0
26865,0.00043908498283123443,0.09484235629154665,1.0,0.1,392.4805390619403,1120.3198897736409,1.0,0.0,0.0,0.0,2.0
26866,0.0002863402765942235,0.061849499744352276,1.0,0.1,394.8641241397044,1121.9094897175173,1.0,0.0,0.0,0.0,2.0
26867,0.0007990458957011365,0.17259391347144548,0.0,0.1,395.90592875005916,1122.8581817967827,1.0,0.0,0.0,0.0,2.0
26868,0.00025387370830911216,0.054836720994768225,1.0,0.1,398.89204969639417,1124.312241329992,1.0,0.0,0.0,0.0,2.0
26869,6.967394041208048e-05,0.015049571129009386,1.0,0.1,400.8937474709575,1125.954128497309,1.0,0.0,0.0,0.0,2.0
26870,0.00011850152689283627,0.025596329808852635,1.0,0.1,402.10037238935143,1123.881930346385,1.0,0.0,0.0,0.0,2.0
26871,7.070070091473769e-05,0.015271351397583342,1.0,0.1,401.72829727426034,1121.5327182292497,1.0,0.0,0.0,0.0,2.0
26872,0.00019885378510827549,0.042952417583387505,1.0,0.1,403.5010537812863,1122.0093273990778,1.0,0.0,0.0,0.0,2.0
26873,0.0002137415403712625,0.046168172720192704,1.0,0.1,403.31725662941056,1123.9379729762059,1.0,0.0,0.0,0.0,2.0
26874,0.0003236304062905625,0.0699041677587615,1.0,0.1,403.9462818730952,1124.5856792973832,1.0,0.0,0.0,0.0,2.0
26875,0.00012358557401883805,0.02669448398806902,1.0,0.1,401.83017259701444,1122.7310541889478,1.0,0.0,0.0,0.0,2.0
26876,2.3643193667379233e-05,0.005106929832153915,1.0,0.1,400.96145657413473,1122.7068787805165,1.0,0.0,0.0,0.0,2.0
26877,2.9747006275776033e-05,0.006425353355567624,1.0,0.1,402.0496013986903,1123.852826686388,1.0,0.0,0.0,0.0,2.0
26878,0.00038489306507823835,0.08313690205689948,1.0,0.1,402.8445146771892,1123.8316720627738,1.0,0.0,0.0,0.0,2.0
26879,0.0003633412063142074,0.0784817005638688,1.0,0.1,404.3527575265105,1125.4340501832428,1.0,0.0,0.0,0.0,2.0
26880,0.00040700345234840485,0.08791274570725545,1.0,0.1,406.1977074446733,1126.3713348654644,1.0,0.0,0.0,0.0,2.0
26881,0.0003303849305013458,0.0713631449882907,1.0,0.1,406.7933880077265,1126.5810796962696,1.0,0.0,0.0,0.0,2.0
26882,0.00023595942086862432,0.05096723490762285,1.0,0.1,407.16532883672005,1127.9669323810836,1.0,0.0,0.0,0.0,2.0
26883,5.8404439267511497e-05,0.012615358881782482,1.0,0.1,407.0015433444302,1127.6327642590838,1.0,0.0,0.0,0.0,2.0
26884,0.00018127159456587987,0.03915466442623005,1.0,0.1,406.70399031644047,1127.384662648334,1.0,0.0,0.0,0.0,2.0
26885,0.0004969444766532733,0.10734000695710703,0.0,0.1,406.7406989004368,1127.4339262338708,1.0,0.0,0.0,0.0,2.0
26886,0.00017167872607805288,0.037082604832859425,1.0,0.1,410.5291969196328,1133.7720412803874,1.0,0.0,0.0,0.0,2.0
26887,0.0007095300138238186,0.15325848298594483,0.0,0.1,416.6029452696519,1138.84497863199,1.0,0.0,0.0,0.0,2.0
26888,0.0002964517487500813,0.06403357773001755,1.0,0.1,419.4150175036845,1141.5803708416659,1.0,0.0,0.0,0.0,2.0
26889,0.00066127730353294,0.14283589756311504,0.0,0.1,421.36382026718627,1143.1937591642663,1.0,0.0,0.0,0.0,2.0
26890,0.0018454305355174038,0.39861299567175923,0.0,0.1,,,1.0,0.0,,,2.0
26891,0.0015648474612443286,0.338007051628775,0.0,0.1,,,1.0,0.0,,,2.0
26892,0.00252931403092689,0.5463318306802082,0.0,0.1,,,1.0,0.0,,,2.0
26893,0.0010594739728553796,0.22884637813676204,0.0,0.1,,,1.0,0.0,,,2.0
26894,0.0018020776555605642,0.3892487736010819,0.0,0.1,,,1.0,0.0,,,2.0
26895,0.002381962619122267,0.5145039257304097,0.0,0.1,,,1.0,0.0,,,2.0
26896,0.0017907368645736124,0.38679916274790027,0.0,0.1,,,1.0,0.0,,,2.0
26897,0.0012552483353191494,0.2711336404289363,0.0,0.1,,,1.0,0.0,,,2.0
26898,0.0027157695569804854,0.5866062243077849,0.0,0.1,,,1.0,0.0,,,2.0
26899,0.0021198338575055785,0.4578841132212049,0.0,0.1,,,1.0,0.0,,,2.0
26900,0.0021664042059221927,0.46794330847919363,0.0,0.1,,,1.0,0.0,,,2.0
26901,0.003159910467031004,0.6825406608786968,0.0,0.1,,,1.0,0.0,,,2.0
26902,0.00013831877397974408,0.029876855179624722,1.0,0.1,,,1.0,0.0,,,2.0
26903,0.000981198467852331,0.2119388690561035,0.0,0.1,,,1.0,0.0,,,2.0
26904,0.001168788770900505,0.2524583745145091,0.0,0.1,,,1.0,0.0,,,2.0
26905,0.0021221267845316152,0.4583793854588289,0.0,0.1,,,1.0,0.0,,,2.0
26906,0.0009058006297536451,0.19565293602678735,0.0,0.1,,,1.0,0.0,,,2.0
26907,0.0006505140260858343,0.1405110296345402,0.0,0.1,,,1.0,0.0,,,2.0
26908,0.001257369575577228,0.2715918283246812,0.0,0.1,,,1.0,0.0,,,2.0
26909,0.002658959504583134,0.574335252989957,0.0,0.1,,,1.0,0.0,,,2.0
26910,0.001759823416739318,0.3801218580156927,0.0,0.1,,,1.0,0.0,,,2.0
26911,0.0013103559210071443,0.28303687893754315,0.0,0.1,,,1.0,0.0,,,2.0
26912,0.002042632442514451,0.44120860758312136,0.0,0.1,,,1.0,0.0,,,2.0
26913,0.0027170461671048025,0.5868819720946373,0.0,0.1,,,1.0,0.0,,,2.0
26914,0.0013707085374039217,0.2960730440792471,0.0,0.1,,,1.0,0.0,,,2.0
26915,0.0009601467607309481,0.2073917003178848,0.0,0.1,,,1.0,0.0,,,2.0
26916,0.0012919667293239308,0.27906481353396906,0.0,0.1,537.569854077054,1277.5225514290917,1.0,0.0,0.0,0.0,2.0
26917,0.001259870263656123,0.2721319769497225,0.0,0.1,542.5264167461357,1282.865245665295,1.0,0.0,0.0,0.0,2.0
26918,0.00033920371683749144,0.07326800283689815,1.0,0.1,,,1.0,0.0,,,2.0
26919,0.0005772846749526507,0.12469348978977256,0.0,0.1,,,1.0,0.0,,,2.0
26920,0.00011980760547393285,0.025878442782369494,1.0,0.1,547.6193969956726,1290.7684908192505,1.0,0.0,0.0,0.0,2.0
26921,0.000277640300385229,0.05997030488320947,1.0,0.1,546.0226107177194,1289.2500349704173,1.0,0.0,0.0,0.0,2.0
26922,0.0008499191160872329,0.18358252907484232,0.0,0.1,542.5804516968642,1286.5203267057143,1.0,0.0,0.0,0.0,2.0
26923,0.001116147159577923,0.2410877864688314,0.0,0.1,538.2885546746509,1282.5747714631284,1.0,0.0,0.0,0.0,2.0
26924,0.00043894714692819777,0.09481258373649072,1.0,0.1,535.7585502380463,1281.1268701866668,1.0,0.0,0.0,0.0,2.0
26925,0.0011628045970447324,0.2511657929616622,0.0,0.1,535.2502587170927,1280.2466125702238,1.0,0.0,0.0,0.0,2.0
26926,0.00041069642856944935,0.08871042857100106,1.0,0.1,530.6787508331788,1275.8010475466167,1.0,0.0,0.0,0.0,2.0
26927,0.0004448917203241682,0.09609661159002032,1.0,0.1,528.7933347026191,1275.3455369900778,1.0,0.0,0.0,0.0,2.0
26928,0.0006139029437342672,0.1326030358466017,0.0,0.1,525.2814767109319,1275.8675390990788,1.0,0.0,0.0,0.0,2.0
26929,0.00020695093222180798,0.04470140135991053,1.0,0.1,,,1.0,0.0,,,2.0
26930,0.0005902106044194164,0.12748549055459396,0.0,0.1,,,1.0,0.0,,,2.0
26931,0.0006275647791822924,0.13555399230337517,0.0,0.1,514.2038900369814,1279.1045777070476,1.0,0.0,0.0,0.0,2.0
26932,0.0005195727438091523,0.11222771266277691,0.0,0.1,510.40945440412503,1276.675980854532,1.0,0.0,0.0,0.0,2.0
26933,0.00029482193164996173,0.06368153723639174,1.0,0.1,505.99214491526755,1276.0896661631655,1.0,0.0,0.0,0.0,2.0
26934,0.0006346873203548273,0.1370924611966427,0.0,0.1,504.2785621449573,1275.77491327693,1.0,0.0,0.0,0.0,2.0
26935,0.000393646748628063,0.08502769770366161,1.0,0.1,499.9081841589751,1273.7035505837687,1.0,0.0,0.0,0.0,2.0
26936,0.00044802901642460616,0.09677426754771493,1.0,0.1,495.6486262017296,1274.08592787847,1.0,0.0,0.0,0.0,2.0
26937,0.000259158542426755,0.055978245164179076,1.0,0.1,493.5490117589895,1274.219009073604,1.0,0.0,0.0,0.0,2.0
26938,0.00011114832949125835,0.0240080391701118,1.0,0.1,491.47758555130343,1273.3359847975923,1.0,0.0,0.0,0.0,2.0
26939,0.00040617557723384844,0.08773392468251126,1.0,0.1,486.7421226779829,1269.7278161100078,1.0,0.0,0.0,0.0,2.0
26940,0.0003932329619376562,0.08493831977853374,1.0,0.1,,,1.0,0.0,,,2.0
26941,0.0008389441272860807,0.18121193149379342,0.0,0.1,,,1.0,0.0,,,2.0
26942,0.0004914026916738091,0.10614298140154277,0.0,0.1,,,1.0,0.0,,,2.0
26943,0.0008513399584418434,0.1838894310234382,0.0,0.1,,,1.0,0.0,,,2.0
26944,0.0007990816551785302,0.17260163751856256,0.0,0.1,,,1.0,0.0,,,2.0
26945,0.0008124782503572843,0.17549530207717343,0.0,0.1,,,1.0,0.0,,,2.0
26946,0.0007320113278599172,0.15811444681774212,0.0,0.1,,,1.0,0.0,,,2.0
26947,0.0003375342539990142,0.07290739886378707,1.0,0.1,,,1.0,0.0,,,2.0
26948,0.0008048643847063586,0.17385070709657346,0.0,0.1,,,1.0,0.0,,,2.0
26949,,,,0.1,,,1.0,0.0,,,2.0
26950,,,,0.1,,,,,,,2.0
26951,,,,0.1,,,,,,,2.0
26952,,,,0.1,,,,,,,2.0
26953,0.0005090502210746601,0.10995484775212659,0.0,0.1,,,1.0,0.0,,,2.0
26954,8.124258272192663e-05,0.01754839786793615,1.0,0.1,,,1.0,0.0,,,2.0
26955,0.00021962695787050327,0.047439422900028706,1.0,0.1,,,1.0,0.0,,,2.0
26956,0.0003053959000284909,0.06596551440615403,1.0,0.1,,,1.0,0.0,,,2.0
26957,0.00010953729691434321,0.023660056133498135,1.0,0.1,,,1.0,0.0,,,2.0
26958,0.00032305955531237567,0.06978086394747315,1.0,0.1,,,1.0,0.0,,,2.0
26959,0.0008964125669683915,0.19362511446517255,0.0,0.1,,,1.0,0.0,,,2.0
26960,3.548903965870711e-05,0.007665632566280736,1.0,0.1,,,1.0,0.0,,,2.0
26961,0.0009167935199877866,0.1980274003173619,0.0,0.1,,,1.0,0.0,,,2.0
26962,0.00037187752430740566,0.08032554525039963,1.0,0.1,,,1.0,0.0,,,2.0
26963,,,,0.1,,,1.0,0.0,,,2.0
26964,,,,0.1,,,,,,,2.0
26965,,,,0.1,,,,,,,2.0
26966,,,,0.1,,,,,,,2.0
26967,0.003415757656159358,0.7378036537304213,0.0,0.1,,,1.0,0.0,,,2.0
26968,0.0023145264531199117,0.4999377138739009,0.0,0.1,,,1.0,0.0,,,2.0
26969,0.0017348631553039757,0.37473044154565877,0.0,0.1,,,1.0,0.0,,,2.0
26970,0.0029998612028182855,0.6479700198087497,0.0,0.1,,,1.0,0.0,,,2.0
26971,0.0028917095237991357,0.6246092571406133,0.0,0.1,,,1.0,0.0,,,2.0
26972,0.0028338049753759607,0.6121018746812075,0.0,0.1,356.5669980897287,1175.3592238282554,1.0,0.0,0.0,0.0,2.0
26973,0.001990898075402232,0.4300339842868821,0.0,0.1,347.157392765373,1166.1580644620226,1.0,0.0,0.0,0.0,2.0
26974,0.0005826604390266705,0.12585465482976083,0.0,0.1,335.9606359358632,1155.781536794763,1.0,0.0,0.0,0.0,2.0
26975,0.001089843221810042,0.23540613591096907,0.0,0.1,332.1896121678196,1152.1417129878491,1.0,0.0,0.0,0.0,2.0
26976,0.0018172351879757176,0.392522800602755,0.0,0.1,326.46114594910404,1146.9863364933135,1.0,0.0,0.0,0.0,2.0
26977,0.0022688633460962978,0.49007448275680027,0.0,0.1,323.5908664489299,1140.7065908637564,1.0,0.0,0.0,0.0,2.0
26978,0.0012842993716355887,0.27740866427328714,0.0,0.1,323.5542665755962,1135.1274149074147,1.0,0.0,0.0,0.0,2.0
26979,0.0013703386975260391,0.2959931586656245,0.0,0.1,320.8620609872403,1129.115402594333,1.0,0.0,0.0,0.0,2.0
26980,0.0017410337576212926,0.3760632916461992,0.0,0.1,320.4615105184128,1124.4799839123466,1.0,0.0,0.0,0.0,2.0
26981,0.0023203122430785128,0.5011874445049588,0.0,0.1,317.12341199068345,1119.856777445796,1.0,0.0,0.0,0.0,2.0
26982,0.0010908570719752255,0.23562512754664872,0.0,0.1,303.0131954899221,1106.4304078361401,1.0,0.0,0.0,0.0,2.0
26983,0.000205699442062306,0.044431079485458096,1.0,0.1,291.5226770355446,1097.0549809268236,1.0,0.0,0.0,0.0,2.0
26984,0.001136017503816385,0.24537978082433914,0.0,0.1,288.72934734465656,1096.059551949416,1.0,0.0,0.0,0.0,2.0
26985,0.0008473364907763822,0.18302468200769856,0.0,0.1,275.9217078424089,1089.301423959761,1.0,0.0,0.0,0.0,2.0
26986,9.030288130374369e-05,0.019505422361608637,1.0,0.1,265.8018752095,1084.4061303399585,1.0,0.0,0.0,0.0,2.0
26987,0.00024371017093235219,0.05264139692138807,1.0,0.1,257.2736287605949,1079.4551418781166,1.0,0.0,0.0,0.0,2.0
26988,6.118229160769482e-05,0.013215374987262081,1.0,0.1,252.74089807834594,1076.7706466708614,1.0,0.0,0.0,0.0,2.0
26989,0.0006860246332025605,0.14818132077175308,0.0,0.1,244.31504818482225,1071.0875071447304,1.0,0.0,0.0,0.0,2.0
26990,0.00046054611378169413,0.09947796057684594,1.0,0.1,239.15440577827232,1068.942368087204,1.0,0.0,0.0,0.0,2.0
26991,0.0004706591795532485,0.10166238278350169,0.0,0.1,233.1717736934925,1067.413104428904,1.0,0.0,0.0,0.0,2.0
26992,0.0005247804667169072,0.11335258081085195,0.0,0.1,222.98119138556626,1057.4019268063785,1.0,0.0,0.0,0.0,2.0
26993,0.00041282992214096453,0.08917126318244835,1.0,0.1,218.09343851241402,1051.9345520471902,1.0,0.0,0.0,0.0,2.0
26994,0.0009623540825210869,0.20786848182455475,0.0,0.1,207.9741822867044,1040.209187813217,1.0,0.0,0.0,0.0,2.0
26995,0.0009798036604467954,0.2116375906565078,0.0,0.1,197.54211251177816,1026.1530496164937,1.0,0.0,0.0,0.0,2.0
26996,0.0004598827301898791,0.09933466972101389,1.0,0.1,186.82068605556967,1011.312667535522,1.0,0.0,0.0,0.0,2.0
26997,0.00026931225496688583,0.05817144707284734,1.0,0.1,183.41937841988334,1007.4549271327342,1.0,0.0,0.0,0.0,2.0
26998,0.0019946497249892147,0.4308443405976704,0.0,0.1,177.39374153993666,998.5052052421244,1.0,0.0,0.0,0.0,2.0
26999,0.000715033148298075,0.1544471600323842,0.0,0.1,176.98867794667763,996.79534282273,1.0,0.0,0.0,0.0,2.0
27000,0.0005070764522467273,0.10952851368529311,0.0,0.1,179.01774881616083,996.2475108867791,1.0,0.0,0.0,0.0,2.0
27001,0.0006775160643506961,0.14634346989975036,0.0,0.1,179.62041268917363,996.2939487219036,1.0,0.0,0.0,0.0,2.0
27002,0.0011964151115014283,0.2584256640843085,0.0,0.1,180.26124326175673,996.6576141869391,1.0,0.0,0.0,0.0,2.0
27003,0.0012434912133477654,0.26859410208311735,0.0,0.1,181.2643257018424,997.9974570916838,1.0,0.0,0.0,0.0,2.0
27004,0.0006631158590243045,0.14323302554924977,0.0,0.1,179.07129990859795,997.8927631144195,1.0,0.0,0.0,0.0,2.0
27005,0.0004392169499798776,0.09487086119565356,1.0,0.1,170.36663998975123,990.2984619377035,1.0,0.0,0.0,0.0,2.0
27006,0.0004946351616978304,0.10684119492673136,0.0,0.1,164.4062567383157,987.6213616307294,1.0,0.0,0.0,0.0,2.0
27007,0.0011580737252621983,0.2501439246566348,0.0,0.1,157.24384871091868,982.8476049609259,1.0,0.0,0.0,0.0,2.0
27008,0.0007148102833374731,0.15439902120089422,0.0,0.1,152.0220754881476,980.7376257997711,1.0,0.0,0.0,0.0,2.0
27009,0.00120782148404648,0.2608894405540397,0.0,0.1,148.98266161153194,979.6207025676816,1.0,0.0,0.0,0.0,2.0
27010,0.0006626055431455338,0.1431227973194353,0.0,0.1,143.67838918373275,975.1172003176322,1.0,0.0,0.0,0.0,2.0
27011,0.00037040226989254005,0.08000689029678865,1.0,0.1,138.57651400144488,971.1970123037482,1.0,0.0,0.0,0.0,2.0
27012,0.0008118861929349218,0.17536741767394312,0.0,0.1,126.97265661464363,965.5597172641932,1.0,0.0,0.0,0.0,2.0
27013,0.00041607069507212013,0.08987127013557795,1.0,0.1,112.8312057253944,955.3287001983225,1.0,0.0,0.0,0.0,2.0
27014,0.0009072871590363067,0.19597402635184225,0.0,0.1,102.53819762130385,948.4065666297992,1.0,0.0,0.0,0.0,2.0
27015,0.0008156013880214726,0.1761698998126381,0.0,0.1,99.13525751960505,947.1487463621224,1.0,0.0,0.0,0.0,2.0
27016,0.0010960006110818624,0.2367361319936823,0.0,0.1,91.70046164197437,943.4732367695357,1.0,0.0,0.0,0.0,2.0
27017,0.0011458369973793767,0.24750079143394535,0.0,0.1,83.62177785952736,938.2901312535663,1.0,0.0,0.0,0.0,2.0
27018,0.001804772081049047,0.3898307695065942,0.0,0.1,76.47930143079608,932.2499569715694,1.0,0.0,0.0,0.0,2.0
27019,0.0005789758889987303,0.12505879202372575,0.0,0.1,74.12082822138956,930.7528885584404,1.0,0.0,0.0,0.0,2.0
27020,0.0005008738486060386,0.10818875129890435,0.0,0.1,72.72367119000202,930.6226451172943,1.0,0.0,0.0,0.0,2.0
27021,0.000974434927326268,0.2104779443024739,0.0,0.1,,,1.0,0.0,,,2.0
27022,0.0014011729626806303,0.30265335993901615,0.0,0.1,,,1.0,0.0,,,2.0
27023,0.0004301244429798073,0.09290687968363838,1.0,0.1,67.55122273105144,936.2822502440224,1.0,0.0,1.0,0.0,2.0
27024,0.0021620420098970353,0.4670010741377596,0.0,0.1,68.94391587077449,938.4502979838197,1.0,0.0,1.0,0.0,2.0
27025,0.0014951290872087044,0.3229478828370802,0.0,0.1,70.34256293454156,940.1462721570364,1.0,0.0,0.0,0.0,2.0
27026,0.0022436490166177618,0.48462818758943654,0.0,0.1,72.82423189533755,943.4715865043695,1.0,0.0,0.0,0.0,2.0
27027,0.0013723893019604702,0.2964360892234616,0.0,0.1,76.21317865844154,948.232944550686,1.0,0.0,0.0,0.0,2.0
27028,0.00042030393135206103,0.09078564917204518,1.0,0.1,83.70246493266828,956.6053842304051,1.0,0.0,0.0,0.0,2.0
27029,0.002160086036072188,0.46657858379159267,0.0,0.1,87.49639372227304,960.5460582571021,1.0,0.0,0.0,0.0,2.0
27030,0.0012128528404176774,0.2619762135302183,0.0,0.1,90.98792858218793,964.3718603127952,1.0,0.0,0.0,0.0,2.0
27031,0.0012250918504662553,0.2646198397007112,0.0,0.1,91.36991259599269,964.9401809847136,1.0,0.0,0.0,0.0,2.0
27032,0.0009936683770974545,0.21463236945305017,0.0,0.1,91.8322310400491,965.4616383854074,1.0,0.0,0.0,0.0,2.0
27033,0.0015067717980003477,0.3254627083680751,0.0,0.1,92.200007242537,965.842210613561,1.0,0.0,0.0,0.0,2.0
27034,0.0020546833108325943,0.44381159513984036,0.0,0.1,92.372823284692,965.8220900222826,1.0,0.0,0.0,0.0,2.0
27035,0.002922048937212775,0.6311625704379593,0.0,0.1,93.91158363572445,966.9274829505088,1.0,0.0,0.0,0.0,2.0
27036,0.0006927356846750305,0.1496309078898066,0.0,0.1,97.23255128192683,970.0365911775353,1.0,0.0,0.0,0.0,2.0
27037,0.000618841158926458,0.13366969032811493,0.0,0.1,103.01292546147978,976.1162900410624,1.0,0.0,0.0,0.0,2.0
27038,0.0014396738032184287,0.3109695414951806,0.0,0.1,105.44202940551834,978.6208274510085,1.0,0.0,0.0,0.0,2.0
27039,0.0013986620742312303,0.30211100803394575,0.0,0.1,108.27095999514603,980.5428698553163,1.0,0.0,0.0,0.0,2.0
27040,,,,0.1,111.5148028264505,982.7705948626075,1.0,0.0,0.0,0.0,2.0
27041,,,,0.1,116.44839767937758,986.289762685918,,,0.0,0.0,2.0
27042,0.0019709876332052035,0.42573332877232395,0.0,0.1,120.0232477441898,988.5190940325238,1.0,0.0,0.0,0.0,2.0
27043,0.0024075430097225945,0.5200292901000804,0.0,0.1,127.10742260838286,992.2330204081219,1.0,0.0,0.0,0.0,2.0
27044,0.0035826460665157297,0.7738515503673976,0.0,0.1,133.88409741255902,995.3544634227392,1.0,0.0,0.0,0.0,2.0
27045,0.004019171435288629,0.868141030022344,0.0,0.1,139.05821408124564,996.3496939899221,1.0,0.0,0.0,0.0,2.0
27046,0.0015074799442167956,0.32561566795082786,0.0,0.1,139.96485320256008,993.5680791243626,1.0,0.0,0.0,0.0,2.0
27047,0.002703212690058462,0.5838939410526278,0.0,0.1,143.14538553321384,994.9223735460348,1.0,0.0,0.0,0.0,2.0
27048,,,,0.1,153.00293765727707,998.700128958768,1.0,0.0,0.0,0.0,2.0
27049,,,,0.1,161.1706344655822,1000.8544519148356,,,0.0,0.0,2.0
27050,,,,0.1,167.126195782704,1000.3970844818061,,,0.0,0.0,2.0
27051,,,,0.1,171.97432465940258,1001.7825490510088,,,0.0,0.0,2.0
27052,,,,0.1,180.7163833496495,1002.9972530367239,,,0.0,0.0,2.0
27053,,,,0.1,190.75103556134698,1005.9806358758401,,,0.0,0.0,2.0
27054,,,,0.1,197.98752348805772,1006.5475159156648,1.0,0.0,0.0,0.0,2.0
27055,,,,0.1,205.82638420559294,1008.8919760520282,,,0.0,0.0,2.0
27056,,,,0.1,209.6545965411973,1008.778808208595,,,0.0,0.0,2.0
27057,,,,0.1,220.48873168702005,1009.45500624722,,,0.0,0.0,2.0
27058,,,,0.1,229.6288951205811,1008.0128585730505,1.0,0.0,0.0,0.0,2.0
27059,,,,0.1,235.73912602485498,1005.7976488611346,,,0.0,0.0,2.0
27060,,,,0.1,239.43898851613284,1005.5535412879864,,,0.0,0.0,2.0
27061,,,,0.1,248.11365023827506,1001.3639589459156,,,0.0,0.0,2.0
27062,0.004046718859105983,0.8740912735668923,0.0,0.1,258.2098721873335,998.7318883473789,1.0,0.0,0.0,0.0,2.0
27063,0.004309176702503826,0.9307821677408262,0.0,0.1,264.37989407432866,997.909106729028,1.0,0.0,0.0,0.0,2.0
27064,0.00016303283358664412,0.03521509205471513,1.0,0.1,271.63271087938455,1003.2258753633166,1.0,0.0,0.0,0.0,2.0
27065,0.003058124059344867,0.6605547968184913,0.0,0.1,274.07780838111466,1005.6614842415075,1.0,0.0,0.0,0.0,2.0
27066,0.0011156667972681794,0.24098402820992676,0.0,0.1,279.83717415451025,1014.7246894457693,1.0,0.0,0.0,0.0,2.0
27067,0.0002250945536200428,0.048620423581929244,1.0,0.1,281.73645453675704,1021.4288971820023,1.0,0.0,0.0,0.0,2.0
27068,0.00038473961755860125,0.08310375739265788,1.0,0.1,282.8795904089469,1028.1077528451624,1.0,0.0,0.0,0.0,2.0
27069,0.001132769932103554,0.24467830533436766,0.0,0.1,286.34853564317393,1030.678589976834,1.0,0.0,0.0,0.0,2.0
27070,0.0007473757352965887,0.16143315882406314,0.0,0.1,289.98922255582164,1034.189053205299,1.0,0.0,0.0,0.0,2.0
27071,0.002099320667648846,0.4534532642121507,0.0,0.1,295.2816032439262,1039.6757815701994,1.0,0.0,0.0,0.0,2.0
27072,0.002812896457055976,0.6075856347240908,0.0,0.1,304.0294094097141,1041.1678100201423,1.0,0.0,0.0,0.0,2.0
27073,0.0017244319832665617,0.37247730838557735,0.0,0.1,316.1195333533376,1044.7691107316298,1.0,0.0,0.0,0.0,2.0
27074,0.0026135325270004394,0.5645230258320949,0.0,0.1,323.27326024353073,1049.0623177679392,1.0,0.0,0.0,0.0,2.0
27075,0.0025454378651979656,0.5498145788827605,0.0,0.1,330.46045096246354,1049.8529256632007,1.0,0.0,0.0,0.0,2.0
27076,0.0021532984320869154,0.4651124613307738,0.0,0.1,341.4005347444375,1054.8466317063685,1.0,0.0,0.0,0.0,2.0
27077,0.002061622568447961,0.44531047478475955,0.0,0.1,352.25057538243766,1059.1261345922303,1.0,0.0,0.0,0.0,2.0
27078,,,,0.1,355.92730862939277,1060.7711871573676,1.0,0.0,0.0,0.0,2.0
27079,,,,0.1,363.68229896805747,1064.9163809165934,,,0.0,0.0,2.0
27080,0.0011715115796094024,0.25304650119563094,0.0,0.1,369.1270506791551,1068.7040215103405,1.0,0.0,0.0,0.0,2.0
27081,0.0023099776024380694,0.498955162126623,0.0,0.1,373.42423288489596,1071.2652253391202,1.0,0.0,0.0,0.0,2.0
27082,0.0008494477073051884,0.1834807047779207,0.0,0.1,,,1.0,0.0,,,2.0
27083,0.0007964398860278148,0.17203101538200802,0.0,0.1,381.747336055903,1084.53039719969,1.0,0.0,0.0,0.0,2.0
27084,0.0007450179232261731,0.16092387141685338,0.0,0.1,382.9852004245705,1087.5725250991957,1.0,0.0,0.0,0.0,2.0
27085,0.0009167081367632069,0.19800895754085268,0.0,0.1,,,1.0,0.0,,,2.0
27086,0.00044667954035849906,0.0964827807174358,1.0,0.1,,,1.0,0.0,,,2.0
27087,0.000509630054810895,0.11008009183915334,0.0,0.1,,,1.0,0.0,,,2.0
27088,0.0006167071907251378,0.13320875319662975,0.0,0.1,,,1.0,0.0,,,2.0
27089,0.00021410320908991977,0.04624629316342267,1.0,0.1,,,1.0,0.0,,,2.0
27090,0.000354964579468899,0.07667234916528219,1.0,0.1,,,1.0,0.0,,,2.0
27091,0.00015240763494069268,0.03292004914718962,1.0,0.1,,,1.0,0.0,,,2.0
27092,0.00048125821010694907,0.10395177338310099,0.0,0.1,,,1.0,0.0,,,2.0
27093,0.0014554511260011416,0.3143774432162466,0.0,0.1,,,1.0,0.0,,,2.0
27094,0.0007411745532163946,0.16009370349474122,0.0,0.1,,,1.0,0.0,,,2.0
27095,0.000864107411501962,0.1866472008844238,0.0,0.1,,,1.0,0.0,,,2.0
27096,0.002260586456887299,0.4882866746876566,0.0,0.1,,,1.0,0.0,,,2.0
27097,0.0010925488824152917,0.235990558601703,0.0,0.1,,,1.0,0.0,,,2.0
27098,0.0011388119257255192,0.24598337595671213,0.0,0.1,,,1.0,0.0,,,2.0
27099,0.0016178958760662734,0.34946550923031505,0.0,0.1,,,1.0,0.0,,,2.0
27100,0.0006050188754985722,0.13068407710769162,0.0,0.1,,,1.0,0.0,,,2.0
27101,0.0010590230316992898,0.22874897484704662,0.0,0.1,,,1.0,0.0,,,2.0
27102,0.0006381205933188237,0.13783404815686592,0.0,0.1,388.3664879247476,1095.5162365640308,1.0,0.0,0.0,0.0,2.0
27103,0.00036353287257451613,0.0785231004760955,1.0,0.1,,,1.0,0.0,,,2.0
27104,0.0006029019128980711,0.13022681318598336,0.0,0.1,,,1.0,0.0,,,2.0
27105,0.00023361976674848023,0.05046186961767173,1.0,0.1,,,1.0,0.0,,,2.0
27106,0.0006227269427814213,0.13450901964078701,0.0,0.1,,,1.0,0.0,,,2.0
27107,0.0004062823511776861,0.0877569878543802,1.0,0.1,386.9569036365759,1094.4298020692295,1.0,0.0,0.0,0.0,2.0
27108,0.0007165265774729258,0.15476974073415198,0.0,0.1,384.5982618254011,1091.8434762707482,1.0,0.0,0.0,0.0,2.0
27109,0.00031745333357094825,0.06856992005132483,1.0,0.1,386.2123969693437,1092.8833762918084,1.0,0.0,0.0,0.0,2.0
27110,0.00044219825195206087,0.09551482242164515,1.0,0.1,385.9027063501016,1092.4464609758986,1.0,0.0,0.0,0.0,2.0
27111,0.0001286926007619846,0.027797601764588672,1.0,0.1,386.8741954567864,1092.799494057952,1.0,0.0,0.0,0.0,2.0
27112,0.0006851687977461604,0.14799646031317062,0.0,0.1,386.73916748491234,1092.7881790904596,1.0,0.0,0.0,0.0,2.0
27113,0.0004600650075289692,0.09937404162625735,1.0,0.1,386.560555792625,1092.6571231581186,1.0,0.0,0.0,0.0,2.0
27114,0.0011232869531738146,0.24262998188554397,0.0,0.1,386.50488562104056,1092.6416831104482,1.0,0.0,0.0,0.0,2.0
27115,0.00018653968692338227,0.04029257237545057,1.0,0.1,388.8657454769929,1093.5494508222916,1.0,0.0,0.0,0.0,2.0
27116,0.0011072520954820524,0.2391664526241233,0.0,0.1,399.5298087900846,1099.3263599472943,1.0,0.0,0.0,0.0,2.0
27117,0.0005979603187994529,0.12915942886068182,0.0,0.1,405.4230256004218,1102.6460893427754,1.0,0.0,0.0,0.0,2.0
27118,0.0008350829518665926,0.180377917603184,0.0,0.1,409.4196685268162,1106.3874377529382,1.0,0.0,0.0,0.0,2.0
27119,0.0016010797298140168,0.34583322163982766,0.0,0.1,412.3908147061794,1110.331440683934,1.0,0.0,0.0,0.0,2.0
27120,0.0017201326649940274,0.3715486556387099,0.0,0.1,416.66852903136305,1116.9115109056424,1.0,0.0,0.0,0.0,2.0
27121,0.0014903711893872085,0.321920176907637,0.0,0.1,419.18876020729306,1119.7830362269196,1.0,0.0,0.0,0.0,2.0
27122,0.0007517136890369659,0.16237015683198464,0.0,0.1,424.41752202349454,1124.9185347716846,1.0,0.0,0.0,0.0,2.0
27123,0.0022382711498418954,0.4834665683658494,0.0,0.1,427.08779403715147,1127.5323206422843,1.0,0.0,0.0,0.0,2.0
27124,0.0023140520865769826,0.49983525070062823,0.0,0.1,432.98484282018626,1135.5972626935718,1.0,0.0,0.0,0.0,2.0
27125,0.0015005555160293009,0.324119991462329,0.0,0.1,437.9830070606834,1140.035393272832,1.0,0.0,0.0,0.0,2.0
27126,0.0009758944449706102,0.2107932001136518,0.0,0.1,,,1.0,0.0,,,2.0
27127,0.0006502493589553319,0.1404538615343517,0.0,0.1,,,1.0,0.0,,,2.0
27128,0.0024252561745701537,0.5238553337071532,0.0,0.1,,,1.0,0.0,,,2.0
27129,0.001984392052150129,0.4286286832644279,0.0,0.1,,,1.0,0.0,,,2.0
27130,0.0012580526635264796,0.2717393753217196,0.0,0.1,,,1.0,0.0,,,2.0
27131,0.0018199190811338663,0.3931025215249151,0.0,0.1,,,1.0,0.0,,,2.0
27132,0.0013523357203110641,0.29210451558718986,0.0,0.1,,,1.0,0.0,,,2.0
27133,0.0018617224611661338,0.4021320516118849,0.0,0.1,,,1.0,0.0,,,2.0
27134,0.0013273344457958598,0.2867042402919057,0.0,0.1,,,1.0,0.0,,,2.0
27135,0.0008669368565324488,0.18725836101100893,0.0,0.1,,,1.0,0.0,,,2.0
27136,0.0006493985312291448,0.1402700827454953,0.0,0.1,,,1.0,0.0,,,2.0
27137,0.00134552996498688,0.29063447243716606,0.0,0.1,,,1.0,0.0,,,2.0
27138,0.002870837080669444,0.6201008094245999,0.0,0.1,,,1.0,0.0,,,2.0
27139,0.0010028934192578345,0.21662497855969226,0.0,0.1,,,1.0,0.0,,,2.0
27140,0.0008672891209354274,0.18733445012205233,0.0,0.1,,,1.0,0.0,,,2.0
27141,0.0012867060864795042,0.2779285146795729,0.0,0.1,,,1.0,0.0,,,2.0
27142,0.0029354186054390205,0.6340504187748285,0.0,0.1,,,1.0,0.0,,,2.0
27143,0.002160646963960789,0.4666997442155304,0.0,0.1,,,1.0,0.0,,,2.0
27144,0.0016631028955336378,0.3592302254352658,0.0,0.1,,,1.0,0.0,,,2.0
27145,0.00031334771408908296,0.06768310624324192,1.0,0.1,,,1.0,0.0,,,2.0
27146,0.0002981621157887631,0.06440301701037283,1.0,0.1,,,1.0,0.0,,,2.0
27147,0.0001178746181925296,0.025460917529586395,1.0,0.1,,,1.0,0.0,,,2.0
27148,0.0004893108169884704,0.10569113646950962,0.0,0.1,,,1.0,0.0,,,2.0
27149,0.00022467954382826653,0.04853078146690557,1.0,0.1,,,1.0,0.0,,,2.0
27150,0.0005716394819952484,0.12347412811097366,0.0,0.1,,,1.0,0.0,,,2.0
27151,0.0005110130105090056,0.11037881026994521,0.0,0.1,,,1.0,0.0,,,2.0
27152,0.0002230166981160721,0.04817160679307157,1.0,0.1,,,1.0,0.0,,,2.0
27153,0.0004667203074455477,0.10081158640823831,0.0,0.1,,,1.0,0.0,,,2.0
27154,0.0005224100154090676,0.11284056332835862,0.0,0.1,,,1.0,0.0,,,2.0
27155,0.0006865991128770551,0.14830540838144393,0.0,0.1,,,1.0,0.0,,,2.0
27156,0.0003304924660404611,0.0713863726647396,1.0,0.1,,,1.0,0.0,,,2.0
27157,0.0012903934720402107,0.2787249899606855,0.0,0.1,,,1.0,0.0,,,2.0
27158,0.0002119472227968392,0.04578060012411727,1.0,0.1,,,1.0,0.0,,,2.0
27159,0.001090708262340402,0.2355929846655268,0.0,0.1,,,1.0,0.0,,,2.0
27160,0.0005456577176679848,0.11786206701628471,0.0,0.1,,,1.0,0.0,,,2.0
27161,0.0005830541167446135,0.12593968921683651,0.0,0.1,,,1.0,0.0,,,2.0
27162,0.0009544261248515799,0.20615604296794127,0.0,0.1,,,1.0,0.0,,,2.0
27163,0.0005001673364264202,0.10803614466810676,0.0,0.1,,,1.0,0.0,,,2.0
27164,0.00046753829007344566,0.10098827065586427,0.0,0.1,,,1.0,0.0,,,2.0
27165,0.0015875470612553102,0.342910165231147,0.0,0.1,,,1.0,0.0,,,2.0
27166,0.0014567795022410264,0.3146643724840617,0.0,0.1,447.89693175396843,1216.590813967512,1.0,0.0,0.0,0.0,2.0
27167,0.0012954665373764755,0.27982077207331874,0.0,0.1,,,1.0,0.0,,,2.0
27168,0.0018557484418069124,0.4008416634302931,0.0,0.1,,,1.0,0.0,,,2.0
27169,0.002063656529689326,0.4457498104128944,0.0,0.1,,,1.0,0.0,,,2.0
27170,0.0009138475804549718,0.19739107737827394,0.0,0.1,,,1.0,0.0,,,2.0
27171,0.000913039365993116,0.19721650305451305,0.0,0.1,,,1.0,0.0,,,2.0
27172,0.0006041878441306734,0.13050457433222545,0.0,0.1,,,1.0,0.0,,,2.0
27173,0.000696408235340467,0.15042417883354087,0.0,0.1,,,1.0,0.0,,,2.0
27174,0.0007515754103716916,0.16234028864028538,0.0,0.1,,,1.0,0.0,,,2.0
27175,0.0003854008038138985,0.08324657362380208,1.0,0.1,,,1.0,0.0,,,2.0
27176,5.167581914038037e-05,0.01116197693432216,1.0,0.1,,,1.0,0.0,,,2.0
27177,0.0004283907674092853,0.09253240576040564,1.0,0.1,,,1.0,0.0,,,2.0
27178,0.0019232099395838427,0.41541334695011,0.0,0.1,,,1.0,0.0,,,2.0
27179,0.0008702100279217565,0.18796536603109942,0.0,0.1,,,1.0,0.0,,,2.0
27180,0.001201595431276759,0.2595446131557799,0.0,0.1,452.6953614808183,1158.3338896841626,1.0,0.0,0.0,0.0,2.0
27181,0.00037905442288927436,0.08187575534408327,1.0,0.1,,,1.0,0.0,,,2.0
27182,0.0005890515957756289,0.12723514468753583,0.0,0.1,,,1.0,0.0,,,2.0
27183,0.0005810051595882555,0.1254971144710632,0.0,0.1,,,1.0,0.0,,,2.0
27184,0.0006507341058844857,0.14055856687104892,0.0,0.1,,,1.0,0.0,,,2.0
27185,0.0005631799124945052,0.12164686109881312,0.0,0.1,,,1.0,0.0,,,2.0
27186,0.001413631148801241,0.30534432814106804,0.0,0.1,,,1.0,0.0,,,2.0
27187,0.000663483839779471,0.14331250939236573,0.0,0.1,,,1.0,0.0,,,2.0
27188,0.0007913955487253086,0.17094143852466667,0.0,0.1,429.63330094669976,1119.5982189979413,1.0,0.0,0.0,0.0,2.0
27189,0.0014229208133904382,0.30735089569233465,0.0,0.1,424.83368412294675,1117.2200212904916,1.0,0.0,0.0,0.0,2.0
27190,0.00015152474419937505,0.032729344747065015,1.0,0.1,422.98922101661736,1114.6453711670933,1.0,0.0,0.0,0.0,2.0
27191,0.001098107674160428,0.23719125761865245,0.0,0.1,421.9090735106405,1114.0759992172384,1.0,0.0,0.0,0.0,2.0
27192,0.0016809370337624778,0.3630823992926952,0.0,0.1,418.97468976050925,1111.2336014838108,1.0,0.0,0.0,0.0,2.0
27193,0.0010852106997456732,0.2344055111450654,0.0,0.1,417.4709990958263,1110.0608074517468,1.0,0.0,0.0,0.0,2.0
27194,0.0006228237019330118,0.13452991961753055,0.0,0.1,414.77401617149417,1108.8912321466516,1.0,0.0,0.0,0.0,2.0
27195,0.0011226473324007084,0.242491823798553,0.0,0.1,412.47666443644204,1110.5542402259816,1.0,0.0,0.0,0.0,2.0
27196,0.0007645079132389716,0.16513370925961787,0.0,0.1,407.912352128598,1108.3428243432081,1.0,0.0,0.0,0.0,2.0
27197,0.0004198453778631674,0.09068660161844416,1.0,0.1,410.1745889828174,1111.5081564831207,1.0,0.0,0.0,0.0,2.0
27198,0.00041341784095609715,0.08929825364651699,1.0,0.1,412.04668613906745,1116.0474055658206,1.0,0.0,0.0,0.0,2.0
27199,0.00033476904222827,0.07231011312130632,1.0,0.1,414.7788481182258,1118.2131007697224,1.0,0.0,0.0,0.0,2.0
27200,0.00017854984085723477,0.038566765625162716,1.0,0.1,417.10021292265424,1120.6678994305505,1.0,0.0,0.0,0.0,2.0
27201,0.0002643415284810185,0.0570977701519,1.0,0.1,419.8169038828452,1125.0516359112723,1.0,0.0,0.0,0.0,2.0
27202,0.00029262519001908095,0.06320704104412149,1.0,0.1,423.64426309188997,1129.7928005944382,1.0,0.0,0.0,0.0,2.0
27203,0.0009727986650199193,0.21012451164430257,0.0,0.1,427.5523963279639,1134.009464771806,1.0,0.0,0.0,0.0,2.0
27204,0.00014324310388092284,0.030940510438279334,1.0,0.1,430.8427667758641,1137.0394565319514,1.0,0.0,0.0,0.0,2.0
27205,0.0005088590823575951,0.10991356178924054,0.0,0.1,432.77162087847637,1137.883753128528,1.0,0.0,0.0,0.0,2.0
27206,0.0011165710925053799,0.24117935598116208,0.0,0.1,434.9085765346281,1140.7602206905954,1.0,0.0,0.0,0.0,2.0
27207,6.6658622750429e-05,0.014398262514092664,1.0,0.1,438.8525790800594,1145.4196718653857,1.0,0.0,0.0,0.0,2.0
27208,0.0008300836455327846,0.17929806743508148,0.0,0.1,442.114692594798,1152.2477107692616,1.0,0.0,0.0,0.0,2.0
27209,0.001369810136040192,0.2958789893846815,0.0,0.1,445.6514369978967,1155.2155481961008,1.0,0.0,0.0,0.0,2.0
27210,0.0020592940939777532,0.44480752429919473,0.0,0.1,,,1.0,0.0,,,2.0
27211,0.0009321586276620452,0.20134626357500177,0.0,0.1,,,1.0,0.0,,,2.0
27212,0.0002918344434713304,0.06303623978980737,1.0,0.1,,,1.0,0.0,,,2.0
27213,0.0018525090786328585,0.40014196098469745,0.0,0.1,460.83451237958576,1171.212407374636,1.0,0.0,0.0,0.0,2.0
27214,0.002087302036543315,0.450857239893356,0.0,0.1,,,1.0,0.0,,,2.0
27215,0.001353311474971154,0.29231527859376927,0.0,0.1,,,1.0,0.0,,,2.0
27216,0.0010093788110200799,0.21802582318033728,0.0,0.1,,,1.0,0.0,,,2.0
27217,0.0007239743238349967,0.15637845394835928,0.0,0.1,,,1.0,0.0,,,2.0
27218,0.0011266149185096856,0.24334882239809208,0.0,0.1,,,1.0,0.0,,,2.0
27219,0.000639908027146294,0.13822013386359952,0.0,0.1,,,1.0,0.0,,,2.0
27220,0.002005849108252957,0.43326340738263874,0.0,0.1,,,1.0,0.0,,,2.0
27221,0.0012630506389771296,0.27281893801906,0.0,0.1,,,1.0,0.0,,,2.0
27222,0.0016685424666045845,0.3604051727865903,0.0,0.1,,,1.0,0.0,,,2.0
27223,0.0011855435126661537,0.2560773987358892,0.0,0.1,,,1.0,0.0,,,2.0
27224,0.002327232682136544,0.5026822593414935,0.0,0.1,,,1.0,0.0,,,2.0
27225,0.0011287149269192437,0.24380242421455667,0.0,0.1,,,1.0,0.0,,,2.0
27226,,,,0.1,,,1.0,0.0,,,2.0
27227,,,,0.1,,,,,,,2.0
27228,,,,0.1,,,,,,,2.0
27229,,,,0.1,,,,,,,2.0
27230,0.00039713925817129307,0.08578207976499931,1.0,0.1,,,1.0,0.0,,,2.0
27231,0.002188613684407698,0.47274055583206276,0.0,0.1,,,1.0,0.0,,,2.0
27232,0.0016094675336368871,0.34764498726556764,0.0,0.1,,,1.0,0.0,,,2.0
27233,0.0011937622638493934,0.257852648991469,0.0,0.1,,,1.0,0.0,,,2.0
27234,0.0014464439379349766,0.31243189059395493,0.0,0.1,,,1.0,0.0,,,2.0
27235,,,,0.1,,,1.0,0.0,,,2.0
27236,,,,0.1,,,,,,,2.0
27237,,,,0.1,,,,,,,2.0
27238,,,,0.1,,,,,,,2.0
27239,,,,0.1,,,,,,,2.0
27240,0.00017116484954506726,0.03697160750173453,1.0,0.1,,,1.0,0.0,,,2.0
27241,0.0006514924570201243,0.14072237071634683,0.0,0.1,,,1.0,0.0,,,2.0
27242,0.0003667495117544561,0.07921789453896252,1.0,0.1,,,1.0,0.0,,,2.0
27243,5.151164224529712e-05,0.011126514724984177,1.0,0.1,,,1.0,0.0,,,2.0
27244,0.0005996022527927335,0.12951408660323044,0.0,0.1,,,1.0,0.0,,,2.0
27245,0.00027661927962360777,0.05974976439869928,1.0,0.1,,,1.0,0.0,,,2.0
27246,0.0025310249530370375,0.5467013898560001,0.0,0.1,,,1.0,0.0,,,2.0
27247,0.0029044738785103117,0.6273663577582274,0.0,0.1,,,1.0,0.0,,,2.0
27248,0.001290614798992691,0.27877279658242127,0.0,0.1,,,1.0,0.0,,,2.0
27249,0.002377430859911051,0.513525065740787,0.0,0.1,,,1.0,0.0,,,2.0
27250,0.003871456457513833,0.8362345948229879,0.0,0.1,,,1.0,0.0,,,2.0
27251,0.0037367924430920982,0.8071471677078932,0.0,0.1,,,1.0,0.0,,,2.0
27252,0.002479065832641059,0.5354782198504687,0.0,0.1,,,1.0,0.0,,,2.0
27253,0.002522098635366144,0.5447733052390872,0.0,0.1,,,1.0,0.0,,,2.0
27254,0.0011106428036242288,0.23989884558283345,0.0,0.1,,,1.0,0.0,,,2.0
27255,0.0022979528395281335,0.4963578133380768,0.0,0.1,,,1.0,0.0,,,2.0
27256,0.0026289737395411654,0.5678583277408917,0.0,0.1,,,1.0,0.0,,,2.0
27257,0.00025120876327842354,0.05426109286813948,1.0,0.1,,,1.0,0.0,,,2.0
27258,,,,0.1,,,1.0,0.0,,,2.0
27259,,,,0.1,428.6616077815231,1112.1789773503192,,,0.0,0.0,2.0
27260,0.0011906698462046173,0.25718468678019735,0.0,0.1,,,1.0,0.0,,,2.0
27261,,,,0.1,,,1.0,0.0,,,2.0
27262,,,,0.1,,,,,,,2.0
27263,0.0019426786088403377,0.4196185795095129,0.0,0.1,,,1.0,0.0,,,2.0
27264,0.0012661659687789953,0.273491849256263,0.0,0.1,,,1.0,0.0,,,2.0
27265,0.0009027800424074058,0.19500048915999965,0.0,0.1,399.99543766427104,1048.8295398955827,1.0,0.0,0.0,0.0,2.0
27266,0.0006345658295712522,0.13706621918739048,0.0,0.1,397.07952976879466,1042.2632394016193,1.0,0.0,0.0,0.0,2.0
27267,0.00046541414314470045,0.1005294549192553,0.0,0.1,395.4654808449594,1038.0260398311739,1.0,0.0,0.0,0.0,2.0
27268,5.575561105533118e-05,0.012043211987951535,1.0,0.1,393.13600356683685,1031.948367782998,1.0,0.0,0.0,0.0,2.0
27269,0.0005494874557923526,0.11868929045114816,0.0,0.1,388.5329122572572,1024.5432058365072,1.0,0.0,0.0,0.0,2.0
27270,0.003514327363061692,0.7590947104213256,0.0,0.1,384.1624326293606,1020.0703299446842,1.0,0.0,0.0,0.0,2.0
27271,0.00033609039466693394,0.07259552524805774,1.0,0.1,379.4525319292765,1016.8036161976603,1.0,0.0,0.0,0.0,2.0
27272,0.0006920026057267119,0.14947256283696977,0.0,0.1,378.5120281183085,1015.9066935712693,1.0,0.0,0.0,0.0,2.0
27273,0.00044018669995859495,0.09508032719105651,1.0,0.1,378.7848991301008,1016.2801151188453,1.0,0.0,0.0,0.0,2.0
27274,0.00016977740456392712,0.03667191938580826,1.0,0.1,377.762034630993,1016.4233364983227,1.0,0.0,0.0,0.0,2.0
27275,7.991213229163392e-05,0.017261020574992927,1.0,0.1,371.9229334928942,1013.7515413383254,1.0,0.0,0.0,0.0,2.0
27276,0.00047363094077853966,0.10230428320816458,0.0,0.1,369.5763292543671,1012.4700215481186,1.0,0.0,0.0,0.0,2.0
27277,0.0004400772178679231,0.09505667905947139,1.0,0.1,368.4726869508374,1013.2630998674152,1.0,0.0,0.0,0.0,2.0
27278,,,,0.1,368.8822988419039,1012.9921278243775,1.0,0.0,0.0,0.0,2.0
27279,,,,0.1,369.23161907878006,1013.7675804241087,,,0.0,0.0,2.0
27280,,,,0.1,369.27424719910346,1013.4619603611137,,,0.0,0.0,2.0
27281,,,,0.1,369.19463909396194,1012.9357914800617,1.0,0.0,0.0,0.0,2.0
27282,,,,0.1,368.0946307453226,1013.6506285488208,,,0.0,0.0,2.0
27283,,,,0.1,369.61485643385106,1018.5461905556593,,,0.0,0.0,2.0
27284,0.00026755694817982145,0.05779230080684143,1.0,0.1,367.8732850714416,1014.447130893514,1.0,0.0,0.0,0.0,2.0
27285,0.0005829399754611428,0.12591503469960685,0.0,0.1,366.9846654746642,1011.5895958337511,1.0,0.0,0.0,0.0,2.0
27286,0.0005326691475162781,0.11505653586351607,0.0,0.1,366.3136801428171,1004.9329854853087,1.0,0.0,0.0,0.0,2.0
27287,0.0007214213916303146,0.15582702059214795,0.0,0.1,361.2454988791081,992.6942304294158,1.0,0.0,0.0,0.0,2.0
27288,0.000961276101123201,0.20763563784261144,0.0,0.1,358.5645755139636,980.5567109805068,1.0,0.0,0.0,0.0,2.0
27289,0.0002135670838784469,0.04613049011774453,1.0,0.1,354.11702210276604,965.7296641361293,1.0,0.0,0.0,0.0,2.0
27290,0.000555691035623156,0.12002926369460169,0.0,0.1,350.98210442555137,959.9907565326249,1.0,0.0,0.0,0.0,2.0
27291,,,,0.1,348.602033065584,950.3001817473154,1.0,0.0,0.0,0.0,2.0
27292,,,,0.1,348.49273473806915,945.2399735815247,,,0.0,0.0,2.0
27293,,,,0.1,343.7997596656655,935.9272472315629,,,0.0,0.0,2.0
27294,,,,0.1,343.87700126065357,932.4774867967795,,,0.0,0.0,2.0
27295,0.0007923501660004218,0.1711476358560911,0.0,0.1,345.4843461311343,928.4112112830027,1.0,0.0,0.0,0.0,2.0
27296,0.0013575538215283255,0.2932316254501183,0.0,0.1,344.2186956422439,923.0938249596595,1.0,0.0,0.0,0.0,2.0
27297,0.0005316874283054483,0.11484448451397683,0.0,0.1,344.25054552179967,922.5415693047946,1.0,0.0,0.0,0.0,2.0
27298,0.0012275462890419743,0.26514999843306647,0.0,0.1,343.8647013035198,919.8363515340126,1.0,0.0,0.0,0.0,2.0
27299,0.0018102651336033603,0.39101726885832583,0.0,0.1,344.74348800295314,920.4902832080911,1.0,0.0,0.0,0.0,2.0
27300,0.0009206459397450209,0.19885952298492454,0.0,0.1,349.88243928419774,920.304421983315,1.0,0.0,0.0,0.0,2.0
27301,0.0012086604250092633,0.2610706518020009,0.0,0.1,352.26840467483623,920.6705989890146,1.0,0.0,0.0,0.0,2.0
27302,,,,0.1,351.51645001997866,919.9579207879639,1.0,0.0,0.0,0.0,2.0
27303,,,,0.1,351.112175264928,920.2600522698739,,,0.0,0.0,2.0
27304,0.0003699311748147599,0.07990513375998813,1.0,0.1,349.3241229995064,919.9979599800185,1.0,0.0,0.0,0.0,2.0
27305,,,,0.1,349.74464737576756,922.3806632866796,1.0,0.0,0.0,0.0,2.0
27306,,,,0.1,349.7668811714296,925.1391702619416,,,0.0,0.0,2.0
27307,,,,0.1,350.12414958785854,926.1031435530923,,,0.0,0.0,2.0
27308,0.00016846474455301078,0.036388384823450325,1.0,0.1,350.09957523740974,926.7851371636689,1.0,0.0,0.0,0.0,2.0
27309,0.00020583117763950116,0.04445953437013225,1.0,0.1,349.610637604229,927.786481179527,1.0,0.0,0.0,0.0,2.0
27310,0.0005234410863523348,0.11306327465210433,0.0,0.1,352.2865826982034,937.1943718241567,1.0,0.0,0.0,0.0,2.0
27311,0.00129725869061033,0.28020787717183127,0.0,0.1,358.3340490817929,956.3562119364027,1.0,0.0,0.0,0.0,2.0
27312,0.00038919118109636706,0.08406529511681529,1.0,0.1,359.54628915194877,965.3941213292362,1.0,0.0,0.0,0.0,2.0
27313,0.001121535358542578,0.24225163744519684,0.0,0.1,360.06491929340325,983.9394354814377,1.0,0.0,0.0,0.0,2.0
27314,0.001925300209043168,0.4158648451533243,0.0,0.1,362.74495494070885,996.8505270506586,1.0,0.0,0.0,0.0,2.0
27315,0.00025501989136459904,0.0550842965347534,1.0,0.1,362.88097792086484,1004.731899054269,1.0,0.0,0.0,0.0,2.0
27316,0.0003202902174714605,0.06918268697383546,1.0,0.1,364.482736569575,1008.1048572734028,1.0,0.0,0.0,0.0,2.0
27317,0.0004497399746800366,0.09714383453088792,1.0,0.1,366.1220061514944,1010.456703480739,1.0,0.0,0.0,0.0,2.0
27318,0.0003939447614932134,0.0850920684825341,1.0,0.1,364.5585172199566,1010.6277266155269,1.0,0.0,0.0,0.0,2.0
27319,0.0010282485390153157,0.2221016844273082,0.0,0.1,,,1.0,0.0,,,2.0
27320,0.001041472161324141,0.22495798684601445,0.0,0.1,,,1.0,0.0,,,2.0
27321,0.0010226246501414667,0.2208869244305568,0.0,0.1,,,1.0,0.0,,,2.0
27322,0.000593918462806753,0.12828638796625866,0.0,0.1,,,1.0,0.0,,,2.0
27323,4.468431404793029e-05,0.009651811834352942,1.0,0.1,,,1.0,0.0,,,2.0
27324,0.00025338388185374377,0.054730918480408654,1.0,0.1,,,1.0,0.0,,,2.0
27325,0.00019391949229073823,0.04188661033479946,1.0,0.1,,,1.0,0.0,,,2.0
27326,0.0007215905622033373,0.15586356143592087,0.0,0.1,,,1.0,0.0,,,2.0
27327,0.0007234645395070731,0.15626834053352778,0.0,0.1,,,1.0,0.0,,,2.0
27328,0.0002543214275699252,0.05493342835510385,1.0,0.1,,,1.0,0.0,,,2.0
27329,0.0007100319332889501,0.15336689759041325,0.0,0.1,,,1.0,0.0,,,2.0
27330,0.001195086843054107,0.2581387580996871,0.0,0.1,,,1.0,0.0,,,2.0
27331,0.0015987519117490788,0.34533041293780103,0.0,0.1,,,1.0,0.0,,,2.0
27332,0.0013945257763802212,0.3012175676981278,0.0,0.1,,,1.0,0.0,,,2.0
27333,0.0014685859558727996,0.31721456646852475,0.0,0.1,,,1.0,0.0,,,2.0
27334,0.0015768951457083972,0.3406093514730138,0.0,0.1,,,1.0,0.0,,,2.0
27335,0.002402560810883222,0.518953135150776,0.0,0.1,,,1.0,0.0,,,2.0
27336,0.0012872753033671728,0.27805146552730936,0.0,0.1,,,1.0,0.0,,,2.0
27337,0.004124459498902814,0.8908832517630078,0.0,0.1,,,1.0,0.0,,,2.0
27338,0.001325272727766229,0.28625890919750546,0.0,0.1,,,1.0,0.0,,,2.0
27339,0.0012051621201137751,0.2603150179445754,0.0,0.1,,,1.0,0.0,,,2.0
27340,0.003219777308843008,0.6954718987100897,0.0,0.1,444.2062183363572,1118.102280372044,1.0,0.0,0.0,0.0,2.0
27341,0.0011803142947658324,0.25494788766941984,0.0,0.1,,,1.0,0.0,,,2.0
27342,0.0008231490924153752,0.17780020396172105,0.0,0.1,,,1.0,0.0,,,2.0
27343,0.0007789150993786664,0.16824566146579192,0.0,0.1,,,1.0,0.0,,,2.0
27344,0.0018555273237720576,0.40079390193476444,0.0,0.1,,,1.0,0.0,,,2.0
27345,0.0014522572238373122,0.3136875603488594,0.0,0.1,,,1.0,0.0,,,2.0
27346,0.0021714842614628535,0.4690406004759764,0.0,0.1,,,1.0,0.0,,,2.0
27347,0.0006522401227436087,0.14088386651261947,0.0,0.1,,,1.0,0.0,,,2.0
27348,0.002291874883135308,0.4950449747572266,0.0,0.1,,,1.0,0.0,,,2.0
27349,0.0025610784073326685,0.5531929359838564,0.0,0.1,,,1.0,0.0,,,2.0
27350,0.001680417336988828,0.36297014478958683,0.0,0.1,,,1.0,0.0,,,2.0
27351,0.0009973103302474294,0.21541903133344475,0.0,0.1,,,1.0,0.0,,,2.0
27352,0.0004398656591592653,0.0950109823784013,1.0,0.1,,,1.0,0.0,,,2.0
27353,0.0012566057419332582,0.27142684025758373,0.0,0.1,,,1.0,0.0,,,2.0
27354,0.0012664333107588281,0.27354959512390686,0.0,0.1,,,1.0,0.0,,,2.0
27355,0.0008785920665503515,0.1897758863748759,0.0,0.1,,,1.0,0.0,,,2.0
27356,0.00028373903790758845,0.06128763218803911,1.0,0.1,,,1.0,0.0,,,2.0
27357,0.0006655108576061625,0.14375034524293112,0.0,0.1,,,1.0,0.0,,,2.0
27358,0.0007054087273261196,0.15236828510244185,0.0,0.1,,,1.0,0.0,,,2.0
27359,0.00047293724239064,0.10215444435637824,0.0,0.1,,,1.0,0.0,,,2.0
27360,0.0007299601550334097,0.1576713934872165,0.0,0.1,,,1.0,0.0,,,2.0
27361,0.0004396400367820706,0.09496224794492726,1.0,0.1,,,1.0,0.0,,,2.0
27362,0.001297299825390635,0.28021676228437714,0.0,0.1,454.56213027549165,1128.7321163803108,1.0,0.0,0.0,0.0,2.0
27363,0.0013476680644706716,0.2910963019256651,0.0,0.1,448.85259833100895,1122.3891871336402,1.0,0.0,0.0,0.0,2.0
27364,0.0015572333217371366,0.3363623974952215,0.0,0.1,,,1.0,0.0,,,2.0
27365,0.0007472378527334257,0.16140337619041997,0.0,0.1,,,1.0,0.0,,,2.0
27366,0.0007804969505804288,0.16858734132537262,0.0,0.1,,,1.0,0.0,,,2.0
27367,0.0007943286681410651,0.17157499231847007,0.0,0.1,489.6225895473007,1148.9489249688286,1.0,0.0,0.0,0.0,2.0
27368,0.0009142976208589314,0.19748828610552918,0.0,0.1,,,1.0,0.0,,,2.0
27369,0.0008675003935419653,0.1873800850050645,0.0,0.1,,,1.0,0.0,,,2.0
27370,0.0004773986246103664,0.10311810291583914,0.0,0.1,,,1.0,0.0,,,2.0
27371,0.0005408998842064038,0.11683437498858323,0.0,0.1,,,1.0,0.0,,,2.0
27372,0.0001520409333528496,0.03284084160421552,1.0,0.1,476.56730830903575,1105.8461929394139,1.0,0.0,0.0,0.0,2.0
27373,0.0005817790785664576,0.12566428097035484,0.0,0.1,,,1.0,0.0,,,2.0
27374,0.00035587802317061366,0.07686965300485256,1.0,0.1,,,1.0,0.0,,,2.0
27375,0.0007779576948614891,0.16803886209008165,0.0,0.1,,,1.0,0.0,,,2.0
27376,0.0012764912970958488,0.27572212017270337,0.0,0.1,,,1.0,0.0,,,2.0
27377,0.0011462955681768602,0.2475998427262018,0.0,0.1,470.1056581234895,1077.4565707281292,1.0,0.0,0.0,0.0,2.0
27378,0.0009970751451563167,0.2153682313537644,0.0,0.1,470.21849980259816,1073.8468313113217,1.0,0.0,0.0,0.0,2.0
27379,0.0004706389145780013,0.10165800554884827,0.0,0.1,472.70117162281355,1075.3991314172285,1.0,0.0,0.0,0.0,2.0
27380,0.0010398448590097028,0.2246064895460958,0.0,0.1,,,1.0,0.0,,,2.0
27381,0.0008825321403708298,0.19062694232009925,0.0,0.1,473.74351909408784,1074.7786078496063,1.0,0.0,0.0,0.0,2.0
27382,0.0009217593888040905,0.19910002798168353,0.0,0.1,472.2224583378145,1073.3750343080396,1.0,0.0,0.0,0.0,2.0
27383,0.0006039901658064389,0.1304618758141908,0.0,0.1,470.9823677110987,1071.1536597426325,1.0,0.0,0.0,0.0,2.0
27384,0.0010276253191944563,0.22196706894600257,0.0,0.1,,,1.0,0.0,,,2.0
27385,0.0006821850737484272,0.14735197592966026,0.0,0.1,,,1.0,0.0,,,2.0
27386,0.0007242456152804156,0.15643705290056978,0.0,0.1,,,1.0,0.0,,,2.0
27387,0.0018713326969092034,0.40420786253238794,0.0,0.1,,,1.0,0.0,,,2.0
27388,0.0004920194767692272,0.10627620698215308,0.0,0.1,,,1.0,0.0,,,2.0
27389,,,,0.1,,,1.0,0.0,,,2.0
27390,,,,0.1,,,,,,,2.0
27391,,,,0.1,,,,,,,2.0
27392,,,,0.1,,,1.0,0.0,,,2.0
27393,,,,0.1,,,,,,,2.0
27394,0.0013971384508208898,0.3017819053773122,0.0,0.1,,,1.0,0.0,,,2.0
27395,0.0032119742022236747,0.6937864276803137,0.0,0.1,,,1.0,0.0,,,2.0
27396,0.0008405826188573852,0.18156584567319523,0.0,0.1,,,1.0,0.0,,,2.0
27397,0.0011987942663465982,0.2589395615308652,0.0,0.1,,,1.0,0.0,,,2.0
27398,0.001439618642152253,0.3109576267048867,0.0,0.1,,,1.0,0.0,,,2.0
27399,0.0008573419242247818,0.18518585563255288,0.0,0.1,,,1.0,0.0,,,2.0
27400,0.0012702351193766078,0.2743707857853473,0.0,0.1,398.76531572999266,983.2817621043488,1.0,0.0,0.0,0.0,2.0
27401,0.0003024756505552802,0.06533474051994052,1.0,0.1,394.9498336117528,969.4649846494372,1.0,0.0,0.0,0.0,2.0
27402,0.0004448268234735994,0.09608259387029747,1.0,0.1,389.9584322424544,961.9662541918483,1.0,0.0,0.0,0.0,2.0
27403,0.0005899813640550219,0.1274359746358847,0.0,0.1,380.8266763993155,955.0522949605512,1.0,0.0,0.0,0.0,2.0
27404,0.001738135464789429,0.3754372603945167,0.0,0.1,371.85536220872996,940.3082833847267,1.0,0.0,0.0,0.0,2.0
27405,0.002515763077026474,0.5434048246377184,0.0,0.1,356.43404451242424,921.6418535183612,1.0,0.0,0.0,0.0,2.0
27406,0.0006521717332084829,0.1408690943730323,0.0,0.1,343.66784719365654,909.0292986012702,1.0,0.0,0.0,0.0,2.0
27407,0.0008356513199336221,0.18050068510566236,0.0,0.1,338.3778021124692,904.3847033854829,1.0,0.0,0.0,0.0,2.0
27408,0.0020587241810899226,0.4446844231154233,0.0,0.1,329.3555946974781,893.8858860394027,1.0,0.0,0.0,0.0,2.0
27409,0.0016124436771109188,0.3482878342559585,0.0,0.1,321.7464261791873,885.378166733227,1.0,0.0,0.0,0.0,2.0
27410,0.0002885955045222981,0.0623366289768164,1.0,0.1,306.56336703171183,870.0315766269543,1.0,0.0,0.0,0.0,2.0
27411,0.0015754762434256385,0.3403028685799379,0.0,0.1,296.88588399863244,859.1207340937658,1.0,0.0,0.0,0.0,2.0
27412,0.0031902798182122205,0.6891004407338397,0.0,0.1,278.86997366978454,839.5200507425476,1.0,0.0,0.0,0.0,2.0
27413,0.0016649818511096566,0.3596360798396858,0.0,0.1,267.0340031546225,823.8188372514917,1.0,0.0,0.0,0.0,2.0
27414,0.0007723709225631496,0.1668321192736403,0.0,0.1,259.9489579950516,812.0741247609526,1.0,0.0,0.0,0.0,2.0
27415,0.000890757165144854,0.19240354767128848,0.0,0.1,254.95573982355214,803.0323615103972,1.0,0.0,0.0,0.0,2.0
27416,0.0019489327772115035,0.42096947987768474,0.0,0.1,252.92234530073674,799.2150867831557,1.0,0.0,0.0,0.0,2.0
27417,0.0005941400785804387,0.12833425697337475,0.0,0.1,249.81476001879653,790.885988553184,1.0,0.0,0.0,0.0,2.0
27418,0.0005721132218722176,0.123576455924399,0.0,0.1,246.7195707231189,780.0321128297819,1.0,0.0,0.0,0.0,2.0
27419,0.0016653098197989304,0.359706921076569,0.0,0.1,247.54289565098492,765.4963189351797,1.0,0.0,0.0,0.0,2.0
27420,0.0016177907568931222,0.34944280348891443,0.0,0.1,249.1867292237528,758.8361051163386,1.0,0.0,0.0,0.0,2.0
27421,0.006007030318020155,1.2975185486923535,0.0,0.1,254.57249136524666,742.8897680090731,1.0,0.0,0.0,0.0,2.0
27422,0.0022397226335582735,0.4837800888485871,0.0,0.1,260.0335983731243,728.9470291965443,1.0,0.0,0.0,0.0,2.0
27423,0.0039126336005721775,0.8451288577235904,0.0,0.1,268.7413186227583,714.8558263562542,1.0,0.0,0.0,0.0,2.0
27424,0.000642111283011927,0.13869603713057624,0.0,0.1,278.97090203408453,699.6153781967547,1.0,0.0,0.0,0.0,2.0
27425,0.0033884319408237088,0.7319012992179211,0.0,0.1,284.1917867874345,691.6289945347506,1.0,0.0,0.0,0.0,2.0
27426,0.004158445834623887,0.8982243002787595,0.0,0.1,293.81784432437337,675.6907212066025,1.0,0.0,0.0,0.0,2.0
27427,0.004768876033100494,1.0300772231497066,0.0,0.1,302.7790473804438,661.6144072702317,1.0,0.0,0.0,0.0,2.0
27428,0.0006503353684687598,0.14047243958925212,0.0,0.1,311.77236730957827,648.4171391529421,1.0,0.0,0.0,0.0,2.0
27429,,,,0.1,312.58268271443075,643.9825449211025,1.0,0.0,0.0,0.0,2.0
27430,,,,0.1,316.93116736403454,631.1793835632111,,,0.0,0.0,2.0
27431,,,,0.1,320.8812140405534,617.8242978700454,,,0.0,0.0,2.0
27432,,,,0.1,322.78526034852695,604.9227045234725,,,0.0,0.0,2.0
27433,,,,0.1,321.98704729399213,595.3490786592348,,,0.0,0.0,2.0
27434,,,,0.1,321.0402035396048,591.1814864494414,,,0.0,0.0,2.0
27435,,,,0.1,321.5814548069841,583.6561625436854,,,0.0,0.0,2.0
27436,0.0024643571084209943,0.5323011354189348,0.0,0.1,330.39114144496574,569.6569745860118,1.0,0.0,0.0,0.0,2.0
27437,0.0005767932688493342,0.12458734607145619,0.0,0.1,336.4856639290291,558.3471388327313,1.0,0.0,0.0,0.0,2.0
27438,0.005260028628999029,1.1361661838637902,0.0,0.1,341.74927569088163,551.8813217333806,1.0,0.0,0.0,0.0,2.0
27439,0.0040319609815504765,0.870903572014903,0.0,0.1,350.9097250156949,539.1954103265399,1.0,0.0,0.0,0.0,2.0
27440,0.003110067353934376,0.6717745484498252,0.0,0.1,359.15125699732147,527.8888395458006,1.0,0.0,0.0,0.0,2.0
27441,0.00390979198399295,0.8445150685424772,0.0,0.1,366.2473173272342,518.9963633177153,1.0,0.0,0.0,0.0,2.0
27442,0.001788080029486821,0.3862252863691534,0.0,0.1,372.72578246398064,509.97016468775,1.0,0.0,0.0,0.0,2.0
27443,0.0030056803284534807,0.6492269509459518,0.0,0.1,378.504208542291,503.39999256511396,1.0,0.0,0.0,0.0,2.0
27444,0.003885631109324846,0.8392963196141667,0.0,0.1,387.9473759932416,491.7843718402844,1.0,0.0,0.0,0.0,2.0
27445,0.00409036309276508,0.8835184280372573,0.0,0.1,397.0049084719175,480.5277215757847,1.0,0.0,0.0,0.0,2.0
27446,0.002043895594234222,0.441481448354592,0.0,0.1,404.7870151610537,471.016844933797,1.0,0.0,0.0,0.0,2.0
27447,0.0050221116615933575,1.0847761189041651,0.0,0.1,408.85608050874185,466.4189683532348,1.0,0.0,0.0,0.0,2.0
27448,0.005215280801589589,1.1265006531433512,0.0,0.1,412.44442337982633,461.47243820382397,1.0,0.0,0.0,0.0,2.0
27449,,,,0.1,419.0656536505094,454.6018827067289,1.0,0.0,0.0,0.0,2.0
27450,,,,0.1,424.8518844934439,449.2950364978833,,,0.0,0.0,2.0
27451,0.0026148100066144984,0.5647989614287318,0.0,0.1,430.65776798657157,444.45425861760646,1.0,0.0,0.0,0.0,2.0
27452,0.00326745665512383,0.7057706375067473,0.0,0.1,434.6877979536016,441.1611797326262,1.0,0.0,0.0,0.0,2.0
27453,0.0044814967504678265,0.9680032981010506,0.0,0.1,443.694441331103,434.54124615343346,1.0,0.0,0.0,0.0,2.0
27454,0.004288294696523679,0.9262716544491145,0.0,0.1,453.34493492945876,426.88497751817704,1.0,0.0,0.0,0.0,2.0
27455,0.0020239821927526616,0.4371801536345749,0.0,0.1,460.8721068214283,422.7020656540701,1.0,0.0,0.0,0.0,2.0
27456,,,,0.1,464.7441158571937,420.79950817166116,1.0,0.0,0.0,0.0,2.0
27457,,,,0.1,474.36196432726615,415.5532507129583,,,0.0,0.0,2.0
27458,,,,0.1,480.4595752820904,414.29373708441574,1.0,0.0,0.0,0.0,2.0
27459,,,,0.1,487.1250217369929,411.6767182809142,,,0.0,0.0,2.0
27460,,,,0.1,497.77871105040117,404.4271446220126,,,0.0,0.0,2.0
27461,,,,0.1,501.32310151516555,403.5344952554405,,,0.0,0.0,2.0
27462,0.003419962463050562,0.7387118920189214,0.0,0.1,514.7050624393481,395.81148447612895,1.0,0.0,0.0,0.0,2.0
27463,0.0038014616347865275,0.82111571311389,0.0,0.1,527.0731451434841,391.41456806123807,1.0,0.0,0.0,0.0,2.0
27464,0.0022767955107509535,0.49178783032220597,0.0,0.1,538.2637840270132,385.8141633126435,1.0,0.0,0.0,0.0,2.0
27465,0.0015243141991570278,0.32925186701791803,0.0,0.1,543.1100523831489,383.4446201196965,1.0,0.0,0.0,0.0,2.0
27466,0.0038534718806929164,0.83234992622967,0.0,0.1,552.2852239121111,377.7464048378363,1.0,0.0,0.0,0.0,2.0
27467,0.0014952158939808772,0.3229666330998695,0.0,0.1,563.8256273729195,371.7663931824703,1.0,0.0,0.0,0.0,2.0
27468,,,,0.1,576.0717706844075,362.1839709372477,1.0,0.0,0.0,0.0,2.0
27469,,,,0.1,586.0506652261246,353.44259101062084,,,0.0,0.0,2.0
27470,,,,0.1,589.3072383238957,351.6784698472292,,,0.0,0.0,2.0
27471,0.002440091721734883,0.5270598118947347,0.0,0.1,592.9214974920628,348.9652654949257,1.0,0.0,0.0,0.0,2.0
27472,0.0014704299718241115,0.31761287391400805,0.0,0.1,601.0399248475684,336.22417165064644,1.0,0.0,0.0,0.0,2.0
27473,0.0014671664071479215,0.31690794394395105,0.0,0.1,610.8006240915395,322.6127508261146,1.0,0.0,0.0,0.0,2.0
27474,0.001300806095062567,0.2809741165335145,0.0,0.1,615.3961192772376,316.886324972066,1.0,0.0,0.0,0.0,2.0
27475,0.0015767247087432783,0.3405725370885481,0.0,0.1,621.4014894946173,308.8941930585794,1.0,0.0,0.0,0.0,2.0
27476,0.0020607618721254196,0.44512456437909065,0.0,0.1,623.8814294638561,302.6738254708427,1.0,0.0,0.0,0.0,2.0
27477,0.0007105039399816704,0.15346885103604083,0.0,0.1,621.368603739111,294.8723586496229,1.0,0.0,0.0,0.0,2.0
27478,0.0008298442363944191,0.17924635506119452,0.0,0.1,620.3275594862823,286.4376893304305,1.0,0.0,0.0,0.0,2.0
27479,0.0008908695647194858,0.19242782597940894,0.0,0.1,618.4131686265779,285.68823968348454,1.0,0.0,0.0,0.0,2.0
27480,0.00012194392287429213,0.0263398873408471,1.0,0.1,616.4159619993655,284.3880313681522,0.0,1.0,0.0,0.0,2.0
27481,0.0001425538690491775,0.03079163571462234,1.0,0.1,614.9953033979796,284.00908837737387,0.0,1.0,0.0,0.0,2.0
27482,0.00030409076375259787,0.06568360497056115,1.0,0.1,613.5160370760245,284.5277175330276,0.0,1.0,0.0,0.0,2.0
27483,0.0002638591295844841,0.05699357199024858,1.0,0.1,610.249487639638,286.8305789598415,0.0,1.0,0.0,0.0,2.0
27484,0.00017922099961356083,0.03871173591652914,1.0,0.1,598.7951052496151,294.54438274575926,0.0,1.0,0.0,0.0,2.0
27485,0.0015883968282689007,0.34309371490608254,0.0,0.1,586.0288687195606,304.9425660604605,0.0,1.0,0.0,0.0,2.0
27486,0.0010889422698824101,0.2352115302946006,0.0,0.1,577.5764230850518,311.4159140683374,1.0,0.0,0.0,0.0,2.0
27487,0.0013732717097357894,0.2966266893029305,0.0,0.1,572.5676572007206,315.10604326515426,1.0,0.0,0.0,0.0,2.0
27488,7.041978672193645e-05,0.015210673931938272,1.0,0.1,571.1017208894853,316.24301643186254,1.0,0.0,0.0,0.0,2.0
27489,0.0005558708225374563,0.12006809766809057,0.0,0.1,567.7845101715626,319.9368824019007,1.0,0.0,0.0,0.0,2.0
27490,0.00041556907480539866,0.08976292015796611,1.0,0.1,565.8551366878679,322.3684134726219,1.0,0.0,0.0,0.0,2.0
27491,0.0005310100879108215,0.11469817898873745,0.0,0.1,560.1292220288868,327.8548596896175,1.0,0.0,0.0,0.0,2.0
27492,0.0004729389981468057,0.10215482359971004,0.0,0.1,558.0679505315491,329.6239651633562,1.0,0.0,0.0,0.0,2.0
27493,7.455647911185302e-05,0.016104199488160255,1.0,0.1,554.7128029214243,331.80843224186447,1.0,0.0,0.0,0.0,2.0
27494,0.00021244003607375048,0.045887047791930105,1.0,0.1,554.6384260130554,332.11215526466526,1.0,0.0,0.0,0.0,2.0
27495,0.0010063747937453392,0.21737695544899327,0.0,0.1,554.1493899554391,330.19385925466423,1.0,0.0,0.0,0.0,2.0
27496,0.0002550682033364001,0.055094731920662415,1.0,0.1,554.3490171324868,327.5889225546731,1.0,0.0,0.0,0.0,2.0
27497,0.00030100836709927016,0.06501780729344235,1.0,0.1,555.3937756502585,325.8379764920054,1.0,0.0,0.0,0.0,2.0
27498,0.00021315971783565757,0.04604249905250203,1.0,0.1,554.5594294053767,325.9286686378605,1.0,0.0,0.0,0.0,2.0
27499,0.0001726303623756035,0.037288158273130353,1.0,0.1,558.085260565219,321.8224631509607,1.0,0.0,0.0,0.0,2.0
27500,0.0005003251364712823,0.10807022947779699,0.0,0.1,561.1337520443054,317.00082346910966,1.0,0.0,0.0,0.0,2.0
27501,0.00037787218673710057,0.08162039233521373,1.0,0.1,565.8220343342826,312.3726967718897,1.0,0.0,0.0,0.0,2.0
27502,0.0013259454803753745,0.28640422376108093,0.0,0.1,568.5651104657625,308.9096560660419,1.0,0.0,0.0,0.0,2.0
27503,0.000590602439524862,0.1275701269373702,0.0,0.1,572.0401072266424,305.0511775586771,1.0,0.0,0.0,0.0,2.0
27504,0.0006240642586103733,0.13479787985984062,0.0,0.1,571.6186849656207,303.88307403195165,1.0,0.0,0.0,0.0,2.0
27505,0.0005640248278513129,0.12182936281588358,0.0,0.1,580.0229848930423,294.91287004501635,1.0,0.0,0.0,0.0,2.0
27506,0.00081319223440187,0.1756495226308039,0.0,0.1,583.6786096526218,291.1573766939412,1.0,0.0,0.0,0.0,2.0
27507,0.0009318052199219993,0.20126992750315184,0.0,0.1,584.8663507422722,289.57771386804995,1.0,0.0,0.0,0.0,2.0
27508,0.0009609344489159719,0.20756184096584993,0.0,0.1,593.5242073621843,281.9334410027677,1.0,0.0,0.0,0.0,2.0
27509,0.000977786914218432,0.21120197347118136,0.0,0.1,604.1640336918651,272.89535034024436,0.0,1.0,0.0,0.0,2.0
27510,0.00033686843318661797,0.07276358156830948,1.0,0.1,608.2171891968758,269.95231436206257,0.0,1.0,0.0,0.0,2.0
27511,0.0010781083841825381,0.23287141098342826,0.0,0.1,613.9233836493275,267.16294503326867,0.0,1.0,0.0,0.0,2.0
27512,0.00043022434464997777,0.0929284584443952,1.0,0.1,616.9932860008893,265.4753554991125,0.0,1.0,0.0,0.0,2.0
27513,0.0006883836466201893,0.14869086766996092,0.0,0.1,622.1898854157859,262.839170828791,0.0,1.0,0.0,0.0,2.0
27514,0.0004243548776862446,0.09166065358022883,1.0,0.1,630.335583426346,257.76905576066105,0.0,1.0,0.0,0.0,2.0
27515,0.0014697024200929464,0.31745572274007644,0.0,0.1,631.8898734191673,257.5037293363443,0.0,1.0,0.0,0.0,2.0
27516,0.0004968618231098494,0.10732215379172746,0.0,0.1,633.9524078198461,256.96037304646387,0.0,1.0,0.0,0.0,2.0
27517,0.00049673710177769,0.10729521398398105,0.0,0.1,635.8931079310782,257.6400755896373,0.0,1.0,0.0,0.0,2.0
27518,0.00043899353037748877,0.09482260256153757,1.0,0.1,639.1082154537501,260.15081670552473,0.0,1.0,0.0,0.0,2.0
27519,0.0006811080753861757,0.14711934428341397,0.0,0.1,642.6057712969157,261.6671988535014,0.0,1.0,0.0,0.0,2.0
27520,0.0025181907448693277,0.5439292008917748,0.0,0.1,649.5360027348947,262.8068669608546,0.0,1.0,0.0,0.0,2.0
27521,0.0013990346056350603,0.302191474817173,0.0,0.1,653.0750028939739,264.1822104049219,0.0,1.0,0.0,0.0,2.0
27522,0.0025102525883370754,0.5422145590808083,0.0,0.1,654.4785706718649,270.0631621873142,0.0,1.0,0.0,0.0,2.0
27523,,,,0.1,661.3433487820934,276.23153636890993,0.0,1.0,0.0,0.0,2.0
27524,,,,0.1,664.5119722747145,280.99135870828803,,,0.0,0.0,2.0
27525,,,,0.1,674.1521001428665,286.09334333990915,,,0.0,0.0,2.0
27526,,,,0.1,683.1467816482944,284.24581589052787,,,0.0,0.0,2.0
27527,,,,0.1,689.8167786506474,289.34829110829264,,,0.0,0.0,2.0
27528,,,,0.1,696.3680400160159,289.4386473560999,,,0.0,0.0,2.0
27529,,,,0.1,710.879858256152,287.0182614948844,0.0,1.0,0.0,0.0,2.0
27530,,,,0.1,723.1908123929495,285.6333443470436,,,0.0,0.0,2.0
27531,,,,0.1,733.193308081798,286.2393306556401,0.0,1.0,0.0,0.0,2.0
27532,,,,0.1,747.1479254058673,285.24095467546715,,,0.0,0.0,2.0
27533,0.0028137600304581315,0.6077721665789564,0.0,0.1,756.6363816122633,281.76599327237034,0.0,1.0,0.0,0.0,2.0
27534,0.0052963045964139425,1.1440017928254116,0.0,0.1,771.5704610877572,279.99223377545974,0.0,1.0,0.0,0.0,2.0
27535,,,,0.1,783.8267307512241,280.72730580806007,0.0,1.0,0.0,0.0,2.0
27536,,,,0.1,794.9530888933594,279.2958191331499,,,0.0,0.0,2.0
27537,,,,0.1,801.119135471825,281.64236242348335,,,0.0,0.0,2.0
27538,,,,0.1,815.7048282675314,284.59232306107623,0.0,1.0,0.0,0.0,2.0
27539,,,,0.1,830.3311741402046,285.8622786523851,,,0.0,0.0,2.0
27540,,,,0.1,837.98675453201,287.95396816757125,,,0.0,0.0,2.0
27541,,,,0.1,850.5737185681252,290.8820544798968,0.0,1.0,0.0,0.0,2.0
27542,,,,0.1,856.7613704613889,291.57802541366937,,,0.0,0.0,2.0
27543,,,,0.1,874.0222110351333,299.13699072095056,,,0.0,0.0,2.0
27544,,,,0.1,888.1330609946524,310.9628214063493,,,0.0,0.0,2.0
27545,,,,0.1,898.2067819685961,319.80009320669006,,,0.0,0.0,2.0
27546,,,,0.1,903.3678912922886,325.4779831339216,,,0.0,0.0,2.0
27547,,,,0.1,911.9945039020515,333.1540376130501,,,0.0,0.0,2.0
27548,,,,0.1,923.9901673294008,337.5976087186701,,,0.0,0.0,2.0
27549,,,,0.1,931.3711760043773,341.22393296997296,,,0.0,0.0,2.0
27550,0.0020511282864390324,0.443043709870831,0.0,0.1,936.3540845512475,343.23155063737613,0.0,1.0,0.0,0.0,2.0
27551,0.0023341946555695873,0.5041860456030308,0.0,0.1,938.0142341126855,340.5214920618128,0.0,1.0,0.0,0.0,2.0
27552,0.0017056588270485053,0.36842230664247716,0.0,0.1,942.6431391163807,332.3868530792272,0.0,1.0,0.0,0.0,2.0
27553,0.002308463107821863,0.49862803128952243,0.0,0.1,950.523195800817,327.5166228240363,0.0,1.0,0.0,0.0,2.0
27554,0.000787795460753572,0.17016381952277157,0.0,0.1,962.0573879716604,324.2984149573333,0.0,1.0,0.0,0.0,2.0
27555,0.0019452554038831016,0.42017516723875,0.0,0.1,968.013490770754,324.0742194150017,0.0,1.0,0.0,0.0,2.0
27556,0.00376238676511193,0.8126755412641768,0.0,0.1,979.2926936027709,322.4625726954175,0.0,1.0,0.0,0.0,2.0
27557,0.002856672383453962,0.6170412348260558,0.0,0.1,986.8854921915283,318.49923520276724,0.0,1.0,0.0,0.0,2.0
27558,0.003133056993497568,0.6767403105954747,0.0,0.1,997.3821085878569,311.8703770171605,0.0,1.0,0.0,0.0,2.0
27559,0.0016284858681350912,0.3517529475171797,0.0,0.1,1006.9029085028175,305.0486188086534,0.0,1.0,0.0,0.0,2.0
27560,0.004078786389643581,0.8810178601630135,0.0,0.1,1014.048303978006,305.3647223313204,0.0,1.0,0.0,0.0,2.0
27561,0.004353045481535855,0.9402578240117448,0.0,0.1,1025.1569780696361,306.14149878212237,0.0,1.0,0.0,0.0,2.0
27562,0.0029963901163037533,0.6472202651216108,0.0,0.1,1036.4113140687728,310.33100884729686,0.0,1.0,0.0,0.0,2.0
27563,0.003248277580330566,0.7016279573514023,0.0,0.1,1050.095666003268,315.09043328073165,0.0,1.0,0.0,0.0,2.0
27564,0.0025865103608181594,0.5586862379367225,0.0,0.1,1056.210939347636,317.6436076496614,0.0,1.0,0.0,0.0,2.0
27565,,,,0.1,1071.6985887941178,326.0355825374218,0.0,1.0,0.0,0.0,2.0
27566,,,,0.1,1080.035411878673,331.1439917587064,,,0.0,0.0,2.0
27567,0.0018568418466478557,0.40107783887593684,0.0,0.1,1088.4904701591577,341.3277486498989,0.0,1.0,0.0,0.0,2.0
27568,0.001130152408739181,0.2441129202876631,0.0,0.1,1097.4061387954318,349.9513712397673,0.0,1.0,0.0,0.0,2.0
27569,0.0017391596052329132,0.3756584747303093,0.0,0.1,1103.7754145612914,356.4596544894796,0.0,1.0,0.0,0.0,2.0
27570,0.0030275301908926694,0.6539465212328166,0.0,0.1,1112.7313549533278,365.67790566262374,0.0,1.0,0.0,0.0,2.0
27571,0.0013255063819397714,0.28630937849899063,0.0,0.1,1118.206515463262,370.5224085376528,0.0,1.0,0.0,0.0,2.0
27572,0.0007196386351702169,0.15544194519676685,0.0,0.1,1118.8584543724367,371.1574132614948,0.0,1.0,0.0,0.0,2.0
27573,0.002328776038215903,0.5030156242546351,0.0,0.1,1121.168428161599,373.88048806861275,0.0,1.0,0.0,0.0,2.0
27574,0.001124389488031704,0.24286812941484803,0.0,0.1,1130.3646687206997,384.4801488064398,0.0,1.0,0.0,0.0,2.0
27575,0.001622242024584685,0.350404277310292,0.0,0.1,1140.8311043093138,398.4591147167918,0.0,1.0,0.0,0.0,2.0
27576,0.0017941628846654403,0.3875391830877351,0.0,0.1,,,0.0,1.0,,,2.0
27577,0.000655528899953909,0.14159424239004434,0.0,0.1,,,0.0,1.0,,,2.0
27578,0.002226439173170023,0.48091086140472494,0.0,0.1,,,0.0,1.0,,,2.0
27579,0.001953471912957206,0.4219499331987565,0.0,0.1,,,0.0,1.0,,,2.0
27580,0.00152231106404522,0.32881918983376757,0.0,0.1,,,0.0,1.0,,,2.0
27581,0.00045746469357747,0.09881237381273353,1.0,0.1,,,0.0,1.0,,,2.0
27582,0.0010045731577866025,0.21698780208190613,0.0,0.1,,,0.0,1.0,,,2.0
27583,0.0011489616891449442,0.24817572485530798,0.0,0.1,,,0.0,1.0,,,2.0
27584,0.0008475741148357895,0.18307600880453054,0.0,0.1,,,0.0,1.0,,,2.0
27585,0.00033200084598102573,0.07171218273190157,1.0,0.1,,,0.0,1.0,,,2.0
27586,0.00024768543962879993,0.053500054959820784,1.0,0.1,,,0.0,1.0,,,2.0
27587,0.0011116413832983694,0.24011453879244782,0.0,0.1,,,0.0,1.0,,,2.0
27588,0.0003888692322240789,0.08399575416040105,1.0,0.1,,,0.0,1.0,,,2.0
27589,9.925526420071888e-05,0.021439137067355278,1.0,0.1,1151.4833665338024,427.2636870157342,0.0,1.0,0.0,0.0,2.0
27590,0.0001557143431270023,0.0336342981154325,1.0,0.1,,,0.0,1.0,,,2.0
27591,0.00028802650567679935,0.06221372522618866,1.0,0.1,,,0.0,1.0,,,2.0
27592,0.0003011665385980714,0.06505197233718342,1.0,0.1,,,0.0,1.0,,,2.0
27593,0.0003860760494898507,0.08339242668980776,1.0,0.1,,,0.0,1.0,,,2.0
27594,0.0006448884110794122,0.13929589679315305,0.0,0.1,,,0.0,1.0,,,2.0
27595,7.458769422954712e-05,0.01611094195358218,1.0,0.1,1135.2617249030495,418.5820920838743,0.0,1.0,0.0,0.0,2.0
27596,0.00032683768487355843,0.07059693993268862,1.0,0.1,1132.2491016229671,413.72667024371765,0.0,1.0,0.0,0.0,2.0
27597,0.0002043179459803118,0.04413267633174735,1.0,0.1,1130.5511356997033,413.3394207327214,0.0,1.0,0.0,0.0,2.0
27598,0.0002062615397378898,0.0445524925833842,1.0,0.1,1130.7588359047506,414.5609172017919,0.0,1.0,0.0,0.0,2.0
27599,0.0007597454164347156,0.16410500994989857,0.0,0.1,1130.377583753889,414.15268796777724,0.0,1.0,0.0,0.0,2.0
27600,0.000722971469007257,0.15616183730556749,0.0,0.1,1130.3676553915457,414.0647544721596,0.0,1.0,0.0,0.0,2.0
27601,0.00017955059528730052,0.03878292858205691,1.0,0.1,1130.940988860773,415.1852555566919,0.0,1.0,0.0,0.0,2.0
27602,0.0006119064285444614,0.13217178856560366,0.0,0.1,1131.2103328021544,416.75279819979306,0.0,1.0,0.0,0.0,2.0
27603,0.0004592876483868467,0.09920613205155888,1.0,0.1,1128.1554855579623,415.27319987938574,0.0,1.0,0.0,0.0,2.0
27604,0.00019308410652591902,0.041706167009598505,1.0,0.1,1128.4520324142195,416.8561226595554,0.0,1.0,0.0,0.0,2.0
27605,0.00024652577899377074,0.053249568262654486,1.0,0.1,1128.566687309032,417.24731543416164,0.0,1.0,0.0,0.0,2.0
27606,0.00033734309906554655,0.07286610939815805,1.0,0.1,1130.9743802228536,419.18118917136053,0.0,1.0,0.0,0.0,2.0
27607,0.00026844564102905056,0.05798425846227493,1.0,0.1,1131.1831663914345,420.38926223393725,0.0,1.0,0.0,0.0,2.0
27608,0.00022326272949955254,0.04822474957190335,1.0,0.1,1130.82433434256,420.06368915119396,0.0,1.0,0.0,0.0,2.0
27609,0.00030750689116954547,0.06642148849262183,1.0,0.1,1130.0906874177979,419.86279560905166,0.0,1.0,0.0,0.0,2.0
27610,0.00046545081639766167,0.10053737634189493,0.0,0.1,1120.9450849646348,414.3927369796766,0.0,1.0,0.0,0.0,2.0
27611,0.0006998330863608486,0.15116394665394328,0.0,0.1,1118.925602290892,415.98956078486003,0.0,1.0,0.0,0.0,2.0
27612,0.0005519409583844201,0.11921924701103476,0.0,0.1,1121.5949148380946,418.7017826673006,0.0,1.0,0.0,0.0,2.0
27613,5.681615467434943e-05,0.012272289409659479,1.0,0.1,1123.076630815,419.36581531656134,0.0,1.0,0.0,0.0,2.0
27614,0.00012265395593249114,0.02649325448141809,1.0,0.1,1124.1457413769672,419.67320959276094,0.0,1.0,0.0,0.0,2.0
27615,0.00034850445505413844,0.0752769622916939,1.0,0.1,1128.249883016891,425.26668839280177,0.0,1.0,0.0,0.0,2.0
27616,0.00022781992972478114,0.049209104820552727,1.0,0.1,1129.4068426450904,426.17811600380674,0.0,1.0,0.0,0.0,2.0
27617,0.0004969151872780925,0.10733368045206797,0.0,0.1,1131.4208107077816,429.04462487941794,0.0,1.0,0.0,0.0,2.0
27618,0.0007979253674897552,0.17235187937778712,0.0,0.1,1131.6761605393685,429.36829487885063,0.0,1.0,0.0,0.0,2.0
27619,0.0002418459942729753,0.05223873476296267,1.0,0.1,1132.292131702623,428.58245566887297,0.0,1.0,0.0,0.0,2.0
27620,0.0003512247136932989,0.07586453815775256,1.0,0.1,1134.6831641440638,429.7451438143477,0.0,1.0,0.0,0.0,2.0
27621,0.0006029959915255519,0.13024713416951922,0.0,0.1,1136.2440147378652,430.4944444173913,0.0,1.0,0.0,0.0,2.0
27622,0.00016939024920211609,0.036588293827657076,1.0,0.1,1139.0187954854484,433.5175983436332,0.0,1.0,0.0,0.0,2.0
27623,0.00047240781352021386,0.1020400877203662,0.0,0.1,1140.0345521730887,434.4900272415867,0.0,1.0,0.0,0.0,2.0
27624,0.0012798428488761883,0.2764460553572567,0.0,0.1,1140.7067390540308,435.1145087879144,0.0,1.0,0.0,0.0,2.0
27625,0.00013801882821211736,0.029812066893817348,1.0,0.1,1144.6515719457461,439.32570154973973,0.0,1.0,0.0,0.0,2.0
27626,0.0001180556836422936,0.02550002766673542,1.0,0.1,1145.564398695986,438.3190661105739,0.0,1.0,0.0,0.0,2.0
27627,0.0006903531624510929,0.14911628308943606,0.0,0.1,1146.6013392654745,437.9828142222567,0.0,1.0,0.0,0.0,2.0
27628,0.0005006721146579743,0.10814517676612244,0.0,0.1,1150.4789042572554,444.2501227723399,0.0,1.0,0.0,0.0,2.0
27629,0.0007258731942502523,0.1567886099580545,0.0,0.1,1156.2129251632575,441.69946016977235,0.0,1.0,0.0,0.0,2.0
27630,0.0005938911542409446,0.12828048931604405,0.0,0.1,1160.143306851259,442.99199765933287,0.0,1.0,0.0,0.0,2.0
27631,0.0003820029466846772,0.08251263648389028,1.0,0.1,,,0.0,1.0,,,2.0
27632,0.000743286568561258,0.16054989880923173,0.0,0.1,,,0.0,1.0,,,2.0
27633,0.0007283463038553537,0.15732280163275641,0.0,0.1,,,0.0,1.0,,,2.0
27634,0.0007950623720247143,0.1717334723573383,0.0,0.1,,,0.0,1.0,,,2.0
27635,0.0006765993363544145,0.14614545665255355,0.0,0.1,,,0.0,1.0,,,2.0
27636,0.00023757018371452462,0.05131515968233732,1.0,0.1,,,0.0,1.0,,,2.0
27637,0.0007066000583325094,0.15262561259982205,0.0,0.1,,,0.0,1.0,,,2.0
27638,0.0025802794362136455,0.5573403582221474,0.0,0.1,,,0.0,1.0,,,2.0
27639,0.0022661894881826055,0.4894969294474428,0.0,0.1,1192.4407577553764,473.9471562674281,0.0,1.0,0.0,0.0,2.0
27640,0.0011894582105820147,0.2569229734857152,0.0,0.1,1197.2899423476185,478.55985403542627,0.0,1.0,0.0,0.0,2.0
27641,0.0022115400629656237,0.4776926536005747,0.0,0.1,1199.8789087023033,482.6081477376998,0.0,1.0,0.0,0.0,2.0
27642,0.001849567810019678,0.3995066469642504,0.0,0.1,1201.7585807781734,484.1428119148237,0.0,1.0,0.0,0.0,2.0
27643,0.0027797946857411014,0.6004356521200779,0.0,0.1,1206.3267309672603,489.8041937973202,0.0,1.0,0.0,0.0,2.0
27644,0.0009466408361258403,0.20447442060318152,0.0,0.1,1211.820745098995,493.58161321796945,0.0,1.0,0.0,0.0,2.0
27645,0.001467595569207674,0.3170006429488576,0.0,0.1,1215.2135919955178,497.31706841509157,0.0,1.0,0.0,0.0,2.0
27646,0.00010909472294861194,0.02356446015690018,1.0,0.1,1221.4744504213422,503.0681701506343,0.0,1.0,0.0,0.0,2.0
27647,0.0034045249640868073,0.7353773922427503,0.0,0.1,1225.716999431132,504.5092809200405,0.0,1.0,0.0,0.0,2.0
27648,0.0016063290738776203,0.346967079957566,0.0,0.1,,,0.0,1.0,,,2.0
27649,0.001309816141933532,0.2829202866576429,0.0,0.1,,,0.0,1.0,,,2.0
27650,0.0023664688099655305,0.5111572629525546,0.0,0.1,,,0.0,1.0,,,2.0
27651,0.002325549311268572,0.5023186512340115,0.0,0.1,,,0.0,1.0,,,2.0
27652,0.001106766316606367,0.23906152438697523,0.0,0.1,,,0.0,1.0,,,2.0
27653,0.0010953383409507149,0.23659308164535445,0.0,0.1,,,0.0,1.0,,,2.0
27654,0.0011111886241708176,0.2400167428208966,0.0,0.1,1258.3032832580564,548.3349340238572,0.0,1.0,0.0,0.0,2.0
27655,0.0025709114999287177,0.555316883984603,0.0,0.1,1263.0118280229378,551.9371311674587,0.0,1.0,0.0,0.0,2.0
27656,0.00135961461035096,0.2936767558358074,0.0,0.1,,,0.0,1.0,,,2.0
27657,0.0012903573520376113,0.2787171880401241,0.0,0.1,,,0.0,1.0,,,2.0
27658,0.0008471346039834191,0.18298107446041853,0.0,0.1,1278.121091780139,572.4364517067298,0.0,1.0,0.0,0.0,2.0
27659,0.0010618223628507326,0.22935363037575823,0.0,0.1,,,0.0,1.0,,,2.0
27660,0.0005045330215939139,0.1089791326642854,0.0,0.1,1281.46124480802,576.9981528908517,0.0,1.0,0.0,0.0,2.0
27661,0.0001462825144542078,0.03159702312210889,1.0,0.1,1282.0478276208958,578.7340390865052,0.0,1.0,0.0,0.0,2.0
27662,0.00018446428931647064,0.03984428649235766,1.0,0.1,1282.0536992709156,578.753381069511,0.0,1.0,0.0,0.0,2.0
27663,0.0004105893400574834,0.08868729745241642,1.0,0.1,1281.1011815641225,577.5120806910022,0.0,1.0,0.0,0.0,2.0
27664,0.000527062382060573,0.11384547452508377,0.0,0.1,,,0.0,1.0,,,2.0
27665,0.0008289154970136296,0.179045747354944,0.0,0.1,,,0.0,1.0,,,2.0
27666,0.00029385867702480246,0.06347347423735733,1.0,0.1,,,0.0,1.0,,,2.0
27667,4.420302832138917e-05,0.00954785411742006,1.0,0.1,,,0.0,1.0,,,2.0
27668,0.0013772248435108974,0.2974805661983539,0.0,0.1,,,0.0,1.0,,,2.0
27669,0.0006108794725645367,0.13194996607393994,0.0,0.1,,,0.0,1.0,,,2.0
27670,0.00044768801963398233,0.09670061224094018,1.0,0.1,,,0.0,1.0,,,2.0
27671,7.893976336166812e-05,0.017050988886120316,1.0,0.1,,,0.0,1.0,,,2.0
27672,0.0004973327085261149,0.10742386504164082,0.0,0.1,1271.257649248678,566.2480839568636,0.0,1.0,0.0,0.0,2.0
27673,0.0006441662043300408,0.13913990013528882,0.0,0.1,1272.6549696377626,568.1065847870972,0.0,1.0,0.0,0.0,2.0
27674,0.0007240874491840234,0.15640288902374908,0.0,0.1,,,0.0,1.0,,,2.0
27675,0.0007509276839447781,0.16220037973207208,0.0,0.1,1279.7266536217642,572.8694967303659,0.0,1.0,0.0,0.0,2.0
27676,0.00023609593140550084,0.05099672118358818,1.0,0.1,1283.328303226668,576.9691506815335,0.0,1.0,0.0,0.0,2.0
27677,0.0006362322543369299,0.13742616693677687,0.0,0.1,1284.7055870966856,578.3836839501212,0.0,1.0,0.0,0.0,2.0
27678,0.000494727247718607,0.1068610855072191,0.0,0.1,,,0.0,1.0,,,2.0
27679,0.0010496070847514527,0.2267151303063138,0.0,0.1,,,0.0,1.0,,,2.0
27680,0.0005363319640906616,0.1158477042435829,0.0,0.1,,,0.0,1.0,,,2.0
27681,0.00040131527566371133,0.08668409954336165,1.0,0.1,,,0.0,1.0,,,2.0
27682,0.000988141252431043,0.2134385105251053,0.0,0.1,,,0.0,1.0,,,2.0
27683,0.00016970466150669945,0.03665620688544708,1.0,0.1,,,0.0,1.0,,,2.0
27684,0.0005343240784827863,0.11541400095228187,0.0,0.1,,,0.0,1.0,,,2.0
27685,0.0002635199097203074,0.05692030049958641,1.0,0.1,,,0.0,1.0,,,2.0
27686,0.0005085429702776117,0.10984528157996412,0.0,0.1,,,0.0,1.0,,,2.0
27687,0.001047396385576466,0.2262376192845167,0.0,0.1,,,0.0,1.0,,,2.0
27688,0.0011765361645084695,0.25413181153382947,0.0,0.1,,,0.0,1.0,,,2.0
27689,0.0003068032957693648,0.0662695118861828,1.0,0.1,,,0.0,1.0,,,2.0
27690,0.0025524887384406167,0.5513375675031732,0.0,0.1,,,0.0,1.0,,,2.0
27691,0.0022694100058813205,0.4901925612703652,0.0,0.1,,,0.0,1.0,,,2.0
27692,0.0027681419137335532,0.5979186533664475,0.0,0.1,1262.3566867106047,530.5730530887803,0.0,1.0,0.0,0.0,2.0
27693,0.0021169059982920338,0.4572516956310793,0.0,0.1,,,0.0,1.0,,,2.0
27694,0.0016136791334688987,0.34855469282928214,0.0,0.1,1252.274543860512,516.6735428993217,0.0,1.0,0.0,0.0,2.0
27695,0.0020981564968122523,0.45320180331144644,0.0,0.1,,,0.0,1.0,,,2.0
27696,0.003069001695642156,0.6629043662587056,0.0,0.1,1229.435654156086,501.88775838462846,0.0,1.0,0.0,0.0,2.0
27697,0.002880584526310282,0.622206257683021,0.0,0.1,1219.4657612676042,493.2456226979385,0.0,1.0,0.0,0.0,2.0
27698,0.0017218109969903501,0.37191117534991563,0.0,0.1,1206.308469460396,482.08079439421994,0.0,1.0,0.0,0.0,2.0
27699,0.003913444615515277,0.8453040369512999,0.0,0.1,1197.668446935301,477.08151194247847,0.0,1.0,0.0,0.0,2.0
27700,0.002817321419919153,0.6085414267025371,0.0,0.1,1181.801647016633,466.0127780009763,0.0,1.0,0.0,0.0,2.0
27701,,,,0.1,,,0.0,1.0,,,2.0
27702,,,,0.1,1151.695706564795,449.8919282698317,,,0.0,0.0,2.0
27703,0.0009329838469452646,0.20152451094017718,0.0,0.1,1139.0339045838775,442.67318569645175,0.0,1.0,0.0,0.0,2.0
27704,0.0014489145343384272,0.31296553941710026,0.0,0.1,1135.078424895608,440.0746418544598,0.0,1.0,0.0,0.0,2.0
27705,0.001143913913575625,0.247085405332335,0.0,0.1,1127.6452800661364,435.2101782947752,0.0,1.0,0.0,0.0,2.0
27706,0.0027942018774927257,0.6035476055384288,0.0,0.1,1120.6547426416753,434.30530567953446,0.0,1.0,0.0,0.0,2.0
27707,0.002150085609573299,0.4644184916678326,0.0,0.1,1111.4791761374145,435.06814584876446,0.0,1.0,0.0,0.0,2.0
27708,0.0019520600691330463,0.42164497493273806,0.0,0.1,1104.6520739824546,431.3976756563777,0.0,1.0,0.0,0.0,2.0
27709,0.002603891103495259,0.5624404783549759,0.0,0.1,1092.5513832884712,427.01300476687805,0.0,1.0,0.0,0.0,2.0
27710,0.00033260242814438755,0.07184212447918771,1.0,0.1,1087.3358052713802,426.320773159718,0.0,1.0,0.0,0.0,2.0
27711,0.0009826785919807368,0.21225857586783917,0.0,0.1,1085.192527421278,426.5661769419614,0.0,1.0,0.0,0.0,2.0
27712,0.0021006751361742197,0.45374582941363145,0.0,0.1,1080.8266576216881,419.8468510043841,0.0,1.0,0.0,0.0,2.0
27713,0.0008926923256472383,0.19282154233980348,0.0,0.1,1076.830256514518,414.8729977950596,0.0,1.0,0.0,0.0,2.0
27714,0.0018920732245023596,0.4086878164925097,0.0,0.1,1070.2823433559909,411.0349333839782,0.0,1.0,0.0,0.0,2.0
27715,0.0009773056879598672,0.2110980285993313,0.0,0.1,1065.6537557013194,406.20444177063234,0.0,1.0,0.0,0.0,2.0
27716,0.00039040883580389806,0.08432830853364198,1.0,0.1,1061.9220202248061,400.54672847421546,0.0,1.0,0.0,0.0,2.0
27717,0.0002595656187061509,0.05606617364052859,1.0,0.1,1061.5292160242946,399.79488324435124,0.0,1.0,0.0,0.0,2.0
27718,0.00035423436042153586,0.07651462185105175,1.0,0.1,1062.1774613164764,400.2652034480558,0.0,1.0,0.0,0.0,2.0
27719,0.000805216384216229,0.17392673899070546,0.0,0.1,1064.1602517892288,401.83481925083527,0.0,1.0,0.0,0.0,2.0
27720,0.00022662954596999087,0.04895198192951803,1.0,0.1,1063.9618816886257,401.84137064716487,0.0,1.0,0.0,0.0,2.0
27721,0.00013627070325115116,0.029434471902248648,1.0,0.1,1066.8321630635526,403.0388460466882,0.0,1.0,0.0,0.0,2.0
27722,0.0006706106862831025,0.14485190823715016,0.0,0.1,1069.054252528799,404.78144809404415,0.0,1.0,0.0,0.0,2.0
27723,0.00030007432298629813,0.06481605376504039,1.0,0.1,1071.4767662379195,406.5416558491255,0.0,1.0,0.0,0.0,2.0
27724,0.0004804669731121257,0.10378086619221916,0.0,0.1,1072.324618609657,407.4736484682887,0.0,1.0,0.0,0.0,2.0
27725,8.949180065929361e-05,0.01933022894240742,1.0,0.1,1071.1217229490208,406.341055967619,0.0,1.0,0.0,0.0,2.0
27726,0.0005787717606841204,0.12501470030777,0.0,0.1,1071.4785761483054,406.5262104957256,0.0,1.0,0.0,0.0,2.0
27727,0.00026168587672036064,0.0565241493715979,1.0,0.1,1071.5722073731677,406.4665374188448,0.0,1.0,0.0,0.0,2.0
27728,0.0003880185000496624,0.08381199601072707,1.0,0.1,1069.9721127037367,405.14822233193587,0.0,1.0,0.0,0.0,2.0
27729,0.0014344222669864157,0.3098352096690658,0.0,0.1,1063.7699834450282,402.1579872894801,0.0,1.0,0.0,0.0,2.0
27730,0.0010478949079735667,0.22634530012229045,0.0,0.1,1060.5283188902604,403.6143678506826,0.0,1.0,0.0,0.0,2.0
27731,0.001674681472081239,0.3617311979695476,0.0,0.1,1060.1531186177979,405.99486959817136,0.0,1.0,0.0,0.0,2.0
27732,0.0007782896597150906,0.16811056649845957,0.0,0.1,1058.4289262406894,407.8349782385008,0.0,1.0,0.0,0.0,2.0
27733,0.0009955594806500146,0.21504084782040317,0.0,0.1,1049.9400232880728,403.771741703693,0.0,1.0,0.0,0.0,2.0
27734,0.0006524044766055211,0.14091936694679255,0.0,0.1,1040.6520642308992,398.32796370359813,0.0,1.0,0.0,0.0,2.0
27735,0.0008330923161232179,0.17994794028261507,0.0,0.1,1036.4638623453757,397.71936198216645,0.0,1.0,0.0,0.0,2.0
27736,0.0018023316767047512,0.38930364216822627,0.0,0.1,1031.4280143511792,397.2293911465464,0.0,1.0,0.0,0.0,2.0
27737,0.0021428614058425412,0.4628580636619889,0.0,0.1,1019.801817027818,395.5460965320304,0.0,1.0,0.0,0.0,2.0
27738,0.0017231539115907723,0.37220124490360684,0.0,0.1,1008.5906594884167,392.9778507303542,0.0,1.0,0.0,0.0,2.0
27739,0.0009880565928112922,0.21342022404723912,0.0,0.1,997.2305006337764,394.1926510397643,0.0,1.0,0.0,0.0,2.0
27740,0.0015114108185624378,0.32646473680948657,0.0,0.1,989.8051293979031,393.7466189152112,0.0,1.0,0.0,0.0,2.0
27741,0.0012359117205909416,0.26695693164764345,0.0,0.1,979.067226196981,396.38685415030676,0.0,1.0,0.0,0.0,2.0
27742,0.0006287143037473135,0.13580228960941973,0.0,0.1,968.7035644177765,395.5002117736874,0.0,1.0,0.0,0.0,2.0
27743,0.00033649889602516267,0.07268376154143513,1.0,0.1,961.007981482813,396.31158212279337,0.0,1.0,0.0,0.0,2.0
27744,0.0009265779991743159,0.20014084782165226,0.0,0.1,959.3107998039181,398.28699604085807,0.0,1.0,0.0,0.0,2.0
27745,0.0008421803172380166,0.18191094852341158,0.0,0.1,955.598764722527,402.7528099815811,0.0,1.0,0.0,0.0,2.0
27746,0.0005373528417483348,0.11606821381764032,0.0,0.1,949.0101749948363,407.0767363706632,0.0,1.0,0.0,0.0,2.0
27747,0.0007069008109082736,0.15269057515618709,0.0,0.1,945.0410427846975,408.13354316209154,0.0,1.0,0.0,0.0,2.0
27748,0.0007883761140666229,0.17028924063839057,0.0,0.1,935.1784756071902,405.33023718942053,0.0,1.0,0.0,0.0,2.0
27749,0.0013744868224883388,0.2968891536574812,0.0,0.1,929.7326971039389,404.0955753062878,0.0,1.0,0.0,0.0,2.0
27750,0.00014702398654637655,0.03175718109401733,1.0,0.1,918.5578175896846,403.2638442178165,0.0,1.0,0.0,0.0,2.0
27751,0.0007414149436011438,0.16014562781784705,0.0,0.1,910.450402051064,402.6699991466522,0.0,1.0,0.0,0.0,2.0
27752,0.0005685969702245588,0.12281694556850471,0.0,0.1,901.4566970564794,400.274578913725,0.0,1.0,0.0,0.0,2.0
27753,0.0009138878456561673,0.19739977466173214,0.0,0.1,894.2335093735529,397.67627037915304,0.0,1.0,0.0,0.0,2.0
27754,0.0010557686989780847,0.22804603897926629,0.0,0.1,884.9213594565309,397.66053512906234,0.0,1.0,0.0,0.0,2.0
27755,0.0007662025001163962,0.1654997400251416,0.0,0.1,877.8970339830208,395.8866769884031,0.0,1.0,0.0,0.0,2.0
27756,0.0005761949649371865,0.12445811242643229,0.0,0.1,871.2635889603806,392.12461614214243,0.0,1.0,0.0,0.0,2.0
27757,0.0003517846489868196,0.07598548418115303,1.0,0.1,865.8738349236855,395.9982896166784,0.0,1.0,0.0,0.0,2.0
27758,0.0009327830446239949,0.2014811376387829,0.0,0.1,863.8011677300195,397.8019596701716,0.0,1.0,0.0,0.0,2.0
27759,0.00023168898581236793,0.050044820935471475,1.0,0.1,857.0639585541037,399.04052679623464,0.0,1.0,0.0,0.0,2.0
27760,0.002089960117071717,0.4514313852874909,0.0,0.1,853.6772915093179,401.6610437877123,0.0,1.0,0.0,0.0,2.0
27761,0.0011145497870656699,0.2407427540061847,0.0,0.1,844.3718382169203,399.7203043768298,0.0,1.0,0.0,0.0,2.0
27762,0.0008198655130138856,0.1770909508109993,0.0,0.1,836.7126011562591,398.254770706558,0.0,1.0,0.0,0.0,2.0
27763,0.0012192329703648197,0.26335432159880107,0.0,0.1,827.0957238490266,399.3847643263967,0.0,1.0,0.0,0.0,2.0
27764,0.0009191493214330181,0.1985362534295319,0.0,0.1,818.1463934699443,400.6189027967983,0.0,1.0,0.0,0.0,2.0
27765,0.002238467430944605,0.4835089650840347,0.0,0.1,809.5378260646164,401.6219665684079,0.0,1.0,0.0,0.0,2.0
27766,0.001639569745679601,0.35414706506679383,0.0,0.1,798.4753588033572,398.4594449250227,0.0,1.0,0.0,0.0,2.0
27767,0.00179901280058673,0.38858676492673366,0.0,0.1,791.0080153703121,397.08900370495144,0.0,1.0,0.0,0.0,2.0
27768,0.001108897654102516,0.23952189328614346,0.0,0.1,775.4242082859432,398.8516871753101,0.0,1.0,0.0,0.0,2.0
27769,0.001513051026936791,0.3268190218183469,0.0,0.1,764.7477428280155,405.18610449163685,0.0,1.0,0.0,0.0,2.0
27770,0.001531252980036736,0.330750643687935,0.0,0.1,752.6763108985488,407.8387371094876,0.0,1.0,0.0,0.0,2.0
27771,0.0025228076219365424,0.5449264463382931,0.0,0.1,749.2000589805822,408.9369833644677,0.0,1.0,0.0,0.0,2.0
27772,0.0017077611863715663,0.36887641625625833,0.0,0.1,742.320839210293,411.2922922705202,0.0,1.0,0.0,0.0,2.0
27773,0.003534431209954842,0.7634371413502459,0.0,0.1,731.1462706410211,415.6805979068111,0.0,1.0,0.0,0.0,2.0
27774,0.0019524538390264794,0.4217300292297195,0.0,0.1,723.555838788499,423.4327668194895,0.0,1.0,0.0,0.0,2.0
27775,0.0012443859162869315,0.2687873579179772,0.0,0.1,722.5613777269031,430.71765297444136,0.0,1.0,0.0,0.0,2.0
27776,0.0012782213761068331,0.27609581723907595,0.0,0.1,721.7592908889867,434.6631052160913,0.0,1.0,0.0,0.0,2.0
27777,0.0027437802017334033,0.5926565235744151,0.0,0.1,719.2791148777945,440.4963312172172,0.0,1.0,0.0,0.0,2.0
27778,0.0022658591198205682,0.4894255698812428,0.0,0.1,716.9374883294952,444.6797461240205,0.0,1.0,0.0,0.0,2.0
27779,0.0011651851458689222,0.25167999150768716,0.0,0.1,717.1810797014735,448.072314099873,0.0,1.0,0.0,0.0,2.0
27780,0.0015392096715335932,0.33246928905125617,0.0,0.1,719.6638270102786,449.25534350812393,0.0,1.0,0.0,0.0,2.0
27781,0.0017307342999345458,0.3738386087858619,0.0,0.1,721.6597472965304,456.7120444262344,0.0,1.0,0.0,0.0,2.0
27782,0.0014515599616572248,0.3135369517179606,0.0,0.1,718.9684777993028,459.8551861615941,0.0,1.0,0.0,0.0,2.0
27783,0.0010425119091237256,0.22518257237072473,0.0,0.1,713.9281005823788,464.07196502361137,0.0,1.0,0.0,0.0,2.0
27784,0.0008701169051645232,0.187945251515537,0.0,0.1,710.4296990834303,470.73946869547916,0.0,1.0,0.0,0.0,2.0
27785,0.0015642623686511758,0.337880671628654,0.0,0.1,709.4846656818468,475.0243212013802,0.0,1.0,0.0,0.0,2.0
27786,0.002440838319515839,0.5272210770154212,0.0,0.1,703.0488745312616,482.9337023384799,0.0,1.0,0.0,0.0,2.0
27787,0.002013837534995638,0.43498890755905784,0.0,0.1,700.9122131868957,487.436828591515,0.0,1.0,0.0,0.0,2.0
27788,0.0010979581882668617,0.23715896866564212,0.0,0.1,689.3715733068187,492.55114121127184,0.0,1.0,0.0,0.0,2.0
27789,0.0027956360414633074,0.6038573849560744,0.0,0.1,687.5237981496834,496.16569960607274,0.0,1.0,0.0,0.0,2.0
27790,0.0028265006278522316,0.6105241356160821,0.0,0.1,676.6471582025085,505.06037155895297,0.0,1.0,0.0,0.0,2.0
27791,0.0026173428323215332,0.5653460517814513,0.0,0.1,666.2326220786695,510.8198292227007,0.0,1.0,0.0,0.0,2.0
27792,0.0032987037978416687,0.7125200203338005,0.0,0.1,660.4165122673575,519.9508650743802,0.0,1.0,0.0,0.0,2.0
27793,0.0017119541679729345,0.36978210028215386,0.0,0.1,655.0464837440842,526.1400883233813,0.0,1.0,0.0,0.0,2.0
27794,0.002986037161954959,0.6449840269822711,0.0,0.1,651.5637848127313,529.3469977282347,0.0,1.0,0.0,0.0,2.0
27795,0.002190920668786497,0.4732388644578833,0.0,0.1,643.3331805274842,539.2393273486538,0.0,1.0,0.0,0.0,2.0
27796,0.003263117639989359,0.7048334102377016,0.0,0.1,639.2097361605164,544.5736330310948,0.0,1.0,0.0,0.0,2.0
27797,0.0018108446346432993,0.39114244108295265,0.0,0.1,632.095220729367,551.9103631749695,0.0,1.0,0.0,0.0,2.0
27798,0.0014949596314118353,0.3229112803849564,0.0,0.1,631.1992816849266,554.5835507415031,0.0,1.0,0.0,0.0,2.0
27799,0.005343027032660395,1.1540938390546454,0.0,0.1,622.9589517572745,558.6261996621741,0.0,1.0,0.0,0.0,2.0
27800,0.005012072757785456,1.0826077156816587,0.0,0.1,617.2122527168233,566.2675948917955,0.0,1.0,0.0,0.0,2.0
27801,0.0032925543284569973,0.7111917349467114,0.0,0.1,609.3891879710305,572.8793531143106,0.0,1.0,0.0,0.0,2.0
27802,0.0014360528713118713,0.31018742020336426,0.0,0.1,601.6638398917081,578.6206430754705,0.0,1.0,0.0,0.0,2.0
27803,0.0016358346140731808,0.35334027663980705,0.0,0.1,596.1746838786443,582.7309518621265,0.0,1.0,0.0,0.0,2.0
27804,0.002017357677733127,0.43574925839035544,0.0,0.1,592.1467718604914,584.948919066948,0.0,1.0,0.0,0.0,2.0
27805,0.0022781420638858735,0.4920786857993487,0.0,0.1,588.8875176937145,582.2030301619687,0.0,1.0,0.0,0.0,2.0
27806,0.0003707564715334283,0.08008339785122051,1.0,0.1,582.4894117353375,587.1217080269158,0.0,1.0,0.0,0.0,2.0
27807,0.0012520011503195393,0.2704322484690205,0.0,0.1,579.4449129547485,588.2107937779658,0.0,1.0,0.0,0.0,2.0
27808,0.0012422412356073093,0.2683241068911788,0.0,0.1,572.0871513869345,590.5011370889019,0.0,1.0,0.0,0.0,2.0
27809,0.0009390061322251728,0.20282532456063734,0.0,0.1,566.7419254086726,598.3507998802008,0.0,1.0,0.0,0.0,2.0
27810,0.0018681435579007489,0.40351900850656175,0.0,0.1,560.6346324865842,599.8466558452518,0.0,1.0,0.0,0.0,2.0
27811,0.0011889462092419581,0.256812381196263,0.0,0.1,551.1629597452776,605.4741542429313,0.0,1.0,0.0,0.0,2.0
27812,,,,0.1,547.3790207311039,610.7671562511273,0.0,1.0,0.0,0.0,2.0
27813,,,,0.1,539.3186503684327,619.8347536699293,,,0.0,0.0,2.0
27814,,,,0.1,531.7637616291987,630.0353991635508,0.0,1.0,0.0,0.0,2.0
27815,,,,0.1,528.7351033651819,638.4465219678433,,,0.0,0.0,2.0
27816,0.0029632123454313777,0.6400538666131776,0.0,0.1,525.674667895172,641.5365120959624,0.0,1.0,0.0,0.0,2.0
27817,0.003047265088600499,0.6582092591377078,0.0,0.1,518.7723543244513,650.2709165204385,0.0,1.0,0.0,0.0,2.0
27818,0.002730746743331723,0.5898412965596522,0.0,0.1,513.3869376841651,662.0224625537599,0.0,1.0,0.0,0.0,2.0
27819,0.004087532150333007,0.8829069444719295,0.0,0.1,508.0418113350048,672.8133113457812,0.0,1.0,0.0,0.0,2.0
27820,0.0011720011186588828,0.2531522416303187,0.0,0.1,503.34854988411956,681.3722119990566,0.0,1.0,0.0,0.0,2.0
27821,0.004458458506053838,0.9630270373076291,0.0,0.1,501.71110126325715,682.4929366764911,0.0,1.0,0.0,0.0,2.0
27822,0.00422074949516488,0.9116818909556141,0.0,0.1,494.1079865127704,691.0820954557939,0.0,1.0,0.0,0.0,2.0
27823,0.003870674846628672,0.8360657668717931,0.0,0.1,488.4246964900653,698.5946481812948,0.0,1.0,0.0,0.0,2.0
27824,0.0016662101625055364,0.35990139510119584,0.0,0.1,485.1272504803227,709.8996133293249,0.0,1.0,0.0,0.0,2.0
27825,0.0022221451775056343,0.47998335834121697,0.0,0.1,485.6101210400475,713.6961979597748,0.0,1.0,0.0,0.0,2.0
27826,0.0020935355377176184,0.4522036761470055,0.0,0.1,480.1722939085186,717.5803909274937,0.0,1.0,0.0,0.0,2.0
27827,0.002380249238229033,0.5141338354574712,0.0,0.1,469.91649539523956,723.19172859024,0.0,1.0,0.0,0.0,2.0
27828,0.0030764297937991066,0.664508835460607,0.0,0.1,,,0.0,1.0,,,2.0
27829,0.0010225762442290455,0.22087646875347383,0.0,0.1,458.2272194677589,738.2612084591586,1.0,0.0,0.0,0.0,2.0
27830,0.0031625177267694503,0.6831038289822012,0.0,0.1,454.384151882969,742.3024644866726,1.0,0.0,0.0,0.0,2.0
27831,,,,0.1,447.5591543630067,750.6449397694174,1.0,0.0,0.0,0.0,2.0
27832,,,,0.1,,,,,,,2.0
27833,0.0008925305043689317,0.19278658894368927,0.0,0.1,435.378896435609,772.4847109260434,1.0,0.0,0.0,0.0,2.0
27834,0.0044968071052841835,0.9713103347413836,0.0,0.1,433.2909065433401,778.4649698936545,1.0,0.0,0.0,0.0,2.0
27835,0.002135545875771694,0.4612779091666859,0.0,0.1,426.5201854177487,788.139183386615,1.0,0.0,0.0,0.0,2.0
27836,0.0031058624717558814,0.6708662938992704,0.0,0.1,424.74660959465933,795.0969744662194,1.0,0.0,0.0,0.0,2.0
27837,0.002750716447158526,0.5941547525862417,0.0,0.1,417.50179852868575,801.6819928990265,1.0,0.0,0.0,0.0,2.0
27838,0.0035810747719222462,0.7735121507352052,0.0,0.1,408.74871395985394,808.9073806205768,1.0,0.0,0.0,0.0,2.0
27839,0.002919676494804743,0.6306501228778245,0.0,0.1,407.55421334646724,814.2516673700361,1.0,0.0,0.0,0.0,2.0
27840,0.003332847749983937,0.7198951139965304,0.0,0.1,409.0905522503746,824.1776234334312,1.0,0.0,0.0,0.0,2.0
27841,0.002687954329361934,0.5805981351421778,0.0,0.1,404.73511720303395,828.9149232724245,1.0,0.0,0.0,0.0,2.0
27842,0.0011186093858654897,0.2416196273469458,0.0,0.1,396.59431425018323,823.3779843103595,1.0,0.0,0.0,0.0,2.0
27843,0.0017417996743398004,0.3762287296573969,0.0,0.1,393.05485177587326,821.3917920267651,1.0,0.0,0.0,0.0,2.0
27844,0.000815201849986074,0.176083599596992,0.0,0.1,384.96719433893,819.6384688134822,1.0,0.0,0.0,0.0,2.0
27845,0.0018014262871627502,0.3891080780271541,0.0,0.1,377.19133920900856,822.3594928183279,1.0,0.0,0.0,0.0,2.0
27846,0.0009584338301818844,0.207021707319287,0.0,0.1,373.24142855437316,828.4798941984453,1.0,0.0,0.0,0.0,2.0
27847,,,,0.1,367.7124468970913,833.6309361857485,1.0,0.0,0.0,0.0,2.0
27848,,,,0.1,364.3099267314164,836.7314898777447,,,0.0,0.0,2.0
27849,,,,0.1,355.9694138822303,846.4353842600075,,,0.0,0.0,2.0
27850,0.002374328617384799,0.5128549813551165,0.0,0.1,351.5769949951299,853.7973005380244,1.0,0.0,0.0,0.0,2.0
27851,,,,0.1,350.24868630804383,863.0938865292654,1.0,0.0,0.0,0.0,2.0
27852,,,,0.1,343.83683680187846,866.8516335728834,,,0.0,0.0,2.0
27853,,,,0.1,331.8033970870684,876.6343933946465,,,0.0,0.0,2.0
27854,,,,0.1,325.88533699374017,887.4826099921003,,,0.0,0.0,2.0
27855,0.0034824668337541894,0.752212836090905,0.0,0.1,325.7297738709548,895.9711533138147,1.0,0.0,0.0,0.0,2.0
27856,0.0012640884192065599,0.27304309854861697,0.0,0.1,325.27515910259245,906.819918303613,1.0,0.0,0.0,0.0,2.0
27857,0.0031860150310251533,0.6881792467014332,0.0,0.1,325.7028519241378,914.9420525984303,1.0,0.0,0.0,0.0,2.0
27858,0.003291653098289029,0.7109970692304303,0.0,0.1,328.65437395649644,930.0629441399271,1.0,0.0,0.0,0.0,2.0
27859,0.005374589900959837,1.1609114186073248,0.0,0.1,328.72935698433224,939.8685338945951,1.0,0.0,0.0,0.0,2.0
27860,0.0018486223621719895,0.39930243022914974,0.0,0.1,329.4333562507686,949.8182403273115,1.0,0.0,0.0,0.0,2.0
27861,0.0037523707296770637,0.8105120776102457,0.0,0.1,329.1971112100362,954.6629634546074,1.0,0.0,0.0,0.0,2.0
27862,0.003087604527366261,0.6669225779111124,0.0,0.1,329.84579256627904,966.0528211674088,1.0,0.0,0.0,0.0,2.0
27863,0.0035258246628642894,0.7615781271786866,0.0,0.1,334.71935980140444,979.2666429448976,1.0,0.0,0.0,0.0,2.0
27864,0.002571976992888952,0.5555470304640137,0.0,0.1,344.73510737694266,991.9829361585404,1.0,0.0,0.0,0.0,2.0
27865,0.0006976823180780819,0.1506993807048657,0.0,0.1,349.63342164526887,998.9928235905074,1.0,0.0,0.0,0.0,2.0
27866,0.002405819589766331,0.5196570313895275,0.0,0.1,350.3557869846144,1003.7581160776698,1.0,0.0,0.0,0.0,2.0
27867,0.0017420846867814079,0.3762902923447841,0.0,0.1,348.8735761984677,1012.7469802755757,1.0,0.0,0.0,0.0,2.0
27868,0.0027371899938388317,0.5912330386691876,0.0,0.1,349.88224489371595,1022.5941587425303,1.0,0.0,0.0,0.0,2.0
27869,0.0014534074392141797,0.3139360068702628,0.0,0.1,358.42393762652495,1032.6965258993905,1.0,0.0,0.0,0.0,2.0
27870,0.0021861320636908173,0.47220452575721655,0.0,0.1,361.0224711631571,1035.165796839056,1.0,0.0,0.0,0.0,2.0
27871,0.0022903816801271397,0.49472244290746215,0.0,0.1,363.33687734375184,1037.3202302758648,1.0,0.0,0.0,0.0,2.0
27872,0.0016951386969406234,0.3661499585391747,0.0,0.1,358.41997181606195,1043.3639207070783,1.0,0.0,0.0,0.0,2.0
27873,0.003043306323245317,0.6573541658209886,0.0,0.1,354.1996536469399,1049.5543179823508,1.0,0.0,0.0,0.0,2.0
27874,0.0006095355377701532,0.1316596761583531,0.0,0.1,353.14596538685134,1053.76091445272,1.0,0.0,0.0,0.0,2.0
27875,0.003426984755708298,0.7402287072329925,0.0,0.1,352.5683309749829,1056.8780368207272,1.0,0.0,0.0,0.0,2.0
27876,0.0031549755385254312,0.6814747163214931,0.0,0.1,353.7587103792869,1061.144718155832,1.0,0.0,0.0,0.0,2.0
27877,0.0030529096279867333,0.6594284796451344,0.0,0.1,357.26450872787524,1067.8059292594685,1.0,0.0,0.0,0.0,2.0
27878,0.0011879497021752311,0.25659713566984993,0.0,0.1,364.8011772289961,1080.0605183193115,1.0,0.0,0.0,0.0,2.0
27879,0.001692538536713436,0.3655883239301022,0.0,0.1,367.09416752495616,1082.6589086946058,1.0,0.0,0.0,0.0,2.0
27880,0.0008303285010839294,0.17935095623412875,0.0,0.1,370.0428482854553,1087.386589339652,1.0,0.0,0.0,0.0,2.0
27881,0.0013892832549429299,0.30008518306767284,0.0,0.1,374.4683815955281,1091.6730035893156,1.0,0.0,0.0,0.0,2.0
27882,0.002902800588479101,0.6270049271114858,0.0,0.1,378.08878176515367,1092.811753577607,1.0,0.0,0.0,0.0,2.0
27883,0.0008316139377676994,0.1796286105578231,0.0,0.1,382.0240736420829,1096.2109203419943,1.0,0.0,0.0,0.0,2.0
27884,0.0011388228677154187,0.24598573942653046,0.0,0.1,384.28116547616446,1098.0423875006766,1.0,0.0,0.0,0.0,2.0
27885,0.001684134895230975,0.3637731373698906,0.0,0.1,385.5527111772978,1099.5375686034859,1.0,0.0,0.0,0.0,2.0
27886,0.0026069294799275144,0.5630967676643431,0.0,0.1,383.5153121850475,1098.6703799692525,1.0,0.0,0.0,0.0,2.0
27887,0.000731336231940458,0.15796862609913895,0.0,0.1,383.6945837632776,1099.374771759507,1.0,0.0,0.0,0.0,2.0
27888,0.0025951658084213468,0.5605558146190109,0.0,0.1,384.96337696190017,1100.0340686942598,1.0,0.0,0.0,0.0,2.0
27889,0.0008837758724885862,0.19089558845753463,0.0,0.1,384.4784087094784,1098.66388548609,1.0,0.0,0.0,0.0,2.0
27890,0.001677677146083151,0.36237826355396063,0.0,0.1,384.2580288156738,1090.3666365972083,1.0,0.0,0.0,0.0,2.0
27891,0.0011422415246190591,0.2467241693177168,0.0,0.1,383.90307978741066,1080.7850558482737,1.0,0.0,0.0,0.0,2.0
27892,0.0006807669240227962,0.14704565558892396,0.0,0.1,383.9430905644242,1072.7557976655,1.0,0.0,0.0,0.0,2.0
27893,0.0012021034379742883,0.2596543426024463,0.0,0.1,384.5269823181112,1071.274610369208,1.0,0.0,0.0,0.0,2.0
27894,0.0009992245820791379,0.2158325097290938,0.0,0.1,380.9336366120834,1064.8421310974522,1.0,0.0,0.0,0.0,2.0
27895,0.0006469163425563611,0.139733929992174,0.0,0.1,377.35017202978565,1058.2372385649421,1.0,0.0,0.0,0.0,2.0
27896,0.0004960939287567385,0.10715628861145551,0.0,0.1,377.7678123258952,1056.0866965816915,1.0,0.0,0.0,0.0,2.0
27897,0.0005662638730086309,0.12231299656986426,0.0,0.1,378.16477481108336,1053.3935550328802,1.0,0.0,0.0,0.0,2.0
27898,0.00044389387296435803,0.09588107656030134,1.0,0.1,381.41711241844746,1053.243883712216,1.0,0.0,0.0,0.0,2.0
27899,0.0003476952693455367,0.07510217817863593,1.0,0.1,383.84409197427397,1055.8352686385454,1.0,0.0,0.0,0.0,2.0
27900,0.0001994299141692447,0.04307686146055685,1.0,0.1,385.4422635173356,1056.024716682277,1.0,0.0,0.0,0.0,2.0
27901,0.00019554367965273826,0.04223743480499146,1.0,0.1,388.2424455334218,1056.0269781884388,1.0,0.0,0.0,0.0,2.0
27902,0.00023897714710521378,0.05161906377472618,1.0,0.1,389.66871814516156,1055.8133476770565,1.0,0.0,0.0,0.0,2.0
27903,0.0002144310719057196,0.04631711153163544,1.0,0.1,389.8956781713204,1051.729571268127,1.0,0.0,0.0,0.0,2.0
27904,0.0010751407030277491,0.2322303918539938,0.0,0.1,385.7926754561073,1043.0691450199315,1.0,0.0,0.0,0.0,2.0
27905,0.00030234352888127255,0.06530620223835487,1.0,0.1,382.45211372613096,1030.608580418167,1.0,0.0,0.0,0.0,2.0
27906,0.0020441342884394884,0.4415330063029295,0.0,0.1,383.2517760835273,1024.8617068487515,1.0,0.0,0.0,0.0,2.0
27907,0.0002724544204517487,0.058850154817577716,1.0,0.1,388.2118895246634,1021.7695095033101,1.0,0.0,0.0,0.0,2.0
27908,0.0002503457944640033,0.05407469160422471,1.0,0.1,388.61225566436786,1017.1548129378975,1.0,0.0,0.0,0.0,2.0
27909,0.0003898728522018552,0.08421253607560072,1.0,0.1,388.5545396146726,1016.0338148372418,1.0,0.0,0.0,0.0,2.0
27910,0.000874309953634084,0.18885094998496216,0.0,0.1,390.99026125889935,1014.7064155935249,1.0,0.0,0.0,0.0,2.0
27911,0.0009618274099438808,0.20775472054787825,0.0,0.1,392.34232683250275,1014.267910568505,1.0,0.0,0.0,0.0,2.0
27912,0.0012354075877014754,0.2668480389435187,0.0,0.1,,,1.0,0.0,,,2.0
27913,0.0016468517425982567,0.35571997640122344,0.0,0.1,,,1.0,0.0,,,2.0
27914,0.0011007891765314826,0.23777046213080025,0.0,0.1,396.60634271796846,1012.307368890522,1.0,0.0,0.0,0.0,2.0
27915,0.0015261242031036886,0.3296428278703967,0.0,0.1,398.167757352633,1012.31555411643,1.0,0.0,0.0,0.0,2.0
27916,0.0007000629768549309,0.15121360300066508,0.0,0.1,400.76176454801373,1010.8723457493277,1.0,0.0,0.0,0.0,2.0
27917,0.0008951102022034784,0.19334380367595133,0.0,0.1,406.7294359066865,1012.2995344000451,1.0,0.0,0.0,0.0,2.0
27918,0.0023976706958045856,0.5178968702937905,0.0,0.1,409.882397961341,1014.5548802372393,1.0,0.0,0.0,0.0,2.0
27919,0.0011138439078614104,0.24059028409806466,0.0,0.1,417.16554668693544,1020.8126708954431,1.0,0.0,0.0,0.0,2.0
27920,,,,0.1,419.1733630397155,1021.7560626800981,1.0,0.0,0.0,0.0,2.0
27921,,,,0.1,422.17258638588123,1025.0860193263484,,,0.0,0.0,2.0
27922,0.0006969691249227809,0.15054533098332068,0.0,0.1,425.06073296676504,1027.6152185934925,1.0,0.0,0.0,0.0,2.0
27923,0.00047875350426231577,0.10341075692066021,0.0,0.1,428.9750203497502,1035.1910941148492,1.0,0.0,0.0,0.0,2.0
27924,,,,0.1,430.8819209052752,1037.537290829336,1.0,0.0,0.0,0.0,2.0
27925,,,,0.1,435.46702140230025,1046.720554508067,,,0.0,0.0,2.0
27926,0.004079931733037109,0.8812652543360154,0.0,0.1,439.59678139167295,1056.196023821405,1.0,0.0,0.0,0.0,2.0
27927,0.002300411165087909,0.49688881165898835,0.0,0.1,444.2973726378881,1064.5485407914591,1.0,0.0,0.0,0.0,2.0
27928,0.0010006750643080798,0.21614581389054527,0.0,0.1,450.02798114021624,1074.2904175655938,1.0,0.0,0.0,0.0,2.0
27929,0.0025426073353090935,0.5492031844267642,0.0,0.1,,,1.0,0.0,,,2.0
27930,0.0026332080341845425,0.5687729353838612,0.0,0.1,,,1.0,0.0,,,2.0
27931,0.00196747890721128,0.4249754439576365,0.0,0.1,,,1.0,0.0,,,2.0
27932,0.0004935818493642636,0.10661367946268094,0.0,0.1,,,1.0,0.0,,,2.0
27933,0.0011869211457347171,0.2563749674786989,0.0,0.1,,,1.0,0.0,,,2.0
27934,0.0006671744775682348,0.14410968715473874,0.0,0.1,,,1.0,0.0,,,2.0
27935,0.001741675708720223,0.3762019530835682,0.0,0.1,,,1.0,0.0,,,2.0
27936,0.0007856516800987556,0.1697007629013312,0.0,0.1,,,1.0,0.0,,,2.0
27937,0.00021197558837804926,0.04578672708965864,1.0,0.1,,,1.0,0.0,,,2.0
27938,4.1183992727229965e-05,0.008895742429081673,1.0,0.1,,,1.0,0.0,,,2.0
27939,0.0005745535458296802,0.12410356589921091,0.0,0.1,,,1.0,0.0,,,2.0
27940,0.0014591189484002322,0.3151696928544502,0.0,0.1,464.6309676856562,1108.0551298619378,1.0,0.0,0.0,0.0,2.0
27941,0.0011782380730419944,0.2544994237770708,0.0,0.1,463.07721729645755,1106.7313791004954,1.0,0.0,0.0,0.0,2.0
27942,0.0015190311565076269,0.3281107298056474,0.0,0.1,461.26347976227385,1105.889126833333,1.0,0.0,0.0,0.0,2.0
27943,,,,0.1,458.3649681222883,1104.8156043027047,1.0,0.0,0.0,0.0,2.0
27944,,,,0.1,450.73979249277517,1102.2720670497038,,,0.0,0.0,2.0
27945,,,,0.1,446.51938129018447,1099.966678213108,,,0.0,0.0,2.0
27946,,,,0.1,444.3150176050013,1097.6546301064977,,,0.0,0.0,2.0
27947,,,,0.1,,,,,,,2.0
27948,,,,0.1,,,,,,,2.0
27949,,,,0.1,423.1781915802094,1076.5514790509462,,,0.0,0.0,2.0
27950,,,,0.1,420.03636493189583,1072.8617867702744,,,0.0,0.0,2.0
27951,,,,0.1,419.11340477449806,1068.355502629297,,,0.0,0.0,2.0
27952,,,,0.1,423.15083142794145,1057.671364630569,,,0.0,0.0,2.0
27953,,,,0.1,418.6765719553763,1033.1691241608933,,,0.0,0.0,2.0
27954,,,,0.1,414.77545328933974,1015.1280797523235,,,0.0,0.0,2.0
27955,,,,0.1,413.4111453182933,1004.7057101891105,,,0.0,0.0,2.0
27956,,,,0.1,414.1562087047505,1001.7515771899043,,,0.0,0.0,2.0
27957,,,,0.1,412.3083402003387,987.5491403787616,,,0.0,0.0,2.0
27958,0.0013442661852219584,0.29036149600794303,0.0,0.1,410.83688873032133,970.4182596557926,1.0,0.0,0.0,0.0,2.0
27959,0.00022358858497780859,0.04829513435520665,1.0,0.1,410.9472552179272,954.3582316139019,1.0,0.0,0.0,0.0,2.0
27960,0.0016230698513232406,0.35058308788582,0.0,0.1,409.27759695775256,944.9919709704466,1.0,0.0,0.0,0.0,2.0
27961,0.0012996864469891655,0.28073227254965977,0.0,0.1,408.86989986234875,928.7201806379012,1.0,0.0,0.0,0.0,2.0
27962,0.0005765707369965619,0.12453927919125737,0.0,0.1,412.55170457392296,916.6008765502329,1.0,0.0,0.0,0.0,2.0
27963,0.0012851281103554474,0.27758767183677663,0.0,0.1,413.08778369638003,899.3960395361828,1.0,0.0,0.0,0.0,2.0
27964,0.0008102859475985536,0.17502176468128755,0.0,0.1,,,1.0,0.0,,,2.0
27965,0.0010613995059557291,0.2292622932864375,0.0,0.1,,,1.0,0.0,,,2.0
27966,0.0021935309193637704,0.4738026785825744,0.0,0.1,,,1.0,0.0,,,2.0
27967,,,,0.1,,,1.0,0.0,,,2.0
27968,,,,0.1,426.0586772716939,856.9662247996791,,,0.0,0.0,2.0
27969,0.0022683513905449215,0.48996390035770304,0.0,0.1,427.2658454717021,852.1691180408998,1.0,0.0,0.0,0.0,2.0
27970,0.00203108903667023,0.4387152319207697,0.0,0.1,425.9896673667089,839.770712193277,1.0,0.0,0.0,0.0,2.0
27971,0.0023512909560250276,0.5078788465014059,0.0,0.1,,,1.0,0.0,,,2.0
27972,0.0026426938545160692,0.5708218725754709,0.0,0.1,,,1.0,0.0,,,2.0
27973,0.0005041797895509912,0.10890283454301411,0.0,0.1,,,1.0,0.0,,,2.0
27974,0.0018334374868401787,0.3960224971574786,0.0,0.1,423.8134668704476,806.0335124670819,1.0,0.0,0.0,0.0,2.0
27975,0.000995644126549473,0.21505913133468615,0.0,0.1,428.607729231371,799.1340963452787,1.0,0.0,0.0,0.0,2.0
27976,0.0015436028731954012,0.33341822061020665,0.0,0.1,427.6888795293439,789.7090953117524,1.0,0.0,0.0,0.0,2.0
27977,0.000889717200354993,0.1921789152766785,0.0,0.1,,,1.0,0.0,,,2.0
27978,0.0012652298202714487,0.27328964117863297,0.0,0.1,,,1.0,0.0,,,2.0
27979,0.0012606632709334599,0.27230326652162734,0.0,0.1,424.73927049389727,758.2685852959095,1.0,0.0,0.0,0.0,2.0
27980,0.0033068456703545745,0.7142786647965881,0.0,0.1,429.3509713775603,742.9963068684524,1.0,0.0,0.0,0.0,2.0
27981,0.0029912552047124097,0.6461111242178805,0.0,0.1,437.74194563518415,731.4145913461538,1.0,0.0,0.0,0.0,2.0
27982,0.0018283967547783738,0.39493369903212877,0.0,0.1,447.81478934192404,717.7905933360362,1.0,0.0,0.0,0.0,2.0
27983,0.0026629742134829503,0.5752024301123173,0.0,0.1,451.33923669273827,711.2395240581346,1.0,0.0,0.0,0.0,2.0
27984,0.003568331270528927,0.7707595544342483,0.0,0.1,461.4951996568843,700.7366996951013,1.0,0.0,0.0,0.0,2.0
27985,0.001303650473881232,0.2815885023583461,0.0,0.1,476.7032868767593,690.3196047102914,1.0,0.0,0.0,0.0,2.0
27986,0.001876850536698178,0.40539971592680646,0.0,0.1,484.43778498581787,680.8630108818851,1.0,0.0,0.0,0.0,2.0
27987,0.0036084024969998203,0.7794149393519613,0.0,0.1,489.1686360892001,676.5645718875816,1.0,0.0,0.0,0.0,2.0
27988,0.004372232935382278,0.9444023140425721,0.0,0.1,499.4293137441326,672.9499988690362,1.0,0.0,0.0,0.0,2.0
27989,0.004767955060457293,1.0298782930587753,0.0,0.1,506.99009472203585,665.3551081924936,1.0,0.0,0.0,0.0,2.0
27990,0.003628137945495417,0.7836777962270101,0.0,0.1,515.4123738037385,653.3738892798594,1.0,0.0,0.0,0.0,2.0
27991,0.0025561785254634424,0.5521345615001035,0.0,0.1,523.6463821265847,644.1961523638996,1.0,0.0,0.0,0.0,2.0
27992,0.004404835170951727,0.9514443969255731,0.0,0.1,528.0738471510708,640.3909451106924,1.0,0.0,0.0,0.0,2.0
27993,0.0041364477550817355,0.8934727150976549,0.0,0.1,536.5784479348656,634.8980343899635,1.0,0.0,0.0,0.0,2.0
27994,0.0025812579367883916,0.5575517143462926,0.0,0.1,544.3416340388852,631.3506953759003,1.0,0.0,0.0,0.0,2.0
27995,0.0012829883019730294,0.27712547322617437,0.0,0.1,547.6200536694566,629.1452840907787,1.0,0.0,0.0,0.0,2.0
27996,0.0011039471282807381,0.23845257970863945,0.0,0.1,547.2854197270989,630.6773978629445,1.0,0.0,0.0,0.0,2.0
27997,0.001636019513710582,0.3533802149614857,0.0,0.1,546.616561053303,639.9547693629775,1.0,0.0,0.0,0.0,2.0
27998,0.0008307094645350488,0.17943324433957056,0.0,0.1,548.8037210915965,647.3593449440834,1.0,0.0,0.0,0.0,2.0
27999,0.001408432837634924,0.3042214929291436,0.0,0.1,548.9617785588396,655.3425919711008,1.0,0.0,0.0,0.0,2.0
28000,0.0006292170153781507,0.13591087532168056,0.0,0.1,549.1659602673293,658.3619937836523,1.0,0.0,0.0,0.0,2.0
28001,0.0023565095625898208,0.5090060655194013,0.0,0.1,546.5993292034074,660.6219745932402,1.0,0.0,0.0,0.0,2.0
28002,0.000743694034180851,0.16063791138306382,0.0,0.1,544.5628478101037,665.7531892294535,1.0,0.0,0.0,0.0,2.0
28003,0.0007436267000991076,0.16062336722140724,0.0,0.1,542.9084501208794,669.0232419822313,1.0,0.0,0.0,0.0,2.0
28004,0.0005219130837464437,0.11273322608923184,0.0,0.1,545.5753968128325,674.0134161800424,1.0,0.0,0.0,0.0,2.0
28005,0.0007365458124868839,0.15909389549716693,0.0,0.1,546.8152790732724,675.440140837294,1.0,0.0,0.0,0.0,2.0
28006,0.0008095746808990677,0.1748681310741986,0.0,0.1,547.5921098002722,678.4009065630923,1.0,0.0,0.0,0.0,2.0
28007,0.0007576847976588404,0.16365991629430954,0.0,0.1,549.5729629900782,681.3259360141259,1.0,0.0,0.0,0.0,2.0
28008,0.00196197452513063,0.42378649742821606,0.0,0.1,551.0493577569274,687.689416004661,1.0,0.0,0.0,0.0,2.0
28009,0.0013277781637225637,0.28680008336407375,0.0,0.1,554.1953852353037,692.77334057337,1.0,0.0,0.0,0.0,2.0
28010,0.0003917574498082906,0.08461960915859078,1.0,0.1,556.4354584252359,694.5648958772589,1.0,0.0,0.0,0.0,2.0
28011,0.0022817881984525707,0.49286625086575525,0.0,0.1,558.4130511043492,700.2079972891328,1.0,0.0,0.0,0.0,2.0
28012,0.000645376755109035,0.13940137910355155,0.0,0.1,556.3042397611491,706.4127317641619,1.0,0.0,0.0,0.0,2.0
28013,0.0003473071109733573,0.07501833597024518,1.0,0.1,555.4687404101743,713.0608748398406,1.0,0.0,0.0,0.0,2.0
28014,0.0010101102764360503,0.21818381971018685,0.0,0.1,554.807648028887,716.0014139669644,1.0,0.0,0.0,0.0,2.0
28015,0.0010795714075636353,0.2331874240337452,0.0,0.1,,,1.0,0.0,,,2.0
28016,0.0008806850830448385,0.1902279779376851,0.0,0.1,,,1.0,0.0,,,2.0
28017,0.001765579019804889,0.38136506827785605,0.0,0.1,,,1.0,0.0,,,2.0
28018,8.088730494622586e-05,0.01747165786838479,1.0,0.1,,,1.0,0.0,,,2.0
28019,,,,0.1,,,1.0,0.0,,,2.0
28020,,,,0.1,,,,,,,2.0
28021,,,,0.1,,,,,,,2.0
28022,0.0001285160027617598,0.027759456596540118,1.0,0.1,,,1.0,0.0,,,2.0
28023,0.0003777215031547501,0.08158784468142603,1.0,0.1,,,1.0,0.0,,,2.0
28024,9.19095692901544e-05,0.01985246696667335,1.0,0.1,545.3300348758207,742.6765129988888,1.0,0.0,0.0,0.0,2.0
28025,0.0001553046222156062,0.03354579839857094,1.0,0.1,543.8522792297387,743.0988226201556,1.0,0.0,0.0,0.0,2.0
28026,,,,0.1,540.5278553710625,741.8693719634998,1.0,0.0,0.0,0.0,2.0
28027,,,,0.1,537.9576437506217,737.2087300938881,,,0.0,0.0,2.0
28028,,,,0.1,,,,,,,2.0
28029,,,,0.1,526.6796775701658,727.4841687453684,,,0.0,0.0,2.0
28030,,,,0.1,,,,,,,2.0
28031,,,,0.1,,,,,,,2.0
28032,,,,0.1,,,,,,,2.0
28033,,,,0.1,,,,,,,2.0
28034,,,,0.1,512.2564749308092,707.792095864139,,,0.0,0.0,2.0
28035,,,,0.1,,,,,,,2.0
28036,,,,0.1,506.62204099956904,697.1617567596521,,,0.0,0.0,2.0
28037,,,,0.1,,,,,,,2.0
28038,,,,0.1,,,,,,,2.0
28039,,,,0.1,,,,,,,2.0
28040,,,,0.1,,,,,,,2.0
28041,,,,0.1,,,,,,,2.0
28042,,,,0.1,,,,,,,2.0
28043,,,,0.1,,,,,,,2.0
28044,,,,0.1,,,,,,,2.0
28045,,,,0.1,490.34637700558113,731.0165102832567,,,0.0,0.0,2.0
28046,,,,0.1,488.3651678676702,738.9076648466017,,,0.0,0.0,2.0
28047,,,,0.1,482.24241428395635,749.4938753192079,,,0.0,0.0,2.0
28048,0.0014778952829276651,0.3192253811123757,0.0,0.1,476.5914245965177,762.2879999937023,1.0,0.0,0.0,0.0,2.0
28049,0.0006229922504816873,0.13456632610404448,0.0,0.1,473.42521610323223,774.2960741447948,1.0,0.0,0.0,0.0,2.0
28050,0.0009576676979454689,0.2068562227562213,0.0,0.1,472.3954188375226,784.6582786052236,1.0,0.0,0.0,0.0,2.0
28051,0.0008713982091958554,0.18822201318630477,0.0,0.1,470.8923573273847,800.8175640493729,1.0,0.0,0.0,0.0,2.0
28052,0.0011171886737683205,0.24131275353395723,0.0,0.1,469.2768787308419,810.9531250638918,1.0,0.0,0.0,0.0,2.0
28053,0.0017044753090086245,0.3681666667458629,0.0,0.1,468.6977041683126,821.1160607734274,1.0,0.0,0.0,0.0,2.0
28054,0.0007159644814350601,0.154648327989973,0.0,0.1,,,1.0,0.0,,,2.0
28055,0.0014989845757617172,0.3237806683645309,0.0,0.1,468.19428902584207,842.5760468147807,1.0,0.0,0.0,0.0,2.0
28056,0.0012856345671687153,0.2776970665084425,0.0,0.1,,,1.0,0.0,,,2.0
28057,0.0014050815633375447,0.30349761768090966,0.0,0.1,,,1.0,0.0,,,2.0
28058,0.0012914230740071607,0.2789473839855467,0.0,0.1,466.31391125439853,872.2820738072705,1.0,0.0,0.0,0.0,2.0
28059,0.001999966174881278,0.43199269377435606,0.0,0.1,465.3966634903973,875.9093789127279,1.0,0.0,0.0,0.0,2.0
28060,0.00010849200738575414,0.023434273595322894,1.0,0.1,467.63719707698436,884.0627031821817,1.0,0.0,0.0,0.0,2.0
28061,0.000540325870010221,0.11671038792220774,0.0,0.1,465.3324416885487,887.5155922708634,1.0,0.0,0.0,0.0,2.0
28062,0.0008791256965869654,0.18989115046278454,0.0,0.1,463.1996818108612,890.09599514296,1.0,0.0,0.0,0.0,2.0
28063,0.0005288222089117309,0.11422559712493387,0.0,0.1,,,1.0,0.0,,,2.0
28064,0.0008150914830962966,0.17605976034880008,0.0,0.1,,,1.0,0.0,,,2.0
28065,0.0009774534858192283,0.2111299529369533,0.0,0.1,,,1.0,0.0,,,2.0
28066,,,,0.1,460.1535939014392,904.1983685270927,1.0,0.0,0.0,0.0,2.0
28067,,,,0.1,,,,,,,2.0
28068,,,,0.1,,,,,,,2.0
28069,,,,0.1,461.83876239649436,908.2022324129251,,,0.0,0.0,2.0
28070,,,,0.1,460.57710597148565,911.8529689214811,,,0.0,0.0,2.0
28071,,,,0.1,457.94509528396287,913.324182997177,,,0.0,0.0,2.0
28072,,,,0.1,456.3817042849267,914.2529808753801,,,0.0,0.0,2.0
28073,,,,0.1,452.9024567499544,913.9872652077854,1.0,0.0,0.0,0.0,2.0
28074,,,,0.1,451.83967766572107,917.3795384005888,,,0.0,0.0,2.0
28075,,,,0.1,445.2952161674794,918.2529196233393,,,0.0,0.0,2.0
28076,,,,0.1,435.625717251539,914.7745840045334,,,0.0,0.0,2.0
28077,,,,0.1,,,,,,,2.0
28078,,,,0.1,,,,,,,2.0
28079,,,,0.1,,,,,,,2.0
28080,,,,0.1,,,,,,,2.0
28081,,,,0.1,,,,,,,2.0
28082,,,,0.1,,,,,,,2.0
28083,,,,0.1,,,,,,,2.0
28084,,,,0.1,,,,,,,2.0
28085,,,,0.1,,,,,,,2.0
28086,,,,0.1,,,,,,,2.0
28087,,,,0.1,416.1808800204219,875.6062431468723,,,0.0,0.0,2.0
28088,,,,0.1,409.81441869802615,871.8140919935385,,,0.0,0.0,2.0
28089,,,,0.1,404.10275692117926,869.399943104302,,,0.0,0.0,2.0
28090,0.0007024157493696564,0.1517218018638458,0.0,0.1,398.9423815808383,865.2357026369789,1.0,0.0,0.0,0.0,2.0
28091,,,,0.1,397.3008513199317,861.2724365070493,1.0,0.0,0.0,0.0,2.0
28092,,,,0.1,392.72790621151887,858.7456262224753,,,0.0,0.0,2.0
28093,,,,0.1,386.85762340174614,861.0070906877423,,,0.0,0.0,2.0
28094,0.0007985883753757571,0.17249508908116354,0.0,0.1,379.27131610198364,865.2115375378925,1.0,0.0,0.0,0.0,2.0
28095,0.002557361367441039,0.5523900553672645,0.0,0.1,378.3432933208894,865.6908477550755,1.0,0.0,0.0,0.0,2.0
28096,0.001091856348343063,0.23584097124210163,0.0,0.1,380.35985032151785,863.3613455362457,1.0,0.0,0.0,0.0,2.0
28097,0.0007437601286621451,0.16065218779102333,0.0,0.1,378.8740929293781,861.1891125556679,1.0,0.0,0.0,0.0,2.0
28098,0.0017717527157004257,0.38269858659129197,0.0,0.1,374.84344389874843,861.6412851238589,1.0,0.0,0.0,0.0,2.0
28099,0.0007365020769706127,0.15908444862565235,0.0,0.1,376.1974898743934,856.6259501097962,1.0,0.0,0.0,0.0,2.0
28100,0.0015182761872680323,0.327947656449895,0.0,0.1,378.0005550563212,852.3343135021183,1.0,0.0,0.0,0.0,2.0
28101,0.0012154390949429472,0.2625348445076766,0.0,0.1,377.31142343795165,846.3131186454717,1.0,0.0,0.0,0.0,2.0
28102,0.0022530490157357365,0.48665858739891904,0.0,0.1,377.59202775320335,839.1822363376687,1.0,0.0,0.0,0.0,2.0
28103,0.0014527624712318203,0.31379669378607317,0.0,0.1,377.19320997460966,825.1840635563608,1.0,0.0,0.0,0.0,2.0
28104,0.0024930998356016377,0.5385095644899538,0.0,0.1,376.3764201716603,821.435272137897,1.0,0.0,0.0,0.0,2.0
28105,0.001290175320644262,0.2786778692591606,0.0,0.1,373.0210567522038,808.4467429387971,1.0,0.0,0.0,0.0,2.0
28106,0.0025443903890189005,0.5495883240280826,0.0,0.1,369.01449680476935,792.4094920727952,1.0,0.0,0.0,0.0,2.0
28107,0.003081127396528155,0.6655235176500814,0.0,0.1,374.10474333068584,778.3852529717415,1.0,0.0,0.0,0.0,2.0
28108,0.000579936339335349,0.12526624929643537,0.0,0.1,372.8059757238148,775.5802632857876,1.0,0.0,0.0,0.0,2.0
28109,0.0021070127671814296,0.4551147577111888,0.0,0.1,369.5536415647919,775.7162480756477,1.0,0.0,0.0,0.0,2.0
28110,0.0024439430174423627,0.5278916917675504,0.0,0.1,367.46858794272595,770.0016844102663,1.0,0.0,0.0,0.0,2.0
28111,0.0013794604886825915,0.2979634655554398,0.0,0.1,364.96007107299374,761.7792899261959,1.0,0.0,0.0,0.0,2.0
28112,0.0006976023949887723,0.15068211731757483,0.0,0.1,364.9089948901235,746.7802236929062,1.0,0.0,0.0,0.0,2.0
28113,0.0021734166682273017,0.4694580003370971,0.0,0.1,363.57242653044597,740.5093644870635,1.0,0.0,0.0,0.0,2.0
28114,0.0009626711962703131,0.20793697839438763,0.0,0.1,,,1.0,0.0,,,2.0
28115,0.00088227270697871,0.19057090470740137,0.0,0.1,363.37402892336155,681.4421766934552,1.0,0.0,0.0,0.0,2.0
28116,0.0006750644053668174,0.14581391155923257,0.0,0.1,362.14611076854385,660.0666400580997,1.0,0.0,0.0,0.0,2.0
28117,0.00024871130621930673,0.05372164214337025,1.0,0.1,357.1353668459781,647.2371558639043,1.0,0.0,0.0,0.0,2.0
28118,0.0007873403829035324,0.170065522707163,0.0,0.1,355.250087901551,639.4183176277529,1.0,0.0,0.0,0.0,2.0
28119,0.0004633935657344108,0.10009301019863273,0.0,0.1,351.632290429721,630.1105072756263,1.0,0.0,0.0,0.0,2.0
28120,0.0009968141485755336,0.21531185609231523,0.0,0.1,349.56776237828984,627.7475249001224,1.0,0.0,0.0,0.0,2.0
28121,0.0002032461134884778,0.04390116051351121,1.0,0.1,346.1246162066688,624.4694682041987,1.0,0.0,0.0,0.0,2.0
28122,0.00034776264749873307,0.07511673185972634,1.0,0.1,342.56304564893753,621.7822540061069,1.0,0.0,0.0,0.0,2.0
28123,0.0010259721806362696,0.22160999101743423,0.0,0.1,338.86581279080025,614.01766551995,1.0,0.0,0.0,0.0,2.0
28124,0.0005727980025132003,0.12372436854285125,0.0,0.1,336.37252374070914,605.5738231309097,1.0,0.0,0.0,0.0,2.0
28125,0.001025503614019772,0.22150878062827076,0.0,0.1,336.4535291519064,595.8972329579866,1.0,0.0,0.0,0.0,2.0
28126,0.0010540165479256958,0.22766757435195029,0.0,0.1,337.78389687994485,585.9518895173748,1.0,0.0,0.0,0.0,2.0
28127,0.0010153938264159297,0.2193250665058408,0.0,0.1,337.3436176574761,581.3030908308428,1.0,0.0,0.0,0.0,2.0
28128,0.001132197949373976,0.24455475706477883,0.0,0.1,339.7722504435346,572.593312430994,1.0,0.0,0.0,0.0,2.0
28129,0.001574633545619312,0.3401208458537714,0.0,0.1,343.5672684718876,564.1752524132095,1.0,0.0,0.0,0.0,2.0
28130,0.0014341825488966289,0.30978343056167185,0.0,0.1,348.8912258514437,557.7140315658307,1.0,0.0,0.0,0.0,2.0
28131,0.002556804147255847,0.5522696958072629,0.0,0.1,351.6393610275215,554.0599601167287,1.0,0.0,0.0,0.0,2.0
28132,0.0018205872273157188,0.39324684110019525,0.0,0.1,356.5522307732176,546.9107232518363,1.0,0.0,0.0,0.0,2.0
28133,0.001988860336803628,0.4295938327495836,0.0,0.1,359.3245399408233,541.118805400314,1.0,0.0,0.0,0.0,2.0
28134,0.0018460416406406884,0.3987449943783887,0.0,0.1,365.25796250664837,532.665915726577,1.0,0.0,0.0,0.0,2.0
28135,0.0018429638115391386,0.398080183292454,0.0,0.1,368.73647182712733,527.4192304281377,1.0,0.0,0.0,0.0,2.0
28136,0.0013007230223842103,0.28095617283498947,0.0,0.1,370.6048598145419,525.0903440788306,1.0,0.0,0.0,0.0,2.0
28137,0.0019639017131511598,0.4242027700406505,0.0,0.1,379.95489119928277,516.5544127648063,1.0,0.0,0.0,0.0,2.0
28138,0.0015528456155183513,0.3354146529519639,0.0,0.1,388.83182443803224,507.5335159996405,1.0,0.0,0.0,0.0,2.0
28139,0.0010406497263235736,0.2247803408858919,0.0,0.1,395.95147477125926,499.068542926065,1.0,0.0,0.0,0.0,2.0
28140,0.0019062450384109166,0.41174892829675797,0.0,0.1,398.8530921465153,495.09758483576275,1.0,0.0,0.0,0.0,2.0
28141,0.0028892944374627155,0.6240875984919466,0.0,0.1,406.94245970114537,484.9811779228153,1.0,0.0,0.0,0.0,2.0
28142,0.001893803926200827,0.40906164805937867,0.0,0.1,420.6425566399595,470.7251167013249,1.0,0.0,0.0,0.0,2.0
28143,0.002975493733476403,0.6427066464309031,0.0,0.1,436.22371735797776,455.6989829464086,1.0,0.0,0.0,0.0,2.0
28144,0.0015529713023697193,0.33544180131185936,0.0,0.1,450.5197221636621,441.01506979232454,1.0,0.0,0.0,0.0,2.0
28145,0.0026938259890028774,0.5818664136246215,0.0,0.1,457.25323664378226,433.6998932576315,1.0,0.0,0.0,0.0,2.0
28146,0.00335713082137475,0.725140257416946,0.0,0.1,470.31007338124385,420.0922612225976,1.0,0.0,0.0,0.0,2.0
28147,0.003774091689156666,0.8152038048578398,0.0,0.1,481.9639419215234,408.8977463715896,1.0,0.0,0.0,0.0,2.0
28148,0.0015766994516761693,0.34056708156205256,0.0,0.1,494.9342186019282,396.8135503707741,1.0,0.0,0.0,0.0,2.0
28149,0.0036222482921013438,0.7824056310938903,0.0,0.1,502.5518571494121,389.06862521225565,1.0,0.0,0.0,0.0,2.0
28150,0.004648223217483145,1.0040162149763594,0.0,0.1,517.3493482462704,373.7435832148219,1.0,0.0,0.0,0.0,2.0
28151,0.0032460305710209705,0.7011426033405297,0.0,0.1,531.9446647528301,358.2774825641485,1.0,0.0,0.0,0.0,2.0
28152,0.005208182889284116,1.1249675040853693,0.0,0.1,542.97300792711,346.2823548022851,1.0,0.0,0.0,0.0,2.0
28153,0.0019378023287481515,0.4185653030096007,0.0,0.1,556.930171537676,331.645644812055,1.0,0.0,0.0,0.0,2.0
28154,0.003401647317512602,0.734755820582722,0.0,0.1,565.1316068991821,322.4746028687851,1.0,0.0,0.0,0.0,2.0
28155,0.004226175633335385,0.9128539368004434,0.0,0.1,581.4814394172049,305.5770500361643,1.0,0.0,0.0,0.0,2.0
28156,0.00450036726768263,0.9720793298194481,0.0,0.1,599.0754078018728,287.1086853085298,1.0,0.0,0.0,0.0,2.0
28157,0.002935175938029981,0.6339980026144759,0.0,0.1,613.3943370266022,271.73455374456125,1.0,0.0,0.0,0.0,2.0
28158,0.004082355638038016,0.8817888178162114,0.0,0.1,618.468493713241,266.38826745109105,1.0,0.0,0.0,0.0,2.0
28159,0.0048448909323792885,1.0464964413939264,0.0,0.1,628.343302649904,255.4371656150405,1.0,0.0,0.0,0.0,2.0
28160,0.0029198350288284266,0.6306843662269401,0.0,0.1,636.9534647431299,247.62578565853605,0.0,1.0,0.0,0.0,2.0
28161,0.003068355787709051,0.662764850145155,0.0,0.1,651.583580671468,233.452531109048,0.0,1.0,0.0,0.0,2.0
28162,0.0009245226834802821,0.19969689963174095,0.0,0.1,662.8300046770365,221.47151132655006,0.0,1.0,0.0,0.0,2.0
28163,0.0032115606405125913,0.6936970983507198,0.0,0.1,667.102499014739,217.77189258185678,0.0,1.0,0.0,0.0,2.0
28164,0.0020360705666913332,0.43979124240532796,0.0,0.1,674.4417677575085,210.6433944285581,0.0,1.0,0.0,0.0,2.0
28165,0.0026375040990825236,0.5697008854018251,0.0,0.1,679.4204348927747,205.2108495180794,0.0,1.0,0.0,0.0,2.0
28166,0.0007650073203530771,0.16524158119626467,0.0,0.1,684.4373513337861,198.81448667689222,0.0,1.0,0.0,0.0,2.0
28167,0.0018624277720542223,0.402284398763712,0.0,0.1,688.9765464853485,193.9162242744873,0.0,1.0,0.0,0.0,2.0
28168,0.0020182166804445733,0.4359348029760279,0.0,0.1,694.4446480458347,188.16632341489054,0.0,1.0,0.0,0.0,2.0
28169,0.003199147667532293,0.6910158961869753,0.0,0.1,700.939503760584,180.63606516173712,0.0,1.0,0.0,0.0,2.0
28170,0.001926914203345646,0.4162134679226595,0.0,0.1,707.6864647805189,173.6208101633267,0.0,1.0,0.0,0.0,2.0
28171,0.0004988626005738735,0.10775432172395667,0.0,0.1,711.0595030468822,170.5659595539565,0.0,1.0,0.0,0.0,2.0
28172,0.001638544896082618,0.3539256975538455,0.0,0.1,715.5952285185199,166.58120363678194,0.0,1.0,0.0,0.0,2.0
28173,0.001508214513345025,0.32577433488252544,0.0,0.1,722.1885931421988,161.43211253268,0.0,1.0,0.0,0.0,2.0
28174,0.0016682649976565384,0.36034523949381225,0.0,0.1,727.8138779744085,157.3547640579014,0.0,1.0,0.0,0.0,2.0
28175,0.0008478556104882862,0.18313681186546982,0.0,0.1,733.8414371646469,152.85573910325692,0.0,1.0,0.0,0.0,2.0
28176,0.0019304682045900893,0.4169811321914593,0.0,0.1,738.7918310054838,149.03470434056788,0.0,1.0,0.0,0.0,2.0
28177,0.0018963937732087077,0.4096210550130809,0.0,0.1,744.0195087195171,144.65937843642334,0.0,1.0,0.0,0.0,2.0
28178,0.0025632387144125758,0.5536595623131164,0.0,0.1,750.7079359962186,140.3416894874881,0.0,1.0,0.0,0.0,2.0
28179,0.0013900340615882359,0.30024735730305896,0.0,0.1,758.8986013955193,135.1138184250084,0.0,1.0,0.0,0.0,2.0
28180,0.0010399329101774691,0.22462550859833336,0.0,0.1,770.2201725008367,126.14593656622581,0.0,1.0,0.0,0.0,2.0
28181,0.002286712458326353,0.4939298909984923,0.0,0.1,774.2468648377696,122.29688223809177,0.0,1.0,0.0,0.0,2.0
28182,0.0037939662188014984,0.8194967032611237,0.0,0.1,786.5059938197493,111.42823556717869,0.0,1.0,0.0,0.0,2.0
28183,0.004223671849095509,0.9123131194046299,0.0,0.1,797.3038816182213,104.25487912377768,0.0,1.0,0.0,0.0,2.0
28184,0.0014053558112149494,0.3035568552224291,0.0,0.1,808.2603092472074,95.72180493656711,0.0,1.0,0.0,0.0,2.0
28185,0.0029531580052823813,0.6378821291409944,0.0,0.1,813.5734269239721,92.0822531164815,0.0,1.0,0.0,0.0,2.0
28186,0.004507391447301754,0.9735965526171789,0.0,0.1,825.1028049121005,85.47852969150433,0.0,1.0,0.0,0.0,2.0
28187,0.004470890467876002,0.9657123410612163,0.0,0.1,836.2365948228435,80.3515705776257,0.0,1.0,0.0,0.0,2.0
28188,0.004971408475400729,1.0738242306865575,0.0,0.1,849.5813337002159,75.38292324951213,0.0,1.0,0.0,0.0,2.0
28189,0.001200171626530014,0.259237071330483,0.0,0.1,863.1370082761738,70.62599242618694,0.0,1.0,0.0,0.0,2.0
28190,0.004427412983935975,0.9563212045301704,0.0,0.1,866.9479583674025,68.71033148582354,0.0,1.0,0.0,1.0,2.0
28191,0.0028283400853003128,0.6109214584248676,0.0,0.1,869.5054681545962,60.34146294810869,0.0,1.0,0.0,1.0,2.0
28192,0.00259465692734726,0.5604458963070081,0.0,0.1,868.2466608355388,50.787729759550984,0.0,1.0,0.0,1.0,2.0
28193,0.0008576411162209679,0.18525048110372908,0.0,0.1,863.7820207200546,48.19484797288021,0.0,1.0,0.0,1.0,2.0
28194,0.0016631939759323903,0.3592498988013963,0.0,0.1,862.9916098638671,47.9289410187123,0.0,1.0,0.0,1.0,2.0
28195,0.0020786011339022333,0.4489778449228824,0.0,0.1,865.4678215592224,48.53070088777939,0.0,1.0,0.0,1.0,2.0
28196,0.0010763244622141585,0.23248608383825822,0.0,0.1,873.6863432782673,54.12127302990876,0.0,1.0,0.0,1.0,2.0
28197,0.0012012857354818563,0.25947771886408094,0.0,0.1,884.9314018498341,57.78978518196853,0.0,1.0,0.0,1.0,2.0
28198,0.001419942731481174,0.30670762999993356,0.0,0.1,897.6789919422237,62.367179334932175,0.0,1.0,0.0,1.0,2.0
28199,0.002232612215901606,0.48224423863474697,0.0,0.1,903.4712867446052,64.14656653676425,0.0,1.0,0.0,1.0,2.0
28200,0.0011014494363908289,0.23791307826041902,0.0,0.1,913.0071021547033,67.44043020952894,0.0,1.0,0.0,1.0,2.0
28201,0.0018789918576417551,0.4058622412506191,0.0,0.1,921.8557857379042,71.502499759786,0.0,1.0,0.0,0.0,2.0
28202,0.0009505027904119028,0.205308602728971,0.0,0.1,932.9904685803799,78.0896939448237,0.0,1.0,0.0,0.0,2.0
28203,0.0006744061703117266,0.14567173278733295,0.0,0.1,941.6714960870265,83.28424432984895,0.0,1.0,0.0,0.0,2.0
28204,0.0029904078018510903,0.6459280851998355,0.0,0.1,954.013666658124,91.4650954029638,0.0,1.0,0.0,0.0,2.0
28205,0.003665501202360793,0.7917482597099312,0.0,0.1,966.2803497005402,101.26114940680074,0.0,1.0,0.0,0.0,2.0
28206,0.0017473690805095334,0.3774317213900592,0.0,0.1,974.4386294768409,109.09235909040247,0.0,1.0,0.0,0.0,2.0
28207,0.0014416378823049884,0.3113937825778775,0.0,0.1,980.5310884366266,115.25326420002833,0.0,1.0,0.0,0.0,2.0
28208,0.0026997717935404973,0.5831507074047474,0.0,0.1,984.7090690831728,118.92404579236089,0.0,1.0,0.0,0.0,2.0
28209,0.0017194622276437484,0.37140384117104963,0.0,0.1,986.4126180115233,119.8690150434475,0.0,1.0,0.0,0.0,2.0
28210,0.0023033099891859718,0.4975149576641699,0.0,0.1,981.8360483144395,114.4352508466122,0.0,1.0,0.0,0.0,2.0
28211,0.0012917553137349077,0.2790191477667401,0.0,0.1,977.8228470485652,109.39657753125557,0.0,1.0,0.0,0.0,2.0
28212,0.0015081162391885842,0.3257531076647342,0.0,0.1,976.2207924712237,107.16198137568978,0.0,1.0,0.0,0.0,2.0
28213,0.0009753343842035282,0.2106722269879621,0.0,0.1,969.3156239961847,99.2920618109439,0.0,1.0,0.0,0.0,2.0
28214,0.0004337287715409304,0.09368541465284097,1.0,0.1,963.4619738573466,92.67850897600495,0.0,1.0,0.0,0.0,2.0
28215,0.001011380483176771,0.21845818436618256,0.0,0.1,961.673503223858,90.20965201791358,0.0,1.0,0.0,0.0,2.0
28216,0.0003983454445960577,0.08604261603274847,1.0,0.1,959.3607408289289,87.45522957928485,0.0,1.0,0.0,0.0,2.0
28217,0.0008937905817779642,0.19305876566404026,0.0,0.1,959.1336592158519,87.24013036104711,0.0,1.0,0.0,0.0,2.0
28218,2.5508473508997003e-05,0.005509830277943353,1.0,0.1,958.9657734775055,87.10544617760931,0.0,1.0,0.0,0.0,2.0
28219,0.0013304848623918223,0.28738473027663364,0.0,0.1,955.4511327046929,85.49110859447913,0.0,1.0,0.0,0.0,2.0
28220,0.0003873898753088427,0.08367621306671003,1.0,0.1,954.0491159036264,84.49435788304328,0.0,1.0,0.0,0.0,2.0
28221,0.00028182102685547083,0.0608733418007817,1.0,0.1,953.1439044472664,83.59854239080198,0.0,1.0,0.0,0.0,2.0
28222,0.00017580431195919554,0.037973731383186236,1.0,0.1,953.7529156265418,84.29998439546367,0.0,1.0,0.0,0.0,2.0
28223,0.0019428853304571676,0.4196632313787482,0.0,0.1,960.254439015184,90.01971990882552,0.0,1.0,0.0,0.0,2.0
28224,0.001232379253412058,0.26619391873700454,0.0,0.1,970.9280373750888,98.82401415573652,0.0,1.0,0.0,0.0,2.0
28225,0.0006572296339678953,0.14196160093706536,0.0,0.1,980.2018421890085,107.90814211868754,0.0,1.0,0.0,0.0,2.0
28226,0.0011474550214472946,0.24785028463261566,0.0,0.1,984.8526276710236,112.46099934425521,0.0,1.0,0.0,0.0,2.0
28227,0.0012800851631670418,0.27649839524408104,0.0,0.1,989.8021189981454,117.03020943165053,0.0,1.0,0.0,0.0,2.0
28228,0.0024273681035372908,0.5243115103640549,0.0,0.1,996.0789868410059,123.53248494442241,0.0,1.0,0.0,0.0,2.0
28229,0.0006249359525926204,0.134986165760006,0.0,0.1,999.5116036061722,127.04884273155587,0.0,1.0,0.0,0.0,2.0
28230,0.0029947459526008997,0.6468651257617943,0.0,0.1,1001.8816965326461,129.41916300041632,0.0,1.0,0.0,0.0,2.0
28231,0.0021623265573410626,0.4670625363856696,0.0,0.1,1005.863477071077,133.22143849554664,0.0,1.0,0.0,0.0,2.0
28232,0.0009468638512019172,0.2045225918596141,0.0,0.1,1010.9730823420705,138.0670819894673,0.0,1.0,0.0,0.0,2.0
28233,0.002025276695954324,0.437459766326134,0.0,0.1,1021.022817147831,147.73122412889833,0.0,1.0,0.0,0.0,2.0
28234,0.0022638742485349204,0.4889968376835428,0.0,0.1,1031.7913364373674,158.28050200218757,0.0,1.0,0.0,0.0,2.0
28235,0.0022258759490861022,0.4807892050025981,0.0,0.1,1036.638757487304,163.0756489413703,0.0,1.0,0.0,0.0,2.0
28236,0.002411175594649127,0.5208139284442114,0.0,0.1,1041.1984944633523,167.57880352540909,0.0,1.0,0.0,0.0,2.0
28237,0.0023638421496689067,0.5105899043284838,0.0,0.1,1049.3407407675343,175.73318942421488,0.0,1.0,0.0,0.0,2.0
28238,0.0004581264389940389,0.09895531082271242,1.0,0.1,1055.8281748322445,182.41286861968896,0.0,1.0,0.0,0.0,2.0
28239,0.002451646251361899,0.5295555902941702,0.0,0.1,1059.951415398402,186.55614689237524,0.0,1.0,0.0,0.0,2.0
28240,0.00028047752068198126,0.060583144467307955,1.0,0.1,1064.2287578778216,191.1959614894588,0.0,1.0,0.0,0.0,2.0
28241,0.0009898799411353018,0.21381406728522517,0.0,0.1,1067.4967164181326,194.66899620543583,0.0,1.0,0.0,0.0,2.0
28242,0.0003210526144314764,0.0693473647171989,1.0,0.1,1064.6114367860353,192.37251379577373,0.0,1.0,0.0,0.0,2.0
28243,0.00030677076630556674,0.06626248552200242,1.0,0.1,1058.8602976537247,188.1261623055174,0.0,1.0,0.0,0.0,2.0
28244,0.0017170274262799895,0.37087792407647774,0.0,0.1,1058.5762816702113,188.43622295274488,0.0,1.0,0.0,0.0,2.0
28245,0.0006887079625081299,0.14876091990175605,0.0,0.1,1054.2445793458721,185.77547009799645,0.0,1.0,0.0,0.0,2.0
28246,0.0015158956389281434,0.327433458008479,0.0,0.1,1050.26866827537,182.49659895264097,0.0,1.0,0.0,0.0,2.0
28247,0.00018606494928182489,0.040190029044874176,1.0,0.1,1043.9056794562405,176.72618452534005,0.0,1.0,0.0,0.0,2.0
28248,0.0008721978849988913,0.18839474315976054,0.0,0.1,1036.7087709039617,169.93697622125046,0.0,1.0,0.0,0.0,2.0
28249,0.0012472643323922458,0.26940909579672506,0.0,0.1,1024.2819289315394,157.97461480942133,0.0,1.0,0.0,0.0,2.0
28250,0.0012685489341499265,0.27400656977638416,0.0,0.1,1011.6235970522666,144.57665923358934,0.0,1.0,0.0,0.0,2.0
28251,0.0017936263062375655,0.38742328214731414,0.0,0.1,999.3062914960942,131.8428469157026,0.0,1.0,0.0,0.0,2.0
28252,0.0012485572334081066,0.269688362416151,0.0,0.1,992.598731791825,124.56552382519413,0.0,1.0,0.0,0.0,2.0
28253,0.0010608509557756495,0.22914380644754032,0.0,0.1,989.3911794983034,121.20942794760009,0.0,1.0,0.0,0.0,2.0
28254,0.0012639284709232651,0.27300854971942523,0.0,0.1,983.3400787269076,114.89698612693287,0.0,1.0,0.0,0.0,2.0
28255,0.0003800154142492898,0.0820833294778466,1.0,0.1,978.3789930116085,108.27796322126434,0.0,1.0,0.0,0.0,2.0
28256,0.0002390282687344957,0.051630106046651074,1.0,0.1,975.9483129781586,104.72877778725326,0.0,1.0,0.0,0.0,2.0
28257,0.0003370601698999596,0.07280499669839127,1.0,0.1,973.8895853824777,102.65542836905588,0.0,1.0,0.0,0.0,2.0
28258,8.889517205595555e-05,0.0192013571640864,1.0,0.1,972.9495813107316,102.12415264622126,0.0,1.0,0.0,0.0,2.0
28259,0.00016295491424226171,0.035198261476328534,1.0,0.1,973.3976178927526,103.5350291175436,0.0,1.0,0.0,0.0,2.0
28260,0.00011962881312882186,0.025839823635825522,1.0,0.1,967.9496943489793,100.66220138688598,0.0,1.0,0.0,0.0,2.0
28261,7.916856679500664e-05,0.017100410427721435,1.0,0.1,962.7069762729086,95.59844978206434,0.0,1.0,0.0,0.0,2.0
28262,0.0004050004873076947,0.08748010525846206,1.0,0.1,961.9873604522287,94.8275828375869,0.0,1.0,0.0,0.0,2.0
28263,0.0001179992742912368,0.02548784324690715,1.0,0.1,958.6769093169776,93.3822800471235,0.0,1.0,0.0,0.0,2.0
28264,0.00014899595611880063,0.032183126521660936,1.0,0.1,956.5921581628438,93.09958576520044,0.0,1.0,0.0,0.0,2.0
28265,0.00016204516592537266,0.035001755839880494,1.0,0.1,951.8344050819212,90.03516086499081,0.0,1.0,0.0,0.0,2.0
28266,0.0002577562234174536,0.05567534425816998,1.0,0.1,950.3117935322454,90.5071171078168,0.0,1.0,0.0,0.0,2.0
28267,0.000864226595263207,0.18667294457685268,0.0,0.1,947.1416367935387,91.04255097064184,0.0,1.0,0.0,0.0,2.0
28268,0.0006458231664204974,0.13949780394682745,0.0,0.1,950.3575472057222,94.34082216051853,0.0,1.0,0.0,0.0,2.0
28269,9.337523124985666e-05,0.02016904994996904,1.0,0.1,957.6519640427621,95.50695238769495,0.0,1.0,0.0,0.0,2.0
28270,0.00031281323438997374,0.06756765862823433,1.0,0.1,961.8475513145271,95.64337289292574,0.0,1.0,0.0,0.0,2.0
28271,0.0006987010152040486,0.15091941928407449,0.0,0.1,963.6042220849787,95.202394997155,0.0,1.0,0.0,0.0,2.0
28272,0.00043006470344649015,0.09289397594444188,1.0,0.1,961.2219453138182,91.61740322997235,0.0,1.0,0.0,0.0,2.0
28273,0.0010910959902942267,0.23567673390355298,0.0,0.1,960.6909744489893,89.49142078471256,0.0,1.0,0.0,0.0,2.0
28274,0.00012510112751937504,0.02702184354418501,1.0,0.1,960.7971245281619,88.95338338139393,0.0,1.0,0.0,0.0,2.0
28275,0.0004989543651383833,0.1077741428698908,0.0,0.1,959.1862640308581,87.0266437552877,0.0,1.0,0.0,0.0,2.0
28276,0.0006612644994095532,0.1428331318724635,0.0,0.1,,,0.0,1.0,,,2.0
28277,0.0012714917326500544,0.27464221425241175,0.0,0.1,949.2249153839399,76.17373240715193,0.0,1.0,0.0,0.0,2.0
28278,0.0006941366505074763,0.1499335165096149,0.0,0.1,,,0.0,1.0,,,2.0
28279,0.00018013459044699263,0.038909071536550405,1.0,0.1,,,0.0,1.0,,,2.0
28280,0.001682576312674725,0.3634364835377406,0.0,0.1,,,0.0,1.0,,,2.0
28281,0.000877884847061474,0.1896231269652784,0.0,0.1,,,0.0,1.0,,,2.0
28282,0.00035200554670243394,0.07603319808772573,1.0,0.1,940.8381757111849,67.35325629953331,0.0,1.0,0.0,1.0,2.0
28283,0.00013664247345055518,0.029514774265319923,1.0,0.1,,,0.0,1.0,,,2.0
28284,0.00017161349866557027,0.03706851571176318,1.0,0.1,,,0.0,1.0,,,2.0
28285,0.0007206741790061508,0.15566562266532857,0.0,0.1,,,0.0,1.0,,,2.0
28286,7.128823822395615e-05,0.01539825945637453,1.0,0.1,,,0.0,1.0,,,2.0
28287,0.00010279459611092568,0.02220363275995995,1.0,0.1,913.4173632058304,41.1757708322309,0.0,1.0,0.0,1.0,2.0
28288,0.0002211670404198519,0.04777208073068801,1.0,0.1,911.847461710379,41.082666025846216,0.0,1.0,0.0,1.0,2.0
28289,0.0002873702160591063,0.062071966668766965,1.0,0.1,911.2994527274724,40.78847431269492,0.0,1.0,0.0,1.0,2.0
28290,0.000192194118692119,0.041513929637497705,1.0,0.1,909.6950539794163,39.814007344345626,0.0,1.0,0.0,1.0,2.0
28291,0.0003396330703584796,0.0733607431974316,1.0,0.1,907.1069804752694,38.39083428965296,0.0,1.0,0.0,1.0,2.0
28292,0.00018924105521531644,0.04087606792650835,1.0,0.1,904.6928903189275,35.45039198371029,0.0,1.0,0.0,1.0,2.0
28293,0.00026316621950401165,0.05684390341286652,1.0,0.1,900.403591521366,32.444899087989114,0.0,1.0,0.0,1.0,2.0
28294,0.00030684921113080326,0.06627942960425351,1.0,0.1,,,0.0,1.0,,,2.0
28295,0.00026335826131629916,0.05688538444432062,1.0,0.1,,,0.0,1.0,,,2.0
28296,0.00020588530883017432,0.04447122670731765,1.0,0.1,898.0532491544943,38.11112294385975,0.0,1.0,0.0,1.0,2.0
28297,0.00038603955265774603,0.08338454337407314,1.0,0.1,897.1237390897617,42.40983609969993,0.0,1.0,0.0,1.0,2.0
28298,0.0012379097188994327,0.2673884992822775,0.0,0.1,896.7416727553385,44.92039205375654,0.0,1.0,0.0,1.0,2.0
28299,0.0019342798551269164,0.41780444870741396,0.0,0.1,894.1997532544676,49.3570101409352,0.0,1.0,0.0,1.0,2.0
28300,0.0004913993749449293,0.10614226498810472,0.0,0.1,895.1920165548961,51.82785494357097,0.0,1.0,0.0,1.0,2.0
28301,0.00038141369243595893,0.08238535756616713,1.0,0.1,894.0178868083677,56.82457440748734,0.0,1.0,0.0,1.0,2.0
28302,0.0007415999862428248,0.16018559702845017,0.0,0.1,896.024264992807,62.78429855566477,0.0,1.0,0.0,1.0,2.0
28303,0.0015941167185934174,0.34432921121617815,0.0,0.1,897.7914705670858,67.62811218295816,0.0,1.0,0.0,1.0,2.0
28304,0.0007848245420609384,0.16952210108516272,0.0,0.1,897.8774528121813,72.62542143716263,0.0,1.0,0.0,0.0,2.0
28305,0.0017609064745928984,0.3803557985120661,0.0,0.1,900.9056370543818,78.76228390637856,0.0,1.0,0.0,0.0,2.0
28306,0.00023137156757440123,0.04997625859607067,1.0,0.1,905.2053545456841,88.98582422560024,0.0,1.0,0.0,0.0,2.0
28307,0.002177508619437333,0.470341861798464,0.0,0.1,907.4020535569051,94.49070221712125,0.0,1.0,0.0,0.0,2.0
28308,0.0009585765660691609,0.20705253827093875,0.0,0.1,911.3279631409831,105.84862073068747,0.0,1.0,0.0,0.0,2.0
28309,,,,0.1,915.2299685956634,115.94965192321075,0.0,1.0,0.0,0.0,2.0
28310,,,,0.1,917.3245096887057,121.80892257572953,,,0.0,0.0,2.0
28311,0.0007084159878930918,0.1530178533849078,0.0,0.1,916.958018833762,121.45902661908275,0.0,1.0,0.0,0.0,2.0
28312,0.0005943870879997252,0.12838761100794063,0.0,0.1,918.9369137245947,115.99690704349622,0.0,1.0,0.0,0.0,2.0
28313,0.0009838917123659305,0.212520609871041,0.0,0.1,924.1159766817368,120.97934193145427,0.0,1.0,0.0,0.0,2.0
28314,0.0011629621934010745,0.2511998337746321,0.0,0.1,928.5190715722879,128.91868823877115,0.0,1.0,0.0,0.0,2.0
28315,0.0018864966193684605,0.40748326978358745,0.0,0.1,933.5373510431812,135.97851267860028,0.0,1.0,0.0,0.0,2.0
28316,0.001672964450490278,0.3613603213059,0.0,0.1,936.2180171444944,141.3692715198587,0.0,1.0,0.0,0.0,2.0
28317,,,,0.1,942.3861117999343,146.52667209222673,0.0,1.0,0.0,0.0,2.0
28318,,,,0.1,947.2384978158004,153.5924543678777,,,0.0,0.0,2.0
28319,,,,0.1,951.7379661005541,161.1566667943536,,,0.0,0.0,2.0
28320,,,,0.1,952.6253529145001,164.65134289663507,,,0.0,0.0,2.0
28321,,,,0.1,953.4086649912405,170.6972933004443,,,0.0,0.0,2.0
28322,,,,0.1,956.7880055929252,181.62380652407205,,,0.0,0.0,2.0
28323,,,,0.1,960.7035555274377,188.76276000430454,,,0.0,0.0,2.0
28324,,,,0.1,971.0097693356746,203.79529735940324,,,0.0,0.0,2.0
28325,,,,0.1,976.3102547409886,208.26925424610945,,,0.0,0.0,2.0
28326,,,,0.1,988.1683192542773,221.65247400887657,,,0.0,0.0,2.0
28327,0.0025300307801372876,0.5464866485096541,0.0,0.1,996.7349534802825,233.20540517427096,0.0,1.0,0.0,0.0,2.0
28328,0.0013162477696428147,0.284309518242848,0.0,0.1,1005.4010966443598,245.17159998906888,0.0,1.0,0.0,0.0,2.0
28329,0.0029768276182717875,0.6429947655467061,0.0,0.1,1010.5061307674664,252.31954884886005,0.0,1.0,0.0,0.0,2.0
28330,0.0017313104534165858,0.3739630579379825,0.0,0.1,1021.0776995818156,265.1542084371486,0.0,1.0,0.0,0.0,2.0
28331,0.0019518050166219538,0.42158988359034205,0.0,0.1,1026.8562424296808,272.35548033564737,0.0,1.0,0.0,0.0,2.0
28332,0.00018813305656976167,0.040636740219068525,1.0,0.1,1025.1753455805706,270.2727545403338,0.0,1.0,0.0,0.0,2.0
28333,0.00046070025703680545,0.09951125551994998,1.0,0.1,1021.9684626102495,266.1103757193598,0.0,1.0,0.0,0.0,2.0
28334,0.0005256222509839629,0.113534406212536,0.0,0.1,1022.6484931226455,266.9825896398954,0.0,1.0,0.0,0.0,2.0
28335,0.0009699081054546722,0.2095001507782092,0.0,0.1,1030.3508598966862,275.6538793387241,0.0,1.0,0.0,0.0,2.0
28336,0.0008229613127532909,0.17775964355471086,0.0,0.1,1040.5617804765666,281.9622044153811,0.0,1.0,0.0,0.0,2.0
28337,0.000894513324757927,0.19321487814771224,0.0,0.1,1047.8223110061986,289.76369734325175,0.0,1.0,0.0,0.0,2.0
28338,0.0007518824496033266,0.16240660911431853,0.0,0.1,1050.716965639615,293.65628528863857,0.0,1.0,0.0,0.0,2.0
28339,0.002166543114572776,0.4679733127477197,0.0,0.1,1059.6211886899134,305.61925852422553,0.0,1.0,0.0,0.0,2.0
28340,0.0014735148670347146,0.3182792112794984,0.0,0.1,1060.0054025816555,310.0364265387033,0.0,1.0,0.0,0.0,2.0
28341,0.0014498724756939838,0.3131724547499005,0.0,0.1,1059.1677736740821,313.4521513305151,0.0,1.0,0.0,0.0,2.0
28342,0.000673778344635987,0.1455361224413732,0.0,0.1,1062.6791020536207,318.8722535125242,0.0,1.0,0.0,0.0,2.0
28343,0.002013551170355896,0.4349270527968736,0.0,0.1,1063.0060439563272,323.82371702339873,0.0,1.0,0.0,0.0,2.0
28344,0.0020562045894048833,0.44414019131145477,0.0,0.1,1063.6652744010032,330.34933908886404,0.0,1.0,0.0,0.0,2.0
28345,0.002485449281243418,0.5368570447485783,0.0,0.1,1063.7833071806604,336.2658169348239,0.0,1.0,0.0,0.0,2.0
28346,0.0006838159859468905,0.14770425296452835,0.0,0.1,1064.6749107517944,339.7030887010586,0.0,1.0,0.0,0.0,2.0
28347,0.0010958365031571175,0.23670068468193742,0.0,0.1,1064.1861357694586,340.7072671586103,0.0,1.0,0.0,0.0,2.0
28348,0.00057586836009422,0.12438756578035151,0.0,0.1,1065.047215502475,344.20741060910166,0.0,1.0,0.0,0.0,2.0
28349,0.00091381031656781,0.19738302837864696,0.0,0.1,1065.7626409527104,352.91780839564456,0.0,1.0,0.0,0.0,2.0
28350,0.0013151748155305794,0.2840777601546052,0.0,0.1,,,0.0,1.0,,,2.0
28351,0.0008503415165604765,0.18367376757706294,0.0,0.1,,,0.0,1.0,,,2.0
28352,0.001386227724063036,0.2994251883976158,0.0,0.1,,,0.0,1.0,,,2.0
28353,0.0015185051172926138,0.3279971053352046,0.0,0.1,,,0.0,1.0,,,2.0
28354,0.0013702264583323276,0.29596891499978273,0.0,0.1,,,0.0,1.0,,,2.0
28355,0.00037720524628224783,0.08147633319696554,1.0,0.1,,,0.0,1.0,,,2.0
28356,0.00046756670707558535,0.10099440872832643,0.0,0.1,,,0.0,1.0,,,2.0
28357,0.0014198028879894872,0.3066774238057292,0.0,0.1,,,0.0,1.0,,,2.0
28358,0.0018376149525766812,0.3969248297565631,0.0,0.1,,,0.0,1.0,,,2.0
28359,0.002674440067860838,0.5776790546579411,0.0,0.1,,,0.0,1.0,,,2.0
28360,0.0011459227640951899,0.247519317044561,0.0,0.1,,,0.0,1.0,,,2.0
28361,0.0027850560967268194,0.601572116892993,0.0,0.1,,,0.0,1.0,,,2.0
28362,0.001506042528942315,0.32530518625154003,0.0,0.1,,,0.0,1.0,,,2.0
28363,0.0008964554445515133,0.1936343760231269,0.0,0.1,,,0.0,1.0,,,2.0
28364,0.001268866142711499,0.2740750868256838,0.0,0.1,,,0.0,1.0,,,2.0
28365,0.0016998961118935647,0.36717756016901,0.0,0.1,,,0.0,1.0,,,2.0
28366,0.0027277362265891,0.5891910249432456,0.0,0.1,,,0.0,1.0,,,2.0
28367,0.0012765858924623707,0.2757425527718721,0.0,0.1,1125.8715369719077,424.68087508022325,0.0,1.0,0.0,0.0,2.0
28368,0.0018879564941441831,0.40779860273514357,0.0,0.1,,,0.0,1.0,,,2.0
28369,0.0010893560429366394,0.2353009052743141,0.0,0.1,1139.8088408129559,441.6470711513694,0.0,1.0,0.0,0.0,2.0
28370,0.002096174112104717,0.4527736082146189,0.0,0.1,,,0.0,1.0,,,2.0
28371,0.0015601140337974527,0.3369846313002498,0.0,0.1,,,0.0,1.0,,,2.0
28372,0.0018196691585244938,0.39304853824129066,0.0,0.1,1153.293305611514,455.13080063266574,0.0,1.0,0.0,0.0,2.0
28373,0.001196280033528758,0.25839648724221176,0.0,0.1,1159.7536954280124,462.2356190506764,0.0,1.0,0.0,0.0,2.0
28374,0.0017227618009335042,0.37211654900163693,0.0,0.1,1163.1447776403227,464.82706506894675,0.0,1.0,0.0,0.0,2.0
28375,0.002536205911305271,0.5478204768419385,0.0,0.1,1170.208695988472,471.02140683341077,0.0,1.0,0.0,0.0,2.0
28376,0.000867370972066023,0.18735212996626097,0.0,0.1,1174.829815115622,472.5925600879711,0.0,1.0,0.0,0.0,2.0
28377,0.0007173992791968005,0.15495824430650892,0.0,0.1,1175.9659226425329,472.61953170463727,0.0,1.0,0.0,0.0,2.0
28378,0.0007678044995187392,0.16584577189604766,0.0,0.1,1179.2465498910308,478.145089140669,0.0,1.0,0.0,0.0,2.0
28379,0.0016692862788139408,0.3605658362238112,0.0,0.1,1180.5891542764869,479.78298565893203,0.0,1.0,0.0,0.0,2.0
28380,0.001390124342351607,0.3002668579479471,0.0,0.1,,,0.0,1.0,,,2.0
28381,0.0015831157001641694,0.34195299123546063,0.0,0.1,,,0.0,1.0,,,2.0
28382,0.0009402413110452492,0.20309212318577383,0.0,0.1,,,0.0,1.0,,,2.0
28383,0.0011220603131487088,0.2423650276401211,0.0,0.1,,,0.0,1.0,,,2.0
28384,0.0014050580203989378,0.3034925324061706,0.0,0.1,1113.4144124434342,431.60818815217567,0.0,1.0,0.0,0.0,2.0
28385,0.0005426073920329044,0.11720319667910734,0.0,0.1,1111.2740642950687,430.946791364799,0.0,1.0,0.0,0.0,2.0
28386,0.000802639332483356,0.17337009581640492,0.0,0.1,1109.6810779295597,430.42374984366677,0.0,1.0,0.0,0.0,2.0
28387,0.0011085630338204839,0.23944961530522452,0.0,0.1,1109.152171190733,431.6100844140156,0.0,1.0,0.0,0.0,2.0
28388,0.00034670603973555844,0.07488850458288063,1.0,0.1,1108.9459659723914,431.7400104685457,0.0,1.0,0.0,0.0,2.0
28389,0.000191054466515085,0.04126776476725836,1.0,0.1,1108.4055713471298,430.8404882751756,0.0,1.0,0.0,0.0,2.0
28390,,,,0.1,1108.597656177322,431.3215924546147,0.0,1.0,0.0,0.0,2.0
28391,,,,0.1,1107.8158663546335,430.3182752531546,,,0.0,0.0,2.0
28392,,,,0.1,1107.2933442930296,431.4621073418801,,,0.0,0.0,2.0
28393,,,,0.1,,,,,,,2.0
28394,,,,0.1,,,,,,,2.0
28395,,,,0.1,,,,,,,2.0
28396,,,,0.1,,,,,,,2.0
28397,,,,0.1,,,,,,,2.0
28398,,,,0.1,,,,,,,2.0
28399,,,,0.1,,,,,,,2.0
28400,,,,0.1,,,,,,,2.0
28401,,,,0.1,,,,,,,2.0
28402,,,,0.1,,,,,,,2.0
28403,,,,0.1,,,,,,,2.0
28404,,,,0.1,,,,,,,2.0
28405,,,,0.1,,,,,,,2.0
28406,,,,0.1,,,,,,,2.0
28407,,,,0.1,,,,,,,2.0
28408,,,,0.1,,,,,,,2.0
28409,,,,0.1,,,,,,,2.0
28410,,,,0.1,,,,,,,2.0
28411,,,,0.1,,,,,,,2.0
28412,,,,0.1,,,,,,,2.0
28413,,,,0.1,,,,,,,2.0
28414,,,,0.1,,,,,,,2.0
28415,,,,0.1,,,,,,,2.0
28416,,,,0.1,,,,,,,2.0
28417,,,,0.1,,,,,,,2.0
28418,,,,0.1,,,,,,,2.0
28419,,,,0.1,,,,,,,2.0
28420,,,,0.1,,,,,,,2.0
28421,,,,0.1,,,,,,,2.0
28422,,,,0.1,,,,,,,2.0
28423,,,,0.1,,,,,,,2.0
28424,,,,0.1,,,,,,,2.0
28425,,,,0.1,,,,,,,2.0
28426,,,,0.1,,,,,,,2.0
28427,,,,0.1,,,,,,,2.0
28428,,,,0.1,,,,,,,2.0
28429,,,,0.1,,,,,,,2.0
28430,,,,0.1,,,,,,,2.0
28431,,,,0.1,1157.235936065099,486.31790529230994,,,0.0,0.0,2.0
28432,,,,0.1,,,,,,,2.0
28433,,,,0.1,,,,,,,2.0
28434,0.0010129468732384328,0.21879652461950147,0.0,0.1,,,0.0,1.0,,,2.0
28435,0.0001574907202381283,0.034017995571435714,1.0,0.1,,,0.0,1.0,,,2.0
28436,0.0008877309215032904,0.19174987904471075,0.0,0.1,,,0.0,1.0,,,2.0
28437,0.0007536621072524923,0.16279101516653832,0.0,0.1,1032.9527710647187,374.37704597689833,0.0,1.0,0.0,0.0,2.0
28438,0.0007363194339906692,0.15904499774198455,0.0,0.1,,,0.0,1.0,,,2.0
28439,0.0009639808969148539,0.20821987373360845,0.0,0.1,,,0.0,1.0,,,2.0
28440,0.0004825258937463756,0.10422559304921714,0.0,0.1,1010.2101539185973,359.90311188437164,0.0,1.0,0.0,0.0,2.0
28441,0.000438362746722367,0.09468635329203128,1.0,0.1,1002.7421769160484,357.93378025539675,0.0,1.0,0.0,0.0,2.0
28442,0.0008404714361704043,0.18154183021280734,0.0,0.1,1001.8785126150526,357.1682319555712,0.0,1.0,0.0,0.0,2.0
28443,,,,0.1,1001.9411130842698,356.2020144935143,0.0,1.0,0.0,0.0,2.0
28444,,,,0.1,1002.3170819754606,354.6383467421659,,,0.0,0.0,2.0
28445,,,,0.1,1004.1551090339074,352.25263455426267,,,0.0,0.0,2.0
28446,,,,0.1,1004.2286766841364,351.44947057515725,,,0.0,0.0,2.0
28447,0.0014958783183729612,0.3231097167685596,0.0,0.1,1006.2328684355574,351.8690757489403,0.0,1.0,0.0,0.0,2.0
28448,,,,0.1,1006.8392667919554,351.2977891290232,0.0,1.0,0.0,0.0,2.0
28449,,,,0.1,1012.0843306090956,351.35275071653933,,,0.0,0.0,2.0
28450,,,,0.1,1022.5747685936852,351.8352573679071,,,0.0,0.0,2.0
28451,,,,0.1,1028.775228036854,351.2013920369238,,,0.0,0.0,2.0
28452,,,,0.1,1040.5949109202306,352.70020599183556,,,0.0,0.0,2.0
28453,,,,0.1,1048.8579238447926,352.25270101227034,,,0.0,0.0,2.0
28454,0.0007924282168116446,0.17116449483131524,0.0,0.1,1054.0398718772758,350.67842481243065,0.0,1.0,0.0,0.0,2.0
28455,0.0009846396381229543,0.21268216183455813,0.0,0.1,1059.7112580642715,351.84881811522115,0.0,1.0,0.0,0.0,2.0
28456,,,,0.1,1070.6726880514013,354.83014626080364,0.0,1.0,0.0,0.0,2.0
28457,,,,0.1,1077.5675486694752,352.56082250822607,,,0.0,0.0,2.0
28458,0.000845443572887198,0.18261581174363478,0.0,0.1,,,0.0,1.0,,,2.0
28459,0.00041443894525724194,0.08951881217556426,1.0,0.1,,,0.0,1.0,,,2.0
28460,,,,0.1,,,0.0,1.0,,,2.0
28461,,,,0.1,,,,,,,2.0
28462,0.0004015721794649099,0.08673959076442053,1.0,0.1,,,0.0,1.0,,,2.0
28463,0.0005842419025512422,0.12619625095106832,0.0,0.1,,,0.0,1.0,,,2.0
28464,0.0014005694330638425,0.30252299754179,0.0,0.1,,,0.0,1.0,,,2.0
28465,0.0010163534061460781,0.21953233572755287,0.0,0.1,,,0.0,1.0,,,2.0
28466,0.0009728166748403908,0.2101284017655244,0.0,0.1,,,0.0,1.0,,,2.0
28467,0.0019499761853129126,0.4211948560275891,0.0,0.1,,,0.0,1.0,,,2.0
28468,0.0013042066641735534,0.28170863946148755,0.0,0.1,,,0.0,1.0,,,2.0
28469,0.0016136771839747141,0.34855427173853826,0.0,0.1,1146.5933077808993,345.87480260501127,0.0,1.0,0.0,0.0,2.0
28470,0.00045427749649215143,0.09812393924230471,1.0,0.1,,,0.0,1.0,,,2.0
28471,0.0009834169427472633,0.21241805963340887,0.0,0.1,1160.8106855753988,356.0913973787536,0.0,1.0,0.0,0.0,2.0
28472,0.0010254402311752017,0.22149508993384356,0.0,0.1,1167.126641858767,360.64623162253906,0.0,1.0,0.0,0.0,2.0
28473,0.001438996794793529,0.3108233076754023,0.0,0.1,,,0.0,1.0,,,2.0
28474,0.00025754295369504376,0.05562927799812945,1.0,0.1,,,0.0,1.0,,,2.0
28475,0.0007296983490831106,0.1576148434019519,0.0,0.1,,,0.0,1.0,,,2.0
28476,0.0010955613889084654,0.23664126000422853,0.0,0.1,,,0.0,1.0,,,2.0
28477,0.0006994106056416858,0.15107269081860414,0.0,0.1,,,0.0,1.0,,,2.0
28478,0.001641248921904887,0.3545097671314556,0.0,0.1,,,0.0,1.0,,,2.0
28479,0.0006938563450110874,0.14987297052239487,0.0,0.1,,,0.0,1.0,,,2.0
28480,0.0012897619681442513,0.2785885851191583,0.0,0.1,,,0.0,1.0,,,2.0
28481,0.0011026236067852911,0.23816669906562288,0.0,0.1,,,0.0,1.0,,,2.0
28482,0.0013206829407331647,0.2852675151983636,0.0,0.1,,,0.0,1.0,,,2.0
28483,0.0006593444351846566,0.14241839799988584,0.0,0.1,,,0.0,1.0,,,2.0
28484,0.0017121365926587684,0.369821504014294,0.0,0.1,,,0.0,1.0,,,2.0
28485,0.0012564634486463572,0.2713961049076132,0.0,0.1,,,0.0,1.0,,,2.0
28486,0.0014079409262817923,0.30411524007686713,0.0,0.1,,,0.0,1.0,,,2.0
28487,0.0018822798866039584,0.40657245550645504,0.0,0.1,,,0.0,1.0,,,2.0
28488,0.0003474133085000849,0.07504127463601833,1.0,0.1,,,0.0,1.0,,,2.0
28489,0.00014172279463170172,0.030612123640447575,1.0,0.1,,,0.0,1.0,,,2.0
28490,0.0003429687297877412,0.07408124563415211,1.0,0.1,1121.8540426176774,326.4789695662322,0.0,1.0,0.0,0.0,2.0
28491,0.0007878180633045384,0.17016870167378031,0.0,0.1,,,0.0,1.0,,,2.0
28492,0.0011284004733040924,0.24373450223368398,0.0,0.1,,,0.0,1.0,,,2.0
28493,0.0014186349070911682,0.30642513993169235,0.0,0.1,,,0.0,1.0,,,2.0
28494,0.004422645460275359,0.9552914194194775,0.0,0.1,,,0.0,1.0,,,2.0
28495,0.0046835946108199,1.0116564359370985,0.0,0.1,,,0.0,1.0,,,2.0
28496,,,,0.1,,,0.0,1.0,,,2.0
28497,,,,0.1,,,,,,,2.0
28498,,,,0.1,,,,,,,2.0
28499,,,,0.1,1095.9948466574558,288.35132219382257,,,0.0,0.0,2.0
28500,,,,0.1,1096.0118168011306,287.7725679661361,,,0.0,0.0,2.0
28501,,,,0.1,,,,,,,2.0
28502,8.921588909623475e-05,0.01927063204478671,1.0,0.1,,,0.0,1.0,,,2.0
28503,0.0017170959356712292,0.3708927221049855,0.0,0.1,,,0.0,1.0,,,2.0
28504,0.0002616936058471396,0.05652581886298216,1.0,0.1,,,0.0,1.0,,,2.0
28505,0.00029076720836189506,0.06280571700616933,1.0,0.1,,,0.0,1.0,,,2.0
28506,0.0003506567373617631,0.07574185527014082,1.0,0.1,,,0.0,1.0,,,2.0
28507,0.0003093627412331804,0.06682235210636697,1.0,0.1,,,0.0,1.0,,,2.0
28508,0.001797085846077736,0.388170542752791,0.0,0.1,,,0.0,1.0,,,2.0
28509,0.0005135514417607339,0.11092711142031852,0.0,0.1,,,0.0,1.0,,,2.0
28510,0.0008756259894475395,0.18913521372066855,0.0,0.1,,,0.0,1.0,,,2.0
28511,0.0007663990138591068,0.16554218699356704,0.0,0.1,,,0.0,1.0,,,2.0
28512,0.0009504611927273506,0.20529961762910773,0.0,0.1,,,0.0,1.0,,,2.0
28513,0.00023384569787960517,0.050510670741994716,1.0,0.1,,,0.0,1.0,,,2.0
28514,,,,0.1,,,0.0,1.0,,,2.0
28515,,,,0.1,,,,,,,2.0
28516,,,,0.1,,,,,,,2.0
28517,0.0007056506076231967,0.15242053124661048,0.0,0.1,,,0.0,1.0,,,2.0
28518,0.0012390682120187412,0.2676387337960481,0.0,0.1,,,0.0,1.0,,,2.0
28519,0.0006517208970968239,0.14077171377291395,0.0,0.1,,,0.0,1.0,,,2.0
28520,0.0004639517335069816,0.10021357443750803,0.0,0.1,,,0.0,1.0,,,2.0
28521,0.0002555801484229045,0.05520531205934737,1.0,0.1,,,0.0,1.0,,,2.0
28522,0.00031718508465789695,0.06851197828610574,1.0,0.1,,,0.0,1.0,,,2.0
28523,0.0008718049795762828,0.1883098755884771,0.0,0.1,,,0.0,1.0,,,2.0
28524,0.003329210653135383,0.7191095010772427,0.0,0.1,,,0.0,1.0,,,2.0
28525,0.0020357638471596917,0.4397249909864934,0.0,0.1,,,0.0,1.0,,,2.0
28526,0.0009354824141643334,0.20206420145949602,0.0,0.1,,,0.0,1.0,,,2.0
28527,0.001741806276948457,0.3762301558208668,0.0,0.1,,,0.0,1.0,,,2.0
28528,0.0026048390807267463,0.5626452414369771,0.0,0.1,,,0.0,1.0,,,2.0
28529,0.00281394373976108,0.6078118477883933,0.0,0.1,,,0.0,1.0,,,2.0
28530,0.0024263666868579027,0.524095204361307,0.0,0.1,,,0.0,1.0,,,2.0
28531,0.0006281038230531472,0.1356704257794798,0.0,0.1,,,0.0,1.0,,,2.0
28532,0.0006707787309302687,0.14488820588093806,0.0,0.1,,,0.0,1.0,,,2.0
28533,0.001371893786769233,0.29632905794215436,0.0,0.1,,,0.0,1.0,,,2.0
28534,0.0009985536731839692,0.21568759340773735,0.0,0.1,,,0.0,1.0,,,2.0
28535,0.0019470949633325458,0.42057251207982993,0.0,0.1,,,0.0,1.0,,,2.0
28536,0.0008738131437586441,0.1887436390518671,0.0,0.1,,,0.0,1.0,,,2.0
28537,0.00037547146110402226,0.0811018355984688,1.0,0.1,,,0.0,1.0,,,2.0
28538,0.00013809230567596905,0.029827938026009315,1.0,0.1,,,0.0,1.0,,,2.0
28539,0.00038940762608121756,0.08411204723354299,1.0,0.1,,,0.0,1.0,,,2.0
28540,0.00018540935619226366,0.04004842093752895,1.0,0.1,971.6651763385227,120.83786746200603,0.0,1.0,0.0,0.0,2.0
28541,0.0004267164297574858,0.09217074882761693,1.0,0.1,967.1050638806906,114.33093575164519,0.0,1.0,0.0,0.0,2.0
28542,0.000530319900487332,0.11454909850526371,0.0,0.1,,,0.0,1.0,,,2.0
28543,0.0006182539790122529,0.13354285946664665,0.0,0.1,,,0.0,1.0,,,2.0
28544,0.0009517544183645425,0.2055789543667412,0.0,0.1,950.0177962660488,92.24766013555906,0.0,1.0,0.0,0.0,2.0
28545,0.000955803476956856,0.2064535510226809,0.0,0.1,949.3356166947598,90.63371912094462,0.0,1.0,0.0,0.0,2.0
28546,0.0003888300903335284,0.08398729951204213,1.0,0.1,944.6951365309103,85.46876756724137,0.0,1.0,0.0,0.0,2.0
28547,,,,0.1,938.5928058643016,80.54742991721572,0.0,1.0,0.0,0.0,2.0
28548,,,,0.1,936.0962301276197,78.51766183718735,,,0.0,0.0,2.0
28549,0.00027329793418045417,0.0590323537829781,1.0,0.1,934.7712810154607,75.60389123957,0.0,1.0,0.0,0.0,2.0
28550,0.0007367628490238267,0.15914077538914656,0.0,0.1,933.2187276330529,74.34545956064021,0.0,1.0,0.0,0.0,2.0
28551,0.0004968141515676328,0.1073118567386087,0.0,0.1,929.935405774543,70.53673564521937,0.0,1.0,0.0,0.0,2.0
28552,0.0003068583672759975,0.06628140733161546,1.0,0.1,926.6366415453252,66.63517799007214,0.0,1.0,0.0,1.0,2.0
28553,0.000984546496841958,0.21266204331786293,0.0,0.1,925.6937523336967,63.509910953132675,0.0,1.0,0.0,1.0,2.0
28554,0.0007654950079121389,0.165346921709022,0.0,0.1,926.0502253928377,62.73687524756774,0.0,1.0,0.0,1.0,2.0
28555,0.0005929848969263362,0.1280847377360886,0.0,0.1,926.1258082887099,62.067952680172155,0.0,1.0,0.0,1.0,2.0
28556,0.0006113235884746692,0.13204589511052855,0.0,0.1,926.7468217448763,60.85557817679071,0.0,1.0,0.0,1.0,2.0
28557,0.0006504465685656394,0.1404964588101781,0.0,0.1,927.9760195527583,59.352890787253514,0.0,1.0,0.0,1.0,2.0
28558,0.00047910494597217527,0.10348666832998986,0.0,0.1,927.2847399846262,57.55446247517302,0.0,1.0,0.0,1.0,2.0
28559,0.0006100082152931962,0.13176177450333038,0.0,0.1,925.6516283397432,55.24891935371577,0.0,1.0,0.0,1.0,2.0
28560,0.0004977961464677572,0.10752396763703556,0.0,0.1,924.6229662923058,53.61266624309869,0.0,1.0,0.0,1.0,2.0
28561,0.00027085168674663884,0.05850396433727399,1.0,0.1,921.333500212268,50.81269540447115,0.0,1.0,0.0,1.0,2.0
28562,2.7472765920785058e-05,0.005934117438889572,1.0,0.1,916.0442966699676,45.99058442216055,0.0,1.0,0.0,1.0,2.0
28563,0.0003489837013167206,0.07538047948441165,1.0,0.1,914.0344884803527,43.73658145305127,0.0,1.0,0.0,1.0,2.0
28564,0.0004582966678839733,0.09899208026293824,1.0,0.1,913.2415389529369,42.38711847783536,0.0,1.0,0.0,1.0,2.0
28565,0.00038622760667705186,0.0834251630422432,1.0,0.1,912.3927768331301,41.35219526302251,0.0,1.0,0.0,1.0,2.0
28566,0.0008306051507794067,0.17941071256835187,0.0,0.1,911.2083992906753,41.27242795348392,0.0,1.0,0.0,1.0,2.0
28567,0.0006387131982270377,0.13796205081704013,0.0,0.1,911.3656792775972,42.92598994891058,0.0,1.0,0.0,1.0,2.0
28568,0.00017119047199899896,0.03697714195178378,1.0,0.1,910.8644103979649,43.20811143643488,0.0,1.0,0.0,1.0,2.0
28569,0.0004264748877571012,0.09211857575553387,1.0,0.1,911.2510456533558,45.06560214038579,0.0,1.0,0.0,1.0,2.0
28570,0.00033809491081595526,0.07302850073624634,1.0,0.1,912.876303768567,47.650709139195655,0.0,1.0,0.0,1.0,2.0
28571,0.000678325012291136,0.14651820265488538,0.0,0.1,912.7172358412798,48.67449842875213,0.0,1.0,0.0,1.0,2.0
28572,0.00047525814480310743,0.10265575927747121,0.0,0.1,912.5949347245593,49.03304652831222,0.0,1.0,0.0,1.0,2.0
28573,0.0005026373079064566,0.10856965850779464,0.0,0.1,910.9373093109847,48.313780168361205,0.0,1.0,0.0,1.0,2.0
28574,0.0003279852320528889,0.070844810123424,1.0,0.1,910.4128417669307,48.57120057589262,0.0,1.0,0.0,1.0,2.0
28575,0.00027772857119746843,0.059989371378653185,1.0,0.1,911.9614365494058,50.5664687073043,0.0,1.0,0.0,1.0,2.0
28576,0.0003099643550323659,0.06695230068699104,1.0,0.1,913.7765413982083,53.96738616516283,0.0,1.0,0.0,1.0,2.0
28577,0.001205070732773675,0.2602952782791138,0.0,0.1,912.045610459168,53.64961354006304,0.0,1.0,0.0,1.0,2.0
28578,0.0004043512123847327,0.08733986187510226,1.0,0.1,902.6034133573188,46.25087562119587,0.0,1.0,0.0,1.0,2.0
28579,0.0005530070757649081,0.11944952836522016,0.0,0.1,896.3288440780677,44.27389438976343,0.0,1.0,0.0,1.0,2.0
28580,0.00026554382804466715,0.0573574668576481,1.0,0.1,889.6733990046046,42.96302634178438,0.0,1.0,0.0,1.0,2.0
28581,0.0003031102746274726,0.0654718193195341,1.0,0.1,887.5064633241909,43.50886844615524,0.0,1.0,0.0,1.0,2.0
28582,0.0007962821786766922,0.17199695059416553,0.0,0.1,882.4228658743534,41.58085556339167,0.0,1.0,0.0,1.0,2.0
28583,0.0010571235838631025,0.2283386941144301,0.0,0.1,870.0698465758587,44.358472063665964,0.0,1.0,0.0,1.0,2.0
28584,0.0005937664352841073,0.12825355002136718,0.0,0.1,863.1634367865403,48.08462872571812,0.0,1.0,0.0,1.0,2.0
28585,4.43376478374011e-05,0.009576931932878638,1.0,0.1,855.9895528009743,49.57266128136859,0.0,1.0,0.0,1.0,2.0
28586,6.343334819752261e-05,0.013701603210664886,1.0,0.1,850.9705051042894,53.47789298033249,0.0,1.0,0.0,1.0,2.0
28587,0.0003639825436317614,0.07862022942446047,1.0,0.1,846.2622685063363,57.299943300460676,0.0,1.0,0.0,1.0,2.0
28588,0.00046320583852821334,0.10005246112209408,0.0,0.1,839.3619957577041,61.760158550748145,0.0,1.0,0.0,1.0,2.0
28589,0.00047431535691973026,0.10245211709466175,0.0,0.1,831.4884516213918,66.87184613859306,0.0,1.0,0.0,1.0,2.0
28590,0.0009006082257445396,0.19453137676082055,0.0,0.1,825.4663979912649,71.06064650528573,0.0,1.0,0.0,0.0,2.0
28591,0.0007216297679908682,0.15587202988602752,0.0,0.1,816.7335162024805,77.86202201079543,0.0,1.0,0.0,0.0,2.0
28592,0.0008818228715681522,0.19047374025872088,0.0,0.1,813.8809491543805,78.99945478078128,0.0,1.0,0.0,0.0,2.0
28593,0.0014571657436745196,0.31474780063369623,0.0,0.1,808.8279068128855,83.24405255613647,0.0,1.0,0.0,0.0,2.0
28594,0.0008290855299610857,0.1790824744715945,0.0,0.1,802.9318984579681,88.35379517517737,0.0,1.0,0.0,0.0,2.0
28595,0.0017204729327295572,0.3716221534695844,0.0,0.1,800.5782131326372,89.94138009873464,0.0,1.0,0.0,0.0,2.0
28596,0.0009154915948851154,0.1977461844951849,0.0,0.1,796.6917605881155,92.16206294745803,0.0,1.0,0.0,0.0,2.0
28597,0.0013001797804111774,0.2808388325688143,0.0,0.1,796.0465777102437,89.91017391012657,0.0,1.0,0.0,0.0,2.0
28598,0.0007941974765784571,0.17154665494094673,0.0,0.1,795.5820243325963,88.5574083493524,0.0,1.0,0.0,0.0,2.0
28599,0.0015588357439188668,0.3367085206864753,0.0,0.1,793.7027589722263,89.35694917598954,0.0,1.0,0.0,0.0,2.0
28600,0.0006570059639505454,0.1419132882133178,0.0,0.1,792.5632021633866,88.35619640080228,0.0,1.0,0.0,0.0,2.0
28601,0.0013704372775111254,0.2960144519424031,0.0,0.1,789.5889398197663,89.2324537271988,0.0,1.0,0.0,0.0,2.0
28602,0.0004534128402309469,0.09793717348988452,1.0,0.1,780.0586087748989,97.56320281780975,0.0,1.0,0.0,0.0,2.0
28603,0.0010085297307552716,0.21784242184313868,0.0,0.1,770.5265928564503,105.47644768939216,0.0,1.0,0.0,0.0,2.0
28604,0.0009800177154745064,0.2116838265424934,0.0,0.1,770.6656960021809,104.45025971576331,0.0,1.0,0.0,0.0,2.0
28605,0.0013075746833924443,0.282436131612768,0.0,0.1,770.2080810646689,104.51213546873738,0.0,1.0,0.0,0.0,2.0
28606,0.0017494022331794022,0.37787088236675087,0.0,0.1,766.8650649605969,107.67041262309066,0.0,1.0,0.0,0.0,2.0
28607,0.0002658692222604794,0.057427752008263555,1.0,0.1,756.0976380055298,118.31217885527978,0.0,1.0,0.0,0.0,2.0
28608,0.0013099636076855299,0.28295213926007445,0.0,0.1,752.3800849141425,121.729725387811,0.0,1.0,0.0,0.0,2.0
28609,0.0018798225782425248,0.40604167690038534,0.0,0.1,744.7963732626039,128.99389601883607,0.0,1.0,0.0,0.0,2.0
28610,0.0015188338648433092,0.3280681148061548,0.0,0.1,739.2874293441088,134.4191212267426,0.0,1.0,0.0,0.0,2.0
28611,0.0012315150606606263,0.2660072531026953,0.0,0.1,735.5960523072308,138.28589469486698,0.0,1.0,0.0,0.0,2.0
28612,0.001041852145663543,0.2250400634633253,0.0,0.1,723.1637393461004,151.05800958659412,0.0,1.0,0.0,0.0,2.0
28613,0.0014558097992289052,0.31445491663344355,0.0,0.1,717.917138576204,156.5849292577948,0.0,1.0,0.0,0.0,2.0
28614,0.0014870441030718424,0.32120152626351794,0.0,0.1,712.8894213591147,161.8419582963274,0.0,1.0,0.0,0.0,2.0
28615,0.0003896925940556875,0.0841736003160285,1.0,0.1,709.0808360254422,165.5847676719874,0.0,1.0,0.0,0.0,2.0
28616,0.00016461726014969043,0.035557328192333135,1.0,0.1,706.2227399654384,168.37753345977256,0.0,1.0,0.0,0.0,2.0
28617,0.0009214514856470823,0.1990335208997698,0.0,0.1,705.1268550403538,169.3831041510903,0.0,1.0,0.0,0.0,2.0
28618,0.001157002063674953,0.24991244575378987,0.0,0.1,698.7776550242227,175.68852722675285,0.0,1.0,0.0,0.0,2.0
28619,0.000698708737401362,0.15092108727869422,0.0,0.1,692.8941786134377,181.51794179933742,0.0,1.0,0.0,0.0,2.0
28620,0.0009238512695947503,0.19955187423246606,0.0,0.1,686.6119593278529,188.0073746367602,0.0,1.0,0.0,0.0,2.0
28621,5.5753257201379694e-05,0.012042703555498014,1.0,0.1,681.218025887099,193.54392343691174,0.0,1.0,0.0,0.0,2.0
28622,0.0026650391133641272,0.5756484484866515,0.0,0.1,679.9256842514294,194.8149135487974,0.0,1.0,0.0,0.0,2.0
28623,0.000572353998144484,0.12362846359920854,0.0,0.1,676.9989532868333,197.9065257900192,0.0,1.0,0.0,0.0,2.0
28624,0.0014404044185428845,0.31112735440526307,0.0,0.1,671.9843765277815,203.27818547093284,0.0,1.0,0.0,0.0,2.0
28625,0.0008434745816979393,0.18219050964675487,0.0,0.1,666.8950117632942,208.64764076784542,0.0,1.0,0.0,0.0,2.0
28626,0.0014658609517134357,0.31662596557010214,0.0,0.1,663.0913946601037,212.4928692021398,0.0,1.0,0.0,0.0,2.0
28627,0.000981509171508804,0.21200598104590168,0.0,0.1,658.905021433231,217.50741664820583,0.0,1.0,0.0,0.0,2.0
28628,0.0009546102711959692,0.20619581857832933,0.0,0.1,659.1912332696343,218.5803801042771,0.0,1.0,0.0,0.0,2.0
28629,0.00033061080280332583,0.07141193340551838,1.0,0.1,660.179235981314,220.07381206558935,0.0,1.0,0.0,0.0,2.0
28630,0.00010571751980658408,0.022834984278222163,1.0,0.1,659.4709306087368,225.69980672745422,0.0,1.0,0.0,0.0,2.0
28631,0.0004899366634278212,0.10582631930040938,0.0,0.1,660.5432191880009,227.39968564403955,0.0,1.0,0.0,0.0,2.0
28632,0.0003597205848253715,0.07769964632228026,1.0,0.1,659.4615743436233,233.16999945513018,0.0,1.0,0.0,0.0,2.0
28633,0.0003253251798811533,0.07027023885432912,1.0,0.1,661.3408405990556,233.78162916908295,0.0,1.0,0.0,0.0,2.0
28634,0.00020593656930381217,0.04448229896962343,1.0,0.1,660.1767946235113,236.72112156441688,0.0,1.0,0.0,0.0,2.0
28635,0.00018898277170478292,0.04082027868823311,1.0,0.1,658.709643786118,239.15917964862857,0.0,1.0,0.0,0.0,2.0
28636,0.00018745982733604376,0.04049132270458545,1.0,0.1,657.2091228591521,241.571168518482,0.0,1.0,0.0,0.0,2.0
28637,0.00028538549573794205,0.061643267079395485,1.0,0.1,655.0787454272224,244.61350144946618,0.0,1.0,0.0,0.0,2.0
28638,0.000573647159455259,0.12390778644233595,0.0,0.1,653.1592016610707,249.340655573491,0.0,1.0,0.0,0.0,2.0
28639,0.00010958857972193488,0.023671133219937936,1.0,0.1,652.3248198857011,253.76633730766207,0.0,1.0,0.0,0.0,2.0
28640,0.00033618879576915626,0.07261677988613775,1.0,0.1,652.0975890488,256.43687787290366,0.0,1.0,0.0,0.0,2.0
28641,0.0007321698725079486,0.1581486924617169,0.0,0.1,650.9194856738231,262.0354434108879,0.0,1.0,0.0,0.0,2.0
28642,0.001086527227690231,0.23468988118108988,0.0,0.1,648.4173997514189,267.4415607898121,0.0,1.0,0.0,0.0,2.0
28643,0.00040267915030348225,0.08697869646555217,1.0,0.1,650.4420193765641,270.5397923194023,0.0,1.0,0.0,0.0,2.0
28644,0.0016160114299649142,0.3490584688724215,0.0,0.1,651.9066197963009,270.6118570838577,0.0,1.0,0.0,0.0,2.0
28645,0.001131618443538047,0.24442958380421817,0.0,0.1,651.9593374516254,275.3550486305682,0.0,1.0,0.0,0.0,2.0
28646,0.0009900483718699364,0.21385044832390626,0.0,0.1,650.9110643402478,277.05523910879134,0.0,1.0,0.0,0.0,2.0
28647,0.0007326223826990784,0.15824643466300095,0.0,0.1,648.5818423079046,278.82204860910565,0.0,1.0,0.0,0.0,2.0
28648,0.00023956270356117633,0.05174554396921409,1.0,0.1,648.6585026541482,283.6212248191987,0.0,1.0,0.0,0.0,2.0
28649,0.0006500230533518581,0.14040497952400136,0.0,0.1,649.3663548909399,287.137951683339,0.0,1.0,0.0,0.0,2.0
28650,0.001159100419576096,0.2503656906284368,0.0,0.1,647.1349607095833,295.0510245251435,0.0,1.0,0.0,0.0,2.0
28651,0.001051507172093089,0.22712554917210723,0.0,0.1,642.9709939987156,302.17001859609513,0.0,1.0,0.0,0.0,2.0
28652,0.0012223421242564974,0.2640258988394034,0.0,0.1,638.4830132947355,308.49904605655684,0.0,1.0,0.0,0.0,2.0
28653,0.0018697431752411626,0.40386452585209115,0.0,0.1,636.0641818522308,311.49387832618237,0.0,1.0,0.0,0.0,2.0
28654,0.0027453265510998808,0.5929905350375743,0.0,0.1,628.9354474057385,320.4546406018997,0.0,1.0,0.0,0.0,2.0
28655,0.0023340323058533576,0.5041509780643253,0.0,0.1,626.1532767128607,325.5366925946822,0.0,1.0,0.0,0.0,2.0
28656,0.0024214518367007194,0.5230335967273554,0.0,0.1,624.972087772715,330.5443504191331,0.0,1.0,0.0,0.0,2.0
28657,0.0008454253360011927,0.18261187257625763,0.0,0.1,621.7266558939087,337.36960067939077,0.0,1.0,0.0,0.0,2.0
28658,0.0016617925579713788,0.35894719252181784,0.0,0.1,621.1633004200913,341.1589058325406,0.0,1.0,0.0,0.0,2.0
28659,0.0022122944101856837,0.47785559260010774,0.0,0.1,616.8234089308684,353.3392102263143,0.0,1.0,0.0,0.0,2.0
28660,0.0024705214389741242,0.5336326308184108,0.0,0.1,612.0862531539213,364.7236124802604,0.0,1.0,0.0,0.0,2.0
28661,0.0011938041180031517,0.25786168948868077,0.0,0.1,607.7472446907748,374.96247475947223,0.0,1.0,0.0,0.0,2.0
28662,0.002337385026151807,0.5048751656487903,0.0,0.1,607.6729970490439,377.7542117040581,0.0,1.0,0.0,0.0,2.0
28663,0.0022501730354152747,0.48603737564969934,0.0,0.1,604.2481962650893,384.62303396167124,0.0,1.0,0.0,0.0,2.0
28664,0.00319090087961657,0.6892345899971791,0.0,0.1,597.5315859825442,394.4684909926459,0.0,1.0,0.0,0.0,2.0
28665,0.0028114650742699946,0.607276456042319,0.0,0.1,586.9360198835512,407.53222324066763,0.0,1.0,0.0,0.0,2.0
28666,0.001326304076748572,0.2864816805776916,0.0,0.1,578.2979575082855,418.47160244549826,0.0,1.0,0.0,0.0,2.0
28667,0.0031964263508019873,0.6904280917732293,0.0,0.1,575.7404023316469,422.4646145069358,0.0,1.0,0.0,0.0,2.0
28668,0.00317341193593256,0.6854569781614329,0.0,0.1,571.3956099451361,427.56629116601573,0.0,1.0,0.0,0.0,2.0
28669,0.003117531814136169,0.6733868718534125,0.0,0.1,559.1399188455368,438.02572578728046,0.0,1.0,0.0,0.0,2.0
28670,0.0007297447359453351,0.1576248629641924,0.0,0.1,543.9359891297032,451.5031202365971,0.0,1.0,0.0,0.0,2.0
28671,0.0009810780261818362,0.21191285365527662,0.0,0.1,537.398405085928,457.5899513146125,0.0,1.0,0.0,0.0,2.0
28672,0.004159003088777016,0.8983446671758354,0.0,0.1,527.4207901173401,465.0870389210359,0.0,1.0,0.0,0.0,2.0
28673,0.0039959461568380705,0.8631243698770232,0.0,0.1,518.9400188344742,470.2718185728534,0.0,1.0,0.0,0.0,2.0
28674,0.004343306652923276,0.9381542370314276,0.0,0.1,502.87363841091326,477.28626619474545,0.0,1.0,0.0,0.0,2.0
28675,0.002239137355199752,0.4836536687231464,0.0,0.1,486.47458863408986,489.0546378793559,0.0,1.0,0.0,0.0,2.0
28676,0.0029501113619369653,0.6372240541783846,0.0,0.1,477.1562610696401,492.64741553228635,0.0,1.0,0.0,0.0,2.0
28677,0.005143998101977479,1.1111035900271355,0.0,0.1,460.17593527917955,500.61712093208763,0.0,1.0,0.0,0.0,2.0
28678,0.0036125553407636486,0.7803119536049481,0.0,0.1,448.13511005534593,506.1540557657647,0.0,1.0,0.0,0.0,2.0
28679,0.0019140520511883618,0.41343524305668616,0.0,0.1,433.144484706469,517.1688520274087,0.0,1.0,0.0,0.0,2.0
28680,0.00442907597082244,0.956680409697647,0.0,0.1,423.93101194343404,525.4033804243987,0.0,1.0,0.0,0.0,2.0
28681,0.0033159099165715354,0.7162365419794517,0.0,0.1,406.3209442682514,542.1127723098842,0.0,1.0,0.0,0.0,2.0
28682,0.0033640637014854735,0.7266377595208623,0.0,0.1,392.6158328031458,555.0298345347446,0.0,1.0,0.0,0.0,2.0
28683,0.00436690459624043,0.943251392787933,0.0,0.1,384.4804602017599,566.974025624955,0.0,1.0,0.0,0.0,2.0
28684,0.00231131086695597,0.4992431472624896,0.0,0.1,371.4998182031027,581.1829223517605,0.0,1.0,0.0,0.0,2.0
28685,0.00560832532087626,1.2113982693092722,0.0,0.1,364.17705863169306,588.0390007351946,0.0,1.0,0.0,0.0,2.0
28686,0.005069165713428924,1.0949397941006476,0.0,0.1,350.81274637361145,599.7524816962444,0.0,1.0,0.0,0.0,2.0
28687,0.003742879568696676,0.808461986838482,0.0,0.1,342.19400468157033,609.0223660284574,0.0,1.0,0.0,0.0,2.0
28688,0.001996091344709914,0.4311557304573414,0.0,0.1,330.6517679614111,618.122790928738,0.0,1.0,0.0,0.0,2.0
28689,0.0035721613175155576,0.7715868445833605,0.0,0.1,321.131210109354,625.6997928315488,0.0,1.0,0.0,0.0,2.0
28690,0.004586759053137857,0.9907399554777773,0.0,0.1,302.66889991025363,639.3315305926939,0.0,1.0,0.0,0.0,2.0
28691,0.003634733695937997,0.7851024783226074,0.0,0.1,288.97317127077366,646.8125153241357,1.0,0.0,0.0,0.0,2.0
28692,0.0029022857555978505,0.6268937232091357,0.0,0.1,277.4252850181421,652.0996384216324,1.0,0.0,0.0,0.0,2.0
28693,0.002791077004996094,0.6028726330791563,0.0,0.1,264.32177706179885,662.6471352926383,1.0,0.0,0.0,0.0,2.0
28694,0.00497603662921469,1.074823911910373,0.0,0.1,255.92252673644387,670.0461089385925,1.0,0.0,0.0,0.0,2.0
28695,,,,0.1,240.18816439779695,684.5908608096715,1.0,0.0,0.0,0.0,2.0
28696,,,,0.1,227.38531861140024,695.3947363747645,,,0.0,0.0,2.0
28697,,,,0.1,214.67988699654705,704.9535901276045,,,0.0,0.0,2.0
28698,0.002521202892143192,0.5445798247029294,0.0,0.1,209.8934471528163,710.6946939090195,1.0,0.0,0.0,0.0,2.0
28699,0.0038151412517200335,0.8240705103715272,0.0,0.1,195.14614100137774,726.2933451826889,1.0,0.0,0.0,0.0,2.0
28700,0.003509667974635382,0.7580882825212426,0.0,0.1,182.54428952695733,738.2347787479267,1.0,0.0,0.0,0.0,2.0
28701,0.0035314188092518445,0.7627864627983983,0.0,0.1,173.1603109488524,747.4567771832753,1.0,0.0,0.0,0.0,2.0
28702,0.001933003783161458,0.41752881716287493,0.0,0.1,166.7235205979667,755.5838637252806,1.0,0.0,0.0,0.0,2.0
28703,0.003241167408747806,0.7000921602895261,0.0,0.1,162.2227606863777,760.8268873438467,1.0,0.0,0.0,0.0,2.0
28704,0.004533021028599476,0.9791325421774868,0.0,0.1,153.88565281519567,771.8839429469527,1.0,0.0,0.0,0.0,2.0
28705,0.00425882600016093,0.9199064160347608,0.0,0.1,143.6640161519601,784.31836940379,1.0,0.0,0.0,0.0,2.0
28706,0.0014784452866962016,0.31934418192637953,0.0,0.1,140.0851762087933,792.6631508754493,1.0,0.0,0.0,0.0,2.0
28707,0.0026950259682732578,0.5821256091470237,0.0,0.1,139.8981144621741,795.5490898024188,1.0,0.0,0.0,0.0,2.0
28708,0.002486996741540472,0.5371912961727419,0.0,0.1,135.97106235429897,801.5403933868793,1.0,0.0,0.0,0.0,2.0
28709,0.0019444392525716345,0.4199988785554731,0.0,0.1,132.29286895667596,811.4128049313829,1.0,0.0,0.0,0.0,2.0
28710,0.002472775301977014,0.534119465227035,0.0,0.1,125.87534290291238,824.5702774949727,1.0,0.0,0.0,0.0,2.0
28711,0.00045787509646899686,0.09890102083730333,1.0,0.1,116.22390854069845,832.931605040568,1.0,0.0,0.0,0.0,2.0
28712,0.001654894619186027,0.35745723774418187,0.0,0.1,113.61564554843491,835.1749370469832,1.0,0.0,0.0,0.0,2.0
28713,0.0022910470374284428,0.4948661600845437,0.0,0.1,111.71366091956392,833.5363994853094,1.0,0.0,0.0,0.0,2.0
28714,0.0014134161157918163,0.3052978810110323,0.0,0.1,107.29847939715461,832.6452663292437,1.0,0.0,0.0,0.0,2.0
28715,0.0010495100352566611,0.22669416761543879,0.0,0.1,99.82312840558704,839.4520212123269,1.0,0.0,0.0,0.0,2.0
28716,0.0007723625184806482,0.16683030399182003,0.0,0.1,96.49582724111114,841.5217687981556,1.0,0.0,0.0,0.0,2.0
28717,0.0006197123615362623,0.13385787009183267,0.0,0.1,91.45010720688234,841.9008425218981,1.0,0.0,0.0,0.0,2.0
28718,0.0011762350499883052,0.2540667707974739,0.0,0.1,88.63507221820609,844.2581980286693,1.0,0.0,0.0,0.0,2.0
28719,0.0009892335967358206,0.21367445689493725,0.0,0.1,86.14518121642294,848.1909304154395,1.0,0.0,0.0,0.0,2.0
28720,0.0005230978049127386,0.11298912586115153,0.0,0.1,84.17714976459531,852.5665689752171,1.0,0.0,0.0,0.0,2.0
28721,0.0008158295756777167,0.1762191883463868,0.0,0.1,82.35439099419162,855.0867846515335,1.0,0.0,0.0,0.0,2.0
28722,0.000865982264296137,0.1870521690879656,0.0,0.1,82.38565578602893,856.7034843385962,1.0,0.0,0.0,0.0,2.0
28723,0.0007586023778065903,0.16385811360622352,0.0,0.1,89.98572203098156,857.3921505368837,1.0,0.0,0.0,0.0,2.0
28724,0.0002649797343574635,0.05723562262121212,1.0,0.1,93.66370537827645,864.4159138280089,1.0,0.0,0.0,0.0,2.0
28725,0.0012256352808539235,0.2647372206644475,0.0,0.1,93.52367816732283,867.6683350120746,1.0,0.0,0.0,0.0,2.0
28726,0.0021031901748675757,0.4542890777713964,0.0,0.1,95.38569494259447,871.398934027757,1.0,0.0,0.0,0.0,2.0
28727,0.0009883787595971539,0.21348981207298523,0.0,0.1,95.59129266202761,875.8861786050043,1.0,0.0,0.0,0.0,2.0
28728,0.0019383529959248781,0.4186842471197737,0.0,0.1,98.95324670937214,886.3168733061856,1.0,0.0,0.0,0.0,2.0
28729,0.00048154839692760476,0.10401445373636263,0.0,0.1,100.94321679795954,894.7500255687206,1.0,0.0,0.0,0.0,2.0
28730,0.002169621308721171,0.468638202683773,0.0,0.1,102.15750616663821,897.7145560257923,1.0,0.0,0.0,0.0,2.0
28731,0.0014194151036942828,0.3065936623979651,0.0,0.1,103.35627092998958,900.9884510228933,1.0,0.0,0.0,0.0,2.0
28732,0.0010605790067896926,0.2290850654665736,0.0,0.1,103.05039950200631,906.5811753084612,1.0,0.0,0.0,0.0,2.0
28733,0.0011748188116729016,0.2537608633213468,0.0,0.1,104.5590526456764,914.8107064682903,1.0,0.0,0.0,0.0,2.0
28734,0.0030781446140881923,0.6648792366430495,0.0,0.1,107.53750524096569,917.4343902054953,1.0,0.0,0.0,0.0,2.0
28735,0.002537003566190995,0.547992770297255,0.0,0.1,108.65923037069216,922.5877219409657,1.0,0.0,0.0,0.0,2.0
28736,0.002122039495038558,0.4583605309283285,0.0,0.1,112.28755837347884,929.7134982114251,1.0,0.0,0.0,0.0,2.0
28737,0.0024466072191794822,0.5284671593427681,0.0,0.1,119.73548716206302,938.6120928859675,1.0,0.0,0.0,0.0,2.0
28738,0.0012569850839372974,0.27150877813045626,0.0,0.1,128.14228197644783,949.7555722774259,1.0,0.0,0.0,0.0,2.0
28739,0.0033513328261342234,0.7238878904449922,0.0,0.1,130.7707869084033,953.9238513706562,1.0,0.0,0.0,0.0,2.0
28740,0.0018330481280129074,0.39593839565078803,0.0,0.1,133.10323722757175,960.512091807997,1.0,0.0,0.0,0.0,2.0
28741,0.0028643095031647314,0.6186908526835819,0.0,0.1,135.59456354134224,967.2063438611403,1.0,0.0,0.0,0.0,2.0
28742,0.0006270260994702436,0.1354376374855726,0.0,0.1,138.14906893910094,976.0957371725108,1.0,0.0,0.0,0.0,2.0
28743,0.0022397127911853074,0.48377796289602637,0.0,0.1,137.58960285148893,980.0340568572623,1.0,0.0,0.0,0.0,2.0
28744,0.0025671293909984233,0.5544999484556594,0.0,0.1,139.95944253060281,985.6916193683913,1.0,0.0,0.0,0.0,2.0
28745,0.00140632877752734,0.30376701594590544,0.0,0.1,142.7119080689638,989.5000542056566,1.0,0.0,0.0,0.0,2.0
28746,0.0010508027205468205,0.22697338763811326,0.0,0.1,147.5848919558252,998.3519948969196,1.0,0.0,0.0,0.0,2.0
28747,0.0018225296015731225,0.39366639393979447,0.0,0.1,151.89922293581074,1006.5978249107582,1.0,0.0,0.0,0.0,2.0
28748,0.0014213416398499656,0.3070097942075926,0.0,0.1,152.60960146750892,1009.5327171476544,1.0,0.0,0.0,0.0,2.0
28749,0.0036050072353771482,0.7786815628414641,0.0,0.1,152.7717949792028,1012.3257339459709,1.0,0.0,0.0,0.0,2.0
28750,0.0005543416165797279,0.11973778918122123,0.0,0.1,150.7726889821821,1011.3850111285406,1.0,0.0,0.0,0.0,2.0
28751,0.0008943551819450668,0.19318071930013445,0.0,0.1,137.83465180897136,1001.1901524260624,1.0,0.0,0.0,0.0,2.0
28752,0.001032107012354365,0.22293511466854282,0.0,0.1,130.93626250344656,995.3996420603842,1.0,0.0,0.0,0.0,2.0
28753,0.001225252573641947,0.26465455590666054,0.0,0.1,116.88079751211336,983.2459407851019,1.0,0.0,0.0,0.0,2.0
28754,0.0008546690589177606,0.1846085167262363,0.0,0.1,106.09425162140953,972.5824432447345,1.0,0.0,0.0,0.0,2.0
28755,0.002760269239608905,0.5962181557555235,0.0,0.1,101.4941783117281,967.6216383269563,1.0,0.0,0.0,0.0,2.0
28756,0.00040325083434353715,0.08710218021820403,1.0,0.1,,,1.0,0.0,,,2.0
28757,0.0005388878843298215,0.11639978301524147,0.0,0.1,,,1.0,0.0,,,2.0
28758,0.001462109790782898,0.315815714809106,0.0,0.1,,,1.0,0.0,,,2.0
28759,0.0018361861542419184,0.39661620931625435,0.0,0.1,,,1.0,0.0,,,2.0
28760,0.00038609137344415264,0.08339573666393697,1.0,0.1,,,1.0,0.0,,,2.0
28761,0.0003058685037108948,0.06606759680155327,1.0,0.1,,,1.0,0.0,,,2.0
28762,0.000480238375153938,0.1037314890332506,0.0,0.1,,,1.0,0.0,,,2.0
28763,0.0006522884547764025,0.14089430623170293,0.0,0.1,68.05150250577692,940.2214267532507,1.0,0.0,1.0,0.0,2.0
28764,0.0004939164267712653,0.1066859481825933,0.0,0.1,67.62927464438428,940.6943034149075,1.0,0.0,1.0,0.0,2.0
28765,0.0009777091782341373,0.21118518249857365,0.0,0.1,69.3802245287709,942.9746955126342,1.0,0.0,1.0,0.0,2.0
28766,,,,0.1,73.0944521071584,946.7422965359382,1.0,0.0,0.0,0.0,2.0
28767,,,,0.1,80.75746835181563,953.5556637514067,,,0.0,0.0,2.0
28768,,,,0.1,82.87117998712958,952.4638498364868,,,0.0,0.0,2.0
28769,,,,0.1,82.88827943676395,948.6018195486978,,,0.0,0.0,2.0
28770,,,,0.1,84.11492785383487,948.3605602751335,,,0.0,0.0,2.0
28771,,,,0.1,90.03899395805612,949.2724679234009,,,0.0,0.0,2.0
28772,,,,0.1,99.4377614487246,951.9668982879948,,,0.0,0.0,2.0
28773,0.002990680506282382,0.6459869893569945,0.0,0.1,107.97343005458598,952.631607805863,1.0,0.0,0.0,0.0,2.0
28774,0.0025078041143739515,0.5416856887047735,0.0,0.1,114.06483439978152,952.8381219513914,1.0,0.0,0.0,0.0,2.0
28775,0.00379916262997496,0.8206191280745913,0.0,0.1,117.40829502932347,954.9027044285635,1.0,0.0,0.0,0.0,2.0
28776,,,,0.1,119.12561639469496,955.1854380393829,1.0,0.0,0.0,0.0,2.0
28777,,,,0.1,,,,,,,2.0
28778,,,,0.1,,,,,,,2.0
28779,,,,0.1,,,,,,,2.0
28780,0.0028794022362058683,0.6219508830204675,0.0,0.1,,,1.0,0.0,,,2.0
28781,0.004097689115061403,0.885100848853263,0.0,0.1,,,1.0,0.0,,,2.0
28782,,,,0.1,,,1.0,0.0,,,2.0
28783,,,,0.1,167.4394464063399,965.3844280282366,,,0.0,0.0,2.0
28784,,,,0.1,172.72435725717742,967.770073622155,,,0.0,0.0,2.0
28785,0.00295081961058733,0.6373770358868633,0.0,0.1,179.46917822636624,969.4832614199967,1.0,0.0,0.0,0.0,2.0
28786,0.0035875082412010527,0.7749017800994273,0.0,0.1,186.63625727417428,971.350346509075,1.0,0.0,0.0,0.0,2.0
28787,0.0034430491495141607,0.7436986162950587,0.0,0.1,199.68666372666027,978.1818162437834,1.0,0.0,0.0,0.0,2.0
28788,0.0011928792754322657,0.2576619234933694,0.0,0.1,204.60902880393195,979.5537201477723,1.0,0.0,0.0,0.0,2.0
28789,,,,0.1,213.11480732335605,983.330030621505,1.0,0.0,0.0,0.0,2.0
28790,,,,0.1,218.81813478623886,982.0324741183066,,,0.0,0.0,2.0
28791,,,,0.1,223.92167138318732,977.377334783711,1.0,0.0,0.0,0.0,2.0
28792,,,,0.1,229.91891476202852,975.2195245141625,,,0.0,0.0,2.0
28793,,,,0.1,233.94827364458234,974.0271815906519,,,0.0,0.0,2.0
28794,0.004621281545134182,0.9981968137489834,0.0,0.1,238.9977806357176,971.3517127577652,1.0,0.0,0.0,0.0,2.0
28795,0.004183981201965393,0.9037399396245249,0.0,0.1,244.71686893542602,970.4337526288936,1.0,0.0,0.0,0.0,2.0
28796,,,,0.1,258.1125633780532,977.6098740452811,1.0,0.0,0.0,0.0,2.0
28797,,,,0.1,262.91152450612003,976.7383055559674,,,0.0,0.0,2.0
28798,0.0019023193171331138,0.4109009725007526,0.0,0.1,273.4554775956037,975.1982702701366,1.0,0.0,0.0,0.0,2.0
28799,0.005053831898944157,1.091627690171938,0.0,0.1,279.32477536077266,974.2349936352637,1.0,0.0,0.0,0.0,2.0
28800,0.0014091764415169984,0.3043821113676717,0.0,0.1,287.735135695112,977.2883345236772,1.0,0.0,0.0,0.0,2.0
28801,0.001886967922065149,0.4075850711660722,0.0,0.1,298.2918638873844,983.4543407460676,1.0,0.0,0.0,0.0,2.0
28802,0.0004814973793878258,0.10400343394777037,0.0,0.1,305.01251153811256,987.7340709446846,1.0,0.0,0.0,0.0,2.0
28803,,,,0.1,315.1240799337115,991.5324301786018,1.0,0.0,0.0,0.0,2.0
28804,,,,0.1,319.39048581802416,990.8295759788989,,,0.0,0.0,2.0
28805,0.0008258620244642862,0.1783861972842858,0.0,0.1,323.072165461265,989.2611602196887,1.0,0.0,0.0,0.0,2.0
28806,0.002034899573062792,0.43953830778156305,0.0,0.1,322.94990366234146,984.5668195110678,1.0,0.0,0.0,0.0,2.0
28807,0.0014333589567039691,0.30960553464805735,0.0,0.1,319.65150686921027,973.5241466067283,1.0,0.0,0.0,0.0,2.0
28808,0.002081753432669803,0.4496587414566775,0.0,0.1,314.24142550332147,959.8761427748652,1.0,0.0,0.0,0.0,2.0
28809,0.001532530704752629,0.33102663222656786,0.0,0.1,308.4131634569909,949.3242270868736,1.0,0.0,0.0,0.0,2.0
28810,0.0003075224957943417,0.0664248590915778,1.0,0.1,305.58827199452594,943.1768233567408,1.0,0.0,0.0,0.0,2.0
28811,0.0005205677212435001,0.11244262778859603,0.0,0.1,304.55442545703784,940.1040532147772,1.0,0.0,0.0,0.0,2.0
28812,0.0008743366282989001,0.1888567117125624,0.0,0.1,301.87270127641955,934.4417183872243,1.0,0.0,0.0,0.0,2.0
28813,0.0009307654325944935,0.2010453334404106,0.0,0.1,298.5972127075994,923.6504669975618,1.0,0.0,0.0,0.0,2.0
28814,,,,0.1,294.0254011537186,913.3641384782034,1.0,0.0,0.0,0.0,2.0
28815,,,,0.1,291.7244809507019,908.3626485301373,,,0.0,0.0,2.0
28816,,,,0.1,294.85749998323263,906.0368572083128,1.0,0.0,0.0,0.0,2.0
28817,,,,0.1,297.18197683363104,894.3311027136352,,,0.0,0.0,2.0
28818,,,,0.1,300.98085892826373,884.9237848733184,,,0.0,0.0,2.0
28819,,,,0.1,299.9411100088277,874.4599252198041,,,0.0,0.0,2.0
28820,0.002323428830857497,0.5018606274652194,0.0,0.1,299.7339911166407,870.9289882138862,1.0,0.0,0.0,0.0,2.0
28821,0.002085553786927039,0.4504796179762404,0.0,0.1,296.4957834738028,859.447980424351,1.0,0.0,0.0,0.0,2.0
28822,,,,0.1,298.0824901788012,845.3108024111439,1.0,0.0,0.0,0.0,2.0
28823,,,,0.1,300.2279502119681,835.3730917938526,,,0.0,0.0,2.0
28824,,,,0.1,302.9199551520921,830.1142017406416,,,0.0,0.0,2.0
28825,0.0018749051582293958,0.4049795141775495,0.0,0.1,308.43046268234406,829.3622927554106,1.0,0.0,0.0,0.0,2.0
28826,0.0035850161088992537,0.7743634795222388,0.0,0.1,319.32460871026626,827.3401775504873,1.0,0.0,0.0,0.0,2.0
28827,0.002762038399581682,0.5966002943096433,0.0,0.1,329.21338712976575,823.7136229969867,1.0,0.0,0.0,0.0,2.0
28828,0.0006735729452282803,0.14549175616930854,0.0,0.1,339.28977151409964,817.8506111872587,1.0,0.0,0.0,0.0,2.0
28829,0.003403765126391734,0.7352132673006145,0.0,0.1,340.2525499169252,813.8124458759642,1.0,0.0,0.0,0.0,2.0
28830,0.0018022581024274315,0.3892877501243252,0.0,0.1,347.15625355168885,810.2469782425926,1.0,0.0,0.0,0.0,2.0
28831,0.0021592544158599686,0.4663989538257532,0.0,0.1,353.54529727041506,806.5450019505239,1.0,0.0,0.0,0.0,2.0
28832,0.0013035785351753473,0.28157296359787504,0.0,0.1,,,1.0,0.0,,,2.0
28833,0.0023523411166231677,0.5081056811906042,0.0,0.1,367.99061622185064,804.2834041265622,1.0,0.0,0.0,0.0,2.0
28834,0.0029167783300571787,0.6300241192923506,0.0,0.1,,,1.0,0.0,,,2.0
28835,0.0030775907864251067,0.6647596098678231,0.0,0.1,373.5612021143389,800.4335520985078,1.0,0.0,0.0,0.0,2.0
28836,0.0016526101538080586,0.3569637932225407,0.0,0.1,376.10981728765296,802.8847631814735,1.0,0.0,0.0,0.0,2.0
28837,0.00015861808835705132,0.034261507085123086,1.0,0.1,384.59373694382197,807.2141203174574,1.0,0.0,0.0,0.0,2.0
28838,0.00165357056627999,0.35717124231647784,0.0,0.1,385.6946293817326,806.4952843032573,1.0,0.0,0.0,0.0,2.0
28839,0.0005111724399513765,0.11041324702949733,0.0,0.1,385.49691838389316,810.2519788734659,1.0,0.0,0.0,0.0,2.0
28840,0.00028545758880876837,0.06165883918269397,1.0,0.1,387.582316556814,808.6822541800623,1.0,0.0,0.0,0.0,2.0
28841,0.00019387004783699997,0.041875930332791994,1.0,0.1,389.8336139058915,807.3941279395668,1.0,0.0,0.0,0.0,2.0
28842,0.0008513119260805515,0.18388337603339913,0.0,0.1,389.84346937357714,805.3283261050449,1.0,0.0,0.0,0.0,2.0
28843,0.0006365369532378569,0.13749198189937709,0.0,0.1,390.1386129847531,802.8151169186918,1.0,0.0,0.0,0.0,2.0
28844,0.000130460267548581,0.028179417790493492,1.0,0.1,390.06502429311996,804.7325169067699,1.0,0.0,0.0,0.0,2.0
28845,0.00027461723920909736,0.05931732366916503,1.0,0.1,389.94403260229063,802.4013579272258,1.0,0.0,0.0,0.0,2.0
28846,0.0001922397321075721,0.041523782135235575,1.0,0.1,390.38042516590934,804.0973263414337,1.0,0.0,0.0,0.0,2.0
28847,0.0007570302174576909,0.16351852697086122,0.0,0.1,390.2864420611348,804.1109423853477,1.0,0.0,0.0,0.0,2.0
28848,0.0003362772119589434,0.07263587778313177,1.0,0.1,390.93024415569914,804.0013347164751,1.0,0.0,0.0,0.0,2.0
28849,0.0009151178897759774,0.19766546419161113,0.0,0.1,388.92320981733326,807.4480428451428,1.0,0.0,0.0,0.0,2.0
28850,0.0005411837171208384,0.11689568289810108,0.0,0.1,380.63605507811013,818.1803472810999,1.0,0.0,0.0,0.0,2.0
28851,0.0009106138001652147,0.1966925808356864,0.0,0.1,376.6217540591754,828.1788291091664,1.0,0.0,0.0,0.0,2.0
28852,0.0010255020472383638,0.2215084422034866,0.0,0.1,377.9927075904681,837.3410539417304,1.0,0.0,0.0,0.0,2.0
28853,0.0014044408986695685,0.3033592341126268,0.0,0.1,378.26526159398225,837.3901272730616,1.0,0.0,0.0,0.0,2.0
28854,0.000551090668675227,0.11903558443384904,0.0,0.1,379.6058872902323,838.9294580485018,1.0,0.0,0.0,0.0,2.0
28855,0.0005360765993041337,0.11579254544969288,0.0,0.1,382.2011873803717,838.91131373494,1.0,0.0,0.0,0.0,2.0
28856,0.00021509341177517686,0.0464601769434382,1.0,0.1,383.495591054771,840.178264172196,1.0,0.0,0.0,0.0,2.0
28857,0.0007645552424322338,0.16514393236536248,0.0,0.1,382.4831159787146,843.7129545992711,1.0,0.0,0.0,0.0,2.0
28858,0.0009706228635772422,0.20965453853268434,0.0,0.1,379.7610391991293,852.9424525581713,1.0,0.0,0.0,0.0,2.0
28859,8.866963265411364e-05,0.019152640653288547,1.0,0.1,380.9568869076367,856.2316540475997,1.0,0.0,0.0,0.0,2.0
28860,0.0008751858430389994,0.18904014209642386,0.0,0.1,381.27256012018273,856.9766347976267,1.0,0.0,0.0,0.0,2.0
28861,0.0008884398049874164,0.19190299787728196,0.0,0.1,380.78167321057276,856.6406180627586,1.0,0.0,0.0,0.0,2.0
28862,0.00015166773990002894,0.032760231818406246,1.0,0.1,382.05327133484474,853.762966371121,1.0,0.0,0.0,0.0,2.0
28863,5.166880485612407e-05,0.0111604618489228,1.0,0.1,385.4719179934895,857.5375321924388,1.0,0.0,0.0,0.0,2.0
28864,0.00030923518847181806,0.06679480070991271,1.0,0.1,390.4467530733375,864.0960092753517,1.0,0.0,0.0,0.0,2.0
28865,0.0010973025399121507,0.23701734862102455,0.0,0.1,392.14445584755504,868.2660942031962,1.0,0.0,0.0,0.0,2.0
28866,0.0005483045349246992,0.11843377954373502,0.0,0.1,395.99365542402165,873.2926959957713,1.0,0.0,0.0,0.0,2.0
28867,0.0020940228116434687,0.45230892731498923,0.0,0.1,394.90901857393044,874.1675118501672,1.0,0.0,0.0,0.0,2.0
28868,0.0015776545887602677,0.34077339117221783,0.0,0.1,400.21967771282374,876.229324512076,1.0,0.0,0.0,0.0,2.0
28869,0.0013345874520833657,0.288270889650007,0.0,0.1,403.1196450088161,877.6004254085278,1.0,0.0,0.0,0.0,2.0
28870,0.0009672748843834465,0.20893137502682443,0.0,0.1,405.18255045755285,875.4790152324359,1.0,0.0,0.0,0.0,2.0
28871,0.002662273836401936,0.5750511486628183,0.0,0.1,411.03897649776513,879.737388475326,1.0,0.0,0.0,0.0,2.0
28872,0.0007229231513418789,0.15615140068984584,0.0,0.1,412.02129095643085,879.5969404256302,1.0,0.0,0.0,0.0,2.0
28873,0.0004730740214541469,0.10218398863409574,0.0,0.1,412.02671003044753,881.4364807577789,1.0,0.0,0.0,0.0,2.0
28874,0.002065222527349115,0.4460880659074089,0.0,0.1,412.29011379834316,882.1501742700335,1.0,0.0,0.0,0.0,2.0
28875,0.0013581385492634683,0.29335792664090915,0.0,0.1,413.42323357653055,884.4552340135759,1.0,0.0,0.0,0.0,2.0
28876,0.0018225138477445811,0.39366299111282954,0.0,0.1,415.2183419383087,891.065878807636,1.0,0.0,0.0,0.0,2.0
28877,0.002083094755796627,0.4499484672520714,0.0,0.1,421.16719800553443,897.4596413096178,1.0,0.0,0.0,0.0,2.0
28878,0.002166802065014646,0.4680292460431635,0.0,0.1,422.62664712981234,899.9037827524011,1.0,0.0,0.0,0.0,2.0
28879,0.0005531556695124928,0.11948162461469844,0.0,0.1,425.0739786003771,904.4266912326431,1.0,0.0,0.0,0.0,2.0
28880,0.0002127004604472405,0.04594329945660395,1.0,0.1,424.8958131801194,907.216075089088,1.0,0.0,0.0,0.0,2.0
28881,0.001051683246283469,0.2271635811972293,0.0,0.1,427.69362020006196,913.8842357561779,1.0,0.0,0.0,0.0,2.0
28882,0.0006749238614979662,0.1457835540835607,0.0,0.1,431.44576937871466,921.1161743151571,1.0,0.0,0.0,0.0,2.0
28883,0.0008767406423101234,0.18937597873898665,0.0,0.1,431.46585520985417,922.2932169932367,1.0,0.0,0.0,0.0,2.0
28884,0.0011591563369476292,0.2503777687806879,0.0,0.1,433.38171961337645,925.987395384194,1.0,0.0,0.0,0.0,2.0
28885,0.0010518973461758402,0.22720982677398147,0.0,0.1,,,1.0,0.0,,,2.0
28886,0.0010819734402575307,0.23370626309562662,0.0,0.1,436.93565240458736,940.3673592301275,1.0,0.0,0.0,0.0,2.0
28887,0.0007298149491682755,0.15764002902034752,0.0,0.1,438.5928573582752,943.5865381176104,1.0,0.0,0.0,0.0,2.0
28888,0.0012979075568471893,0.28034803227899285,0.0,0.1,440.1376496967122,947.8936077154565,1.0,0.0,0.0,0.0,2.0
28889,0.001289302049775879,0.2784892427515898,0.0,0.1,,,1.0,0.0,,,2.0
28890,,,,0.1,,,1.0,0.0,,,2.0
28891,,,,0.1,450.3800546331811,971.8312380138341,,,0.0,0.0,2.0
28892,,,,0.1,,,,,,,2.0
28893,,,,0.1,,,,,,,2.0
28894,0.00024124798997769874,0.052109565835182926,1.0,0.1,,,1.0,0.0,,,2.0
28895,0.0004154955144593502,0.08974703112321965,1.0,0.1,454.1825186634095,987.6979052694479,1.0,0.0,0.0,0.0,2.0
28896,0.0005662953654940495,0.12231979894671469,0.0,0.1,452.00141003755647,988.6676365948115,1.0,0.0,0.0,0.0,2.0
28897,,,,0.1,447.93757844215486,991.8039370020296,1.0,0.0,0.0,0.0,2.0
28898,,,,0.1,441.9895147982182,991.1278867187305,,,0.0,0.0,2.0
28899,,,,0.1,437.1235119542072,991.936478326503,,,0.0,0.0,2.0
28900,,,,0.1,,,,,,,2.0
28901,,,,0.1,,,,,,,2.0
28902,,,,0.1,,,,,,,2.0
28903,,,,0.1,,,,,,,2.0
28904,,,,0.1,,,,,,,2.0
28905,,,,0.1,414.35034935602977,980.9575902107473,,,0.0,0.0,2.0
28906,,,,0.1,416.97547097369954,982.0258402652827,,,0.0,0.0,2.0
28907,,,,0.1,417.9256989880567,978.5223541422212,,,0.0,0.0,2.0
28908,0.0015372399770908877,0.33204383505163176,0.0,0.1,415.595711069174,974.1222725855719,1.0,0.0,0.0,0.0,2.0
28909,0.001195204849085523,0.258164247402473,0.0,0.1,413.77586751067156,972.4735144929349,1.0,0.0,0.0,0.0,2.0
28910,0.00047420632636386624,0.10242856649459511,0.0,0.1,411.2993384592302,973.2662064687726,1.0,0.0,0.0,0.0,2.0
28911,0.0013317999471376529,0.287668788581733,0.0,0.1,408.71398338205404,974.121759079498,1.0,0.0,0.0,0.0,2.0
28912,0.0005911543475293273,0.1276893390663347,0.0,0.1,406.3665663900481,976.3559168709628,1.0,0.0,0.0,0.0,2.0
28913,0.00047059355143673384,0.10164820711033451,0.0,0.1,405.6240580286874,979.2881997594818,1.0,0.0,0.0,0.0,2.0
28914,0.0011967330972274507,0.25849434900112933,0.0,0.1,404.38943095390846,981.7348000982746,1.0,0.0,0.0,0.0,2.0
28915,0.0006944766807143139,0.15000696303429178,0.0,0.1,398.51569918699306,981.4423753266675,1.0,0.0,0.0,0.0,2.0
28916,0.0015250613106245932,0.32941324309491216,0.0,0.1,397.0130513938992,984.0211197751667,1.0,0.0,0.0,0.0,2.0
28917,0.0010785831571463612,0.23297396194361406,0.0,0.1,394.9523512620929,986.8187242291485,1.0,0.0,0.0,0.0,2.0
28918,0.00035680507879955355,0.07706989702070356,1.0,0.1,393.95147509555716,988.923956781569,1.0,0.0,0.0,0.0,2.0
28919,0.0008884527760880682,0.19190579963502274,0.0,0.1,391.5256040735346,988.6640275524428,1.0,0.0,0.0,0.0,2.0
28920,0.0009044847942985769,0.1953687155684926,0.0,0.1,,,1.0,0.0,,,2.0
28921,0.0006910282155887912,0.1492620945671789,0.0,0.1,,,1.0,0.0,,,2.0
28922,0.00048151290364367515,0.10400678718703384,0.0,0.1,383.95001763840156,990.6013564749663,1.0,0.0,0.0,0.0,2.0
28923,0.00033664388060779596,0.07271507821128392,1.0,0.1,384.0625694436729,992.6582964212896,1.0,0.0,0.0,0.0,2.0
28924,0.00038583851325005975,0.08334111886201291,1.0,0.1,381.9247114184131,994.3030225860359,1.0,0.0,0.0,0.0,2.0
28925,0.0005640311913098079,0.12183073732291852,0.0,0.1,380.59504769355715,993.2272071354716,1.0,0.0,0.0,0.0,2.0
28926,0.0008080948581145447,0.17454848935274164,0.0,0.1,375.5798923401146,987.0629560526476,1.0,0.0,0.0,0.0,2.0
28927,0.0004675684316061231,0.1009947812269226,0.0,0.1,372.87817963452306,986.4170802829154,1.0,0.0,0.0,0.0,2.0
28928,0.0006378412968219362,0.1377737201135382,0.0,0.1,374.1940224641292,986.626984300338,1.0,0.0,0.0,0.0,2.0
28929,0.0022860929461615298,0.49379607637089046,0.0,0.1,373.33387173195007,987.2056238041839,1.0,0.0,0.0,0.0,2.0
28930,0.0012939283819232172,0.2794885304954149,0.0,0.1,374.60135646550293,990.7483263675736,1.0,0.0,0.0,0.0,2.0
28931,0.00024726156033417254,0.05340849703218127,1.0,0.1,372.81750788519753,992.3181220229853,1.0,0.0,0.0,0.0,2.0
28932,0.001177950746448742,0.25443736123292826,0.0,0.1,371.6580190142007,994.6218622775443,1.0,0.0,0.0,0.0,2.0
28933,0.00023540423197832022,0.050847314107317174,1.0,0.1,375.80081147348477,1000.3102130564423,1.0,0.0,0.0,0.0,2.0
28934,0.00010784436327611338,0.02329438246764049,1.0,0.1,375.26673546302266,1005.5665856288709,1.0,0.0,0.0,0.0,2.0
28935,0.00044282037643973173,0.09564920131098205,1.0,0.1,376.8070497281774,1012.4181595412241,1.0,0.0,0.0,0.0,2.0
28936,0.00010060255540327534,0.021730151967107474,1.0,0.1,379.89279364572434,1019.5203468016016,1.0,0.0,0.0,0.0,2.0
28937,0.00020605823752668515,0.04450857930576399,1.0,0.1,380.33209369855103,1021.5170957145433,1.0,0.0,0.0,0.0,2.0
28938,0.0003489010996723423,0.07536263752922595,1.0,0.1,380.8196817914293,1024.302022631797,1.0,0.0,0.0,0.0,2.0
28939,0.00033031278210889087,0.07134756093552043,1.0,0.1,381.2664729189832,1028.4083600251195,1.0,0.0,0.0,0.0,2.0
28940,0.00015052913342959514,0.03251429282079255,1.0,0.1,383.6071557631136,1034.0816836960062,1.0,0.0,0.0,0.0,2.0
28941,0.0002961090312716717,0.06395955075468109,1.0,0.1,385.4166965731987,1037.6522688906202,1.0,0.0,0.0,0.0,2.0
28942,0.0006029738868275783,0.1302423595547569,0.0,0.1,387.5110353240773,1042.1727389700143,1.0,0.0,0.0,0.0,2.0
28943,0.0004633937638485607,0.10009305299128911,0.0,0.1,389.87856714655493,1046.0655015606083,1.0,0.0,0.0,0.0,2.0
28944,0.000963421651415481,0.2080990767057439,0.0,0.1,389.90794658533497,1051.6325925110943,1.0,0.0,0.0,0.0,2.0
28945,0.00037715476111520476,0.08146542840088422,1.0,0.1,392.8301458494648,1059.6579270903248,1.0,0.0,0.0,0.0,2.0
28946,0.0021658316222446616,0.467819630404847,0.0,0.1,395.00586015404093,1063.4152158046936,1.0,0.0,0.0,0.0,2.0
28947,0.0002723924928694901,0.05883677845980987,1.0,0.1,396.6508921984629,1069.3509877506303,1.0,0.0,0.0,0.0,2.0
28948,0.0013566579801274575,0.2930381237075308,0.0,0.1,399.75530598521294,1072.9736057206103,1.0,0.0,0.0,0.0,2.0
28949,0.0013163456419498425,0.28433065866116597,0.0,0.1,402.925927152955,1079.26915267651,1.0,0.0,0.0,0.0,2.0
28950,0.0014523540343821973,0.3137084714265546,0.0,0.1,405.450886058835,1083.103381642001,1.0,0.0,0.0,0.0,2.0
28951,0.0029620886624292585,0.6398111510847199,0.0,0.1,,,1.0,0.0,,,2.0
28952,0.002900295595360057,0.6264638485977724,0.0,0.1,,,1.0,0.0,,,2.0
28953,0.0034616348277509445,0.7477131227942041,0.0,0.1,,,1.0,0.0,,,2.0
28954,0.001601255055906111,0.3458710920757199,0.0,0.1,,,1.0,0.0,,,2.0
28955,0.0031135878051820744,0.672534965919328,0.0,0.1,,,1.0,0.0,,,2.0
28956,0.0025233481421051192,0.5450431986947057,0.0,0.1,429.8236608765161,1117.4801109897403,1.0,0.0,0.0,0.0,2.0
28957,0.0020817450462238423,0.4496569299843499,0.0,0.1,,,1.0,0.0,,,2.0
28958,0.0006371047458128806,0.1376146250955822,0.0,0.1,,,1.0,0.0,,,2.0
28959,0.0018445362339082224,0.398419826524176,0.0,0.1,,,1.0,0.0,,,2.0
28960,0.002665880519244308,0.5758301921567706,0.0,0.1,,,1.0,0.0,,,2.0
28961,0.001679017597502479,0.3626678010605355,0.0,0.1,,,1.0,0.0,,,2.0
28962,0.0021084830299666173,0.4554323344727893,0.0,0.1,,,1.0,0.0,,,2.0
28963,0.0009664067834327274,0.20874386522146912,0.0,0.1,,,1.0,0.0,,,2.0
28964,0.0020913121924794726,0.45172343357556605,0.0,0.1,,,1.0,0.0,,,2.0
28965,0.0004993518676169839,0.10786000340526852,0.0,0.1,,,1.0,0.0,,,2.0
28966,0.0030568883200175834,0.660287877123798,0.0,0.1,,,1.0,0.0,,,2.0
28967,0.002293353699170756,0.49536439902088336,0.0,0.1,505.45168647643146,1228.324982594339,1.0,0.0,0.0,0.0,2.0
28968,0.0033766211896483073,0.7293501769640344,0.0,0.1,506.8426704125092,1229.9175716284108,1.0,0.0,0.0,0.0,2.0
28969,0.0038166216195388205,0.8243902698203852,0.0,0.1,509.9735879384035,1232.8011306136832,1.0,0.0,0.0,0.0,2.0
28970,0.002295646905053568,0.4958597314915707,0.0,0.1,515.2907185244786,1237.7767559951856,1.0,0.0,0.0,0.0,2.0
28971,0.0020235612449677745,0.4370892289130393,0.0,0.1,525.1408798712685,1249.8742124378475,1.0,0.0,0.0,0.0,2.0
28972,0.0018566360119977121,0.4010333785915058,0.0,0.1,,,1.0,0.0,,,2.0
28973,0.002519785423880855,0.5442736515582647,0.0,0.1,,,1.0,0.0,,,2.0
28974,0.002220921125457889,0.4797189630989041,0.0,0.1,,,1.0,0.0,,,2.0
28975,0.002424170413960025,0.5236208094153655,0.0,0.1,,,1.0,0.0,,,2.0
28976,0.000750474078319847,0.16210240091708697,0.0,0.1,,,1.0,0.0,,,2.0
28977,0.0005004627217813956,0.10809994790478146,0.0,0.1,,,1.0,0.0,,,2.0
28978,0.0008468531833383795,0.18292028760108997,0.0,0.1,,,1.0,0.0,,,2.0
28979,0.0009152505994480404,0.19769412948077672,0.0,0.1,,,1.0,0.0,,,2.0
28980,0.0007325462773148368,0.15822999590000475,0.0,0.1,,,1.0,0.0,,,2.0
28981,0.00048080435196700853,0.10385374002487384,0.0,0.1,,,1.0,0.0,,,2.0
28982,0.0010446885420724672,0.2256527250876529,0.0,0.1,,,1.0,0.0,,,2.0
28983,0.0006825745573513136,0.14743610438788374,0.0,0.1,,,1.0,0.0,,,2.0
28984,0.0005244743486313781,0.11328645930437768,0.0,0.1,538.2776070639862,1262.4641109458728,1.0,0.0,0.0,0.0,2.0
28985,0.0013055773157112176,0.28200470019362306,0.0,0.1,532.5775321189441,1256.5755996595765,1.0,0.0,0.0,0.0,2.0
28986,9.118747137790372e-05,0.019696493817627204,1.0,0.1,531.7362154832722,1254.7373927737406,1.0,0.0,0.0,0.0,2.0
28987,0.00037248227665326637,0.08045617175710554,1.0,0.1,531.4301529912716,1253.7732846126696,1.0,0.0,0.0,0.0,2.0
28988,0.000449067327615537,0.096998542764956,1.0,0.1,530.7290890886835,1253.278824261979,1.0,0.0,0.0,0.0,2.0
28989,0.00024956441403677077,0.05390591343194249,1.0,0.1,527.603780638293,1249.5908123072197,1.0,0.0,0.0,0.0,2.0
28990,0.0009973923843177525,0.21543675501263454,0.0,0.1,517.7554856347865,1235.629700588532,1.0,0.0,0.0,0.0,2.0
28991,0.002154966737450862,0.4654728152893863,0.0,0.1,512.1860733433454,1224.7190927538882,1.0,0.0,0.0,0.0,2.0
28992,0.0017807452868189393,0.38464098195289087,0.0,0.1,501.6214057647874,1204.354010577685,1.0,0.0,0.0,0.0,2.0
28993,0.001208386737198087,0.2610115352347868,0.0,0.1,495.3728572538801,1189.4487416840598,1.0,0.0,0.0,0.0,2.0
28994,0.0006024963886252677,0.13013921994305783,0.0,0.1,484.1977797382924,1169.1670429600465,1.0,0.0,0.0,0.0,2.0
28995,0.0014414784639873754,0.3113593482212731,0.0,0.1,479.85832896795574,1160.4675276781682,1.0,0.0,0.0,0.0,2.0
28996,0.001562497277464416,0.33749941193231386,0.0,0.1,473.2362283365358,1143.8821791706316,1.0,0.0,0.0,0.0,2.0
28997,0.0016977794178162707,0.36672035424831445,0.0,0.1,,,1.0,0.0,,,2.0
28998,0.0010712128398519627,0.23138197340802394,0.0,0.1,470.2376054459093,1133.3152688659031,1.0,0.0,0.0,0.0,2.0
28999,0.0010826241542596091,0.23384681732007556,0.0,0.1,464.14462134820093,1125.5406061109236,1.0,0.0,0.0,0.0,2.0
29000,0.0009085050143987594,0.19623708311013205,0.0,0.1,458.3700378236453,1119.934865520405,1.0,0.0,0.0,0.0,2.0
29001,0.0008353618039872329,0.1804381496612423,0.0,0.1,451.6588902121167,1107.3730484714656,1.0,0.0,0.0,0.0,2.0
29002,0.0019521220682355625,0.4216583667388815,0.0,0.1,,,1.0,0.0,,,2.0
29003,0.0004828287891561795,0.10429101845773477,0.0,0.1,435.64595531988505,1080.059559664445,1.0,0.0,0.0,0.0,2.0
29004,0.0006809121159527715,0.14707701704579862,0.0,0.1,,,1.0,0.0,,,2.0
29005,0.000991613245900133,0.21418846111442877,0.0,0.1,,,1.0,0.0,,,2.0
29006,0.0012104900766287726,0.26146585655181487,0.0,0.1,,,1.0,0.0,,,2.0
29007,0.0017102837545199603,0.36942129097631143,0.0,0.1,,,1.0,0.0,,,2.0
29008,0.0003569557003887857,0.07710243128397772,1.0,0.1,,,1.0,0.0,,,2.0
29009,0.0006291331496614906,0.13589276032688197,0.0,0.1,,,1.0,0.0,,,2.0
29010,0.000534482213587312,0.11544815813485938,0.0,0.1,,,1.0,0.0,,,2.0
29011,0.0011005296005023786,0.23771439370851374,0.0,0.1,427.1724399324191,1054.0209974503966,1.0,0.0,0.0,0.0,2.0
29012,0.0005792577656005687,0.12511967736972285,0.0,0.1,428.6452381295191,1055.4486334018372,1.0,0.0,0.0,0.0,2.0
29013,0.00024032028588627185,0.051909181751434726,1.0,0.1,428.96074946829594,1055.4334876472528,1.0,0.0,0.0,0.0,2.0
29014,0.0006026441291539465,0.13017113189725243,0.0,0.1,429.6012337335612,1056.6963682897583,1.0,0.0,0.0,0.0,2.0
29015,0.0007288964221610827,0.15744162718679386,0.0,0.1,429.2997683775078,1055.9118117220125,1.0,0.0,0.0,0.0,2.0
29016,0.0004086822872490996,0.08827537404580552,1.0,0.1,429.56622371925624,1056.241724240604,1.0,0.0,0.0,0.0,2.0
29017,0.0003222146992334808,0.06959837503443186,1.0,0.1,429.52967754430824,1056.273367896467,1.0,0.0,0.0,0.0,2.0
29018,0.0005317711442497404,0.11486256715794392,0.0,0.1,429.5320554309121,1056.5124264067558,1.0,0.0,0.0,0.0,2.0
29019,0.000304772128585415,0.06583077977444965,1.0,0.1,429.8388025854013,1056.1640857665466,1.0,0.0,0.0,0.0,2.0
29020,0.0007690186047327748,0.16610801862227936,0.0,0.1,429.7462162582189,1056.233770140665,1.0,0.0,0.0,0.0,2.0
29021,0.0004865429585917905,0.10509327905582674,0.0,0.1,429.4396728098578,1056.0210298857169,1.0,0.0,0.0,0.0,2.0
29022,8.75159844079152e-05,0.01890345263210968,1.0,0.1,429.01193722975574,1056.0503713564829,1.0,0.0,0.0,0.0,2.0
29023,8.041901305285267e-05,0.017370506819416178,1.0,0.1,428.778728083534,1055.8014635047637,1.0,0.0,0.0,0.0,2.0
29024,8.708443035182894e-05,0.01881023695599505,1.0,0.1,428.82458983410754,1055.8371002324664,1.0,0.0,0.0,0.0,2.0
29025,0.0005286002570878555,0.1141776555309768,0.0,0.1,429.38484919786526,1056.0475711943063,1.0,0.0,0.0,0.0,2.0
29026,9.013581694938222e-05,0.019469336461066564,1.0,0.1,429.4439762595616,1056.2943590136033,1.0,0.0,0.0,0.0,2.0
29027,0.0005944602271454812,0.12840340906342396,0.0,0.1,429.19271020322833,1055.9187167123666,1.0,0.0,0.0,0.0,2.0
29028,0.0008124764929352099,0.17549492247400536,0.0,0.1,428.1775115224435,1053.996496441903,1.0,0.0,0.0,0.0,2.0
29029,0.0004269843353391372,0.09222861643325363,1.0,0.1,415.56923606649707,1042.7115966499407,1.0,0.0,0.0,0.0,2.0
29030,0.0017468098044650427,0.37731091776444925,0.0,0.1,410.30971464565766,1033.9012421911177,1.0,0.0,0.0,0.0,2.0
29031,0.0025173179079092797,0.5437406681084044,0.0,0.1,407.3116187377336,1028.9727530192197,1.0,0.0,0.0,0.0,2.0
29032,0.001110918581177459,0.23995841353433114,0.0,0.1,404.47998973978014,1020.0710082442146,1.0,0.0,0.0,0.0,2.0
29033,0.0007669653999454864,0.16566452638822507,0.0,0.1,403.88515040539426,1015.6485117165009,1.0,0.0,0.0,0.0,2.0
29034,0.0021444228759257863,0.4631953411999699,0.0,0.1,400.8616900500642,1007.0753061890247,1.0,0.0,0.0,0.0,2.0
29035,0.0010531670996234569,0.2274840935186667,0.0,0.1,396.31933242919126,996.4672856499952,1.0,0.0,0.0,0.0,2.0
29036,0.0018878086865225093,0.40776667628886204,0.0,0.1,397.1854764156356,993.8347991793921,1.0,0.0,0.0,0.0,2.0
29037,0.0013812109560107234,0.2983415664983163,0.0,0.1,393.03303415016137,985.034080675258,1.0,0.0,0.0,0.0,2.0
29038,0.0011213865954506196,0.24221950461733383,0.0,0.1,389.41417707988654,978.7888891129679,1.0,0.0,0.0,0.0,2.0
29039,0.0005748797294903605,0.12417402156991787,0.0,0.1,,,1.0,0.0,,,2.0
29040,0.001570322832531713,0.33918973182685,0.0,0.1,,,1.0,0.0,,,2.0
29041,0.0012109139300807241,0.2615574088974364,0.0,0.1,384.5669992354835,961.882672845532,1.0,0.0,0.0,0.0,2.0
29042,0.0010657103315207857,0.2301934316084897,0.0,0.1,381.2793705603411,953.0206374575162,1.0,0.0,0.0,0.0,2.0
29043,0.0007626932075329058,0.16474173282710766,0.0,0.1,385.17204907651654,949.043903008556,1.0,0.0,0.0,0.0,2.0
29044,0.0005636025836763259,0.12173815807408639,0.0,0.1,382.66402753905163,945.0916802923493,1.0,0.0,0.0,0.0,2.0
29045,0.0009824084538899752,0.21220022604023467,0.0,0.1,380.13086681655255,943.0559830531053,1.0,0.0,0.0,0.0,2.0
29046,0.0005185448667968026,0.11200569122810937,0.0,0.1,375.253502310411,934.9701823567328,1.0,0.0,0.0,0.0,2.0
29047,0.00022884250922026994,0.04942998199157831,1.0,0.1,375.51053109513776,932.2155400776833,1.0,0.0,0.0,0.0,2.0
29048,0.000676345502104994,0.1460906284546787,0.0,0.1,375.8960969088811,927.5665405560936,1.0,0.0,0.0,0.0,2.0
29049,0.0007018816545286379,0.1516064373781858,0.0,0.1,377.09121778798163,925.8754567102561,1.0,0.0,0.0,0.0,2.0
29050,0.003063888056431233,0.6617998201891463,0.0,0.1,381.03346238324644,920.172246788305,1.0,0.0,0.0,0.0,2.0
29051,0.0013079948418117536,0.2825268858313388,0.0,0.1,384.5477245842932,914.3793900734164,1.0,0.0,0.0,0.0,2.0
29052,0.001955501894435368,0.4223884091980395,0.0,0.1,389.5912661595501,909.5074111114458,1.0,0.0,0.0,0.0,2.0
29053,0.001127433766576506,0.24352569358052528,0.0,0.1,390.0979514323821,902.8692613253727,1.0,0.0,0.0,0.0,2.0
29054,0.00038610807194796606,0.08339934354076067,1.0,0.1,390.23283928501195,899.9422839887036,1.0,0.0,0.0,0.0,2.0
29055,0.0002709979046620425,0.05853554740700118,1.0,0.1,394.8320117435965,896.2915723401775,1.0,0.0,0.0,0.0,2.0
29056,0.0018222241851476495,0.3936004239918923,0.0,0.1,,,1.0,0.0,,,2.0
29057,0.001786194316409964,0.38581797234455223,0.0,0.1,,,1.0,0.0,,,2.0
29058,0.0013116720755834725,0.28332116832603005,0.0,0.1,,,1.0,0.0,,,2.0
29059,0.0019876445172044193,0.42933121571615457,0.0,0.1,401.7095750497695,889.4444064043741,1.0,0.0,0.0,0.0,2.0
29060,0.0020267214872159564,0.4377718412386466,0.0,0.1,403.62207070507856,888.4166776538009,1.0,0.0,0.0,0.0,2.0
29061,0.0027769502735073446,0.5998212590775865,0.0,0.1,405.5307629142662,894.5594930767695,1.0,0.0,0.0,0.0,2.0
29062,0.001016678720853384,0.21960260370433093,0.0,0.1,408.7172336951693,896.1997607911477,1.0,0.0,0.0,0.0,2.0
29063,0.000680863302568376,0.14706647335476922,0.0,0.1,409.22766804053765,895.4575211314494,1.0,0.0,0.0,0.0,2.0
29064,0.0003942528057077184,0.08515860603286718,1.0,0.1,410.837136053226,898.1439561751444,1.0,0.0,0.0,0.0,2.0
29065,0.0012743949841922404,0.27526931658552395,0.0,0.1,412.0679047442726,905.571975733337,1.0,0.0,0.0,0.0,2.0
29066,0.00045219615354418017,0.09767436916554292,1.0,0.1,415.6568249842754,910.2096099711433,1.0,0.0,0.0,0.0,2.0
29067,0.00032837868771567514,0.07092979654658584,1.0,0.1,418.83978148867436,911.1514412374586,1.0,0.0,0.0,0.0,2.0
29068,0.002377964142710235,0.5136402548254108,0.0,0.1,422.46671119760725,918.0641173851928,1.0,0.0,0.0,0.0,2.0
29069,0.0006661373046903182,0.14388565781310875,0.0,0.1,425.559148153754,921.4438586604315,1.0,0.0,0.0,0.0,2.0
29070,0.001048561829160301,0.22648935509862503,0.0,0.1,425.9976662680499,926.8969799491555,1.0,0.0,0.0,0.0,2.0
29071,0.0005788941620147193,0.12504113899517938,0.0,0.1,427.73590880261816,929.5110559109494,1.0,0.0,0.0,0.0,2.0
29072,0.00045756128944667344,0.09883323852048147,1.0,0.1,429.6016757513509,932.8861201902909,1.0,0.0,0.0,0.0,2.0
29073,0.0010869375961057505,0.23477852075884212,0.0,0.1,432.61162626063685,936.5012745724396,1.0,0.0,0.0,0.0,2.0
29074,0.0006409317474463689,0.13844125744841568,0.0,0.1,434.21684412372394,942.3433401310606,1.0,0.0,0.0,0.0,2.0
29075,0.0003231665216317311,0.0698039686724539,1.0,0.1,435.0872765108314,949.7886188449003,1.0,0.0,0.0,0.0,2.0
29076,0.0004512976766890326,0.09748029816483103,1.0,0.1,,,1.0,0.0,,,2.0
29077,0.0001743349788478851,0.037656355431143186,1.0,0.1,436.2589899292108,958.9182605446431,1.0,0.0,0.0,0.0,2.0
29078,0.0005519528461721027,0.1192218147731742,0.0,0.1,,,1.0,0.0,,,2.0
29079,0.00010696259182344008,0.02310391983386306,1.0,0.1,,,1.0,0.0,,,2.0
29080,0.0001223387923133845,0.02642517913969105,1.0,0.1,,,1.0,0.0,,,2.0
29081,0.0007422880781010727,0.1603342248698317,0.0,0.1,,,1.0,0.0,,,2.0
29082,0.0010903810481157365,0.23552230639299912,0.0,0.1,,,1.0,0.0,,,2.0
29083,0.0006660420024841865,0.1438650725365843,0.0,0.1,,,1.0,0.0,,,2.0
29084,0.00014700465966046726,0.03175300648666093,1.0,0.1,,,1.0,0.0,,,2.0
29085,0.00022701439779402268,0.049035109923508895,1.0,0.1,,,1.0,0.0,,,2.0
29086,0.00014253834086256736,0.03078828162631455,1.0,0.1,,,1.0,0.0,,,2.0
29087,0.0006946859811885291,0.1500521719367223,0.0,0.1,,,1.0,0.0,,,2.0
29088,0.00038727412598215023,0.08365121121214446,1.0,0.1,,,1.0,0.0,,,2.0
29089,0.00028945007431346886,0.06252121605170928,1.0,0.1,446.2582265798251,1003.5808851381016,1.0,0.0,0.0,0.0,2.0
29090,0.000494188088514592,0.10674462711915188,0.0,0.1,,,1.0,0.0,,,2.0
29091,0.00033371804213079705,0.07208309710025217,1.0,0.1,445.5480294362727,1003.2763504042837,1.0,0.0,0.0,0.0,2.0
29092,8.70012105416792e-05,0.01879226147700271,1.0,0.1,,,1.0,0.0,,,2.0
29093,0.0004598354430417602,0.09932445569702021,1.0,0.1,,,1.0,0.0,,,2.0
29094,0.0006085159576501382,0.13143944685242986,0.0,0.1,437.7371092827563,1006.502932510653,1.0,0.0,0.0,0.0,2.0
29095,,,,0.1,,,1.0,0.0,,,2.0
29096,,,,0.1,,,,,,,2.0
29097,,,,0.1,,,,,,,2.0
29098,,,,0.1,,,,,,,2.0
29099,,,,0.1,419.7938413807931,994.221566854969,,,0.0,0.0,2.0
29100,,,,0.1,,,,,,,2.0
29101,,,,0.1,,,,,,,2.0
29102,,,,0.1,416.1529816201076,989.4022116183558,,,0.0,0.0,2.0
29103,,,,0.1,,,,,,,2.0
29104,,,,0.1,420.67121303970333,984.0948092485041,,,0.0,0.0,2.0
29105,,,,0.1,423.75581294426297,982.5381645715428,,,0.0,0.0,2.0
29106,,,,0.1,424.6289180737278,979.8753095878637,,,0.0,0.0,2.0
29107,,,,0.1,424.16212340848307,978.9935127599309,,,0.0,0.0,2.0
29108,,,,0.1,423.6842747650129,977.5439734289359,,,0.0,0.0,2.0
29109,,,,0.1,421.96474797166877,975.9713391184374,,,0.0,0.0,2.0
29110,,,,0.1,418.88550914239005,976.0068396699132,,,0.0,0.0,2.0
29111,,,,0.1,417.5562635060133,975.1763818222572,,,0.0,0.0,2.0
29112,,,,0.1,416.78049959180487,973.9460654636993,,,0.0,0.0,2.0
29113,,,,0.1,414.1535064901941,972.0741003528445,,,0.0,0.0,2.0
29114,,,,0.1,,,,,,,2.0
29115,0.0011129766664833808,0.24040295996041025,0.0,0.1,409.4741563001077,983.4609734571208,1.0,0.0,0.0,0.0,2.0
29116,0.0004154074936830296,0.0897280186355344,1.0,0.1,408.6334608820273,987.6621477504333,1.0,0.0,0.0,0.0,2.0
29117,0.0025373400507214205,0.5480654509558268,0.0,0.1,408.97414517542654,987.9465885672685,1.0,0.0,0.0,0.0,2.0
29118,0.0009038435031669354,0.19523019668405805,0.0,0.1,405.36028508494627,989.5505928145628,1.0,0.0,0.0,0.0,2.0
29119,0.0016100840293404972,0.3477781503375474,0.0,0.1,,,1.0,0.0,,,2.0
29120,0.0016089090439480047,0.34752435349276906,0.0,0.1,394.32917055556976,986.5935658507503,1.0,0.0,0.0,0.0,2.0
29121,0.003122944024064942,0.6745559091980275,0.0,0.1,391.6175839383953,984.1348412075113,1.0,0.0,0.0,0.0,2.0
29122,0.002339736829862721,0.5053831552503477,0.0,0.1,383.2374933036233,979.336696753172,1.0,0.0,0.0,0.0,2.0
29123,0.0017699646661759197,0.3823123678939987,0.0,0.1,375.80410152028446,973.7912128665333,1.0,0.0,0.0,0.0,2.0
29124,0.0025690153350059687,0.5549073123612893,0.0,0.1,372.173358721544,974.5195419538843,1.0,0.0,0.0,0.0,2.0
29125,0.00041627829859758157,0.08991611249707762,1.0,0.1,367.708269564533,979.5771926734573,1.0,0.0,0.0,0.0,2.0
29126,0.0015559812401769533,0.33609194787822194,0.0,0.1,366.2880029180741,981.4719350594734,1.0,0.0,0.0,0.0,2.0
29127,,,,0.1,368.89082249168825,990.0841204659503,1.0,0.0,0.0,0.0,2.0
29128,,,,0.1,374.00340396908734,1008.8008624629942,,,0.0,0.0,2.0
29129,0.0008761936491652826,0.18925782821970102,0.0,0.1,377.84996906021644,1025.8456278222625,1.0,0.0,0.0,0.0,2.0
29130,0.0010079231762636068,0.21771140607293907,0.0,0.1,379.4815439791068,1032.191574675094,1.0,0.0,0.0,0.0,2.0
29131,0.0021854974266315055,0.47206744415240526,0.0,0.1,380.460445524327,1041.3530271089896,1.0,0.0,0.0,0.0,2.0
29132,0.0025023976269813123,0.5405178874279635,0.0,0.1,378.1216217047832,1041.6635644658263,1.0,0.0,0.0,0.0,2.0
29133,0.0011483741012551394,0.2480488058711101,0.0,0.1,369.7333121085019,1034.6199876828618,1.0,0.0,0.0,0.0,2.0
29134,0.0011742731485479391,0.2536430000863549,0.0,0.1,361.38669078641556,1029.2643827954714,1.0,0.0,0.0,0.0,2.0
29135,0.0012861667451996542,0.2778120169631253,0.0,0.1,359.133468446223,1029.343320601233,1.0,0.0,0.0,0.0,2.0
29136,0.00042138894551205274,0.0910200122306034,1.0,0.1,354.7930032983879,1029.4255302999727,1.0,0.0,0.0,0.0,2.0
29137,0.0011765058399961152,0.25412526143916087,0.0,0.1,354.00134136498843,1032.87435610056,1.0,0.0,0.0,0.0,2.0
29138,0.0007384764603590725,0.15951091543755969,0.0,0.1,354.2296450067229,1035.537355846238,1.0,0.0,0.0,0.0,2.0
29139,0.0013253759894742755,0.2862812137264435,0.0,0.1,353.06431565517005,1037.1943685236272,1.0,0.0,0.0,0.0,2.0
29140,0.0006470771613478068,0.13976866685112627,0.0,0.1,352.81467095299803,1039.2112036511699,1.0,0.0,0.0,0.0,2.0
29141,0.0005304057260396035,0.11456763682455437,0.0,0.1,353.4312402360659,1039.4815793897938,1.0,0.0,0.0,0.0,2.0
29142,0.00018937959369277012,0.04090599223763835,1.0,0.1,355.5613820787804,1041.50530448606,1.0,0.0,0.0,0.0,2.0
29143,0.00010980571990911997,0.023718035500369914,1.0,0.1,356.67156649976664,1040.446372614221,1.0,0.0,0.0,0.0,2.0
29144,0.00029134637308281654,0.06293081658588837,1.0,0.1,356.56091526510556,1039.9106817869592,1.0,0.0,0.0,0.0,2.0
29145,0.0004982210976978245,0.1076157571027301,0.0,0.1,357.41452306103207,1040.532645682682,1.0,0.0,0.0,0.0,2.0
29146,0.0008516845679207998,0.18396386667089276,0.0,0.1,358.57965509003725,1041.562197984094,1.0,0.0,0.0,0.0,2.0
29147,0.0003371880006526714,0.07283260814097703,1.0,0.1,360.43225896453833,1042.8155043009322,1.0,0.0,0.0,0.0,2.0
29148,8.830406465990849e-05,0.019073677966540234,1.0,0.1,362.86655772724583,1044.8252068746924,1.0,0.0,0.0,0.0,2.0
29149,7.630710226385233e-05,0.016482334088992103,1.0,0.1,364.4471918839763,1046.4173847934558,1.0,0.0,0.0,0.0,2.0
29150,0.0001037122590033237,0.022401847944717918,1.0,0.1,364.32241296445926,1046.320248078792,1.0,0.0,0.0,0.0,2.0
29151,2.1594156598861296e-05,0.00466433782535404,1.0,0.1,363.6461094632782,1045.737566589482,1.0,0.0,0.0,0.0,2.0
29152,0.00013787581577451186,0.029781176207294563,1.0,0.1,363.96185524445644,1045.144251468497,1.0,0.0,0.0,0.0,2.0
29153,0.0003481056327608483,0.07519081667634324,1.0,0.1,364.6776138903315,1045.9343271343514,1.0,0.0,0.0,0.0,2.0
29154,0.001690421682949388,0.3651310835170678,0.0,0.1,365.0640454454747,1045.5585314869243,1.0,0.0,0.0,0.0,2.0
29155,0.0003470688400815669,0.07496686945761845,1.0,0.1,364.77062356828424,1045.30859860968,1.0,0.0,0.0,0.0,2.0
29156,0.0008016136124545082,0.17314854029017376,0.0,0.1,365.4097363292794,1045.7927035131154,1.0,0.0,0.0,0.0,2.0
29157,0.0017326819906931606,0.37425930998972273,0.0,0.1,364.5167832793834,1045.9309249493983,1.0,0.0,0.0,0.0,2.0
29158,0.0012972012180549944,0.2801954630998788,0.0,0.1,364.48135348952655,1048.0253577283302,1.0,0.0,0.0,0.0,2.0
29159,0.0013650442767883643,0.2948495637862867,0.0,0.1,365.8681950562916,1054.7524384551064,1.0,0.0,0.0,0.0,2.0
29160,0.002314865308945476,0.5000109067322228,0.0,0.1,365.07399767341207,1055.666108387774,1.0,0.0,0.0,0.0,2.0
29161,0.0014869907760811762,0.32119000763353406,0.0,0.1,361.5765017120293,1053.1551099996843,1.0,0.0,0.0,0.0,2.0
29162,0.0012303985408569197,0.2657660848250947,0.0,0.1,359.4781004123376,1051.0559977758592,1.0,0.0,0.0,0.0,2.0
29163,0.00038224531574309863,0.0825649882005093,1.0,0.1,351.16260166436047,1042.574800093358,1.0,0.0,0.0,0.0,2.0
29164,0.001238856141132609,0.26759292648464356,0.0,0.1,343.37415219616673,1030.5761373814873,1.0,0.0,0.0,0.0,2.0
29165,6.898602848134375e-05,0.01490098215197025,1.0,0.1,339.077611621326,1023.440829589571,1.0,0.0,0.0,0.0,2.0
29166,0.0011481326925159524,0.24799666158344572,0.0,0.1,336.8438014965567,1020.7564994035766,1.0,0.0,0.0,0.0,2.0
29167,0.00021316644249654595,0.04604395157925393,1.0,0.1,333.76593307923156,1017.7656150084251,1.0,0.0,0.0,0.0,2.0
29168,0.00025714379607683747,0.055543059952596896,1.0,0.1,330.0551842336378,1012.5329148893255,1.0,0.0,0.0,0.0,2.0
29169,0.00034498749267674385,0.07451729841817667,1.0,0.1,324.92512188648016,1007.366255351538,1.0,0.0,0.0,0.0,2.0
29170,0.000643640241293664,0.1390262921194314,0.0,0.1,321.20001858905516,1001.1690248015693,1.0,0.0,0.0,0.0,2.0
29171,0.00042343375001980746,0.09146169000427841,1.0,0.1,318.10820759236356,996.6015894512794,1.0,0.0,0.0,0.0,2.0
29172,0.0008447661066920965,0.18246947904549285,0.0,0.1,310.0156345153357,984.5584705309303,1.0,0.0,0.0,0.0,2.0
29173,0.00036841697346857457,0.0795780662692121,1.0,0.1,303.6974006115827,976.8821981393397,1.0,0.0,0.0,0.0,2.0
29174,0.00034359744318470054,0.07421704772789531,1.0,0.1,298.85765510143995,970.1671321610866,1.0,0.0,0.0,0.0,2.0
29175,0.00048170839803459234,0.10404901397547195,0.0,0.1,296.32572803450626,966.3364059735912,1.0,0.0,0.0,0.0,2.0
29176,0.0002100262434167763,0.04536566857802368,1.0,0.1,294.0777513115695,962.4245982648708,1.0,0.0,0.0,0.0,2.0
29177,0.0004610621794363504,0.09958943075825169,1.0,0.1,292.40923435767525,960.243076165371,1.0,0.0,0.0,0.0,2.0
29178,0.0002655843216368301,0.0573662134735553,1.0,0.1,290.84382869541844,958.7418839692432,1.0,0.0,0.0,0.0,2.0
29179,0.00022471966805452532,0.04853944829977747,1.0,0.1,289.8865005971847,959.4060623501097,1.0,0.0,0.0,0.0,2.0
29180,0.00036133816757448836,0.07804904419608949,1.0,0.1,289.27447832252534,959.3130141116292,1.0,0.0,0.0,0.0,2.0
29181,0.00013143922724751916,0.02839087308546414,1.0,0.1,288.8137074185296,959.0296234640579,1.0,0.0,0.0,0.0,2.0
29182,0.0001669034673177736,0.0360511489406391,1.0,0.1,287.90867738180907,959.1931409446413,1.0,0.0,0.0,0.0,2.0
29183,0.000248417621911132,0.05365820633280451,1.0,0.1,288.02468153485734,960.3925992321713,1.0,0.0,0.0,0.0,2.0
29184,0.0002042982780864891,0.04412842806668165,1.0,0.1,287.82164955453106,960.462406882167,1.0,0.0,0.0,0.0,2.0
29185,0.0001044034972534702,0.02255115540674956,1.0,0.1,287.04801835839163,961.0404629236219,1.0,0.0,0.0,0.0,2.0
29186,9.4283433344304e-05,0.020365221602369664,1.0,0.1,288.1143733458037,961.9040982788825,1.0,0.0,0.0,0.0,2.0
29187,0.00012097089850875003,0.02612971407789001,1.0,0.1,288.62531293565104,962.4558316535621,1.0,0.0,0.0,0.0,2.0
29188,6.828442039655311e-05,0.014749434805655472,1.0,0.1,288.2038987284548,962.6134258822153,1.0,0.0,0.0,0.0,2.0
29189,7.995362513553288e-05,0.017269983029275102,1.0,0.1,288.026694744485,962.9095384305464,1.0,0.0,0.0,0.0,2.0
29190,0.0003905911441829397,0.08436768714351497,1.0,0.1,287.8285346625583,962.4763800439301,1.0,0.0,0.0,0.0,2.0
29191,3.887472805582673e-05,0.008396941260058573,1.0,0.1,287.57809169503406,962.687378385197,1.0,0.0,0.0,0.0,2.0
29192,2.2690941586282042e-05,0.004901243382636921,1.0,0.1,287.6587315600242,962.8243103686987,1.0,0.0,0.0,0.0,2.0
29193,0.00013858486742039533,0.029934331362805395,1.0,0.1,287.40580608715334,961.924239995608,1.0,0.0,0.0,0.0,2.0
29194,0.0002538541475176518,0.054832495863812794,1.0,0.1,287.1022485560734,961.7168414798338,1.0,0.0,0.0,0.0,2.0
29195,0.00018884151546977193,0.04078976734147074,1.0,0.1,286.70009627741643,961.4462870862307,1.0,0.0,0.0,0.0,2.0
29196,0.0005200211485226408,0.1123245680808904,0.0,0.1,286.7937325717463,961.0216672601254,1.0,0.0,0.0,0.0,2.0
29197,0.0005831164684687184,0.1259531571892432,0.0,0.1,286.64572918444657,961.1449661061345,1.0,0.0,0.0,0.0,2.0
29198,0.000367325104902159,0.07934222265886635,1.0,0.1,286.8816872418367,962.1253957993952,1.0,0.0,0.0,0.0,2.0
29199,4.9839847863421685e-05,0.010765407138499083,1.0,0.1,286.6672383146321,961.5992046645624,1.0,0.0,0.0,0.0,2.0
29200,0.00031759039960803105,0.06859952631533471,1.0,0.1,287.2976775233111,961.0548480867561,1.0,0.0,0.0,0.0,2.0
29201,0.00012589405339868558,0.027193115534116085,1.0,0.1,287.3406403233411,961.213242773552,1.0,0.0,0.0,0.0,2.0
29202,0.0001847550355468147,0.03990708767811198,1.0,0.1,287.795593507769,961.452494290365,1.0,0.0,0.0,0.0,2.0
29203,0.00018853957874296161,0.04072454900847971,1.0,0.1,288.56461851336076,961.1047419476847,1.0,0.0,0.0,0.0,2.0
29204,0.00026263971939388404,0.056730179389078955,1.0,0.1,288.4537510169831,961.0969491095757,1.0,0.0,0.0,0.0,2.0
29205,0.00011548859684249362,0.02494553691797862,1.0,0.1,288.56807006094573,960.6378400294752,1.0,0.0,0.0,0.0,2.0
29206,6.029059399064867e-05,0.013022768301980112,1.0,0.1,288.37214463032285,960.062506780427,1.0,0.0,0.0,0.0,2.0
29207,0.0002160852631336135,0.04667441683686052,1.0,0.1,288.43505790090956,960.3164026528345,1.0,0.0,0.0,0.0,2.0
29208,4.15909912511351e-05,0.008983654110245182,1.0,0.1,288.0300471886971,959.6115910651032,1.0,0.0,0.0,0.0,2.0
29209,0.00025713424268543583,0.05554099642005414,1.0,0.1,286.99586218935576,958.1227036112839,1.0,0.0,0.0,0.0,2.0
29210,0.00013410027365304842,0.028965659109058458,1.0,0.1,287.07023828851084,957.3473480432051,1.0,0.0,0.0,0.0,2.0
29211,0.0003387511824300352,0.0731702554048876,1.0,0.1,288.7686448052725,958.5899317026028,1.0,0.0,0.0,0.0,2.0
29212,0.0008800285695207961,0.19008617101649197,0.0,0.1,290.69496286356014,958.6816054829717,1.0,0.0,0.0,0.0,2.0
29213,0.0013952750254637837,0.3013794055001773,0.0,0.1,287.88510326365764,950.4899583776804,1.0,0.0,0.0,0.0,2.0
29214,0.0005547053700274993,0.11981635992593985,0.0,0.1,288.8399951773922,947.0163677773422,1.0,0.0,0.0,0.0,2.0
29215,0.0005099072378141912,0.11013996336786529,0.0,0.1,290.9630328459072,945.0857925452453,1.0,0.0,0.0,0.0,2.0
29216,0.0002808123021235697,0.06065545725869106,1.0,0.1,291.4539758703906,943.5126591029634,1.0,0.0,0.0,0.0,2.0
29217,0.00032382299835630396,0.06994576764496166,1.0,0.1,287.4517751043039,933.3980433567846,1.0,0.0,0.0,0.0,2.0
29218,0.0003480784589729617,0.07518494713815974,1.0,0.1,279.06572871920827,918.7671221538978,1.0,0.0,0.0,0.0,2.0
29219,0.000582407122385025,0.1257999384351654,0.0,0.1,271.4307122331346,909.0635957956205,1.0,0.0,0.0,0.0,2.0
29220,0.0003490437782170909,0.07539345609489165,1.0,0.1,268.4013322700258,903.2858774916908,1.0,0.0,0.0,0.0,2.0
29221,0.0004565380408472095,0.09861221682299726,1.0,0.1,257.2289514191877,893.4589785278937,1.0,0.0,0.0,0.0,2.0
29222,0.0011846094051803772,0.2558756315189615,0.0,0.1,248.47661431766593,885.8049995014267,1.0,0.0,0.0,0.0,2.0
29223,0.000532784716117979,0.11508149868148346,0.0,0.1,240.79987986051944,880.7950392674035,1.0,0.0,0.0,0.0,2.0
29224,0.00041980371921537183,0.09067760335052032,1.0,0.1,230.59089190053157,874.8338650430808,1.0,0.0,0.0,0.0,2.0
29225,0.0016696695680041328,0.3606486266888927,0.0,0.1,224.76504978303393,872.2191399851338,1.0,0.0,0.0,0.0,2.0
29226,,,,0.1,220.70771788351064,868.6995259047619,1.0,0.0,0.0,0.0,2.0
29227,,,,0.1,217.6031113993658,867.2160558726176,,,0.0,0.0,2.0
29228,0.0008309437342486502,0.17948384659770844,0.0,0.1,212.81900294322736,862.4402938993218,1.0,0.0,0.0,0.0,2.0
29229,0.00012638331552353797,0.027298796153084202,1.0,0.1,208.8410690471208,859.4715509555975,1.0,0.0,0.0,0.0,2.0
29230,0.0016407712862468722,0.3544065978293244,0.0,0.1,205.01898614433557,850.9959253101437,1.0,0.0,0.0,0.0,2.0
29231,0.0002030916144203151,0.04386778871478806,1.0,0.1,204.73371215365435,846.223271974129,1.0,0.0,0.0,0.0,2.0
29232,0.0006942694415151386,0.14996219936726995,0.0,0.1,203.9364942950985,842.8487583985375,1.0,0.0,0.0,0.0,2.0
29233,0.00017070255075638392,0.03687175096337893,1.0,0.1,203.96841347184318,834.5220700714893,1.0,0.0,0.0,0.0,2.0
29234,0.00019340009557965632,0.04177442064520576,1.0,0.1,206.0416793785521,829.2695707795823,1.0,0.0,0.0,0.0,2.0
29235,0.004752210128166026,1.0264773876838618,0.0,0.1,211.90090973726583,819.5968556028605,1.0,0.0,0.0,0.0,2.0
29236,0.0014379907433158705,0.31060600055622806,0.0,0.1,217.06041889796168,810.3506280637164,1.0,0.0,0.0,0.0,2.0
29237,0.0017728815836397065,0.3829424220661766,0.0,0.1,222.54274695251402,802.5502638846406,1.0,0.0,0.0,0.0,2.0
29238,0.0020792953698240023,0.4491277998819845,0.0,0.1,227.31644180138542,795.7235516997496,1.0,0.0,0.0,0.0,2.0
29239,0.0025038637449998737,0.5408345689199727,0.0,0.1,239.445084771347,781.6423404753251,1.0,0.0,0.0,0.0,2.0
29240,0.003315988129157513,0.7162534358980228,0.0,0.1,252.6132357428796,765.1635224236962,1.0,0.0,0.0,0.0,2.0
29241,0.00603475774953556,1.3035076738996811,0.0,0.1,261.3489147986708,749.1546261959712,1.0,0.0,0.0,0.0,2.0
29242,0.0011787531961209214,0.25461069036211903,0.0,0.1,266.1290276274155,738.4450308818332,1.0,0.0,0.0,0.0,2.0
29243,0.0025343449012324095,0.5474184986662005,0.0,0.1,267.1426271842553,735.1551572587753,1.0,0.0,0.0,0.0,2.0
29244,0.0012307108560646255,0.26583354490995914,0.0,0.1,262.6758507284869,728.8068769481429,1.0,0.0,0.0,0.0,2.0
29245,0.000781443611763599,0.16879182014093738,0.0,0.1,265.17078921439975,719.8120820748422,1.0,0.0,0.0,0.0,2.0
29246,0.0008804212387334845,0.19017098756643266,0.0,0.1,266.31749487798794,712.0912017710572,1.0,0.0,0.0,0.0,2.0
29247,0.0015182721895751305,0.3279467929482282,0.0,0.1,267.6679536730924,709.8903505416941,1.0,0.0,0.0,0.0,2.0
29248,0.0013918746971037107,0.30064493457440156,0.0,0.1,267.4413028435886,707.2567149246332,1.0,0.0,0.0,0.0,2.0
29249,0.0020443000149472012,0.4415688032285955,0.0,0.1,261.4635371508871,704.3217074862035,1.0,0.0,0.0,0.0,2.0
29250,0.002560149958469072,0.5529923910293196,0.0,0.1,246.26680830157258,702.8210055105058,1.0,0.0,0.0,0.0,2.0
29251,0.001489376269367637,0.3217052741834096,0.0,0.1,237.54644360045515,700.438434357193,1.0,0.0,0.0,0.0,2.0
29252,0.0013649460461394869,0.29482834596612917,0.0,0.1,237.1438416913341,697.3983747132881,1.0,0.0,0.0,0.0,2.0
29253,0.001261361835531625,0.27245415647483096,0.0,0.1,232.5503661547976,695.4633857290753,1.0,0.0,0.0,0.0,2.0
29254,0.0015124735305686219,0.32669428260282235,0.0,0.1,233.707981110048,687.9058647355052,1.0,0.0,0.0,0.0,2.0
29255,0.001169118468755936,0.25252958925128216,0.0,0.1,235.5952664755219,679.376230560435,1.0,0.0,0.0,0.0,2.0
29256,0.0020722083966007174,0.447597013665755,0.0,0.1,232.87281622214036,678.5592557957996,1.0,0.0,0.0,0.0,2.0
29257,0.0019114342989744475,0.41286980857848066,0.0,0.1,232.2584635989746,675.462808479538,1.0,0.0,0.0,0.0,2.0
29258,0.002471749418553543,0.5338978744075653,0.0,0.1,233.1742683103656,670.801410696637,1.0,0.0,0.0,0.0,2.0
29259,0.0009544769618771974,0.20616702376547463,0.0,0.1,237.9155901886931,662.8266341773656,1.0,0.0,0.0,0.0,2.0
29260,0.0011247681824477287,0.2429499274087094,0.0,0.1,244.39187850537544,653.6140019741129,1.0,0.0,0.0,0.0,2.0
29261,0.002494992082350673,0.5389182897877454,0.0,0.1,245.5965967893505,650.2889334813071,1.0,0.0,0.0,0.0,2.0
29262,0.002270012634816697,0.49032272912040664,0.0,0.1,248.17390159003463,645.1879938474667,1.0,0.0,0.0,0.0,2.0
29263,0.002952047179520968,0.6376421907765292,0.0,0.1,245.09262118973476,645.1278279445145,1.0,0.0,0.0,0.0,2.0
29264,0.001170104520061085,0.25274257633319436,0.0,0.1,241.2369364070266,644.8659835786191,1.0,0.0,0.0,0.0,2.0
29265,0.0019292666075337924,0.41672158722729913,0.0,0.1,240.82061595630012,643.4212239654825,1.0,0.0,0.0,0.0,2.0
29266,0.0020349676239968598,0.4395530067833217,0.0,0.1,238.1364748527411,642.55598116163,1.0,0.0,0.0,0.0,2.0
29267,0.0031770820713505113,0.6862497274117104,0.0,0.1,235.72938525763342,642.1013166608004,1.0,0.0,0.0,0.0,2.0
29268,0.0029817285188479432,0.6440533600711558,0.0,0.1,235.45030093330018,641.0393515932986,1.0,0.0,0.0,0.0,2.0
29269,0.0007997651301905887,0.17274926812116717,0.0,0.1,233.76210128097645,640.6630860787575,1.0,0.0,0.0,0.0,2.0
29270,0.0024718706950176595,0.5339240701238144,0.0,0.1,233.17261755039877,640.7862883798109,1.0,0.0,0.0,0.0,2.0
29271,0.0012946021218104762,0.27963405831106286,0.0,0.1,233.69446116503502,639.9537499070938,1.0,0.0,0.0,0.0,2.0
29272,0.0026320400002865594,0.5685206400618968,0.0,0.1,234.16255247879621,639.7418557334429,1.0,0.0,0.0,0.0,2.0
29273,0.0004319518707297469,0.09330160407762533,1.0,0.1,241.17194056768764,633.2490140420385,1.0,0.0,0.0,0.0,2.0
29274,0.0022140304967078073,0.4782305872888864,0.0,0.1,245.80891098685066,629.1978541567669,1.0,0.0,0.0,0.0,2.0
29275,0.0038634978482109915,0.8345155352135741,0.0,0.1,255.730342699599,620.6602352403095,1.0,0.0,0.0,0.0,2.0
29276,0.0034651072860736615,0.748463173791911,0.0,0.1,263.7582094617486,614.826734165832,1.0,0.0,0.0,0.0,2.0
29277,0.004367518917477444,0.9433840861751279,0.0,0.1,270.37012247143826,609.9483866689915,1.0,0.0,0.0,0.0,2.0
29278,0.0016626744516510827,0.35913768155663384,0.0,0.1,280.53531480787467,602.1594727232762,1.0,0.0,0.0,0.0,2.0
29279,0.00551291939299117,1.1907905888860926,0.0,0.1,285.2508274409526,598.4062448788874,1.0,0.0,0.0,0.0,2.0
29280,0.004427571600465351,0.9563554657005159,0.0,0.1,296.75217747785746,592.2565712412377,1.0,0.0,0.0,0.0,2.0
29281,0.003806480360378606,0.8221997578417789,0.0,0.1,303.6131073361535,591.0782566716576,1.0,0.0,0.0,0.0,2.0
29282,0.0004893180452904384,0.10569269778273468,0.0,0.1,307.3642255890138,591.4175193897767,1.0,0.0,0.0,0.0,2.0
29283,0.002362231214971248,0.5102419424337896,0.0,0.1,309.37155377940064,591.8344803999113,1.0,0.0,0.0,0.0,2.0
29284,0.0022249889491479237,0.4805976130159515,0.0,0.1,312.5640243357184,594.8566977818623,1.0,0.0,0.0,0.0,2.0
29285,0.003700536175136952,0.7993158138295817,0.0,0.1,314.18428322444197,601.4799711451466,1.0,0.0,0.0,0.0,2.0
29286,0.004271086877958626,0.9225547656390632,0.0,0.1,314.68070014034095,608.6786518378865,1.0,0.0,0.0,0.0,2.0
29287,0.0010007192464716696,0.21615535723788065,0.0,0.1,315.3867755444149,612.5817455669078,1.0,0.0,0.0,0.0,2.0
29288,0.0033527417524631615,0.7241922185320429,0.0,0.1,314.06739933516167,617.0186745740624,1.0,0.0,0.0,0.0,2.0
29289,0.0031321433522811843,0.6765429640927357,0.0,0.1,310.2241161838956,629.454412313741,1.0,0.0,0.0,0.0,2.0
29290,0.002284657657821609,0.49348605408946755,0.0,0.1,313.1744406351724,638.4413706469074,1.0,0.0,0.0,0.0,2.0
29291,0.0013253415664574596,0.28627377835481127,0.0,0.1,320.092889806217,641.6491503296643,1.0,0.0,0.0,0.0,2.0
29292,,,,0.1,322.136321740529,642.4773520091433,1.0,0.0,0.0,0.0,2.0
29293,,,,0.1,327.38714854250475,644.8653100692633,,,0.0,0.0,2.0
29294,,,,0.1,338.3519666721042,642.2863021636317,,,0.0,0.0,2.0
29295,0.0033611546021869903,0.7260093940723898,0.0,0.1,350.0533129058515,643.9208875899848,1.0,0.0,0.0,0.0,2.0
29296,0.0016846757726277906,0.3638899668876028,0.0,0.1,360.9897242138684,646.7760101416695,1.0,0.0,0.0,0.0,2.0
29297,0.004489864924209389,0.9698108236292281,0.0,0.1,364.91147163534174,647.0651735617168,1.0,0.0,0.0,0.0,2.0
29298,,,,0.1,370.52748390530604,650.6230638717218,1.0,0.0,0.0,0.0,2.0
29299,,,,0.1,380.71421699134976,654.8796218226327,,,0.0,0.0,2.0
29300,,,,0.1,394.6147914065853,655.0275767138882,,,0.0,0.0,2.0
29301,,,,0.1,400.3662042064051,655.3708792633362,,,0.0,0.0,2.0
29302,,,,0.1,407.8009722347554,658.0754207456338,,,0.0,0.0,2.0
29303,,,,0.1,413.4241339808784,661.0935131983937,,,0.0,0.0,2.0
29304,,,,0.1,423.5049421340999,663.2806742066546,,,0.0,0.0,2.0
29305,,,,0.1,432.21277426283774,663.533861203489,,,0.0,0.0,2.0
29306,,,,0.1,435.06047882780234,667.7734505725826,,,0.0,0.0,2.0
29307,,,,0.1,436.27715740176654,677.6977300657474,,,0.0,0.0,2.0
29308,,,,0.1,436.020515408566,680.0368184568182,,,0.0,0.0,2.0
29309,,,,0.1,439.33725589417185,684.7121173749772,,,0.0,0.0,2.0
29310,,,,0.1,441.6932005105934,687.8549822506861,,,0.0,0.0,2.0
29311,0.001044755722130594,0.2256672359802083,0.0,0.1,446.7765790466194,688.1136357569264,1.0,0.0,0.0,0.0,2.0
29312,0.0011030175649574326,0.23825179403080543,0.0,0.1,449.9612679169163,684.6606892752642,1.0,0.0,0.0,0.0,2.0
29313,0.0005018332027435378,0.10839597179260417,0.0,0.1,450.79578408109387,683.3604693500317,1.0,0.0,0.0,0.0,2.0
29314,0.0002769763034505634,0.0598268815453217,1.0,0.1,454.1803804715505,680.1991706374218,1.0,0.0,0.0,0.0,2.0
29315,0.0004184742042081378,0.09039042810895777,1.0,0.1,456.6767504447537,677.4618489894873,1.0,0.0,0.0,0.0,2.0
29316,0.0009870974021148468,0.2132130388568069,0.0,0.1,465.16419752146595,671.8840254191846,1.0,0.0,0.0,0.0,2.0
29317,0.00037947001057343934,0.08196552228386289,1.0,0.1,471.15387136804077,667.6535409853132,1.0,0.0,0.0,0.0,2.0
29318,0.0009726523807295622,0.21009291423758544,0.0,0.1,475.44857482023866,665.338020986275,1.0,0.0,0.0,0.0,2.0
29319,0.001641433729652776,0.3545496856049996,0.0,0.1,477.4293356926478,663.6020265025395,1.0,0.0,0.0,0.0,2.0
29320,0.0017723612566757307,0.3828300314419579,0.0,0.1,481.5788121953089,655.9009980769667,1.0,0.0,0.0,0.0,2.0
29321,0.0029420527796625877,0.635483400407119,0.0,0.1,489.58121564468115,661.7522396477674,1.0,0.0,0.0,0.0,2.0
29322,0.002023697062333284,0.43711856546398936,0.0,0.1,,,1.0,0.0,,,2.0
29323,0.0007700800788716897,0.16633729703628497,0.0,0.1,,,1.0,0.0,,,2.0
29324,0.0014757023687474247,0.31875171164944377,0.0,0.1,,,1.0,0.0,,,2.0
29325,0.001995806184859984,0.4310941359297565,0.0,0.1,,,1.0,0.0,,,2.0
29326,0.003045670139278795,0.6578647500842197,0.0,0.1,,,1.0,0.0,,,2.0
29327,0.0011919536940136674,0.2574619979069522,0.0,0.1,,,1.0,0.0,,,2.0
29328,0.000717237270446982,0.15492325041654811,0.0,0.1,,,1.0,0.0,,,2.0
29329,0.001644556850797065,0.35522427977216603,0.0,0.1,,,1.0,0.0,,,2.0
29330,0.0021477129664808164,0.4639060007598564,0.0,0.1,,,1.0,0.0,,,2.0
29331,0.001340010712205742,0.2894423138364403,0.0,0.1,,,1.0,0.0,,,2.0
29332,0.0008710935705670636,0.18815621124248574,0.0,0.1,,,1.0,0.0,,,2.0
29333,0.003244488196345457,0.7008094504106187,0.0,0.1,,,1.0,0.0,,,2.0
29334,0.00094345059522344,0.20378532856826304,0.0,0.1,,,1.0,0.0,,,2.0
29335,0.0006381246789870647,0.13783493066120597,0.0,0.1,,,1.0,0.0,,,2.0
29336,0.0010393013726215812,0.22448909648626156,0.0,0.1,,,1.0,0.0,,,2.0
29337,0.0019442849457221446,0.41996554827598326,0.0,0.1,,,1.0,0.0,,,2.0
29338,0.0018671433937773824,0.40330297305591456,0.0,0.1,,,1.0,0.0,,,2.0
29339,0.0010403754101954955,0.22472108860222703,0.0,0.1,,,1.0,0.0,,,2.0
29340,0.0024174182118092673,0.5221623337508018,0.0,0.1,,,1.0,0.0,,,2.0
29341,0.0013659728721540775,0.2950501403852807,0.0,0.1,544.749511962633,695.3373903882018,1.0,0.0,0.0,0.0,2.0
29342,0.0017478465778962386,0.37753486082558757,0.0,0.1,,,1.0,0.0,,,2.0
29343,0.0013748590511130725,0.2969695550404237,0.0,0.1,,,1.0,0.0,,,2.0
29344,,,,0.1,,,1.0,0.0,,,2.0
29345,,,,0.1,,,,,,,2.0
29346,0.0007906484694820383,0.1707800694081203,0.0,0.1,,,1.0,0.0,,,2.0
29347,,,,0.1,,,1.0,0.0,,,2.0
29348,,,,0.1,,,,,,,2.0
29349,,,,0.1,,,,,,,2.0
29350,,,,0.1,,,,,,,2.0
29351,,,,0.1,,,,,,,2.0
29352,,,,0.1,,,,,,,2.0
29353,,,,0.1,,,,,,,2.0
29354,,,,0.1,,,,,,,2.0
29355,0.00038480200195033454,0.08311723242127225,1.0,0.1,,,1.0,0.0,,,2.0
29356,0.0005128135194310955,0.11076772019711661,0.0,0.1,,,1.0,0.0,,,2.0
29357,0.0006382242108146034,0.13785642953595434,0.0,0.1,,,1.0,0.0,,,2.0
29358,0.0012462681283796735,0.2691939157300095,0.0,0.1,,,1.0,0.0,,,2.0
29359,0.0014522420588004101,0.3136842847008886,0.0,0.1,,,1.0,0.0,,,2.0
29360,0.0009886535575426196,0.21354916842920585,0.0,0.1,,,1.0,0.0,,,2.0
29361,0.0003645528253978553,0.07874341028593675,1.0,0.1,,,1.0,0.0,,,2.0
29362,0.00115613251847221,0.24972462398999737,0.0,0.1,479.0393627060363,760.6557992077209,1.0,0.0,0.0,0.0,2.0
29363,0.0008525499694943361,0.18415079341077661,0.0,0.1,471.89770626740767,770.7896694038335,1.0,0.0,0.0,0.0,2.0
29364,0.0009665703518984201,0.20877919601005873,0.0,0.1,519.6726030584327,808.896176489082,1.0,0.0,0.0,0.0,2.0
29365,0.0016144766751624185,0.3487269618350824,0.0,0.1,511.32044008499736,814.4899887090181,1.0,0.0,0.0,0.0,2.0
29366,0.0016328788203856656,0.3527018252033038,0.0,0.1,451.1064909307511,790.8776979337182,1.0,0.0,0.0,0.0,2.0
29367,0.0009201346877146457,0.1987490925463635,0.0,0.1,445.2446641394153,797.0447954410569,1.0,0.0,0.0,0.0,2.0
29368,0.00044523054698873145,0.096169798149566,1.0,0.1,437.3532247068405,803.7880481158621,1.0,0.0,0.0,0.0,2.0
29369,0.0008653286800703605,0.18691099489519789,0.0,0.1,432.8246482042483,805.9533769101997,1.0,0.0,0.0,0.0,2.0
29370,0.0006711968000205782,0.1449785088044449,0.0,0.1,426.3658357722226,808.8639843765375,1.0,0.0,0.0,0.0,2.0
29371,0.0003273107494969185,0.0706991218913344,1.0,0.1,419.1379155737066,812.8125681056703,1.0,0.0,0.0,0.0,2.0
29372,0.0009374132222114821,0.20248125599768013,0.0,0.1,408.5606100742197,817.1105556320942,1.0,0.0,0.0,0.0,2.0
29373,,,,0.1,404.5772645289669,820.695860057248,1.0,0.0,0.0,0.0,2.0
29374,,,,0.1,400.2492400666815,824.7527029771137,,,0.0,0.0,2.0
29375,,,,0.1,393.8634882400313,831.6958602473591,,,0.0,0.0,2.0
29376,,,,0.1,390.98801528159026,839.9724000157287,1.0,0.0,0.0,0.0,2.0
29377,,,,0.1,382.4103560539719,847.6102527759551,,,0.0,0.0,2.0
29378,,,,0.1,380.0356248015021,851.4116180353476,,,0.0,0.0,2.0
29379,,,,0.1,375.41114624410994,859.5879062019881,,,0.0,0.0,2.0
29380,0.0023416019598507046,0.5057860233277522,0.0,0.1,371.01258763236166,869.287952777302,1.0,0.0,0.0,0.0,2.0
29381,0.0011993604358730725,0.2590618541485836,0.0,0.1,369.34113974673846,878.8884194135192,1.0,0.0,0.0,0.0,2.0
29382,0.003829211449937041,0.8271096731864009,0.0,0.1,368.4306187730165,887.1196952442126,1.0,0.0,0.0,0.0,2.0
29383,0.0035497092598675045,0.7667372001313809,0.0,0.1,368.93629225483033,898.5551375785918,1.0,0.0,0.0,0.0,2.0
29384,0.005431664714558761,1.1732395783446925,0.0,0.1,367.4848075375071,909.1062654470423,1.0,0.0,0.0,0.0,2.0
29385,0.004834905699858204,1.0443396311693722,0.0,0.1,365.69646149306004,921.9403917247201,1.0,0.0,0.0,0.0,2.0
29386,0.0026229457787941388,0.566556288219534,0.0,0.1,367.823033699377,935.3076950499437,1.0,0.0,0.0,0.0,2.0
29387,0.0048744230649079325,1.0528753820201135,0.0,0.1,370.0730930013875,940.9558627348764,1.0,0.0,0.0,0.0,2.0
29388,0.004134179571405311,0.8929827874235472,0.0,0.1,,,1.0,0.0,,,2.0
29389,0.0034144676644485895,0.7375250155208953,0.0,0.1,,,1.0,0.0,,,2.0
29390,0.0014552703214648721,0.31433838943641235,0.0,0.1,379.3126580710234,968.5969620565893,1.0,0.0,0.0,0.0,2.0
29391,0.003833897259667302,0.8281218080881373,0.0,0.1,379.19685856756865,972.2725576963965,1.0,0.0,0.0,0.0,2.0
29392,0.0023807491690009124,0.5142418205041971,0.0,0.1,384.1348422072824,979.5873542399628,1.0,0.0,0.0,0.0,2.0
29393,0.0035920547375302256,0.7758838233065287,0.0,0.1,,,1.0,0.0,,,2.0
29394,,,,0.1,383.09547016059486,997.926696821178,1.0,0.0,0.0,0.0,2.0
29395,,,,0.1,380.59368449959453,1007.6082200783918,,,0.0,0.0,2.0
29396,,,,0.1,380.57089614878225,1011.0403001335152,,,0.0,0.0,2.0
29397,,,,0.1,,,,,,,2.0
29398,,,,0.1,,,,,,,2.0
29399,,,,0.1,,,,,,,2.0
29400,,,,0.1,386.39503855327143,1045.9214076220433,1.0,0.0,0.0,0.0,2.0
29401,,,,0.1,,,,,,,2.0
29402,0.002800867901235617,0.6049874666668932,0.0,0.1,,,1.0,0.0,,,2.0
29403,0.004411748448889521,0.9529376649601367,0.0,0.1,,,1.0,0.0,,,2.0
29404,0.0012135284762368596,0.2621221508671617,0.0,0.1,,,1.0,0.0,,,2.0
29405,0.0032744228106612277,0.7072753271028253,0.0,0.1,,,1.0,0.0,,,2.0
29406,0.003935057214975496,0.8499723584347072,0.0,0.1,,,1.0,0.0,,,2.0
29407,0.0026485045990168104,0.5720769933876311,0.0,0.1,419.95937438759154,1113.1523835713767,1.0,0.0,0.0,0.0,2.0
29408,0.001889939970961048,0.4082270337275864,0.0,0.1,,,1.0,0.0,,,2.0
29409,0.0027141289003480298,0.5862518424751745,0.0,0.1,,,1.0,0.0,,,2.0
29410,0.0018495689013414648,0.39950688268975637,0.0,0.1,,,1.0,0.0,,,2.0
29411,0.0024011398499788426,0.51864620759543,0.0,0.1,,,1.0,0.0,,,2.0
29412,0.0016149391585270581,0.34882685824184456,0.0,0.1,,,1.0,0.0,,,2.0
29413,0.0007942918299597822,0.17156703527131298,0.0,0.1,,,1.0,0.0,,,2.0
29414,0.0016196445748086759,0.34984322815867397,0.0,0.1,,,1.0,0.0,,,2.0
29415,0.0006544418556089116,0.1413594408115249,0.0,0.1,,,1.0,0.0,,,2.0
29416,0.0007069213128293139,0.1526950035711318,0.0,0.1,,,1.0,0.0,,,2.0
29417,0.0004167200876493223,0.09001153893225361,1.0,0.1,,,1.0,0.0,,,2.0
29418,0.00131988400572303,0.2850949452361745,0.0,0.1,,,1.0,0.0,,,2.0
29419,0.00030658253110976295,0.0662218267197088,1.0,0.1,,,1.0,0.0,,,2.0
29420,0.00019290272535857684,0.041666988677452596,1.0,0.1,,,1.0,0.0,,,2.0
29421,0.0003532390010047878,0.07629962421703416,1.0,0.1,413.2890870110585,1112.1434926374843,1.0,0.0,0.0,0.0,2.0
29422,0.0003039203966029324,0.0656468056662334,1.0,0.1,412.59598883650284,1112.646490713083,1.0,0.0,0.0,0.0,2.0
29423,0.0003899672559876225,0.08423292729332646,1.0,0.1,411.91131272804955,1112.7118976322056,1.0,0.0,0.0,0.0,2.0
29424,0.0009125668334766479,0.19711443603095596,0.0,0.1,411.0386028329153,1111.0251732283414,1.0,0.0,0.0,0.0,2.0
29425,,,,0.1,412.1455062390177,1114.6355472496257,1.0,0.0,0.0,0.0,2.0
29426,,,,0.1,413.7966903007258,1117.6021220664609,,,0.0,0.0,2.0
29427,,,,0.1,,,,,,,2.0
29428,,,,0.1,,,,,,,2.0
29429,,,,0.1,,,,,,,2.0
29430,,,,0.1,,,,,,,2.0
29431,0.00055891470001403,0.12072557520303048,0.0,0.1,,,1.0,0.0,,,2.0
29432,,,,0.1,,,1.0,0.0,,,2.0
29433,,,,0.1,,,,,,,2.0
29434,,,,0.1,,,,,,,2.0
29435,0.002397066269598229,0.5177663142332175,0.0,0.1,,,1.0,0.0,,,2.0
29436,,,,0.1,,,1.0,0.0,,,2.0
29437,,,,0.1,,,,,,,2.0
29438,,,,0.1,,,,,,,2.0
29439,9.995812715556798e-05,0.021590955465602683,1.0,0.1,,,1.0,0.0,,,2.0
29440,0.0005267665752969753,0.11378158026414668,0.0,0.1,,,1.0,0.0,,,2.0
29441,0.0017488894390078364,0.37776011882569266,0.0,0.1,415.6340696722214,1140.7361406789462,1.0,0.0,0.0,0.0,2.0
29442,0.0006968315661710236,0.1505156182929411,0.0,0.1,414.83408167077016,1140.5453815924182,1.0,0.0,0.0,0.0,2.0
29443,0.0001931247818698476,0.04171495288388708,1.0,0.1,,,1.0,0.0,,,2.0
29444,0.0003274459491764929,0.07072832502212247,1.0,0.1,,,1.0,0.0,,,2.0
29445,0.00045049316400940447,0.09730652342603137,1.0,0.1,,,1.0,0.0,,,2.0
29446,0.0002742746935438416,0.059243333805469776,1.0,0.1,,,1.0,0.0,,,2.0
29447,0.0008892852067499176,0.19208560465798222,0.0,0.1,,,1.0,0.0,,,2.0
29448,0.0004935874427458503,0.10661488763310366,0.0,0.1,,,1.0,0.0,,,2.0
29449,0.0008067879248991848,0.17426619177822392,0.0,0.1,,,1.0,0.0,,,2.0
29450,0.000618331938336045,0.1335596986805857,0.0,0.1,,,1.0,0.0,,,2.0
29451,0.001211037007405071,0.26158399359949536,0.0,0.1,,,1.0,0.0,,,2.0
29452,0.0008947792432237265,0.19327231653632493,0.0,0.1,,,1.0,0.0,,,2.0
29453,0.00039691720355007387,0.08573411596681596,1.0,0.1,,,1.0,0.0,,,2.0
29454,0.0009530783485949851,0.2058649232965168,0.0,0.1,,,1.0,0.0,,,2.0
29455,0.0004418586124032803,0.09544146027910855,1.0,0.1,,,1.0,0.0,,,2.0
29456,0.00019199943819851343,0.0414718786508789,1.0,0.1,,,1.0,0.0,,,2.0
29457,0.00042700134476454584,0.0922322904691419,1.0,0.1,,,1.0,0.0,,,2.0
29458,0.00011347749325168191,0.024511138542363295,1.0,0.1,,,1.0,0.0,,,2.0
29459,0.0003177642529879327,0.06863707864539347,1.0,0.1,,,1.0,0.0,,,2.0
29460,0.00019423313576369944,0.04195435732495908,1.0,0.1,,,1.0,0.0,,,2.0
29461,4.325467655899957e-05,0.009343010136743908,1.0,0.1,,,1.0,0.0,,,2.0
29462,0.0003456983673527505,0.07467084734819411,1.0,0.1,,,1.0,0.0,,,2.0
29463,0.000570697043173805,0.12327056132554189,0.0,0.1,,,1.0,0.0,,,2.0
29464,0.0004271178157454101,0.09225744820100859,1.0,0.1,,,1.0,0.0,,,2.0
29465,0.0011606046788743966,0.25069061063686965,0.0,0.1,,,1.0,0.0,,,2.0
29466,0.0017753663097427215,0.38347912290442787,0.0,0.1,,,1.0,0.0,,,2.0
29467,0.0009102934843355922,0.19662339261648792,0.0,0.1,,,1.0,0.0,,,2.0
29468,0.0007030587640921457,0.15186069304390348,0.0,0.1,,,1.0,0.0,,,2.0
29469,0.002070386147439303,0.44720340784688944,0.0,0.1,,,1.0,0.0,,,2.0
29470,0.0005903521532700514,0.1275160651063311,0.0,0.1,,,1.0,0.0,,,2.0
29471,0.001425331595424207,0.3078716246116287,0.0,0.1,,,1.0,0.0,,,2.0
29472,0.0005063946650742811,0.10938124765604472,0.0,0.1,,,1.0,0.0,,,2.0
29473,0.0001024549243816125,0.022130263666428302,1.0,0.1,,,1.0,0.0,,,2.0
29474,0.0005216292027490326,0.11267190779379106,0.0,0.1,,,1.0,0.0,,,2.0
29475,0.0004796875950072351,0.10361252052156279,0.0,0.1,429.9294941783279,1167.243814977124,1.0,0.0,0.0,0.0,2.0
29476,4.757502566732852e-05,0.01027620554414296,1.0,0.1,428.45696119579696,1168.8964937139172,1.0,0.0,0.0,0.0,2.0
29477,0.00023974272479133975,0.05178442855492939,1.0,0.1,426.7213895199546,1168.4824779444743,1.0,0.0,0.0,0.0,2.0
29478,9.557293378504524e-05,0.020643753697569774,1.0,0.1,424.7449729880451,1169.5128097748022,1.0,0.0,0.0,0.0,2.0
29479,0.0001987790907164231,0.04293628359474739,1.0,0.1,420.7511795824831,1169.1133306830168,1.0,0.0,0.0,0.0,2.0
29480,0.0003249816867100411,0.07019604432936888,1.0,0.1,418.2369056372297,1170.0646913358498,1.0,0.0,0.0,0.0,2.0
29481,0.0001742222926089753,0.03763201520353867,1.0,0.1,417.13158200297465,1170.9867022117312,1.0,0.0,0.0,0.0,2.0
29482,0.0002492096420552496,0.053829282683933916,1.0,0.1,409.7065644228885,1168.8710703305042,1.0,0.0,0.0,0.0,2.0
29483,0.0013681868894343365,0.2955283681178167,0.0,0.1,407.32043966925465,1171.8666720382494,1.0,0.0,0.0,0.0,2.0
29484,0.000931646001704932,0.20123553636826533,0.0,0.1,412.02082918882917,1177.6698008218036,1.0,0.0,0.0,0.0,2.0
29485,0.00027207546996603314,0.05876830151266316,1.0,0.1,414.99999078392904,1180.094334776213,1.0,0.0,0.0,0.0,2.0
29486,0.001170687110195382,0.25286841580220254,0.0,0.1,417.7038338723006,1181.7219663742078,1.0,0.0,0.0,0.0,2.0
29487,0.0015682278961803586,0.3387372255749575,0.0,0.1,424.9054159083197,1188.5851439348655,1.0,0.0,0.0,0.0,2.0
29488,0.0016598598324472958,0.3585297238086159,0.0,0.1,429.6779859382681,1192.898742937436,1.0,0.0,0.0,0.0,2.0
29489,0.0008056073386811174,0.17401118515512135,0.0,0.1,434.2042040267804,1196.808537844202,1.0,0.0,0.0,0.0,2.0
29490,0.00079545310806598,0.17181787134225168,0.0,0.1,436.27030382044205,1199.364394429684,1.0,0.0,0.0,0.0,2.0
29491,0.0019832924036187315,0.428391159181646,0.0,0.1,442.50582506116217,1205.2002657642613,1.0,0.0,0.0,0.0,2.0
29492,0.001847864771341647,0.3991387906097958,0.0,0.1,449.661443553881,1211.2483479441175,1.0,0.0,0.0,0.0,2.0
29493,0.002354759350235637,0.5086280196508977,0.0,0.1,458.84729527055566,1219.9282893987463,1.0,0.0,0.0,0.0,2.0
29494,0.000746009210664067,0.16113798950343847,0.0,0.1,463.79978750689315,1224.264058660423,1.0,0.0,0.0,0.0,2.0
29495,0.0016476599377945348,0.3558945465636195,0.0,0.1,465.69967211880316,1226.07815270108,1.0,0.0,0.0,0.0,2.0
29496,0.0016002400024759246,0.3456518405347997,0.0,0.1,472.88326279120696,1231.064981395596,1.0,0.0,0.0,0.0,2.0
29497,0.0016469370962793046,0.3557384127963298,0.0,0.1,,,1.0,0.0,,,2.0
29498,0.00048380907513416986,0.1045027602289807,0.0,0.1,,,1.0,0.0,,,2.0
29499,0.0016000846981799337,0.3456182948068657,0.0,0.1,,,1.0,0.0,,,2.0
29500,0.0013151807279170977,0.2840790372300931,0.0,0.1,,,1.0,0.0,,,2.0
29501,0.0012540370699652501,0.27087200711249404,0.0,0.1,,,1.0,0.0,,,2.0
29502,0.001137975451633124,0.2458026975527548,0.0,0.1,,,1.0,0.0,,,2.0
29503,0.0009549738022818479,0.20627434129287914,0.0,0.1,,,1.0,0.0,,,2.0
29504,0.001283877977795603,0.2773176432038503,0.0,0.1,,,1.0,0.0,,,2.0
29505,0.0014100986757820586,0.3045813139689247,0.0,0.1,,,1.0,0.0,,,2.0
29506,0.0009347433094944032,0.2019045548507911,0.0,0.1,,,1.0,0.0,,,2.0
29507,0.0004950943490203793,0.10694037938840192,0.0,0.1,,,1.0,0.0,,,2.0
29508,0.00029742860669948094,0.06424457904708789,1.0,0.1,,,1.0,0.0,,,2.0
29509,7.580886917705568e-05,0.016374715742244025,1.0,0.1,,,1.0,0.0,,,2.0
29510,0.0010582151218564836,0.22857446632100045,0.0,0.1,,,1.0,0.0,,,2.0
29511,0.0014651930989606858,0.3164817093755081,0.0,0.1,,,1.0,0.0,,,2.0
29512,0.0011495772794144403,0.2483086923535191,0.0,0.1,,,1.0,0.0,,,2.0
29513,0.0002345689903991182,0.05066690192620953,1.0,0.1,,,1.0,0.0,,,2.0
29514,0.0013949179033806442,0.3013022671302192,0.0,0.1,,,1.0,0.0,,,2.0
29515,0.0007536119563211792,0.16278018256537471,0.0,0.1,,,1.0,0.0,,,2.0
29516,0.0011450618517922586,0.24733335998712788,0.0,0.1,,,1.0,0.0,,,2.0
29517,5.126483989270259e-05,0.01107320541682376,1.0,0.1,,,1.0,0.0,,,2.0
29518,0.0011653380825958697,0.25171302584070787,0.0,0.1,,,1.0,0.0,,,2.0
29519,0.0006116670628853483,0.13212008558323524,0.0,0.1,,,1.0,0.0,,,2.0
29520,0.0010421234374259397,0.225098662484003,0.0,0.1,,,1.0,0.0,,,2.0
29521,0.0008004907545718807,0.17290600298752623,0.0,0.1,,,1.0,0.0,,,2.0
29522,0.000933283683380343,0.20158927561015408,0.0,0.1,,,1.0,0.0,,,2.0
29523,0.0011336896955386586,0.24487697423635027,0.0,0.1,,,1.0,0.0,,,2.0
29524,0.0015010745948912086,0.3242321124965011,0.0,0.1,,,1.0,0.0,,,2.0
29525,0.00032713743431439583,0.0706616858119095,1.0,0.1,,,1.0,0.0,,,2.0
29526,0.0007430624852342111,0.1605014968105896,0.0,0.1,,,1.0,0.0,,,2.0
29527,0.0006619906088395797,0.14298997150934922,0.0,0.1,,,1.0,0.0,,,2.0
29528,0.0016858988305163303,0.36415414739152735,0.0,0.1,379.74200051710295,1189.5883811978306,1.0,0.0,0.0,0.0,2.0
29529,0.0021904461738028354,0.4731363735414125,0.0,0.1,375.783859734907,1188.3231986961691,1.0,0.0,0.0,0.0,2.0
29530,0.0009050551375799878,0.19549190971727737,0.0,0.1,371.494462376916,1184.7683327964094,1.0,0.0,0.0,0.0,2.0
29531,0.0009843702528886718,0.21262397462395313,0.0,0.1,368.22916636889244,1183.3287227591734,1.0,0.0,0.0,0.0,2.0
29532,0.0020612224950270885,0.4452240589258511,0.0,0.1,362.59197018859976,1177.9360999270584,1.0,0.0,0.0,0.0,2.0
29533,0.0019812133644284877,0.42794208671655337,0.0,0.1,360.44849090097676,1172.8944603787243,1.0,0.0,0.0,0.0,2.0
29534,0.000815299834264022,0.17610476420102875,0.0,0.1,361.4750771450434,1168.8972472657954,1.0,0.0,0.0,0.0,2.0
29535,0.002576099747650916,0.5564375454925978,0.0,0.1,358.3288262367615,1163.7864835364153,1.0,0.0,0.0,0.0,2.0
29536,0.0024688060729837705,0.5332621117644945,0.0,0.1,359.94057054810884,1160.8015077124728,1.0,0.0,0.0,0.0,2.0
29537,0.001449043150526117,0.3129933205136413,0.0,0.1,366.43356987348045,1157.6109011536282,1.0,0.0,0.0,0.0,2.0
29538,0.0006704468201465253,0.14481651315164948,0.0,0.1,370.1386955440093,1151.2056199825136,1.0,0.0,0.0,0.0,2.0
29539,7.628285126298968e-05,0.01647709587280577,1.0,0.1,372.630582723564,1145.696164389296,1.0,0.0,0.0,0.0,2.0
29540,0.0017014739112376123,0.36751836482732425,0.0,0.1,373.7462546906683,1143.3261802365494,1.0,0.0,0.0,0.0,2.0
29541,0.0013359260510485513,0.2885600270264871,0.0,0.1,375.4732490230132,1136.6117597974462,1.0,0.0,0.0,0.0,2.0
29542,0.0006169301299326697,0.13325690806545665,0.0,0.1,379.1641940728246,1133.3217623303008,1.0,0.0,0.0,0.0,2.0
29543,0.0007228276133799347,0.1561307644900659,0.0,0.1,378.07921314391314,1127.6146738618188,1.0,0.0,0.0,0.0,2.0
29544,0.001172272368779534,0.25321083165637936,0.0,0.1,377.3087100611077,1124.6678183268778,1.0,0.0,0.0,0.0,2.0
29545,0.001764708715144662,0.381177082471247,0.0,0.1,381.4426933675102,1122.8471974770664,1.0,0.0,0.0,0.0,2.0
29546,0.0012312786325444987,0.26595618462961174,0.0,0.1,381.3780282021533,1118.7484609488945,1.0,0.0,0.0,0.0,2.0
29547,0.0011875910769564432,0.25651967262259173,0.0,0.1,384.2825411813834,1115.677385924826,1.0,0.0,0.0,0.0,2.0
29548,0.0014012893992917305,0.3026785102470138,0.0,0.1,387.52771292683644,1116.9139413485614,1.0,0.0,0.0,0.0,2.0
29549,0.0012878793910310984,0.27818194846271727,0.0,0.1,387.7042584916598,1116.78406420585,1.0,0.0,0.0,0.0,2.0
29550,9.527791272727367e-05,0.020580029149091114,1.0,0.1,386.0282275054901,1111.7727038933963,1.0,0.0,0.0,0.0,2.0
29551,0.000368135127607783,0.07951718756328113,1.0,0.1,384.8877244601349,1110.4905385716456,1.0,0.0,0.0,0.0,2.0
29552,0.0005434473023512332,0.11738461730786637,0.0,0.1,385.64681789217997,1111.3078775474348,1.0,0.0,0.0,0.0,2.0
29553,0.00033565473716228565,0.0725014232270537,1.0,0.1,384.46494741718595,1110.6722522356213,1.0,0.0,0.0,0.0,2.0
29554,0.00020657818937617437,0.04462088890525367,1.0,0.1,384.2960451996099,1110.0953551701732,1.0,0.0,0.0,0.0,2.0
29555,0.0008105153895673377,0.17507132414654494,0.0,0.1,,,1.0,0.0,,,2.0
29556,0.002339480761004037,0.505327844376872,0.0,0.1,385.144596962438,1110.1111755740028,1.0,0.0,0.0,0.0,2.0
29557,0.0007574540254647672,0.16361006950038973,0.0,0.1,386.2460446978535,1110.2054803623323,1.0,0.0,0.0,0.0,2.0
29558,0.0005055793703194266,0.10920514398899615,0.0,0.1,386.83555062056274,1110.4106337272538,1.0,0.0,0.0,0.0,2.0
29559,0.0013883758507017869,0.29988918375158596,0.0,0.1,388.02455160361745,1111.6567746535684,1.0,0.0,0.0,0.0,2.0
29560,0.0006402824734508066,0.13830101426537422,0.0,0.1,385.83921228056874,1110.944396366091,1.0,0.0,0.0,0.0,2.0
29561,0.0016579049855714265,0.35810747688342814,0.0,0.1,385.8199178496036,1110.6979066083852,1.0,0.0,0.0,0.0,2.0
29562,0.0005733080001382022,0.12383452802985168,0.0,0.1,387.0232387827365,1111.9753372254445,1.0,0.0,0.0,0.0,2.0
29563,0.0014593257684505979,0.31521436598532915,0.0,0.1,391.4546020378086,1116.4807059491573,1.0,0.0,0.0,0.0,2.0
29564,0.0005633203055996491,0.12167718600952421,0.0,0.1,393.4022620409384,1120.0539472794878,1.0,0.0,0.0,0.0,2.0
29565,4.678745443420531e-05,0.010106090157788348,1.0,0.1,397.02090677731536,1125.3995565518228,1.0,0.0,0.0,0.0,2.0
29566,0.00015236628554639092,0.03291111767802044,1.0,0.1,404.3049457974329,1130.972804033126,1.0,0.0,0.0,0.0,2.0
29567,0.00028471823079700406,0.061499137852152885,1.0,0.1,407.87345968212134,1137.33820027889,1.0,0.0,0.0,0.0,2.0
29568,0.0012494317464495624,0.26987725723310546,0.0,0.1,413.93257897233445,1145.3404315283267,1.0,0.0,0.0,0.0,2.0
29569,0.0016861868627884144,0.36421636236229754,0.0,0.1,418.52506035419475,1151.1268303374577,1.0,0.0,0.0,0.0,2.0
29570,0.0009848418053530195,0.21272582995625222,0.0,0.1,421.5031597229308,1157.4817085782636,1.0,0.0,0.0,0.0,2.0
29571,0.0006228815292272031,0.1345424103130759,0.0,0.1,423.86050129181973,1159.341482837602,1.0,0.0,0.0,0.0,2.0
29572,0.0012091351179822467,0.2611731854841653,0.0,0.1,426.8581606349675,1161.1395101635703,1.0,0.0,0.0,0.0,2.0
29573,0.00029798293143888725,0.06436431319079965,1.0,0.1,430.0544587971987,1163.8795872814549,1.0,0.0,0.0,0.0,2.0
29574,0.0014425896739120047,0.31159936956499307,0.0,0.1,,,1.0,0.0,,,2.0
29575,0.0014763292999763304,0.3188871287948874,0.0,0.1,,,1.0,0.0,,,2.0
29576,0.0013419911898664898,0.2898700970111618,0.0,0.1,437.286035146772,1174.4223356562743,1.0,0.0,0.0,0.0,2.0
29577,0.001650893130272268,0.3565929161388099,0.0,0.1,,,1.0,0.0,,,2.0
29578,0.0010632716355913065,0.22966667328772222,0.0,0.1,448.1029438493877,1187.3152666294195,1.0,0.0,0.0,0.0,2.0
29579,0.0010921592063369593,0.2359063885687832,0.0,0.1,,,1.0,0.0,,,2.0
29580,0.0016637923090434318,0.3593791387533813,0.0,0.1,,,1.0,0.0,,,2.0
29581,0.001254822598898225,0.27104168136201656,0.0,0.1,,,1.0,0.0,,,2.0
29582,0.0017035001084794708,0.3679560234315657,0.0,0.1,,,1.0,0.0,,,2.0
29583,0.0021007841359902486,0.4537693733738937,0.0,0.1,,,1.0,0.0,,,2.0
29584,0.0011685465816105372,0.25240606162787604,0.0,0.1,,,1.0,0.0,,,2.0
29585,0.0009921299698242355,0.21430007348203486,0.0,0.1,,,1.0,0.0,,,2.0
29586,0.0019307219164763692,0.41703593395889577,0.0,0.1,,,1.0,0.0,,,2.0
29587,0.0026773231416122173,0.5783017985882389,0.0,0.1,,,1.0,0.0,,,2.0
29588,0.00036022273353808715,0.07780811044422682,1.0,0.1,,,1.0,0.0,,,2.0
29589,0.001298099811316763,0.28038955924442077,0.0,0.1,,,1.0,0.0,,,2.0
29590,0.000641592829327221,0.13858405113467973,0.0,0.1,494.07175002884486,1242.0407846398284,1.0,0.0,0.0,0.0,2.0
29591,0.0006390439669251923,0.13803349685584154,0.0,0.1,493.9167515596185,1241.6274053084285,1.0,0.0,0.0,0.0,2.0
29592,0.0011034179865951688,0.23833828510455646,0.0,0.1,,,1.0,0.0,,,2.0
29593,0.0005172679059509088,0.11172986768539629,0.0,0.1,,,1.0,0.0,,,2.0
29594,0.0008617308912504201,0.18613387251009075,0.0,0.1,,,1.0,0.0,,,2.0
29595,0.001866330296028065,0.403127343942062,0.0,0.1,,,1.0,0.0,,,2.0
29596,0.0014740890452092218,0.3184032337651919,0.0,0.1,,,1.0,0.0,,,2.0
29597,0.0007723456526032585,0.16682666096230384,0.0,0.1,508.7825404148409,1260.771417464872,1.0,0.0,0.0,0.0,2.0
29598,0.0001578069961859946,0.03408631117617483,1.0,0.1,508.93182817729917,1262.194478371599,1.0,0.0,0.0,0.0,2.0
29599,0.0005032804863202642,0.10870858504517705,0.0,0.1,507.15320452380087,1260.8937532475215,1.0,0.0,0.0,0.0,2.0
29600,0.0014930481805905979,0.32249840700756915,0.0,0.1,,,1.0,0.0,,,2.0
29601,0.0006121744043232268,0.132229671333817,0.0,0.1,,,1.0,0.0,,,2.0
29602,0.0008345308165670937,0.18025865637849223,0.0,0.1,,,1.0,0.0,,,2.0
29603,0.0016928723845023822,0.36566043505251455,0.0,0.1,,,1.0,0.0,,,2.0
29604,0.00046195519113108514,0.0997823212843144,1.0,0.1,,,1.0,0.0,,,2.0
29605,0.00013379394098807243,0.028899491253423646,1.0,0.1,,,1.0,0.0,,,2.0
29606,0.00031358190988887253,0.06773369253599647,1.0,0.1,,,1.0,0.0,,,2.0
29607,0.001725587621157795,0.3727269261700837,0.0,0.1,,,1.0,0.0,,,2.0
29608,0.0013147070427043173,0.28397672122413253,0.0,0.1,,,1.0,0.0,,,2.0
29609,0.0006708646855976215,0.14490677208908623,0.0,0.1,447.6440144491253,1231.3809169677543,1.0,0.0,0.0,0.0,2.0
29610,0.0011355997077066781,0.24528953686464247,0.0,0.1,437.40734082135316,1228.110320558689,1.0,0.0,0.0,0.0,2.0
29611,0.00020210454731181147,0.04365458221935128,1.0,0.1,428.4948673623813,1223.2008996878853,1.0,0.0,0.0,0.0,2.0
29612,0.0006489080382219635,0.14016413625594412,0.0,0.1,422.5531871387637,1219.678854805385,1.0,0.0,0.0,0.0,2.0
29613,0.00105705217455397,0.2283232697036575,0.0,0.1,416.8769621013023,1218.5759651423964,1.0,0.0,0.0,0.0,2.0
29614,0.0005006592199977821,0.10814239151952094,0.0,0.1,,,1.0,0.0,,,2.0
29615,0.0007753717527424685,0.1674802985923732,0.0,0.1,,,1.0,0.0,,,2.0
29616,0.00032436542382145554,0.0700629315454344,1.0,0.1,,,1.0,0.0,,,2.0
29617,0.0006878226713973785,0.14856969702183376,0.0,0.1,,,1.0,0.0,,,2.0
29618,0.0005753422927235238,0.12427393522828113,0.0,0.1,,,1.0,0.0,,,2.0
29619,0.0013611745164321526,0.294013695549345,0.0,0.1,382.70938540795896,1207.2681546391746,1.0,0.0,0.0,0.0,2.0
29620,0.0008187996270039436,0.1768607194328518,0.0,0.1,376.9004431064492,1204.4448329463885,1.0,0.0,0.0,0.0,2.0
29621,0.0013289331069899827,0.28704955110983627,0.0,0.1,376.5656258228776,1205.7080533434973,1.0,0.0,0.0,0.0,2.0
29622,0.0032594558758698897,0.7040424691878961,0.0,0.1,374.35567576560936,1205.5869538516536,1.0,0.0,0.0,0.0,2.0
29623,0.0011248623517519896,0.24297026797842977,0.0,0.1,374.26626933743665,1206.557395819395,1.0,0.0,0.0,0.0,2.0
29624,0.0005842548990649334,0.12619905819802563,0.0,0.1,376.5129652932848,1207.9503350658988,1.0,0.0,0.0,0.0,2.0
29625,0.0003353775855897504,0.07244155848738608,1.0,0.1,378.1044852238971,1209.4101073939282,1.0,0.0,0.0,0.0,2.0
29626,0.0012540531177684033,0.27087547343797513,0.0,0.1,376.43249877330265,1208.6354055686443,1.0,0.0,0.0,0.0,2.0
29627,0.002103697636598243,0.45439868950522055,0.0,0.1,372.9473719079529,1208.0283997505205,1.0,0.0,0.0,0.0,2.0
29628,0.0010646706109021743,0.22996885195486969,0.0,0.1,365.93539740241926,1203.8885183507618,1.0,0.0,0.0,0.0,2.0
29629,0.00046474238531815865,0.10038435522872227,0.0,0.1,361.6967926154388,1202.440781549996,1.0,0.0,0.0,0.0,2.0
29630,0.0012255508627784398,0.26471898636014296,0.0,0.1,363.4303644359138,1204.261734313694,1.0,0.0,0.0,0.0,2.0
29631,0.0014121807511302765,0.30503104224413974,0.0,0.1,359.6416224645812,1202.7131255177374,1.0,0.0,0.0,0.0,2.0
29632,0.0014342527636036894,0.3097985969383969,0.0,0.1,356.6607037254497,1202.5469436656629,1.0,0.0,0.0,0.0,2.0
29633,0.0019525120222510751,0.4217425968062322,0.0,0.1,358.57944069501065,1205.8836656883618,1.0,0.0,0.0,0.0,2.0
29634,0.0012118276228664851,0.2617547665391608,0.0,0.1,360.0966863708653,1208.1144585875293,1.0,0.0,0.0,0.0,2.0
29635,0.0016909427233124383,0.3652436282354867,0.0,0.1,360.47538209685655,1209.0960932662874,1.0,0.0,0.0,0.0,2.0
29636,0.0021087697253920276,0.45549426068467797,0.0,0.1,356.57024701886877,1205.6752464398378,1.0,0.0,0.0,0.0,2.0
29637,0.0034035776888733404,0.7351727807966416,0.0,0.1,353.00711557796217,1202.6651589608502,1.0,0.0,0.0,0.0,2.0
29638,0.0017000136833360765,0.3672029556005926,0.0,0.1,348.8237162664299,1197.6187823173095,1.0,0.0,0.0,0.0,2.0
29639,0.0019611655224183533,0.42361175284236435,0.0,0.1,346.68577464615095,1195.4196070321902,1.0,0.0,0.0,0.0,2.0
29640,0.0006249181668716271,0.13498232404427146,0.0,0.1,346.5157406719911,1195.0132253583865,1.0,0.0,0.0,0.0,2.0
29641,0.0006181244096546348,0.13351487248540114,0.0,0.1,343.58053637230535,1192.855024543989,1.0,0.0,0.0,0.0,2.0
29642,5.443399849400008e-05,0.011757743674704018,1.0,0.1,339.9398904236824,1189.9933688066292,1.0,0.0,0.0,0.0,2.0
29643,0.0009320885268745118,0.20133112180489454,0.0,0.1,337.17957113279846,1187.900323587758,1.0,0.0,0.0,0.0,2.0
29644,0.00077043912141188,0.1664148502249661,0.0,0.1,333.74169660869507,1185.6376204710084,1.0,0.0,0.0,0.0,2.0
29645,0.0011848215191423998,0.25592144813475837,0.0,0.1,333.1835617233854,1187.5276617955674,1.0,0.0,0.0,0.0,2.0
29646,0.0017783020288168385,0.3841132382244371,0.0,0.1,332.7378807957561,1189.3816680636,1.0,0.0,0.0,0.0,2.0
29647,0.0013620223179267514,0.2941968206721783,0.0,0.1,332.44989539776293,1190.9059706858925,1.0,0.0,0.0,0.0,2.0
29648,0.0014346493988684442,0.30988427015558395,0.0,0.1,333.6635451700576,1192.7827001648566,1.0,0.0,0.0,0.0,2.0
29649,0.0017876060226797855,0.38612290089883367,0.0,0.1,334.604391980844,1194.7722058558832,1.0,0.0,0.0,0.0,2.0
29650,0.0004298692556743594,0.09285175922566162,1.0,0.1,335.57518041862954,1196.64270475722,1.0,0.0,0.0,0.0,2.0
29651,0.0011036525840539253,0.23838895815564787,0.0,0.1,333.8004499497863,1195.4445672767733,1.0,0.0,0.0,0.0,2.0
29652,0.001069379745872275,0.2309860251084114,0.0,0.1,335.2038024680487,1197.2550256451962,1.0,0.0,0.0,0.0,2.0
29653,0.0016499606525348443,0.35639150094752636,0.0,0.1,338.4800925564639,1201.0212484057508,1.0,0.0,0.0,0.0,2.0
29654,0.0011112620357483314,0.24003259972163962,0.0,0.1,339.7304749609354,1202.512296342868,1.0,0.0,0.0,0.0,2.0
29655,0.00037065725773057103,0.08006196766980334,1.0,0.1,341.40869862150424,1204.2314904705797,1.0,0.0,0.0,0.0,2.0
29656,0.0002483587925183497,0.05364549918396353,1.0,0.1,339.9467246138809,1202.993615850372,1.0,0.0,0.0,0.0,2.0
29657,0.0005582973934934515,0.12059223699458552,0.0,0.1,337.815559506225,1200.8809577390587,1.0,0.0,0.0,0.0,2.0
29658,0.0002112220913637763,0.045623971734575684,1.0,0.1,333.52602341791567,1197.1404344963953,1.0,0.0,0.0,0.0,2.0
29659,0.001884848571482501,0.4071272914402202,0.0,0.1,331.1801417272952,1195.112409260827,1.0,0.0,0.0,0.0,2.0
29660,0.00022844432982703847,0.04934397524264031,1.0,0.1,325.71294448030204,1189.4537366347251,1.0,0.0,0.0,0.0,2.0
29661,0.00039207885095683323,0.08468903180667597,1.0,0.1,324.2107703295477,1188.195827297988,1.0,0.0,0.0,0.0,2.0
29662,0.0004224101207252792,0.0912405860766603,1.0,0.1,321.6864975122486,1185.378883049812,1.0,0.0,0.0,0.0,2.0
29663,0.0005230606349540677,0.11298109715007863,0.0,0.1,321.2080120047446,1184.9313307069544,1.0,0.0,0.0,0.0,2.0
29664,0.0006809760604740624,0.14709082906239748,0.0,0.1,315.93846288778764,1180.3159028987545,1.0,0.0,0.0,0.0,2.0
29665,0.00027838579423495035,0.06013133155474928,1.0,0.1,314.47888171719404,1178.7373837062132,1.0,0.0,0.0,0.0,2.0
29666,0.0004513437066476569,0.09749024063589389,1.0,0.1,311.34249138731445,1176.4089506536436,1.0,0.0,0.0,0.0,2.0
29667,0.0016450604562705156,0.35533305855443137,0.0,0.1,302.03846967640527,1168.8450750937752,1.0,0.0,0.0,0.0,2.0
29668,0.00047890903564450646,0.1034443516992134,0.0,0.1,301.5379333298842,1169.452106735172,1.0,0.0,0.0,0.0,2.0
29669,0.0011913689257042935,0.2573356879521274,0.0,0.1,290.3627790211447,1159.8288659191494,1.0,0.0,0.0,0.0,2.0
29670,0.0007752923364746428,0.16746314467852283,0.0,0.1,285.6629757084123,1156.0904866190701,1.0,0.0,0.0,0.0,2.0
29671,0.0007990120342009557,0.17258659938740645,0.0,0.1,276.3118125295751,1147.8059742491444,1.0,0.0,0.0,0.0,2.0
29672,0.0014062623470671805,0.303752666966511,0.0,0.1,275.87642005046746,1147.8679934427817,1.0,0.0,0.0,0.0,2.0
29673,0.001204130569220587,0.26009220295164676,0.0,0.1,268.374563367978,1140.9619627112572,1.0,0.0,0.0,0.0,2.0
29674,9.188204664521899e-05,0.0198465220753673,1.0,0.1,261.3502782026691,1134.3514995563887,1.0,0.0,0.0,0.0,2.0
29675,0.0012437288682752613,0.26864543554745646,0.0,0.1,259.3706827741433,1132.5278379751578,1.0,0.0,0.0,0.0,2.0
29676,0.00044472390722864985,0.09606036396138837,1.0,0.1,257.33422784970935,1130.6248031969883,1.0,0.0,0.0,0.0,2.0
29677,0.0011589023006685006,0.25032289694439613,0.0,0.1,252.24539173279783,1125.7596510158403,1.0,0.0,0.0,0.0,2.0
29678,0.0009347240672700661,0.20190039853033429,0.0,0.1,245.34085048133633,1118.9650460858688,1.0,0.0,0.0,0.0,2.0
29679,0.0019512311038171063,0.421465918424495,0.0,0.1,242.72469133359954,1116.3374545645438,1.0,0.0,0.0,0.0,2.0
29680,0.0045745869516226135,0.9881107815504845,0.0,0.1,239.61118578612368,1113.2489566363406,1.0,0.0,0.0,0.0,2.0
29681,0.0017174842444141936,0.37097659679346584,0.0,0.1,232.91794804008646,1106.5585149353406,1.0,0.0,0.0,0.0,2.0
29682,0.0015821856037931872,0.3417520904193284,0.0,0.1,217.97803626332063,1091.6023548686442,1.0,0.0,0.0,0.0,2.0
29683,0.004800181663468706,1.0368392393092405,0.0,0.1,204.87613207811853,1078.5172825282323,1.0,0.0,0.0,0.0,2.0
29684,0.0005656811229183085,0.12218712255035463,0.0,0.1,197.821029373109,1071.4606983603117,1.0,0.0,0.0,0.0,2.0
29685,,,,0.1,189.53781526655476,1063.1730809858323,1.0,0.0,0.0,0.0,2.0
29686,,,,0.1,183.44876321254932,1056.9487268994685,,,0.0,0.0,2.0
29687,,,,0.1,177.4044141997174,1050.4157384616933,,,0.0,0.0,2.0
29688,0.0029638347649740835,0.6401883092344021,0.0,0.1,175.63610060313337,1048.0267929346137,1.0,0.0,0.0,0.0,2.0
29689,0.0024492293340785836,0.5290335361609741,0.0,0.1,171.71217761691483,1042.7171325897955,1.0,0.0,0.0,0.0,2.0
29690,0.005701568352173273,1.231538764069427,0.0,0.1,170.17675200450287,1038.7921896586922,1.0,0.0,0.0,0.0,2.0
29691,0.0030212764297133992,0.6525957088180943,0.0,0.1,168.1653071057526,1033.874143934605,1.0,0.0,0.0,0.0,2.0
29692,0.0026404837352466356,0.5703444868132733,0.0,0.1,167.21111110038302,1030.9534848418239,1.0,0.0,0.0,0.0,2.0
29693,0.00500372352410138,1.0808042812058982,0.0,0.1,166.36618093896826,1028.615392220103,1.0,0.0,0.0,0.0,2.0
29694,0.004377346225286164,0.9455067846618113,0.0,0.1,162.16878239830862,1020.0178651357683,1.0,0.0,0.0,0.0,2.0
29695,0.004176239887521192,0.9020678157045775,0.0,0.1,163.15150403942158,1013.3512143358903,1.0,0.0,0.0,0.0,2.0
29696,0.0024766304274809374,0.5349521723358824,0.0,0.1,165.7299672727421,1008.8009427849842,1.0,0.0,0.0,0.0,2.0
29697,0.0041642164996813415,0.8994707639311698,0.0,0.1,164.0851582473944,1001.1595716238805,1.0,0.0,0.0,0.0,2.0
29698,0.0019098497966263726,0.4125275560712965,0.0,0.1,162.30397476086847,991.5696501390613,1.0,0.0,0.0,0.0,2.0
29699,0.0024378993057220214,0.5265862500359566,0.0,0.1,166.24489177982463,988.1324759122756,1.0,0.0,0.0,0.0,2.0
29700,0.0020681263899288665,0.4467153002246352,0.0,0.1,170.73672875171314,980.9286175953697,1.0,0.0,0.0,0.0,2.0
29701,0.0020908225991581653,0.4516176814181637,0.0,0.1,172.0538000733609,975.0391479783781,1.0,0.0,0.0,0.0,2.0
29702,0.0022593463825280003,0.4880188186260481,0.0,0.1,174.12224771338683,973.2841596545854,1.0,0.0,0.0,0.0,2.0
29703,0.00122557849900184,0.2647249557843974,0.0,0.1,177.76919334051297,971.3335304443686,1.0,0.0,0.0,0.0,2.0
29704,0.000325986177747188,0.07041301439339262,1.0,0.1,180.81333210864628,968.1536221922764,1.0,0.0,0.0,0.0,2.0
29705,0.0012207625032052169,0.26368470069232686,0.0,0.1,181.2026201555622,962.8738065116041,1.0,0.0,0.0,0.0,2.0
29706,,,,0.1,180.51067912301647,958.3514095636907,1.0,0.0,0.0,0.0,2.0
29707,,,,0.1,181.73629238174965,951.4145107675857,,,0.0,0.0,2.0
29708,,,,0.1,184.98873070389328,951.4876182915931,,,0.0,0.0,2.0
29709,,,,0.1,191.3296658435193,952.4429040992511,,,0.0,0.0,2.0
29710,,,,0.1,201.03987047958617,952.4592254778482,1.0,0.0,0.0,0.0,2.0
29711,,,,0.1,204.87615008276674,951.7199104502516,,,0.0,0.0,2.0
29712,,,,0.1,215.03843585960735,951.4341219060756,,,0.0,0.0,2.0
29713,,,,0.1,222.12994629943387,945.7601791569796,,,0.0,0.0,2.0
29714,,,,0.1,226.51882463245752,939.6198376251798,1.0,0.0,0.0,0.0,2.0
29715,,,,0.1,226.50504151159546,933.7215200816521,,,0.0,0.0,2.0
29716,,,,0.1,226.83582613029,918.9834860357003,,,0.0,0.0,2.0
29717,,,,0.1,238.3527070741115,912.276106089743,,,0.0,0.0,2.0
29718,,,,0.1,242.96075103606887,905.3194671854087,,,0.0,0.0,2.0
29719,,,,0.1,250.01732168928072,902.815499341614,,,0.0,0.0,2.0
29720,,,,0.1,256.5371337898295,905.0307494028422,,,0.0,0.0,2.0
29721,0.0029195750693496725,0.6306282149795293,0.0,0.1,269.5688272187497,909.5734908617462,1.0,0.0,0.0,0.0,2.0
29722,0.0008438439791079988,0.18227029948732776,0.0,0.1,280.7447729931006,912.3035738875653,1.0,0.0,0.0,0.0,2.0
29723,0.0012918200358688313,0.2790331277476676,0.0,0.1,292.01672151986475,915.6634467783008,1.0,0.0,0.0,0.0,2.0
29724,0.0026503892551173833,0.5724840791053548,0.0,0.1,298.86114800159066,918.7694545691567,1.0,0.0,0.0,0.0,2.0
29725,0.0026639905960747275,0.5754219687521411,0.0,0.1,304.9968573598459,920.7786062461031,1.0,0.0,0.0,0.0,2.0
29726,0.0017740287768424992,0.3831902157979798,0.0,0.1,314.6610658918881,929.3758214173173,1.0,0.0,0.0,0.0,2.0
29727,0.0030832978695921388,0.665992339831902,0.0,0.1,328.7445601416203,948.7450252649121,1.0,0.0,0.0,0.0,2.0
29728,0.0006020648400007114,0.13004600544015368,0.0,0.1,341.77104576027125,964.6341190817446,1.0,0.0,0.0,0.0,2.0
29729,0.001896860852635101,0.4097219441691818,0.0,0.1,343.8632236545677,971.3781363890686,1.0,0.0,0.0,0.0,2.0
29730,0.0012751424927378643,0.2754307784313787,0.0,0.1,349.87835659920194,984.2343850070645,1.0,0.0,0.0,0.0,2.0
29731,0.0009393540346013086,0.20290047147388265,0.0,0.1,355.2145260390406,995.3751081406795,1.0,0.0,0.0,0.0,2.0
29732,0.00042378748776919576,0.09153809735814629,1.0,0.1,357.670591114267,1003.367393590262,1.0,0.0,0.0,0.0,2.0
29733,0.001141823875748355,0.24663395716164468,0.0,0.1,360.53573034286194,1007.1722512835908,1.0,0.0,0.0,0.0,2.0
29734,0.001342918346142148,0.29007036276670395,0.0,0.1,365.13238125597127,1016.3952387588357,1.0,0.0,0.0,0.0,2.0
29735,0.0019092799021416195,0.41240445886258986,0.0,0.1,370.31510800218365,1025.580092705394,1.0,0.0,0.0,0.0,2.0
29736,0.0010403950957927671,0.2247253406912377,0.0,0.1,374.3689468358132,1034.322289317898,1.0,0.0,0.0,0.0,2.0
29737,0.0003569466175550121,0.07710046939188261,1.0,0.1,376.1380171046308,1040.7149660426276,1.0,0.0,0.0,0.0,2.0
29738,0.0004229922535722768,0.0913663267716118,1.0,0.1,377.1646282493567,1042.8907926341844,1.0,0.0,0.0,0.0,2.0
29739,0.001395848743030913,0.3015033284946772,0.0,0.1,378.8552766079152,1046.7835105153656,1.0,0.0,0.0,0.0,2.0
29740,0.0010942496728638936,0.236357929338601,0.0,0.1,377.57301376995224,1052.7236825591165,1.0,0.0,0.0,0.0,2.0
29741,0.000638739987849322,0.13796783737545357,0.0,0.1,377.0385605039355,1058.972367006375,1.0,0.0,0.0,0.0,2.0
29742,0.0011795237175029629,0.25477712298064004,0.0,0.1,375.83187939240827,1062.3627953139503,1.0,0.0,0.0,0.0,2.0
29743,0.0013544080899644353,0.292552147432318,0.0,0.1,373.21721041248946,1063.129940045767,1.0,0.0,0.0,0.0,2.0
29744,0.0006636012599437535,0.14333787214785074,0.0,0.1,374.9511708398318,1066.793227641322,1.0,0.0,0.0,0.0,2.0
29745,0.0007523058366315329,0.1624980607124111,0.0,0.1,375.6910122955522,1071.6872088850512,1.0,0.0,0.0,0.0,2.0
29746,1.3193920581393725e-05,0.002849886845581045,1.0,0.1,375.72397624231746,1078.2811886770262,1.0,0.0,0.0,0.0,2.0
29747,0.00024234455049932684,0.052346422907854594,1.0,0.1,375.8615235151217,1081.8179061655424,1.0,0.0,0.0,0.0,2.0
29748,0.000511663464451022,0.11051930832142076,0.0,0.1,375.58928599075017,1084.829727032271,1.0,0.0,0.0,0.0,2.0
29749,0.0009619215431972212,0.20777505333059978,0.0,0.1,375.96218158029774,1085.6485825915838,1.0,0.0,0.0,0.0,2.0
29750,0.0003539016931497679,0.07644276572034987,1.0,0.1,376.4373559868985,1085.5877379273604,1.0,0.0,0.0,0.0,2.0
29751,0.0006329098933712463,0.13670853696818921,0.0,0.1,376.7641622637507,1087.0867869814656,1.0,0.0,0.0,0.0,2.0
29752,0.002266454861678087,0.4895542501224669,0.0,0.1,378.0139135600457,1088.9369663001248,1.0,0.0,0.0,0.0,2.0
29753,0.0009805744250390093,0.21180407580842603,0.0,0.1,,,1.0,0.0,,,2.0
29754,0.00044497934533999415,0.09611553859343873,1.0,0.1,386.23222456952294,1096.5565895027883,1.0,0.0,0.0,0.0,2.0
29755,0.000316895715095927,0.06844947446072024,1.0,0.1,391.01989768822233,1100.9466971518284,1.0,0.0,0.0,0.0,2.0
29756,0.00033222616154774466,0.07176085089431285,1.0,0.1,392.5617483376943,1101.6208919312412,1.0,0.0,0.0,0.0,2.0
29757,0.00030519796322921617,0.0659227600575107,1.0,0.1,392.9033089628385,1101.8205612108418,1.0,0.0,0.0,0.0,2.0
29758,0.0001627599461745557,0.03515614837370404,1.0,0.1,391.5789787824666,1101.9275702289865,1.0,0.0,0.0,0.0,2.0
29759,0.00017318373872433906,0.03740768756445724,1.0,0.1,389.6105734687767,1103.4952437040058,1.0,0.0,0.0,0.0,2.0
29760,0.00023100712549592946,0.04989753910712077,1.0,0.1,393.3678198561406,1109.7005639762615,1.0,0.0,0.0,0.0,2.0
29761,0.0009648464033498654,0.20840682312357092,0.0,0.1,400.543694792029,1117.8815370235177,1.0,0.0,0.0,0.0,2.0
29762,0.0010490384711248687,0.22659230976297162,0.0,0.1,404.6412896752807,1124.0894439573835,1.0,0.0,0.0,0.0,2.0
29763,0.0013563789150263872,0.2929778456456997,0.0,0.1,405.52433845282184,1127.2954058552227,1.0,0.0,0.0,0.0,2.0
29764,0.0002556403659356069,0.055218319042091096,1.0,0.1,408.4534586157559,1130.647442134096,1.0,0.0,0.0,0.0,2.0
29765,0.0008428663970314234,0.18205914175878748,0.0,0.1,409.76696608541334,1132.7874245591656,1.0,0.0,0.0,0.0,2.0
29766,0.0008270675661602716,0.17864659429061866,0.0,0.1,413.6486203881736,1137.2342048744322,1.0,0.0,0.0,0.0,2.0
29767,0.0010845546208304848,0.23426379809938472,0.0,0.1,415.4457149209773,1142.6241290028706,1.0,0.0,0.0,0.0,2.0
29768,0.00010589603715571372,0.022873544025634164,1.0,0.1,,,1.0,0.0,,,2.0
29769,0.0014073194117828712,0.30398099294510017,0.0,0.1,419.89790691908206,1146.8125588041926,1.0,0.0,0.0,0.0,2.0
29770,0.0016646368285687277,0.3595615549708452,0.0,0.1,,,1.0,0.0,,,2.0
29771,0.0024778187567363616,0.5352088514550541,0.0,0.1,,,1.0,0.0,,,2.0
29772,0.0021339179505721726,0.46092627732358926,0.0,0.1,,,1.0,0.0,,,2.0
29773,0.001487259987862821,0.3212481573783693,0.0,0.1,,,1.0,0.0,,,2.0
29774,0.00226533240680855,0.4893117998706469,0.0,0.1,,,1.0,0.0,,,2.0
29775,0.002838830932627834,0.6131874814476121,0.0,0.1,,,1.0,0.0,,,2.0
29776,0.0015570725477499472,0.33632767031398864,0.0,0.1,,,1.0,0.0,,,2.0
29777,0.0005737244083495015,0.12392447220349234,0.0,0.1,,,1.0,0.0,,,2.0
29778,0.0009283211153286397,0.20051736091098618,0.0,0.1,,,1.0,0.0,,,2.0
29779,0.0014697465373756473,0.3174652520731398,0.0,0.1,463.5541316874743,1204.088917165894,1.0,0.0,0.0,0.0,2.0
29780,0.0022784869823278832,0.49215318818282283,0.0,0.1,470.43123928213004,1211.9018716376609,1.0,0.0,0.0,0.0,2.0
29781,0.0018039102077535968,0.3896446048747769,0.0,0.1,475.38198287701186,1217.2122541709691,1.0,0.0,0.0,0.0,2.0
29782,0.001285396313100866,0.2776456036297871,0.0,0.1,481.2579451525023,1223.0873647672997,1.0,0.0,0.0,0.0,2.0
29783,0.001606460492771333,0.3469954664386079,0.0,0.1,485.5530966568698,1228.2228995175778,1.0,0.0,0.0,0.0,2.0
29784,0.0009050068326758928,0.19548147585799286,0.0,0.1,491.103589719044,1235.4860099878513,1.0,0.0,0.0,0.0,2.0
29785,0.0017215348513472998,0.3718515278910168,0.0,0.1,494.54198187260243,1239.9345099695272,1.0,0.0,0.0,0.0,2.0
29786,0.0005849496064192719,0.12634911498656273,0.0,0.1,503.0294813073211,1249.1009075608515,1.0,0.0,0.0,0.0,2.0
29787,0.001361337813553097,0.29404896772746897,0.0,0.1,504.19466049621315,1250.804066346732,1.0,0.0,0.0,0.0,2.0
29788,0.0014981695702915743,0.32360462718298005,0.0,0.1,506.1770533323504,1255.1388269606052,1.0,0.0,0.0,0.0,2.0
29789,0.0012753876197839876,0.27548372587334136,0.0,0.1,511.6702080798184,1261.582065948483,1.0,0.0,0.0,0.0,2.0
29790,0.003205628722057244,0.6924158039643648,0.0,0.1,514.1954595471525,1266.2338245486962,1.0,0.0,0.0,0.0,2.0
29791,0.0009431003759510091,0.203709681205418,0.0,0.1,516.2359678822842,1269.6020497174563,1.0,0.0,0.0,0.0,2.0
29792,0.0016556501440754925,0.3576204311203064,0.0,0.1,516.6084603384088,1271.154055151091,1.0,0.0,0.0,0.0,2.0
29793,0.0010371003390879283,0.2240136732429925,0.0,0.1,512.4768286173646,1268.8703449754448,1.0,0.0,0.0,0.0,2.0
29794,0.001097262808285493,0.2370087665896665,0.0,0.1,,,1.0,0.0,,,2.0
29795,0.0003988724217377491,0.08615644309535381,1.0,0.1,,,1.0,0.0,,,2.0
29796,0.0008928152675466779,0.19284809779008244,0.0,0.1,,,1.0,0.0,,,2.0
29797,0.0008912348880196514,0.1925067358122447,0.0,0.1,,,1.0,0.0,,,2.0
29798,0.0003380816968829121,0.07302564652670902,1.0,0.1,495.1826473527571,1270.2471919277996,1.0,0.0,0.0,0.0,2.0
29799,0.0011419462549556083,0.24666039107041138,0.0,0.1,493.3660901575865,1274.2242099891982,1.0,0.0,0.0,0.0,2.0
29800,0.0006794540304343451,0.14676207057381854,0.0,0.1,,,1.0,0.0,,,2.0
29801,0.000621441833684597,0.13423143607587296,0.0,0.1,,,1.0,0.0,,,2.0
29802,0.0009463388625455621,0.20440919430984142,0.0,0.1,,,1.0,0.0,,,2.0
29803,0.0004688151392245827,0.10126407007250987,0.0,0.1,,,1.0,0.0,,,2.0
29804,0.0008026787119015809,0.1733786017707415,0.0,0.1,,,1.0,0.0,,,2.0
29805,0.002705623992520055,0.5844147823843319,0.0,0.1,,,1.0,0.0,,,2.0
29806,0.004626788031914841,0.9993862148936058,0.0,0.1,,,1.0,0.0,,,2.0
29807,,,,0.1,,,1.0,0.0,,,2.0
29808,,,,0.1,459.9268864096363,1257.4006180050242,,,0.0,0.0,2.0
29809,0.0014165024325093975,0.3059645254220299,0.0,0.1,452.55899040223227,1252.3955378427365,1.0,0.0,0.0,0.0,2.0
29810,0.0021781957064009897,0.47049027258261383,0.0,0.1,450.681162507916,1250.5845704746048,1.0,0.0,0.0,0.0,2.0
29811,0.0021085012034031897,0.455436259935089,0.0,0.1,,,1.0,0.0,,,2.0
29812,0.0011826503561384312,0.2554524769259011,0.0,0.1,,,1.0,0.0,,,2.0
29813,0.0007887161690472245,0.1703626925142005,0.0,0.1,,,1.0,0.0,,,2.0
29814,0.0004223855921546464,0.09123528790540363,1.0,0.1,,,1.0,0.0,,,2.0
29815,0.0006121433229370636,0.13222295775440573,0.0,0.1,,,1.0,0.0,,,2.0
29816,0.00043834981092193815,0.09468355915913863,1.0,0.1,,,1.0,0.0,,,2.0
29817,0.0003012403376126384,0.0650679129243299,1.0,0.1,,,1.0,0.0,,,2.0
29818,0.0004237543505307062,0.09153093971463255,1.0,0.1,,,1.0,0.0,,,2.0
29819,0.0004425833090139161,0.09559799474700588,1.0,0.1,,,1.0,0.0,,,2.0
29820,4.598526324751235e-05,0.009932816861462669,1.0,0.1,,,1.0,0.0,,,2.0
29821,0.0004912571775464152,0.10611155035002569,0.0,0.1,,,1.0,0.0,,,2.0
29822,0.00037568512940710835,0.08114798795193541,1.0,0.1,,,1.0,0.0,,,2.0
29823,0.0011760304842555922,0.25402258459920796,0.0,0.1,441.0528769761034,1226.1391752029162,1.0,0.0,0.0,0.0,2.0
29824,0.0013749925091734866,0.2969983819814731,0.0,0.1,445.7639877559739,1227.5753217579336,1.0,0.0,0.0,0.0,2.0
29825,0.00025035638459126614,0.05407697907171349,1.0,0.1,451.72014661237574,1229.21607084208,1.0,0.0,0.0,0.0,2.0
29826,0.0009875775923029453,0.21331675993743618,0.0,0.1,462.4744678169176,1233.4532510081997,1.0,0.0,0.0,0.0,2.0
29827,0.0004789782348325215,0.10345929872382466,0.0,0.1,,,1.0,0.0,,,2.0
29828,0.000740954097590899,0.16004608507963416,0.0,0.1,478.6615822904987,1241.8411699305857,1.0,0.0,0.0,0.0,2.0
29829,0.0007409998079024776,0.16005595850693516,0.0,0.1,,,1.0,0.0,,,2.0
29830,0.0019797611246001002,0.42762840291362164,0.0,0.1,,,1.0,0.0,,,2.0
29831,0.0015600868474129775,0.3369787590412031,0.0,0.1,499.51376430776895,1257.03781028846,1.0,0.0,0.0,0.0,2.0
29832,0.00070187329722144,0.15160463219983106,0.0,0.1,499.8450640604649,1257.4511853239449,1.0,0.0,0.0,0.0,2.0
29833,0.0008167789712249995,0.17642425778459989,0.0,0.1,502.0571756981614,1256.4071563683399,1.0,0.0,0.0,0.0,2.0
29834,0.0004795486395804849,0.10358250614938475,0.0,0.1,504.7246362723099,1257.7112032162602,1.0,0.0,0.0,0.0,2.0
29835,0.00027719515013675887,0.05987415242953992,1.0,0.1,503.4817515246043,1255.1627764916755,1.0,0.0,0.0,0.0,2.0
29836,0.0002024638826654188,0.04373219865573046,1.0,0.1,501.295135673574,1252.8895349287486,1.0,0.0,0.0,0.0,2.0
29837,0.0005256974658321756,0.11355065261974993,0.0,0.1,501.77935752827693,1250.681551426757,1.0,0.0,0.0,0.0,2.0
29838,0.0005606101519121488,0.12109179281302414,0.0,0.1,499.722974993687,1243.8311323968053,1.0,0.0,0.0,0.0,2.0
29839,0.0014927486764353061,0.32243371411002614,0.0,0.1,497.1447036168071,1235.4247975878752,1.0,0.0,0.0,0.0,2.0
29840,0.0002938661067954462,0.06347507906781638,1.0,0.1,,,1.0,0.0,,,2.0
29841,0.0010908640702363556,0.2356266391710528,0.0,0.1,,,1.0,0.0,,,2.0
29842,0.0005564906716279822,0.12020198507164415,0.0,0.1,,,1.0,0.0,,,2.0
29843,0.000691264816467296,0.14931320035693596,0.0,0.1,,,1.0,0.0,,,2.0
29844,0.0004440063529866017,0.09590537224510597,1.0,0.1,,,1.0,0.0,,,2.0
29845,0.0003148169714116135,0.06800046582490853,1.0,0.1,,,1.0,0.0,,,2.0
29846,0.0008829789996727123,0.19072346392930586,0.0,0.1,,,1.0,0.0,,,2.0
29847,0.000820777080804211,0.1772878494537096,0.0,0.1,,,1.0,0.0,,,2.0
29848,0.0014909059514367621,0.3220356855103406,0.0,0.1,,,1.0,0.0,,,2.0
29849,0.00023183090657876904,0.05007547582101411,1.0,0.1,,,1.0,0.0,,,2.0
29850,0.001755889460062586,0.37927212337351857,0.0,0.1,471.7397285476784,1171.9336448260465,1.0,0.0,0.0,0.0,2.0
29851,0.0013945631833167712,0.30122564759642256,0.0,0.1,,,1.0,0.0,,,2.0
29852,,,,0.1,463.3361107058975,1171.6043655644744,1.0,0.0,0.0,0.0,2.0
29853,,,,0.1,458.8744732702938,1171.025155469331,,,0.0,0.0,2.0
29854,,,,0.1,,,,,,,2.0
29855,,,,0.1,448.8705537158271,1166.6975851633106,,,0.0,0.0,2.0
29856,,,,0.1,446.08167952672903,1164.2383200944255,,,0.0,0.0,2.0
29857,,,,0.1,440.64991546478905,1160.8622300288052,,,0.0,0.0,2.0
29858,,,,0.1,437.871643882719,1158.9197973411683,,,0.0,0.0,2.0
29859,0.000653365329105102,0.14112691108670206,0.0,0.1,434.5009672576201,1155.9699423149307,1.0,0.0,0.0,0.0,2.0
29860,0.00140614097516887,0.30372645063647596,0.0,0.1,427.59622272315977,1147.8057189917304,1.0,0.0,0.0,0.0,2.0
29861,0.0014898735007768706,0.32181267616780407,0.0,0.1,426.23236584874644,1145.3642026323146,1.0,0.0,0.0,0.0,2.0
29862,0.0003928367428018589,0.08485273644520153,1.0,0.1,425.23582182766006,1143.4099576291064,1.0,0.0,0.0,0.0,2.0
29863,0.0009482974072528137,0.20483223996660777,0.0,0.1,427.4402689516085,1143.3149211881894,1.0,0.0,0.0,0.0,2.0
29864,0.0009721362425485407,0.20998142839048478,0.0,0.1,429.8097807888663,1145.457948300195,1.0,0.0,0.0,0.0,2.0
29865,3.456116027757186e-05,0.007465210619955522,1.0,0.1,426.7158763632033,1140.5359984220502,1.0,0.0,0.0,0.0,2.0
29866,0.0015444432497239986,0.3335997419403837,0.0,0.1,422.20889054435867,1130.381089054961,1.0,0.0,0.0,0.0,2.0
29867,0.001327227281874068,0.28668109288479865,0.0,0.1,416.28252361109924,1115.2948124735915,1.0,0.0,0.0,0.0,2.0
29868,0.0013517425730559763,0.2919763957800909,0.0,0.1,413.2615867154893,1107.5651621736533,1.0,0.0,0.0,0.0,2.0
29869,0.0006126316022189462,0.1323284260792924,0.0,0.1,405.11623774156385,1094.1958180219217,1.0,0.0,0.0,0.0,2.0
29870,0.0007275060950809573,0.15714131653748675,0.0,0.1,396.0315984523168,1078.9024805389809,1.0,0.0,0.0,0.0,2.0
29871,0.0006970540617514589,0.15056367733831513,0.0,0.1,390.8858530973101,1066.1455416532156,1.0,0.0,0.0,0.0,2.0
29872,0.0007309102010926283,0.15787660343600773,0.0,0.1,389.1553923778128,1059.3951379337857,1.0,0.0,0.0,0.0,2.0
29873,0.0005011269076550899,0.10824341205349942,0.0,0.1,388.1410269085489,1057.489196358587,1.0,0.0,0.0,0.0,2.0
29874,0.0003614244411038925,0.07806767927844079,1.0,0.1,386.5578287857846,1053.3853519261977,1.0,0.0,0.0,0.0,2.0
29875,0.00043620109859955245,0.09421943729750333,1.0,0.1,383.00774029038547,1043.634952895258,1.0,0.0,0.0,0.0,2.0
29876,0.0002823679997817217,0.0609914879528519,1.0,0.1,382.2667597549441,1034.856338891272,1.0,0.0,0.0,0.0,2.0
29877,0.0007771664783238517,0.16786795931795195,0.0,0.1,382.30469385998543,1033.180746997592,1.0,0.0,0.0,0.0,2.0
29878,0.0006438636237512469,0.13907454273026934,0.0,0.1,384.20654916043185,1028.5939156976215,1.0,0.0,0.0,0.0,2.0
29879,0.0015591820031735579,0.3367833126854885,0.0,0.1,385.2405341360778,1025.4696581510634,1.0,0.0,0.0,0.0,2.0
29880,0.0010683827354120187,0.23077067084899605,0.0,0.1,389.2655857777013,1023.1766702623644,1.0,0.0,0.0,0.0,2.0
29881,0.0008795613102529078,0.1899852430146281,0.0,0.1,389.9537945502195,1018.5384266363171,1.0,0.0,0.0,0.0,2.0
29882,0.0006364778226460605,0.1374792096915491,0.0,0.1,391.3173349247037,1015.8674271698051,1.0,0.0,0.0,0.0,2.0
29883,0.0006719449444906591,0.14514010800998237,0.0,0.1,385.86208647938463,1007.2079473701326,1.0,0.0,0.0,0.0,2.0
29884,0.00034410291325629225,0.07432622926335912,1.0,0.1,370.50513710331956,990.1777796614956,1.0,0.0,0.0,0.0,2.0
29885,0.00031753210752639066,0.06858693522570039,1.0,0.1,,,1.0,0.0,,,2.0
29886,0.00033712198840578713,0.07281834949565003,1.0,0.1,,,1.0,0.0,,,2.0
29887,0.0004465270706655066,0.09644984726374943,1.0,0.1,,,1.0,0.0,,,2.0
29888,0.00025994573193944436,0.05614827809891998,1.0,0.1,,,1.0,0.0,,,2.0
29889,0.0009614333824931701,0.20766961061852474,0.0,0.1,,,1.0,0.0,,,2.0
29890,0.00021862954149106447,0.04722398096206993,1.0,0.1,,,1.0,0.0,,,2.0
29891,0.001056802714009093,0.2282693862259641,0.0,0.1,307.23221152356416,904.9743555458944,1.0,0.0,0.0,0.0,2.0
29892,0.0016481598815763694,0.3560025344204958,0.0,0.1,,,1.0,0.0,,,2.0
29893,,,,0.1,,,1.0,0.0,,,2.0
29894,,,,0.1,306.85966925017163,888.6796088273275,,,0.0,0.0,2.0
29895,,,,0.1,308.7851287175495,884.7771033700367,,,0.0,0.0,2.0
29896,,,,0.1,312.04499713147885,877.9818545092658,,,0.0,0.0,2.0
29897,,,,0.1,,,,,,,2.0
29898,,,,0.1,,,,,,,2.0
29899,0.0010727156944457983,0.23170659000029245,0.0,0.1,,,1.0,0.0,,,2.0
29900,0.0031734535487293403,0.6854659665255375,0.0,0.1,,,1.0,0.0,,,2.0
29901,0.0014697589715560594,0.31746793785610883,0.0,0.1,,,1.0,0.0,,,2.0
29902,0.0027461687812442106,0.5931724567487495,0.0,0.1,,,1.0,0.0,,,2.0
29903,0.0018356388576859595,0.3964979932601672,0.0,0.1,,,1.0,0.0,,,2.0
29904,0.0010044442327830673,0.21695995428114254,0.0,0.1,,,1.0,0.0,,,2.0
29905,0.0013965869849566403,0.30166278875063435,0.0,0.1,,,1.0,0.0,,,2.0
29906,0.0011618050464989628,0.250949890043776,0.0,0.1,,,1.0,0.0,,,2.0
29907,0.001049377322458393,0.2266655016510129,0.0,0.1,,,1.0,0.0,,,2.0
29908,0.00044925928785894054,0.09704000617753117,1.0,0.1,,,1.0,0.0,,,2.0
29909,0.001385780903986616,0.29932867526110907,0.0,0.1,,,1.0,0.0,,,2.0
29910,0.002093164260626955,0.4521234802954224,0.0,0.1,,,1.0,0.0,,,2.0
29911,0.001927246175178132,0.4162851738384765,0.0,0.1,,,1.0,0.0,,,2.0
29912,0.0010552693289370204,0.2279381750503964,0.0,0.1,347.43937031171754,787.9430944857921,1.0,0.0,0.0,0.0,2.0
29913,0.0024587092989825214,0.5310812085802246,0.0,0.1,,,1.0,0.0,,,2.0
29914,0.0034014443012962354,0.7347119690799868,0.0,0.1,354.65557119715,768.8359698695388,1.0,0.0,0.0,0.0,2.0
29915,0.002432538295590318,0.5254282718475086,0.0,0.1,355.5173866958741,753.1824360764855,1.0,0.0,0.0,0.0,2.0
29916,0.0037325332366087752,0.8062271791074954,0.0,0.1,361.50934563081825,740.2737301078549,1.0,0.0,0.0,0.0,2.0
29917,0.0011303777904045382,0.24416160272738024,0.0,0.1,366.92409962369004,726.430007096644,1.0,0.0,0.0,0.0,2.0
29918,0.003843316932962317,0.8301564575198604,0.0,0.1,,,1.0,0.0,,,2.0
29919,0.0036265937270681327,0.7833442450467167,0.0,0.1,,,1.0,0.0,,,2.0
29920,0.003702360408989193,0.7997098483416657,0.0,0.1,,,1.0,0.0,,,2.0
29921,0.001575698754746528,0.34035093102525005,0.0,0.1,,,1.0,0.0,,,2.0
29922,0.00462906263088617,0.9998775282714129,0.0,0.1,397.65561407625296,682.022916387617,1.0,0.0,0.0,0.0,2.0
29923,0.0023180933154115357,0.5007081561288917,0.0,0.1,,,1.0,0.0,,,2.0
29924,0.003441324286994532,0.7433260459908189,0.0,0.1,398.92740677102466,658.8930535501655,1.0,0.0,0.0,0.0,2.0
29925,0.003422368676928673,0.7392316342165934,0.0,0.1,402.55958898007725,648.4966040624396,1.0,0.0,0.0,0.0,2.0
29926,0.0014912030580193155,0.32209986053217216,0.0,0.1,407.8716136989979,639.1845880362001,1.0,0.0,0.0,0.0,2.0
29927,0.0036202541553981716,0.7819748975660051,0.0,0.1,409.6798709934699,634.10437628248,1.0,0.0,0.0,0.0,2.0
29928,0.003510500275350372,0.7582680594756803,0.0,0.1,415.76447631113024,623.9839151712036,1.0,0.0,0.0,0.0,2.0
29929,0.004448928232080771,0.9609684981294464,0.0,0.1,422.0152243364431,613.0202919595814,1.0,0.0,0.0,0.0,2.0
29930,0.00040876021237940436,0.08829220587395134,1.0,0.1,432.0432087791522,599.0995808042551,1.0,0.0,0.0,0.0,2.0
29931,0.003848887125088357,0.8313596190190851,0.0,0.1,436.5298362341897,591.0981576834944,1.0,0.0,0.0,0.0,2.0
29932,0.0034713330961867925,0.7498079487763472,0.0,0.1,445.89275692810634,579.2093450109685,1.0,0.0,0.0,0.0,2.0
29933,0.004216473373640256,0.9107582487062953,0.0,0.1,455.76541330322374,566.7279493949175,1.0,0.0,0.0,0.0,2.0
29934,0.0036853280466122933,0.7960308580682554,0.0,0.1,469.1215024579546,554.5926453649438,1.0,0.0,0.0,0.0,2.0
29935,0.002140083538520179,0.46225804432035866,0.0,0.1,481.3135096704628,542.6445525847698,1.0,0.0,0.0,0.0,2.0
29936,0.003279112876042601,0.7082883812252019,0.0,0.1,486.7009451718842,538.0539182100334,1.0,0.0,0.0,0.0,2.0
29937,0.0030374633990397013,0.6560920941925755,0.0,0.1,498.77429327133945,527.1639915964008,1.0,0.0,0.0,0.0,2.0
29938,0.004229937629214386,0.9136665279103073,0.0,0.1,509.8558972323775,515.464215731939,1.0,0.0,0.0,0.0,2.0
29939,0.002416714531773673,0.5220103388631134,0.0,0.1,521.6628023350803,503.13713313545435,1.0,0.0,0.0,0.0,2.0
29940,0.004036814180440125,0.871951862975067,0.0,0.1,525.8212814758829,497.6384909967135,1.0,0.0,0.0,0.0,2.0
29941,0.0028587153732483176,0.6174825206216366,0.0,0.1,536.6374240382044,484.15326997099004,1.0,0.0,0.0,0.0,2.0
29942,0.0033804480304187963,0.73017677457046,0.0,0.1,545.1507464441071,474.93669152331023,1.0,0.0,0.0,0.0,2.0
29943,0.0039132112257623895,0.8452536247646761,0.0,0.1,551.5641585347153,466.89227389931517,1.0,0.0,0.0,0.0,2.0
29944,0.0015246222747068569,0.3293184113366811,0.0,0.1,561.530080933153,458.98739130785816,1.0,0.0,0.0,0.0,2.0
29945,0.005262988867649005,1.1368055954121852,0.0,0.1,566.3344536258288,455.6418574852479,1.0,0.0,0.0,0.0,2.0
29946,0.0029903404135438578,0.6459135293254733,0.0,0.1,576.2375847033703,448.77858041864874,1.0,0.0,0.0,0.0,2.0
29947,0.004130632173160839,0.8922165494027413,0.0,0.1,590.2369729755264,437.0523843728612,1.0,0.0,0.0,0.0,2.0
29948,0.0027775061186819682,0.5999413216353052,0.0,0.1,605.6540506889974,423.1311980086775,1.0,0.0,0.0,0.0,2.0
29949,0.004957719445575837,1.0708674002443808,0.0,0.1,614.3205589170844,417.4527647157955,1.0,0.0,0.0,0.0,2.0
29950,0.004112667132796713,0.8883361006840901,0.0,0.1,633.7374280924216,403.04452269593355,1.0,0.0,0.0,0.0,2.0
29951,0.005067145376668026,1.0945034013602937,0.0,0.1,649.6629988921183,390.50232237491684,1.0,0.0,0.0,0.0,2.0
29952,0.0050054126153014165,1.0811691249051059,0.0,0.1,665.931622376445,381.03726734177536,1.0,0.0,0.0,0.0,2.0
29953,0.0026148476698935057,0.5648070966969972,0.0,0.1,680.5455029754402,376.7357531992045,1.0,0.0,0.0,0.0,2.0
29954,0.005938579565242023,1.282733186092277,0.0,0.1,685.6468399950567,375.5759924187786,0.0,1.0,0.0,0.0,2.0
29955,0.005011194623930127,1.0824180387689075,0.0,0.1,702.7673713087815,369.6302770409557,0.0,1.0,0.0,0.0,2.0
29956,0.003665501001953604,0.7917482164219785,0.0,0.1,718.4277382687736,358.01877958761503,0.0,1.0,0.0,0.0,2.0
29957,0.003959143526173489,0.8551750016534737,0.0,0.1,735.8832611538814,345.26672942682836,0.0,1.0,0.0,0.0,2.0
29958,0.0050606913362628925,1.0931093286327846,0.0,0.1,743.771500085261,341.7582910977633,0.0,1.0,0.0,0.0,2.0
29959,0.004879288129105669,1.0539262358868244,0.0,0.1,761.2954137681445,333.08743856726414,0.0,1.0,0.0,0.0,2.0
29960,0.006245308725384227,1.348986684682993,0.0,0.1,775.7940929562876,325.6468918655306,0.0,1.0,0.0,0.0,2.0
29961,0.005376752146273546,1.161378463595086,0.0,0.1,795.6268292286849,313.88243012154334,0.0,1.0,0.0,0.0,2.0
29962,0.002981736464293937,0.6440550762874905,0.0,0.1,815.465364642911,299.57033765333,0.0,1.0,0.0,0.0,2.0
29963,0.007115650373061921,1.5369804805813752,0.0,0.1,823.944459310407,294.57227036173015,0.0,1.0,0.0,0.0,2.0
29964,0.007500010873053528,1.6200023485795618,0.0,0.1,844.25522421703,286.18343810122457,0.0,1.0,0.0,0.0,2.0
29965,0.004675153057227574,1.009833060361156,0.0,0.1,863.444682411075,282.73232353251615,0.0,1.0,0.0,0.0,2.0
29966,0.0011347840986315407,0.2451133653044128,0.0,0.1,885.9343995170251,279.31509158446784,0.0,1.0,0.0,0.0,2.0
29967,0.005624753811213836,1.2149468232221885,0.0,0.1,898.0252236940199,278.9235597634599,0.0,1.0,0.0,0.0,2.0
29968,0.006607759547062293,1.4272760621654554,0.0,0.1,919.2671734020144,281.3266706258593,0.0,1.0,0.0,0.0,2.0
29969,0.006602789071275958,1.426202439395607,0.0,0.1,940.8414762255171,287.7479616083654,0.0,1.0,0.0,0.0,2.0
29970,0.0029678892152365174,0.6410640704910878,0.0,0.1,955.544951139288,290.8404870169224,0.0,1.0,0.0,0.0,2.0
29971,0.0018687112095830984,0.40364162126994924,0.0,0.1,965.3987346978286,290.27875683278796,0.0,1.0,0.0,0.0,2.0
29972,0.0034751838876168444,0.7506397197252384,0.0,0.1,971.3077486827735,289.8687310538011,0.0,1.0,0.0,0.0,2.0
29973,0.00263180668060828,0.5684702430113885,0.0,0.1,985.4489088719745,293.5976429662964,0.0,1.0,0.0,0.0,2.0
29974,0.003015162394535877,0.6512750772197494,0.0,0.1,998.954971285653,298.24513925624916,0.0,1.0,0.0,0.0,2.0
29975,0.0015887365834359242,0.3431671020221596,0.0,0.1,1006.9076985855093,299.9610200820804,0.0,1.0,0.0,0.0,2.0
29976,0.002331463162632925,0.5035960431287119,0.0,0.1,1009.6007686001758,302.3324833124816,0.0,1.0,0.0,0.0,2.0
29977,0.0019907480349471906,0.4300015755485932,0.0,0.1,1013.462272014213,306.82253733609787,0.0,1.0,0.0,0.0,2.0
29978,0.0031576991285554917,0.6820630117679862,0.0,0.1,1018.4575395668265,310.483557970028,0.0,1.0,0.0,0.0,2.0
29979,0.002115252703887148,0.45689458403962396,0.0,0.1,1024.7453494622118,315.8039501625787,0.0,1.0,0.0,0.0,2.0
29980,0.0018295764306825455,0.39518850902742986,0.0,0.1,1032.1701626900956,322.735392867159,0.0,1.0,0.0,0.0,2.0
29981,0.002639027477804441,0.5700299352057592,0.0,0.1,1034.8585061261197,323.5695734267571,0.0,1.0,0.0,0.0,2.0
29982,0.0027172291486425152,0.5869214961067832,0.0,0.1,1041.6076901640906,327.04919772660355,0.0,1.0,0.0,0.0,2.0
29983,0.0017671342251874618,0.38170099264049173,0.0,0.1,1052.5800526456342,334.32512418945765,0.0,1.0,0.0,0.0,2.0
29984,0.0018499434707489597,0.3995877896817753,0.0,0.1,1063.0198409885916,341.2067188242173,0.0,1.0,0.0,0.0,2.0
29985,0.0026322177523857497,0.568559034515322,0.0,0.1,1068.8598472554313,344.91955433050794,0.0,1.0,0.0,0.0,2.0
29986,0.001370221340569802,0.2959678095630772,0.0,0.1,1080.615547813662,355.2673962026685,0.0,1.0,0.0,0.0,2.0
29987,,,,0.1,,,0.0,1.0,,,2.0
29988,,,,0.1,1093.3047715405926,359.4410102783281,,,0.0,0.0,2.0
29989,,,,0.1,1104.0430985657138,368.57230652817,,,0.0,0.0,2.0
29990,,,,0.1,,,,,,,2.0
29991,0.0024273515469471134,0.5243079341405765,0.0,0.1,,,0.0,1.0,,,2.0
29992,0.0005820427378677943,0.12572123137944358,0.0,0.1,,,0.0,1.0,,,2.0
29993,0.0005762724858097878,0.12447485693491417,0.0,0.1,,,0.0,1.0,,,2.0
29994,0.001830680509168841,0.3954269899804697,0.0,0.1,,,0.0,1.0,,,2.0
29995,0.001512359339689673,0.3266696173729694,0.0,0.1,,,0.0,1.0,,,2.0
29996,0.0015823164455483136,0.3417803522384357,0.0,0.1,,,0.0,1.0,,,2.0
29997,0.0016905992703645017,0.3651694423987324,0.0,0.1,,,0.0,1.0,,,2.0
29998,0.0012836342457187816,0.2772649970752568,0.0,0.1,,,0.0,1.0,,,2.0
29999,0.002432924927837954,0.5255117844129981,0.0,0.1,,,0.0,1.0,,,2.0
30000,0.0010486638060853428,0.22651138211443406,0.0,0.1,,,0.0,1.0,,,2.0
30001,0.0011241252567319327,0.2428110554540975,0.0,0.1,,,0.0,1.0,,,2.0
30002,0.0005086373386636127,0.10986566515134034,0.0,0.1,,,0.0,1.0,,,2.0
30003,0.0012719471517507286,0.2747405847781574,0.0,0.1,1137.6448230700857,399.3657567023357,0.0,1.0,0.0,0.0,2.0
30004,0.0009147613754648052,0.19758845710039794,0.0,0.1,,,0.0,1.0,,,2.0
30005,0.0010947240218295636,0.23646038871518574,0.0,0.1,1126.559140223496,379.84017903802805,0.0,1.0,0.0,0.0,2.0
30006,0.0004288572662375753,0.09263316950731627,1.0,0.1,1124.6606768807992,375.85966856048435,0.0,1.0,0.0,0.0,2.0
30007,0.000370428580331772,0.08001257335166276,1.0,0.1,1124.3012062689984,372.4778198637864,0.0,1.0,0.0,0.0,2.0
30008,0.0006728051436877778,0.14532591103656,0.0,0.1,1123.1803664462318,370.2113434629012,0.0,1.0,0.0,0.0,2.0
30009,0.0005170282299637056,0.11167809767216043,0.0,0.1,1120.6626828028984,364.8538313377133,0.0,1.0,0.0,0.0,2.0
30010,0.0003403561437215037,0.07351692704384481,1.0,0.1,1115.0551329586872,354.89504811740113,0.0,1.0,0.0,0.0,2.0
30011,0.00038033488469694506,0.08215233509454013,1.0,0.1,1111.4265767972718,347.1970706153635,0.0,1.0,0.0,0.0,2.0
30012,0.00019031758316674982,0.04110859796401796,1.0,0.1,1108.4317605730132,343.32170757032395,0.0,1.0,0.0,0.0,2.0
30013,0.00027704847422531235,0.05984247043266747,1.0,0.1,1105.0683825981353,339.1927717772539,0.0,1.0,0.0,0.0,2.0
30014,0.00031441390037617784,0.06791340248125442,1.0,0.1,1102.8635870814662,334.9815718559702,0.0,1.0,0.0,0.0,2.0
30015,0.0002754039897804635,0.05948726179258011,1.0,0.1,1100.1261212620748,330.2661118864746,0.0,1.0,0.0,0.0,2.0
30016,0.00017686758473650673,0.03820339830308545,1.0,0.1,1097.0061033041982,325.0266846640684,0.0,1.0,0.0,0.0,2.0
30017,0.0006238834910051786,0.13475883405711858,0.0,0.1,1096.7263764125364,324.6282232833638,0.0,1.0,0.0,0.0,2.0
30018,0.0005927643535248784,0.12803710036137372,0.0,0.1,1096.7377223052215,321.801816070299,0.0,1.0,0.0,0.0,2.0
30019,0.00021997286165258942,0.04751413811695932,1.0,0.1,1097.4053070576874,318.68315212359596,0.0,1.0,0.0,0.0,2.0
30020,0.00044064477918007893,0.09517927230289705,1.0,0.1,1097.7706453896176,317.1737759730174,0.0,1.0,0.0,0.0,2.0
30021,0.00013378720983045836,0.028898037323379006,1.0,0.1,1098.506069730973,316.89577577407107,0.0,1.0,0.0,0.0,2.0
30022,0.0005440345232141248,0.11751145701425095,0.0,0.1,1098.803836950036,316.2540400752587,0.0,1.0,0.0,0.0,2.0
30023,0.0001156982828482452,0.024990829095220962,1.0,0.1,1098.3317825166741,314.91655066489017,0.0,1.0,0.0,0.0,2.0
30024,0.00015033316861578526,0.032471964421009615,1.0,0.1,1099.703792239745,315.8996986830975,0.0,1.0,0.0,0.0,2.0
30025,0.00018167315059633546,0.03924140052880846,1.0,0.1,1103.3130010526916,318.31872353042496,0.0,1.0,0.0,0.0,2.0
30026,0.00019742659737349608,0.04264414503267515,1.0,0.1,1104.0544919573524,318.18766737163077,0.0,1.0,0.0,0.0,2.0
30027,0.0003450899876448225,0.07453943733128167,1.0,0.1,1108.729407530094,321.36889478993993,0.0,1.0,0.0,0.0,2.0
30028,0.00023845821094548557,0.05150697356422489,1.0,0.1,1113.2730494124291,324.8075866653557,0.0,1.0,0.0,0.0,2.0
30029,0.0006096121138225405,0.13167621658566875,0.0,0.1,1117.7210092427067,328.9527864472554,0.0,1.0,0.0,0.0,2.0
30030,0.001266680461567437,0.2736029796985664,0.0,0.1,1119.7725703034314,330.4625961307505,0.0,1.0,0.0,0.0,2.0
30031,0.0016820871578202643,0.3633308260891771,0.0,0.1,1125.2332650037592,336.9911959901618,0.0,1.0,0.0,0.0,2.0
30032,0.0011270254084802822,0.24343748823174097,0.0,0.1,,,0.0,1.0,,,2.0
30033,0.003044711643278919,0.6576577149482465,0.0,0.1,,,0.0,1.0,,,2.0
30034,0.0007947184348560684,0.17165918192891078,0.0,0.1,,,0.0,1.0,,,2.0
30035,0.002156352476405667,0.46577213490362407,0.0,0.1,,,0.0,1.0,,,2.0
30036,0.0014874184763760741,0.321282390897232,0.0,0.1,,,0.0,1.0,,,2.0
30037,0.0009416847914075361,0.2034039149440278,0.0,0.1,,,0.0,1.0,,,2.0
30038,0.00028762826897881703,0.06212770609942447,1.0,0.1,,,0.0,1.0,,,2.0
30039,0.001791153783138507,0.3868892171579175,0.0,0.1,,,0.0,1.0,,,2.0
30040,0.0012811632645200338,0.27673126513632734,0.0,0.1,,,0.0,1.0,,,2.0
30041,0.0017751255220321593,0.3834271127589464,0.0,0.1,,,0.0,1.0,,,2.0
30042,0.0010392369276824662,0.22447517637941272,0.0,0.1,,,0.0,1.0,,,2.0
30043,0.0005230812382391523,0.11298554745965689,0.0,0.1,,,0.0,1.0,,,2.0
30044,0.0021771232460484954,0.470258621146475,0.0,0.1,,,0.0,1.0,,,2.0
30045,0.00240698338264544,0.5199084106514151,0.0,0.1,,,0.0,1.0,,,2.0
30046,0.0015320564309698834,0.33092418908949484,0.0,0.1,,,0.0,1.0,,,2.0
30047,0.0013806907726754527,0.2982292068978978,0.0,0.1,,,0.0,1.0,,,2.0
30048,0.0016444900662098598,0.35520985430132973,0.0,0.1,,,0.0,1.0,,,2.0
30049,0.0012963045450417922,0.2800017817290271,0.0,0.1,,,0.0,1.0,,,2.0
30050,0.0021056797309616897,0.45482682188772494,0.0,0.1,,,0.0,1.0,,,2.0
30051,0.002029882123943481,0.4384545387717919,0.0,0.1,,,0.0,1.0,,,2.0
30052,0.0004785520522132587,0.10336724327806388,0.0,0.1,,,0.0,1.0,,,2.0
30053,0.0017370109399320456,0.37519436302532183,0.0,0.1,,,0.0,1.0,,,2.0
30054,0.000569553920809214,0.12302364689479023,0.0,0.1,,,0.0,1.0,,,2.0
30055,0.00044867206440856215,0.09691316591224942,1.0,0.1,,,0.0,1.0,,,2.0
30056,0.0008396322957036218,0.18136057587198234,0.0,0.1,1221.2112577586067,456.8034934148337,0.0,1.0,0.0,0.0,2.0
30057,0.0008131208401509796,0.1756341014726116,0.0,0.1,,,0.0,1.0,,,2.0
30058,0.0005902329740932686,0.127490322404146,0.0,0.1,,,0.0,1.0,,,2.0
30059,0.0018217727889294011,0.3935029224087507,0.0,0.1,,,0.0,1.0,,,2.0
30060,0.0005025404767365367,0.10854874297509194,0.0,0.1,,,0.0,1.0,,,2.0
30061,0.0012735807643988158,0.2750934451101442,0.0,0.1,,,0.0,1.0,,,2.0
30062,0.0013155966385604058,0.28416887392904766,0.0,0.1,,,0.0,1.0,,,2.0
30063,0.0007756659503470567,0.16754384527496427,0.0,0.1,,,0.0,1.0,,,2.0
30064,0.0012883929651423104,0.2782928804707391,0.0,0.1,,,0.0,1.0,,,2.0
30065,0.0009962759594211138,0.2151956072349606,0.0,0.1,,,0.0,1.0,,,2.0
30066,0.0009149753961748827,0.19763468557377464,0.0,0.1,,,0.0,1.0,,,2.0
30067,0.0013603806868153227,0.2938422283521097,0.0,0.1,,,0.0,1.0,,,2.0
30068,0.00035336942299074624,0.07632779536600119,1.0,0.1,,,0.0,1.0,,,2.0
30069,0.00037726331804797714,0.08148887669836306,1.0,0.1,1251.5211025384076,511.19068314048576,0.0,1.0,0.0,0.0,2.0
30070,0.0006743593060740009,0.1456616101119842,0.0,0.1,1254.9644971062078,520.568923025771,0.0,1.0,0.0,0.0,2.0
30071,0.0010618734420413597,0.2293646634809337,0.0,0.1,1254.2397250953693,522.4065846843301,0.0,1.0,0.0,0.0,2.0
30072,0.0006799225538701347,0.1468632716359491,0.0,0.1,1216.7208780621102,515.38077180928,0.0,1.0,0.0,0.0,2.0
30073,0.000632536717658795,0.1366279310142997,0.0,0.1,1249.3128931687975,525.6361741575548,0.0,1.0,0.0,0.0,2.0
30074,0.00030936323752514555,0.06682245930543144,1.0,0.1,,,0.0,1.0,,,2.0
30075,0.001840845580872895,0.3976226454685453,0.0,0.1,,,0.0,1.0,,,2.0
30076,0.0010652519388993377,0.23009441880225698,0.0,0.1,,,0.0,1.0,,,2.0
30077,0.0006292676718967111,0.1359218171296896,0.0,0.1,,,0.0,1.0,,,2.0
30078,0.0012961466394990732,0.27996767413179985,0.0,0.1,,,0.0,1.0,,,2.0
30079,8.557591257857032e-05,0.01848439711697119,1.0,0.1,,,0.0,1.0,,,2.0
30080,0.0013649285890568578,0.2948245752362813,0.0,0.1,,,0.0,1.0,,,2.0
30081,0.002447878492535574,0.528741754387684,0.0,0.1,1279.947367472373,575.8590421847267,0.0,1.0,0.0,0.0,2.0
30082,6.900421928762776e-05,0.014904911366127599,1.0,0.1,1281.1025691295092,576.6653727598016,0.0,1.0,0.0,0.0,2.0
30083,0.001120122855384431,0.24194653676303707,0.0,0.1,1281.901570962478,576.4995114095248,0.0,1.0,0.0,0.0,2.0
30084,0.0013058636772896235,0.2820665542945587,0.0,0.1,1281.0031263149253,575.2866904586227,0.0,1.0,0.0,0.0,2.0
30085,0.00041380225975380235,0.0893812881068213,1.0,0.1,1281.3977438318373,576.3897630269458,0.0,1.0,0.0,0.0,2.0
30086,0.000759522784859962,0.1640569215297518,0.0,0.1,1283.0107133112263,578.1864059757963,0.0,1.0,0.0,0.0,2.0
30087,0.0002463213546320807,0.05320541260052943,1.0,0.1,1281.7160772263958,577.156681795988,0.0,1.0,0.0,0.0,2.0
30088,0.0005478112006441934,0.11832721933914578,0.0,0.1,1279.1018254336075,574.2486237680407,0.0,1.0,0.0,0.0,2.0
30089,0.0008237982942821094,0.1779404315649356,0.0,0.1,,,0.0,1.0,,,2.0
30090,0.0006744354196090601,0.14567805063555697,0.0,0.1,,,0.0,1.0,,,2.0
30091,0.0006956056265842943,0.15025081534220755,0.0,0.1,,,0.0,1.0,,,2.0
30092,0.00035028197333140644,0.07566090623958378,1.0,0.1,,,0.0,1.0,,,2.0
30093,0.0009127256417546635,0.19714873861900734,0.0,0.1,,,0.0,1.0,,,2.0
30094,0.0009332707623978527,0.2015864846779362,0.0,0.1,1263.0738835652305,563.5612177108719,0.0,1.0,0.0,0.0,2.0
30095,0.00013759860088906586,0.029721297792038224,1.0,0.1,1256.6234058488244,560.1729044362025,0.0,1.0,0.0,0.0,2.0
30096,0.00065037624516199,0.14048126895498983,0.0,0.1,1247.1252135832,552.844991834749,0.0,1.0,0.0,0.0,2.0
30097,8.970336892331149e-05,0.019375927687435283,1.0,0.1,1243.1388389839349,552.3637695067987,0.0,1.0,0.0,0.0,2.0
30098,0.0006297816602110557,0.13603283860558804,0.0,0.1,1242.0286567391709,552.646249075466,0.0,1.0,0.0,0.0,2.0
30099,0.0007963289801807593,0.172007059719044,0.0,0.1,1241.4981407689527,551.9617719645345,0.0,1.0,0.0,0.0,2.0
30100,0.0006584895305843411,0.14223373860621769,0.0,0.1,1239.1258560915321,548.4400470808615,0.0,1.0,0.0,0.0,2.0
30101,0.0005595674388891908,0.12086656680006522,0.0,0.1,1238.929722535058,545.1754342270754,0.0,1.0,0.0,0.0,2.0
30102,0.0017704880260888374,0.3824254136351889,0.0,0.1,1239.3481980319277,544.1330095107006,0.0,1.0,0.0,0.0,2.0
30103,0.0009245988760467421,0.1997133572260963,0.0,0.1,1237.9777622914387,541.0230697687441,0.0,1.0,0.0,0.0,2.0
30104,0.0011060148049860925,0.23889919787699598,0.0,0.1,,,0.0,1.0,,,2.0
30105,0.0013765015882224617,0.2973243430560517,0.0,0.1,,,0.0,1.0,,,2.0
30106,0.0004145387629733316,0.08954037280223962,1.0,0.1,,,0.0,1.0,,,2.0
30107,,,,0.1,,,0.0,1.0,,,2.0
30108,,,,0.1,,,,,,,2.0
30109,,,,0.1,,,,,,,2.0
30110,0.0009150140549665167,0.19764303587276763,0.0,0.1,,,0.0,1.0,,,2.0
30111,0.0013937858563895353,0.30105774498013965,0.0,0.1,,,0.0,1.0,,,2.0
30112,0.001106895683569336,0.23908946765097658,0.0,0.1,,,0.0,1.0,,,2.0
30113,,,,0.1,,,0.0,1.0,,,2.0
30114,,,,0.1,,,,,,,2.0
30115,,,,0.1,,,,,,,2.0
30116,,,,0.1,,,,,,,2.0
30117,0.00028839278451462254,0.06229284145515847,1.0,0.1,,,0.0,1.0,,,2.0
30118,0.0009126392169712417,0.1971300708657882,0.0,0.1,,,0.0,1.0,,,2.0
30119,0.0017743830949824716,0.3832667485162139,0.0,0.1,,,0.0,1.0,,,2.0
30120,0.0010011459928417669,0.21624753445382164,0.0,0.1,,,0.0,1.0,,,2.0
30121,0.0009375808607232395,0.20251746591621972,0.0,0.1,,,0.0,1.0,,,2.0
30122,0.0009579533429938663,0.20691792208667512,0.0,0.1,,,0.0,1.0,,,2.0
30123,0.0013256072525668458,0.2863311665544387,0.0,0.1,,,0.0,1.0,,,2.0
30124,0.0010334660617560825,0.22322866933931382,0.0,0.1,,,0.0,1.0,,,2.0
30125,0.000980154250780471,0.21171331816858174,0.0,0.1,,,0.0,1.0,,,2.0
30126,0.0020891646698877613,0.45125956869575645,0.0,0.1,,,0.0,1.0,,,2.0
30127,0.0014995092811259717,0.3238940047232099,0.0,0.1,,,0.0,1.0,,,2.0
30128,0.0011883046236394583,0.256673798706123,0.0,0.1,,,0.0,1.0,,,2.0
30129,0.0026301922202577395,0.5681215195756718,0.0,0.1,,,0.0,1.0,,,2.0
30130,0.001914196466497255,0.4134664367634071,0.0,0.1,,,0.0,1.0,,,2.0
30131,0.0018978837824243351,0.4099428970036564,0.0,0.1,,,0.0,1.0,,,2.0
30132,0.0020918134362342905,0.4518317022266068,0.0,0.1,1135.7735919841687,417.3888201269514,0.0,1.0,0.0,0.0,2.0
30133,0.0005093213340506687,0.11001340815494444,0.0,0.1,1133.375458364924,417.1206661254789,0.0,1.0,0.0,0.0,2.0
30134,0.0012770348249940278,0.27583952219871,0.0,0.1,1133.0874738935402,415.6615400804614,0.0,1.0,0.0,0.0,2.0
30135,0.0017145045696817113,0.3703329870512497,0.0,0.1,1136.7105328628547,414.85390612612883,0.0,1.0,0.0,0.0,2.0
30136,0.0006392289631299834,0.1380734560360764,0.0,0.1,1132.8919647877058,411.5444496341769,0.0,1.0,0.0,0.0,2.0
30137,0.0006323761459035232,0.13659324751516103,0.0,0.1,1127.1277540071708,404.9883895490973,0.0,1.0,0.0,0.0,2.0
30138,0.001349207889069015,0.29142890403890725,0.0,0.1,1123.546248176968,402.6554024337203,0.0,1.0,0.0,0.0,2.0
30139,0.001573814911279761,0.33994402083642844,0.0,0.1,1117.5813902390632,396.3730881898339,0.0,1.0,0.0,0.0,2.0
30140,0.0021385761672066857,0.4619324521166442,0.0,0.1,,,0.0,1.0,,,2.0
30141,0.0009468226545863602,0.2045136933906538,0.0,0.1,,,0.0,1.0,,,2.0
30142,0.0009957234574745684,0.21507626681450678,0.0,0.1,,,0.0,1.0,,,2.0
30143,0.0029306354615340987,0.6330172596913654,0.0,0.1,,,0.0,1.0,,,2.0
30144,0.0019401948687537065,0.41908209165080057,0.0,0.1,,,0.0,1.0,,,2.0
30145,0.002572306957525983,0.5556183028256123,0.0,0.1,1093.1455171070922,352.9891846587352,0.0,1.0,0.0,0.0,2.0
30146,0.0014777515212129385,0.3191943285819947,0.0,0.1,1087.961828261389,340.85806140085333,0.0,1.0,0.0,0.0,2.0
30147,0.0011199532313734988,0.24190989797667573,0.0,0.1,1086.810173592194,336.1378689797386,0.0,1.0,0.0,0.0,2.0
30148,0.0008864597185496138,0.1914752992067166,0.0,0.1,1084.229953849756,329.9948183882967,0.0,1.0,0.0,0.0,2.0
30149,0.0014637041106108938,0.31616008789195305,0.0,0.1,1075.8910732589416,322.5405442579593,0.0,1.0,0.0,0.0,2.0
30150,0.0013814349893625515,0.29838995770231114,0.0,0.1,1063.9480634565618,317.75350574328303,0.0,1.0,0.0,0.0,2.0
30151,0.0009311377225474473,0.2011257480702486,0.0,0.1,1054.2761717967035,317.41216838756196,0.0,1.0,0.0,0.0,2.0
30152,0.0014026022162521698,0.3029620787104687,0.0,0.1,1050.6194474482752,316.5221682229957,0.0,1.0,0.0,0.0,2.0
30153,0.0008865484177854791,0.1914944582416635,0.0,0.1,1046.7009617534377,313.5023497072961,0.0,1.0,0.0,0.0,2.0
30154,0.0007681357882166759,0.16591733025480201,0.0,0.1,1046.2247253804396,310.63072111557307,0.0,1.0,0.0,0.0,2.0
30155,0.0006510083676951816,0.14061780742215924,0.0,0.1,1041.767691876145,306.3052657849978,0.0,1.0,0.0,0.0,2.0
30156,0.0006033151861068837,0.1303160801990869,0.0,0.1,1036.4409041081763,300.0416061725869,0.0,1.0,0.0,0.0,2.0
30157,0.0002308727447209631,0.04986851285972803,1.0,0.1,1030.0857116591783,294.92713373677844,0.0,1.0,0.0,0.0,2.0
30158,0.00080438387567639,0.17374691714610024,0.0,0.1,1023.3826417498115,287.46766107801267,0.0,1.0,0.0,0.0,2.0
30159,0.0013449611673025607,0.29051161213735316,0.0,0.1,1014.923678880768,281.2950547235298,0.0,1.0,0.0,0.0,2.0
30160,0.00046955488756149425,0.10142385571328276,0.0,0.1,1008.0731724431641,276.5096847154836,0.0,1.0,0.0,0.0,2.0
30161,0.0014136751504133858,0.3053538324892913,0.0,0.1,1006.6691625295643,276.3567315741827,0.0,1.0,0.0,0.0,2.0
30162,0.0019549802398746772,0.42227573181293027,0.0,0.1,1001.6340418557568,272.67249204853283,0.0,1.0,0.0,0.0,2.0
30163,0.0013875172816338191,0.29970373283290497,0.0,0.1,,,0.0,1.0,,,2.0
30164,0.00013857081309429756,0.029931295628368278,1.0,0.1,,,0.0,1.0,,,2.0
30165,0.0010937948796556685,0.23625969400562438,0.0,0.1,,,0.0,1.0,,,2.0
30166,0.0006094939973522797,0.1316507034280924,0.0,0.1,,,0.0,1.0,,,2.0
30167,0.0001603061965962792,0.034626138464796306,1.0,0.1,,,0.0,1.0,,,2.0
30168,0.00013317204335472381,0.028765161364620345,1.0,0.1,,,0.0,1.0,,,2.0
30169,0.0002928392970123352,0.06325328815466441,1.0,0.1,,,0.0,1.0,,,2.0
30170,0.0004454028503297627,0.09620701567122875,1.0,0.1,,,0.0,1.0,,,2.0
30171,0.000268929584232125,0.05808879019413901,1.0,0.1,,,0.0,1.0,,,2.0
30172,0.0004133099719413323,0.08927495393932777,1.0,0.1,984.7544878026486,262.00790233052027,0.0,1.0,0.0,0.0,2.0
30173,0.001032287541307748,0.22297410892247357,0.0,0.1,,,0.0,1.0,,,2.0
30174,0.00043527583739476784,0.09401958087726986,1.0,0.1,,,0.0,1.0,,,2.0
30175,0.0024450305703811064,0.5281266032023191,0.0,0.1,,,0.0,1.0,,,2.0
30176,0.0004127259370064848,0.08914880239340071,1.0,0.1,,,0.0,1.0,,,2.0
30177,0.0010820611619124752,0.23372521097309465,0.0,0.1,,,0.0,1.0,,,2.0
30178,0.00040490272389294305,0.08745898836087569,1.0,0.1,,,0.0,1.0,,,2.0
30179,0.001182993461896698,0.2555265877696868,0.0,0.1,,,0.0,1.0,,,2.0
30180,0.0016311008324197671,0.3523177798026697,0.0,0.1,,,0.0,1.0,,,2.0
30181,0.0007523872729497008,0.16251565095713538,0.0,0.1,970.8332466152907,298.43059788821233,0.0,1.0,0.0,0.0,2.0
30182,0.00034911187914757287,0.07540816589587575,1.0,0.1,,,0.0,1.0,,,2.0
30183,0.0012168083974137495,0.26283061384136985,0.0,0.1,,,0.0,1.0,,,2.0
30184,0.001754845323983248,0.3790465899803816,0.0,0.1,,,0.0,1.0,,,2.0
30185,0.0013878739722253913,0.29978077800068453,0.0,0.1,952.0869497205342,293.97023486519,0.0,1.0,0.0,0.0,2.0
30186,0.0010489124737408729,0.22656509432802854,0.0,0.1,952.2596063088839,295.910047241964,0.0,1.0,0.0,0.0,2.0
30187,0.0003865217210349764,0.0834886917435549,1.0,0.1,954.1844325540811,294.66659382512444,0.0,1.0,0.0,0.0,2.0
30188,0.000627333510071213,0.135504038175382,0.0,0.1,955.4791864888801,293.4611385417598,0.0,1.0,0.0,0.0,2.0
30189,0.0005616257553436198,0.12131116315422188,0.0,0.1,959.3692547054698,288.34065952155913,0.0,1.0,0.0,0.0,2.0
30190,0.00026575903458312533,0.05740395146995507,1.0,0.1,972.7519684807019,284.4212428607328,0.0,1.0,0.0,0.0,2.0
30191,0.0003676492430947615,0.07941223650846849,1.0,0.1,984.642189866374,280.8762103788335,0.0,1.0,0.0,0.0,2.0
30192,0.0001734548785015935,0.037466253756344194,1.0,0.1,988.3394855346718,276.90041096831135,0.0,1.0,0.0,0.0,2.0
30193,0.0007154601300717896,0.15453938809550657,0.0,0.1,992.0315884224358,267.80343283763983,0.0,1.0,0.0,0.0,2.0
30194,0.0006465013794152286,0.13964429795368938,0.0,0.1,990.7813771621541,259.01800199552497,0.0,1.0,0.0,0.0,2.0
30195,0.00038145975309974766,0.0823953066695455,1.0,0.1,993.1397273072176,254.69803313037323,0.0,1.0,0.0,0.0,2.0
30196,0.0004910720769480576,0.10607156862078043,0.0,0.1,993.7946725247903,248.6763093817624,0.0,1.0,0.0,0.0,2.0
30197,0.0005328450491324086,0.11509453061260026,0.0,0.1,994.6812433489529,246.0777542566654,0.0,1.0,0.0,0.0,2.0
30198,0.0004387636898062837,0.09477295699815728,1.0,0.1,998.7679519302328,242.7681367453892,0.0,1.0,0.0,0.0,2.0
30199,0.000404533726465762,0.0873792849166046,1.0,0.1,1002.7940321845467,241.60082353249163,0.0,1.0,0.0,0.0,2.0
30200,0.00019821472553859751,0.042814380716337065,1.0,0.1,1007.2124395010893,241.11312863475254,0.0,1.0,0.0,0.0,2.0
30201,0.0013414884406776355,0.2897615031863693,0.0,0.1,1009.2569650772334,240.59394066653542,0.0,1.0,0.0,0.0,2.0
30202,0.0009816154871401313,0.21202894522226837,0.0,0.1,1012.6190846421395,238.82269831776014,0.0,1.0,0.0,0.0,2.0
30203,0.0005521954195092954,0.1192742106140078,0.0,0.1,1012.0502076450873,232.94013562798742,0.0,1.0,0.0,0.0,2.0
30204,0.0003313680409259154,0.07157549683999773,1.0,0.1,1011.1707203323689,222.9993042593635,0.0,1.0,0.0,0.0,2.0
30205,0.0007193122970521851,0.155371456163272,0.0,0.1,1012.3953839698645,213.9838174107349,0.0,1.0,0.0,0.0,2.0
30206,0.00029969003965968073,0.06473304856649104,1.0,0.1,1013.6258184482489,211.38427540406698,0.0,1.0,0.0,0.0,2.0
30207,0.000651152445946332,0.1406489283244077,0.0,0.1,1015.1269850678331,207.01291034207793,0.0,1.0,0.0,0.0,2.0
30208,0.0001460740400281874,0.031551992646088475,1.0,0.1,1014.870604053943,202.76672439331531,0.0,1.0,0.0,0.0,2.0
30209,0.0005616968636831252,0.12132652255555505,0.0,0.1,1015.4677353657851,198.99710176479095,0.0,1.0,0.0,0.0,2.0
30210,0.0005497668181603426,0.11874963272263402,0.0,0.1,1013.9558479526472,196.0956979562981,0.0,1.0,0.0,0.0,2.0
30211,0.0008702983796702778,0.18798445000878,0.0,0.1,1017.519065641751,195.35995752077386,0.0,1.0,0.0,0.0,2.0
30212,0.0016416434358982935,0.3545949821540314,0.0,0.1,1020.8233151579084,194.8192163756974,0.0,1.0,0.0,0.0,2.0
30213,0.0005663502035993379,0.122331643977457,0.0,0.1,1021.7939680791969,193.62026966989427,0.0,1.0,0.0,0.0,2.0
30214,0.0003201529884029245,0.06915304549503169,1.0,0.1,1018.7619411386295,190.18830960231014,0.0,1.0,0.0,0.0,2.0
30215,0.0007210242925190607,0.15574124718411714,0.0,0.1,1018.6279321750176,187.96642742304593,0.0,1.0,0.0,0.0,2.0
30216,0.00041176698458367635,0.0889416686700741,1.0,0.1,1017.8799296939824,184.97063113216672,0.0,1.0,0.0,0.0,2.0
30217,0.00035060091635695354,0.07572979793310197,1.0,0.1,1017.2880815507993,182.42816635813912,0.0,1.0,0.0,0.0,2.0
30218,0.0002644371522817947,0.057118424892867656,1.0,0.1,1017.1282947251959,181.33168736187707,0.0,1.0,0.0,0.0,2.0
30219,0.00039999644766343145,0.0863992326953012,1.0,0.1,1016.7177800178316,180.05708255438833,0.0,1.0,0.0,0.0,2.0
30220,0.0005771149001725394,0.12465681843726852,0.0,0.1,1018.1580550625151,180.20513782640805,0.0,1.0,0.0,0.0,2.0
30221,0.00040838262574923134,0.08821064716183397,1.0,0.1,1015.3258308855334,176.98374707351473,0.0,1.0,0.0,0.0,2.0
30222,0.00035263175293131897,0.0761684586331649,1.0,0.1,1011.7869013038503,171.5397523479769,0.0,1.0,0.0,0.0,2.0
30223,0.0007221388084205907,0.15598198261884758,0.0,0.1,1006.9131733285205,164.41642859305747,0.0,1.0,0.0,0.0,2.0
30224,0.0011532321793466585,0.24909815073887823,0.0,0.1,1004.6086380488937,160.9767791322747,0.0,1.0,0.0,0.0,2.0
30225,0.00022655871523990923,0.04893668249182039,1.0,0.1,1004.7126047868908,159.98001628118294,0.0,1.0,0.0,0.0,2.0
30226,0.0005026623653728765,0.10857507092054132,0.0,0.1,998.6025951547169,153.8942525565777,0.0,1.0,0.0,0.0,2.0
30227,0.00023903049068970541,0.05163058598897637,1.0,0.1,984.2898983050269,140.02197307182072,0.0,1.0,0.0,0.0,2.0
30228,0.0004065145927427305,0.0878071520324298,1.0,0.1,974.806769072447,130.68373254105293,0.0,1.0,0.0,0.0,2.0
30229,0.00012789770797624062,0.027625904922867973,1.0,0.1,958.9889310806178,117.0416865072172,0.0,1.0,0.0,0.0,2.0
30230,0.0005362023059766721,0.11581969809096118,0.0,0.1,946.9057502808623,108.97631593995682,0.0,1.0,0.0,0.0,2.0
30231,0.0007070188517580101,0.15271607197973017,0.0,0.1,939.4941470623199,102.09492661089233,0.0,1.0,0.0,0.0,2.0
30232,0.0003982645109240626,0.08602513435959754,1.0,0.1,938.0468203836493,98.9668553277596,0.0,1.0,0.0,0.0,2.0
30233,0.0004914527279617059,0.10615378923972847,0.0,0.1,935.4047542180132,95.89980054987953,0.0,1.0,0.0,0.0,2.0
30234,0.0003035286356922423,0.06556218530952433,1.0,0.1,929.0146291659847,88.9572447956733,0.0,1.0,0.0,0.0,2.0
30235,0.0005476240214102101,0.11828678862460539,0.0,0.1,922.4268640999657,81.56902594933717,0.0,1.0,0.0,0.0,2.0
30236,0.00019786626078836805,0.0427391123302875,1.0,0.1,922.7054286864594,80.88912802455584,0.0,1.0,0.0,0.0,2.0
30237,0.0007314081707324638,0.15798416487821218,0.0,0.1,922.1816815623271,79.07897135071163,0.0,1.0,0.0,0.0,2.0
30238,0.0002771619837933575,0.05986698849936522,1.0,0.1,924.7864903271987,77.72796662584841,0.0,1.0,0.0,0.0,2.0
30239,0.0005369284887509347,0.1159765535702019,0.0,0.1,925.0235867556606,76.39505722505393,0.0,1.0,0.0,0.0,2.0
30240,0.00040842028082892364,0.08821878065904751,1.0,0.1,925.4971306478067,75.65449903617981,0.0,1.0,0.0,0.0,2.0
30241,0.00039439674337828784,0.08518969656971018,1.0,0.1,925.6892414809008,74.87491671029878,0.0,1.0,0.0,0.0,2.0
30242,0.0006965827851226146,0.15046188158648477,0.0,0.1,926.943316742971,74.82161614811454,0.0,1.0,0.0,0.0,2.0
30243,0.0005531249861790833,0.11947499701468199,0.0,0.1,927.960528795513,73.82720623668304,0.0,1.0,0.0,0.0,2.0
30244,0.0003355884930813922,0.07248711450558071,1.0,0.1,927.8417176428479,71.96906542742538,0.0,1.0,0.0,0.0,2.0
30245,0.0005086568750058662,0.1098698850012671,0.0,0.1,930.5612599501742,71.91760990030399,0.0,1.0,0.0,0.0,2.0
30246,0.0014051959308472742,0.3035223210630112,0.0,0.1,931.1227049282782,71.37546118073276,0.0,1.0,0.0,0.0,2.0
30247,0.0002511630775758842,0.054251224756390985,1.0,0.1,934.9210266631515,73.6710173491468,0.0,1.0,0.0,0.0,2.0
30248,0.0002889409984579563,0.062411255666918554,1.0,0.1,939.1997999880739,77.38487863408437,0.0,1.0,0.0,0.0,2.0
30249,0.0005910262118326658,0.12766166175585583,0.0,0.1,946.6182563673573,86.60407703364201,0.0,1.0,0.0,0.0,2.0
30250,0.0002616967537041948,0.05652649880010608,1.0,0.1,950.4175057399345,91.17870649691396,0.0,1.0,0.0,0.0,2.0
30251,0.0011003637386877952,0.23767856755656377,0.0,0.1,951.9498674418361,92.45654117429041,0.0,1.0,0.0,0.0,2.0
30252,0.0008559077122519505,0.1848760658464213,0.0,0.1,957.7045334915458,97.70791343180066,0.0,1.0,0.0,0.0,2.0
30253,0.0003735137671804619,0.08067897371097978,1.0,0.1,959.800255133264,98.87200191543853,0.0,1.0,0.0,0.0,2.0
30254,0.00012457329424829245,0.02690783155763117,1.0,0.1,961.2139445340812,98.81242910483023,0.0,1.0,0.0,0.0,2.0
30255,0.0005457778457167954,0.1178880146748278,0.0,0.1,962.1737015909615,99.29151115501683,0.0,1.0,0.0,0.0,2.0
30256,0.00034743199355483057,0.0750453106078434,1.0,0.1,962.432939001651,99.16619706063548,0.0,1.0,0.0,0.0,2.0
30257,0.0006864461911523659,0.14827237728891104,0.0,0.1,965.1784679814681,100.62721410686291,0.0,1.0,0.0,0.0,2.0
30258,0.0006148998628511678,0.13281837037585226,0.0,0.1,966.181272004863,99.96662420114406,0.0,1.0,0.0,0.0,2.0
30259,0.0011186460863414163,0.2416275546497459,0.0,0.1,968.5262932952294,100.89230726549353,0.0,1.0,0.0,0.0,2.0
30260,0.001085194749955727,0.234402065990437,0.0,0.1,968.820455402138,100.79071695872844,0.0,1.0,0.0,0.0,2.0
30261,0.0017067917661622762,0.3686670214910517,0.0,0.1,972.8244267319639,104.40381270328388,0.0,1.0,0.0,0.0,2.0
30262,0.0006767125625006924,0.14616991350014955,0.0,0.1,979.0674176472891,109.75187937952438,0.0,1.0,0.0,0.0,2.0
30263,0.0008671824418663036,0.18731140744312158,0.0,0.1,988.1554827857472,117.16861441024675,0.0,1.0,0.0,0.0,2.0
30264,0.001813298933936183,0.3916725697302155,0.0,0.1,991.122956758115,119.95788030348133,0.0,1.0,0.0,0.0,2.0
30265,0.004261069978686575,0.9203911153963003,0.0,0.1,998.3382914206724,126.53468467149472,0.0,1.0,0.0,0.0,2.0
30266,0.0015927140258310854,0.34402622957951445,0.0,0.1,1004.7995512442208,132.45010175025854,0.0,1.0,0.0,0.0,2.0
30267,0.0014481000901121449,0.3127896194642233,0.0,0.1,1011.6452499263013,138.42803377687616,0.0,1.0,0.0,0.0,2.0
30268,0.0010198342758535274,0.2202842035843619,0.0,0.1,1014.2772577291295,140.66560406126186,0.0,1.0,0.0,0.0,2.0
30269,0.0011846769539310396,0.25589022204910455,0.0,0.1,1016.0635263784287,142.4328915247424,0.0,1.0,0.0,0.0,2.0
30270,0.0033330830386479188,0.7199459363479505,0.0,0.1,1018.9310309953682,145.5201051737864,0.0,1.0,0.0,0.0,2.0
30271,0.003068082873118725,0.6627059005936446,0.0,0.1,1021.2207924905566,148.30702757017843,0.0,1.0,0.0,0.0,2.0
30272,0.0005607086697228096,0.12111307266012686,0.0,0.1,1025.3651500324365,153.5057402433099,0.0,1.0,0.0,0.0,2.0
30273,0.004500219330090979,0.9720473752996514,0.0,0.1,1029.8271730282838,158.28802180096378,0.0,1.0,0.0,0.0,2.0
30274,,,,0.1,1037.1296702146954,166.8143878530154,0.0,1.0,0.0,0.0,2.0
30275,,,,0.1,1043.383953872192,173.58545011921484,,,0.0,0.0,2.0
30276,0.002466358723679734,0.5327334843148225,0.0,0.1,1048.1569677065947,178.7451017563106,0.0,1.0,0.0,0.0,2.0
30277,0.00283564253054726,0.6124987865982082,0.0,0.1,1052.8029701472076,185.5597316281221,0.0,1.0,0.0,0.0,2.0
30278,0.002855314291226129,0.6167478869048438,0.0,0.1,1055.2970585363441,188.9850094783492,0.0,1.0,0.0,0.0,2.0
30279,0.003387742059551556,0.731752284863136,0.0,0.1,1060.0523212582614,195.63055889546482,0.0,1.0,0.0,0.0,2.0
30280,0.0027416135752465908,0.5921885322532636,0.0,0.1,1062.0838988923426,199.99697330751363,0.0,1.0,0.0,0.0,2.0
30281,0.0010158711108668077,0.21942815994723047,0.0,0.1,1060.2844964265996,199.94784202675004,0.0,1.0,0.0,0.0,2.0
30282,0.0013594653874302372,0.2936445236849312,0.0,0.1,1059.0430518907497,199.79818568558073,0.0,1.0,0.0,0.0,2.0
30283,0.0023002165956470507,0.4968467846597629,0.0,0.1,1057.4051019845433,200.12586936644203,0.0,1.0,0.0,0.0,2.0
30284,0.0003805703834857107,0.08220320283291352,1.0,0.1,1057.1866492038885,201.81225764005896,0.0,1.0,0.0,0.0,2.0
30285,0.00027252445057291856,0.05886528132375041,1.0,0.1,1057.2104858063783,201.46453151711046,0.0,1.0,0.0,0.0,2.0
30286,0.0014808240787509506,0.31985800101020534,0.0,0.1,1058.8468103908056,203.30151409003022,0.0,1.0,0.0,0.0,2.0
30287,0.0002070052369722793,0.044713131186012334,1.0,0.1,1061.2395735970558,205.00508993694618,0.0,1.0,0.0,0.0,2.0
30288,0.0011445521907702478,0.24722327320637352,0.0,0.1,1061.7807190943374,205.8254748497227,0.0,1.0,0.0,0.0,2.0
30289,0.0029513555396553726,0.6374927965655605,0.0,0.1,1059.4126912302356,206.89872497926567,0.0,1.0,0.0,0.0,2.0
30290,0.00023310664050951553,0.050351034350055356,1.0,0.1,1063.787283624053,213.79887922069923,0.0,1.0,0.0,0.0,2.0
30291,0.00033283762820853993,0.07189292769304463,1.0,0.1,1061.9529875699234,213.85035360187132,0.0,1.0,0.0,0.0,2.0
30292,0.0032360890133034705,0.6989952268735496,0.0,0.1,1060.2792728045818,217.76221699572724,0.0,1.0,0.0,0.0,2.0
30293,0.0018759792556941343,0.405211519229933,0.0,0.1,1060.652095055015,223.8805019439339,0.0,1.0,0.0,0.0,2.0
30294,0.003991565808513624,0.8621782146389427,0.0,0.1,1055.9365671189034,227.76740094659397,0.0,1.0,0.0,0.0,2.0
30295,0.002804413807097738,0.6057533823331114,0.0,0.1,1056.1813480927835,233.8868704747482,0.0,1.0,0.0,0.0,2.0
30296,0.003691465629073151,0.7973565758798006,0.0,0.1,1057.9858934941822,239.48386265489646,0.0,1.0,0.0,0.0,2.0
30297,0.004584407330826299,0.9902319834584806,0.0,0.1,1058.6726235183046,249.26736426249008,0.0,1.0,0.0,0.0,2.0
30298,0.005287724627879777,1.1421485196220318,0.0,0.1,,,0.0,1.0,,,2.0
30299,0.0012902949065250527,0.2787036998094114,0.0,0.1,,,0.0,1.0,,,2.0
30300,0.004739645600777738,1.0237634497679915,0.0,0.1,,,0.0,1.0,,,2.0
30301,0.0031206101735198194,0.674051797480281,0.0,0.1,,,0.0,1.0,,,2.0
30302,0.003493576734885787,0.75461257473533,0.0,0.1,1065.7874539323386,290.49466158079645,0.0,1.0,0.0,0.0,2.0
30303,0.001646379686423808,0.3556180122675426,0.0,0.1,,,0.0,1.0,,,2.0
30304,0.0029087648834387595,0.628293214822772,0.0,0.1,1073.6290270594252,313.44514889796295,0.0,1.0,0.0,0.0,2.0
30305,0.001338563087308925,0.2891296268587278,0.0,0.1,,,0.0,1.0,,,2.0
30306,,,,0.1,,,0.0,1.0,,,2.0
30307,,,,0.1,,,,,,,2.0
30308,,,,0.1,,,,,,,2.0
30309,,,,0.1,,,,,,,2.0
30310,0.0034064257857314363,0.7357879697179903,0.0,0.1,,,0.0,1.0,,,2.0
30311,0.002525623934939272,0.5455347699468829,0.0,0.1,1097.2771340276877,368.118432187046,0.0,1.0,0.0,0.0,2.0
30312,0.00407852763082657,0.8809619682585391,0.0,0.1,,,0.0,1.0,,,2.0
30313,0.0010364019691218448,0.22386282533031848,0.0,0.1,,,0.0,1.0,,,2.0
30314,0.001059002827910621,0.22874461082869413,0.0,0.1,,,0.0,1.0,,,2.0
30315,0.0022961457194293267,0.4959674753967346,0.0,0.1,,,0.0,1.0,,,2.0
30316,0.0016530212538634417,0.3570525908345034,0.0,0.1,,,0.0,1.0,,,2.0
30317,0.0012603596347786693,0.27223768111219254,0.0,0.1,,,0.0,1.0,,,2.0
30318,0.000998814049701581,0.2157438347355415,0.0,0.1,,,0.0,1.0,,,2.0
30319,0.0006780004235520119,0.14644809148723456,0.0,0.1,,,0.0,1.0,,,2.0
30320,0.00043897665516825943,0.09481895751634403,1.0,0.1,,,0.0,1.0,,,2.0
30321,0.0005521082737111028,0.1192553871215982,0.0,0.1,,,0.0,1.0,,,2.0
30322,9.893107985604133e-05,0.021369113248904927,1.0,0.1,,,0.0,1.0,,,2.0
30323,0.0002939489764260525,0.06349297890802735,1.0,0.1,,,0.0,1.0,,,2.0
30324,0.0003746530736494669,0.08092506390828486,1.0,0.1,,,0.0,1.0,,,2.0
30325,0.00010406372654953071,0.022477764934698635,1.0,0.1,,,0.0,1.0,,,2.0
30326,4.8997728601626635e-05,0.010583509377951352,1.0,0.1,,,0.0,1.0,,,2.0
30327,0.0003278009274828538,0.07080500033629643,1.0,0.1,,,0.0,1.0,,,2.0
30328,0.00024136937528397006,0.052135785061337536,1.0,0.1,,,0.0,1.0,,,2.0
30329,0.0003990627560900028,0.0861975553154406,1.0,0.1,,,0.0,1.0,,,2.0
30330,0.00043416638176076524,0.0937799384603253,1.0,0.1,,,0.0,1.0,,,2.0
30331,0.00013673254227728618,0.029534229131893817,1.0,0.1,,,0.0,1.0,,,2.0
30332,0.0008414405038660781,0.18175114883507287,0.0,0.1,,,0.0,1.0,,,2.0
30333,0.0006638583065360981,0.14339339421179717,0.0,0.1,,,0.0,1.0,,,2.0
30334,0.0003653574552664174,0.07891721033754616,1.0,0.1,,,0.0,1.0,,,2.0
30335,0.00013097932802062404,0.028291534852454794,1.0,0.1,,,0.0,1.0,,,2.0
30336,0.000552568788014709,0.11935485821117714,0.0,0.1,,,0.0,1.0,,,2.0
30337,0.00027206816429479536,0.0587667234876758,1.0,0.1,,,0.0,1.0,,,2.0
30338,0.000349346338145153,0.07545880903935305,1.0,0.1,,,0.0,1.0,,,2.0
30339,0.0004702245177193674,0.10156849582738336,0.0,0.1,,,0.0,1.0,,,2.0
30340,0.0003814426911920595,0.08239162129748485,1.0,0.1,,,0.0,1.0,,,2.0
30341,0.0013893951480518831,0.30010935197920674,0.0,0.1,,,0.0,1.0,,,2.0
30342,0.001343652291204779,0.29022889490023224,0.0,0.1,1116.452591107253,383.0169107445678,0.0,1.0,0.0,0.0,2.0
30343,,,,0.1,1120.8751210197051,390.4703942398458,0.0,1.0,0.0,0.0,2.0
30344,,,,0.1,1126.633455135557,398.07526170263327,,,0.0,0.0,2.0
30345,,,,0.1,1127.7087849546651,400.216691861173,,,0.0,0.0,2.0
30346,,,,0.1,1131.4699310862268,404.91313349938025,,,0.0,0.0,2.0
30347,0.0008595283145132646,0.18565811593486517,0.0,0.1,1134.4771969122796,410.30074689221004,0.0,1.0,0.0,0.0,2.0
30348,0.0038433401975185456,0.8301614826640059,0.0,0.1,1138.3087166547868,415.6009852371131,0.0,1.0,0.0,0.0,2.0
30349,0.0010272809770949345,0.22189269105250584,0.0,0.1,1141.376206023062,418.16481283020323,0.0,1.0,0.0,0.0,2.0
30350,0.002427654375140171,0.524373345030277,0.0,0.1,1143.0918210003595,420.15600533817457,0.0,1.0,0.0,0.0,2.0
30351,0.0028078731752622455,0.606500605856645,0.0,0.1,1147.6834134426117,424.51496815058596,0.0,1.0,0.0,0.0,2.0
30352,0.0005964179381445014,0.1288262746392123,0.0,0.1,1153.1727281429203,431.81997704395434,0.0,1.0,0.0,0.0,2.0
30353,0.00027010801643334174,0.05834333154960182,1.0,0.1,1155.49476560741,435.36760333116797,0.0,1.0,0.0,0.0,2.0
30354,0.001745827496387139,0.37709873921962206,0.0,0.1,1155.7285059246053,435.58257584819637,0.0,1.0,0.0,0.0,2.0
30355,0.0014954508137795181,0.3230173757763759,0.0,0.1,1158.8241108868056,437.1964496849422,0.0,1.0,0.0,0.0,2.0
30356,0.0007551098545545722,0.1631037285837876,0.0,0.1,1163.028069385784,441.26140446631257,0.0,1.0,0.0,0.0,2.0
30357,0.0013422774017863293,0.2899319187858471,0.0,0.1,1167.3782467258347,445.87017878493367,0.0,1.0,0.0,0.0,2.0
30358,0.0008694186015068141,0.18779441792547186,0.0,0.1,1172.082785815858,452.2156469711208,0.0,1.0,0.0,0.0,2.0
30359,0.0007429204259899764,0.1604708120138349,0.0,0.1,1178.0153087152985,457.53111911365517,0.0,1.0,0.0,0.0,2.0
30360,0.0008644658849114525,0.18672463114087373,0.0,0.1,1185.2472275779255,463.47564672768874,0.0,1.0,0.0,0.0,2.0
30361,0.0016413193382367381,0.35452497705913544,0.0,0.1,1188.4296028851973,466.07226415417233,0.0,1.0,0.0,0.0,2.0
30362,0.0009351835013356355,0.20199963628849726,0.0,0.1,1194.5656287994375,472.1238283174287,0.0,1.0,0.0,0.0,2.0
30363,0.0016938225622992044,0.3658656734566281,0.0,0.1,1196.6846166119064,473.64149759231157,0.0,1.0,0.0,0.0,2.0
30364,0.0016753819239072563,0.3618824955639674,0.0,0.1,1202.7472974679347,480.9141770692765,0.0,1.0,0.0,0.0,2.0
30365,0.0019874195297963407,0.4292826184360096,0.0,0.1,1210.5124825094206,486.9233810339972,0.0,1.0,0.0,0.0,2.0
30366,0.001610706030498535,0.3479125025876836,0.0,0.1,1220.3015802394225,494.2256481336068,0.0,1.0,0.0,0.0,2.0
30367,0.0006725823441258052,0.14527778633117394,0.0,0.1,1231.9171357328287,502.67023755942427,0.0,1.0,0.0,0.0,2.0
30368,0.0031489399840699452,0.6801710365591082,0.0,0.1,,,0.0,1.0,,,2.0
30369,0.0022361600680789267,0.4830105747050482,0.0,0.1,,,0.0,1.0,,,2.0
30370,0.0020980262993968205,0.4531736806697132,0.0,0.1,,,0.0,1.0,,,2.0
30371,0.000690412916781165,0.14912919002473166,0.0,0.1,,,0.0,1.0,,,2.0
30372,0.0008328850063174026,0.17990316136455894,0.0,0.1,,,0.0,1.0,,,2.0
30373,0.0009848886978233765,0.21273595872984932,0.0,0.1,,,0.0,1.0,,,2.0
30374,0.0005434101329617796,0.1173765887197444,0.0,0.1,,,0.0,1.0,,,2.0
30375,0.0007822972062269299,0.16897619654501686,0.0,0.1,,,0.0,1.0,,,2.0
30376,5.446402807772888e-05,0.011764230064789438,1.0,0.1,,,0.0,1.0,,,2.0
30377,0.0008151517101469248,0.17607276939173577,0.0,0.1,,,0.0,1.0,,,2.0
30378,0.0010252658974908868,0.22145743385803154,0.0,0.1,,,0.0,1.0,,,2.0
30379,0.0005942025834496936,0.12834775802513382,0.0,0.1,1271.0169408067432,535.4920003673246,0.0,1.0,0.0,0.0,2.0
30380,0.0005789352811084384,0.12505002071942273,0.0,0.1,1275.4559279689965,538.8919401967114,0.0,1.0,0.0,0.0,2.0
30381,0.0007639180769701018,0.165006304625542,0.0,0.1,1275.787316857092,539.7609215457925,0.0,1.0,0.0,0.0,2.0
30382,0.00016348228822712408,0.035312174257058807,1.0,0.1,1275.8232856910286,540.3437753802241,0.0,1.0,0.0,0.0,2.0
30383,0.00010349015572910003,0.022353873637485606,1.0,0.1,1276.096591722805,540.7309015467966,0.0,1.0,0.0,0.0,2.0
30384,0.00036778249414004847,0.07944101873425047,1.0,0.1,1267.0297730067246,533.0279181951058,0.0,1.0,0.0,0.0,2.0
30385,0.0006780923835754904,0.14646795485230593,0.0,0.1,,,0.0,1.0,,,2.0
30386,0.0006716207879954386,0.14507009020701472,0.0,0.1,,,0.0,1.0,,,2.0
30387,0.0012487933317674837,0.2697393596617765,0.0,0.1,1407.2504481567066,631.9824273501567,0.0,1.0,0.0,0.0,2.0
30388,0.0013181412055675754,0.28471850040259633,0.0,0.1,,,0.0,1.0,,,2.0
30389,0.0003037368613060181,0.0656071620420999,1.0,0.1,,,0.0,1.0,,,2.0
30390,0.001529921137126061,0.33046296561922917,0.0,0.1,,,0.0,1.0,,,2.0
30391,0.0010516272387431655,0.22715148356852374,0.0,0.1,,,0.0,1.0,,,2.0
30392,,,,0.1,,,0.0,1.0,,,2.0
30393,,,,0.1,,,,,,,2.0
30394,0.0006140408138553151,0.13263281579274808,0.0,0.1,,,0.0,1.0,,,2.0
30395,0.0014877600124574653,0.32135616269081246,0.0,0.1,,,0.0,1.0,,,2.0
30396,0.00048382459740598026,0.10450611303969173,0.0,0.1,,,0.0,1.0,,,2.0
30397,0.0007667592624996006,0.16562000069991373,0.0,0.1,,,0.0,1.0,,,2.0
30398,0.0006520013756648364,0.14083229714360465,0.0,0.1,,,0.0,1.0,,,2.0
30399,0.0005490030666710045,0.11858466240093697,0.0,0.1,,,0.0,1.0,,,2.0
30400,0.0007060719931226206,0.15251155051448603,0.0,0.1,,,0.0,1.0,,,2.0
30401,0.0005253546073523749,0.11347659518811297,0.0,0.1,,,0.0,1.0,,,2.0
30402,0.00044954353504106354,0.09710140356886972,1.0,0.1,,,0.0,1.0,,,2.0
30403,0.0005057371727033546,0.1092392293039246,0.0,0.1,,,0.0,1.0,,,2.0
30404,0.0006041226710017085,0.13049049693636905,0.0,0.1,,,0.0,1.0,,,2.0
30405,0.0013822169094916679,0.29855885245020025,0.0,0.1,1135.3943323613046,461.96828961020526,0.0,1.0,0.0,0.0,2.0
30406,0.0005121132920565564,0.11061647108421617,0.0,0.1,1134.3177182733698,463.04754240359864,0.0,1.0,0.0,0.0,2.0
30407,0.0004978078540685914,0.10752649647881575,0.0,0.1,1130.6816609018097,462.6281912733817,0.0,1.0,0.0,0.0,2.0
30408,0.000958426007534178,0.20702001762738245,0.0,0.1,,,0.0,1.0,,,2.0
30409,0.0009685215038617868,0.20920064483414594,0.0,0.1,1123.9476140985237,463.8698126145148,0.0,1.0,0.0,0.0,2.0
30410,0.0012303376619456961,0.26575293498027036,0.0,0.1,,,0.0,1.0,,,2.0
30411,0.002149023108972942,0.4641889915381555,0.0,0.1,,,0.0,1.0,,,2.0
30412,0.0010147259530462274,0.2191808058579851,0.0,0.1,,,0.0,1.0,,,2.0
30413,0.0013107478830489464,0.28312154273857243,0.0,0.1,,,0.0,1.0,,,2.0
30414,0.0003137397576221537,0.0677677876463852,1.0,0.1,,,0.0,1.0,,,2.0
30415,,,,0.1,1111.664907285372,468.65557588314056,0.0,1.0,0.0,0.0,2.0
30416,,,,0.1,,,,,,,2.0
30417,,,,0.1,1108.8007989394737,464.1965108637873,,,0.0,0.0,2.0
30418,,,,0.1,1107.9346601883797,461.1743339573429,,,0.0,0.0,2.0
30419,,,,0.1,1106.760364891039,456.29966174475413,0.0,1.0,0.0,0.0,2.0
30420,,,,0.1,,,,,,,2.0
30421,0.0007241340474742394,0.15641295425443572,0.0,0.1,,,0.0,1.0,,,2.0
30422,0.0015044336245210806,0.3249576628965534,0.0,0.1,,,0.0,1.0,,,2.0
30423,0.0019303868611985826,0.41696356201889384,0.0,0.1,,,0.0,1.0,,,2.0
30424,0.0012059656352003379,0.260488577203273,0.0,0.1,1064.8384706215786,424.2714963731034,0.0,1.0,0.0,0.0,2.0
30425,0.0008251772893672948,0.17823829450333567,0.0,0.1,1062.3929854441044,416.47450975556956,0.0,1.0,0.0,0.0,2.0
30426,0.0015776957936161466,0.3407822914210877,0.0,0.1,1060.4424633750868,414.0042163044292,0.0,1.0,0.0,0.0,2.0
30427,0.001160100672697432,0.25058174530264526,0.0,0.1,1059.839209900118,411.1033441430098,0.0,1.0,0.0,0.0,2.0
30428,0.0011152391137728061,0.24089164857492612,0.0,0.1,1060.7798574246403,406.4787852531724,0.0,1.0,0.0,0.0,2.0
30429,0.0004428224983182946,0.09564965963675164,1.0,0.1,1061.645410660448,404.271075338681,0.0,1.0,0.0,0.0,2.0
30430,3.9844655039237634e-05,0.008606445488475329,1.0,0.1,1057.6694469998006,398.6584868482715,0.0,1.0,0.0,0.0,2.0
30431,0.0012851488473410845,0.27759215102567425,0.0,0.1,,,0.0,1.0,,,2.0
30432,0.0010648575422899096,0.23000922913462046,0.0,0.1,,,0.0,1.0,,,2.0
30433,0.0010325971028374132,0.22304097421288124,0.0,0.1,1034.3116781957292,384.64171591890124,0.0,1.0,0.0,0.0,2.0
30434,,,,0.1,1026.1946577933174,379.1296248223658,0.0,1.0,0.0,0.0,2.0
30435,,,,0.1,1026.4105611439481,379.0330321925696,,,0.0,0.0,2.0
30436,,,,0.1,1032.816122574369,383.6640094988906,0.0,1.0,0.0,0.0,2.0
30437,,,,0.1,1032.222051788504,383.32008320560954,,,0.0,0.0,2.0
30438,,,,0.1,1033.71535573684,381.2459526093926,,,0.0,0.0,2.0
30439,,,,0.1,1036.834008499389,379.9486849454644,,,0.0,0.0,2.0
30440,,,,0.1,1034.8707034437582,377.5601039336443,,,0.0,0.0,2.0
30441,,,,0.1,1030.6058247876506,370.64401744657795,,,0.0,0.0,2.0
30442,,,,0.1,1034.1525120282533,367.524949840666,,,0.0,0.0,2.0
30443,,,,0.1,1039.55415341408,364.6942614411607,,,0.0,0.0,2.0
30444,,,,0.1,1041.2391906018079,364.0935341933581,,,0.0,0.0,2.0
30445,,,,0.1,1041.0875860731885,360.26496876342713,,,0.0,0.0,2.0
30446,0.0014006569561001614,0.30254190251763485,0.0,0.1,1042.8646217140024,356.3455755933818,0.0,1.0,0.0,0.0,2.0
30447,0.0019921055005160545,0.4302947881114678,0.0,0.1,1047.0742515291631,357.2785388577912,0.0,1.0,0.0,0.0,2.0
30448,0.0007737991591603923,0.16714061837864475,0.0,0.1,1045.2465221948892,355.3957885466448,0.0,1.0,0.0,0.0,2.0
30449,0.0009319190911249038,0.2012945236829792,0.0,0.1,1038.6118035063846,350.0145284324293,0.0,1.0,0.0,0.0,2.0
30450,0.00032580019943938824,0.07037284307890787,1.0,0.1,1022.1223316998806,334.4513841069806,0.0,1.0,0.0,0.0,2.0
30451,0.0006182038942649644,0.13353204116123232,0.0,0.1,1007.6665270870324,326.30673181248534,0.0,1.0,0.0,0.0,2.0
30452,0.0007050091321569962,0.1522819725459112,0.0,0.1,993.8513974477535,318.8389965749453,0.0,1.0,0.0,0.0,2.0
30453,0.0003396406407684068,0.07336237840597587,1.0,0.1,988.2121909307283,314.1159590242475,0.0,1.0,0.0,0.0,2.0
30454,0.00024868299384007205,0.05371552666945557,1.0,0.1,981.2896563697682,306.5735618843038,0.0,1.0,0.0,0.0,2.0
30455,0.0007639734867163948,0.16501827313074127,0.0,0.1,986.1370963059035,308.02179383170323,0.0,1.0,0.0,0.0,2.0
30456,0.0008852058450037902,0.19120446252081866,0.0,0.1,990.2571690487713,310.06205706827046,0.0,1.0,0.0,0.0,2.0
30457,0.0008625050629317402,0.18630109359325586,0.0,0.1,993.149670916698,309.25049343868335,0.0,1.0,0.0,0.0,2.0
30458,0.0008225837107799385,0.17767808152846673,0.0,0.1,994.3371483981455,309.45782215617777,0.0,1.0,0.0,0.0,2.0
30459,9.95220188625206e-05,0.02149675607430445,1.0,0.1,992.6455408056275,310.4890775569561,0.0,1.0,0.0,0.0,2.0
30460,0.0003273147650504174,0.07069998925089015,1.0,0.1,985.2727953365674,311.3891292564858,0.0,1.0,0.0,0.0,2.0
30461,5.40340991186212e-05,0.01167136540962218,1.0,0.1,979.6061310087118,310.154324460148,0.0,1.0,0.0,0.0,2.0
30462,0.0008683852228967767,0.18757120814570377,0.0,0.1,973.4681555394238,306.3854211029468,0.0,1.0,0.0,0.0,2.0
30463,0.0008255709580980411,0.17832332694917688,0.0,0.1,958.4596856419986,294.1727623613101,0.0,1.0,0.0,0.0,2.0
30464,0.00042303152528621875,0.09137480946182325,1.0,0.1,943.8919555917647,281.54414903515743,0.0,1.0,0.0,0.0,2.0
30465,0.0008122250036081335,0.17544060077935683,0.0,0.1,933.5177685400396,272.4321168042377,0.0,1.0,0.0,0.0,2.0
30466,0.0007922046706921656,0.17111620886950776,0.0,0.1,928.1360669753017,270.07749961152194,0.0,1.0,0.0,0.0,2.0
30467,0.001133535081536221,0.24484357761182377,0.0,0.1,926.0372497450777,268.83862852330594,0.0,1.0,0.0,0.0,2.0
30468,0.0010682375229273567,0.23073930495230904,0.0,0.1,916.3154380082834,257.5887786361684,0.0,1.0,0.0,0.0,2.0
30469,0.001041403003834325,0.2249430488282142,0.0,0.1,906.8956534431918,248.80382386753303,0.0,1.0,0.0,0.0,2.0
30470,0.00020455711445544514,0.04418433672237615,1.0,0.1,901.2435248562546,244.20910933877462,0.0,1.0,0.0,0.0,2.0
30471,0.00023971254654175318,0.05177791005301868,1.0,0.1,897.0130328036134,241.83988694371297,0.0,1.0,0.0,0.0,2.0
30472,0.0006281084592004522,0.1356714271872977,0.0,0.1,894.1018376224448,239.86823266944,0.0,1.0,0.0,0.0,2.0
30473,0.00132106911081066,0.2853509279351025,0.0,0.1,889.8837822767014,235.86443159723626,0.0,1.0,0.0,0.0,2.0
30474,0.001295572465291742,0.2798436525030163,0.0,0.1,887.2665430541945,228.68497462774943,0.0,1.0,0.0,0.0,2.0
30475,0.0006413871823553908,0.1385396313887644,0.0,0.1,882.2479671371108,221.6760917334662,0.0,1.0,0.0,0.0,2.0
30476,0.0009092659827200705,0.19640145226753522,0.0,0.1,879.9037317076779,219.386384959626,0.0,1.0,0.0,0.0,2.0
30477,0.0008770952255698975,0.18945256872309787,0.0,0.1,876.51743255215,213.71578526498234,0.0,1.0,0.0,0.0,2.0
30478,,,,0.1,870.3552991560477,206.2702931394671,0.0,1.0,0.0,0.0,2.0
30479,,,,0.1,866.8117243818683,201.74377457711475,,,0.0,0.0,2.0
30480,,,,0.1,866.3373974143326,201.51409497862966,,,0.0,0.0,2.0
30481,,,,0.1,862.6672933887879,194.10140201510774,,,0.0,0.0,2.0
30482,,,,0.1,856.2494967305487,185.11903597892288,,,0.0,0.0,2.0
30483,,,,0.1,851.5832800045484,182.3685339958188,,,0.0,0.0,2.0
30484,,,,0.1,844.0559909020889,182.2181704687291,,,0.0,0.0,2.0
30485,0.0019446499156937347,0.4200443817898467,0.0,0.1,841.4500492025853,182.80468319330646,0.0,1.0,0.0,0.0,2.0
30486,0.0023549477429748145,0.50866871248256,0.0,0.1,831.7268190406807,187.97220198128358,0.0,1.0,0.0,0.0,2.0
30487,0.0015856799086141364,0.34250686026065347,0.0,0.1,821.7914842754283,191.14881834122673,0.0,1.0,0.0,0.0,2.0
30488,0.001468028292951924,0.3170941112776156,0.0,0.1,809.3129946770106,195.77330095895985,0.0,1.0,0.0,0.0,2.0
30489,0.0024571070026980567,0.5307351125827803,0.0,0.1,802.8455558666119,199.4056636845473,0.0,1.0,0.0,0.0,2.0
30490,0.002050837084062304,0.4429808101574576,0.0,0.1,792.1512798887238,203.9802131279054,0.0,1.0,0.0,0.0,2.0
30491,0.002097941985042707,0.45315546876922475,0.0,0.1,781.6488949028046,211.49244498252247,0.0,1.0,0.0,0.0,2.0
30492,0.002791827678543299,0.6030347785653526,0.0,0.1,768.7572706247223,219.91334442774544,0.0,1.0,0.0,0.0,2.0
30493,0.0008222837587103754,0.1776132918814411,0.0,0.1,757.8477690820299,226.4811465704442,0.0,1.0,0.0,0.0,2.0
30494,0.003415149325017843,0.7376722542038541,0.0,0.1,751.1977009739994,230.34303855042177,0.0,1.0,0.0,0.0,2.0
30495,0.0027968638772644674,0.604122597489125,0.0,0.1,737.8589699748227,238.16599220484545,0.0,1.0,0.0,0.0,2.0
30496,0.004457112564254134,0.962736313878893,0.0,0.1,727.9962113060994,243.35269412280752,0.0,1.0,0.0,0.0,2.0
30497,0.0014140879655130153,0.3054430005508113,0.0,0.1,719.1412713876309,248.22287196117836,0.0,1.0,0.0,0.0,2.0
30498,0.001957948468302485,0.42291686915333676,0.0,0.1,713.702180007136,249.94235108297497,0.0,1.0,0.0,0.0,2.0
30499,0.003008105867053845,0.6497508672836306,0.0,0.1,703.3873877248578,253.22827837604166,0.0,1.0,0.0,0.0,2.0
30500,0.0017463425797879957,0.37720999723420706,0.0,0.1,695.1640722999947,258.31182832164603,0.0,1.0,0.0,0.0,2.0
30501,0.003936673004364038,0.8503213689426321,0.0,0.1,686.9618576956357,265.63919758078714,0.0,1.0,0.0,0.0,2.0
30502,0.0021664426419384882,0.4679516106587135,0.0,0.1,679.0393141518409,269.33318220003264,0.0,1.0,0.0,0.0,2.0
30503,0.0030529280428448196,0.6594324572544811,0.0,0.1,676.6144410676083,271.01260202816354,0.0,1.0,0.0,0.0,2.0
30504,0.002959806438396449,0.639318190693633,0.0,0.1,669.1239680983318,273.585847982983,0.0,1.0,0.0,0.0,2.0
30505,0.0024645999736660714,0.5323535943118715,0.0,0.1,662.2625398457127,280.83730155573653,0.0,1.0,0.0,0.0,2.0
30506,0.0009600630477008955,0.20737361830339343,0.0,0.1,655.2300864242044,290.59670025778644,0.0,1.0,0.0,0.0,2.0
30507,0.001951264523009243,0.4214731369699965,0.0,0.1,652.0691582631378,294.03245442735647,0.0,1.0,0.0,0.0,2.0
30508,0.001462559274998056,0.3159128033995801,0.0,0.1,648.3175572080789,297.60011306505163,0.0,1.0,0.0,0.0,2.0
30509,0.001731006724705739,0.37389745253643963,0.0,0.1,642.840061486445,303.0325191451519,0.0,1.0,0.0,0.0,2.0
30510,0.0008286898687123925,0.17899701164187679,0.0,0.1,639.9034390824822,309.09643658724605,0.0,1.0,0.0,0.0,2.0
30511,0.0002469555083756173,0.05334238980913334,1.0,0.1,,,0.0,1.0,,,2.0
30512,0.0010980759156254273,0.23718439777509231,0.0,0.1,,,0.0,1.0,,,2.0
30513,0.002728214844522147,0.5892944064167838,0.0,0.1,,,0.0,1.0,,,2.0
30514,0.0018945199609456923,0.4092163115642695,0.0,0.1,,,0.0,1.0,,,2.0
30515,0.0011742899881150444,0.25364663743284965,0.0,0.1,,,0.0,1.0,,,2.0
30516,0.0028570049940469873,0.6171130787141493,0.0,0.1,,,0.0,1.0,,,2.0
30517,0.0023148345359701628,0.5000042597695551,0.0,0.1,,,0.0,1.0,,,2.0
30518,0.0030380284379965252,0.6562141426072494,0.0,0.1,,,0.0,1.0,,,2.0
30519,0.002236533282189052,0.48309118895283526,0.0,0.1,,,0.0,1.0,,,2.0
30520,0.0004976340695841639,0.1074889590301794,0.0,0.1,,,0.0,1.0,,,2.0
30521,0.00173854021746439,0.37552468697230823,0.0,0.1,,,0.0,1.0,,,2.0
30522,0.0018628319778806665,0.402371707222224,0.0,0.1,,,0.0,1.0,,,2.0
30523,0.002776070617209874,0.5996312533173329,0.0,0.1,,,0.0,1.0,,,2.0
30524,0.0009787550213211371,0.21141108460536562,0.0,0.1,,,0.0,1.0,,,2.0
30525,0.0029537833317329954,0.638017199654327,0.0,0.1,,,0.0,1.0,,,2.0
30526,0.0024938255749884716,0.5386663241975099,0.0,0.1,,,0.0,1.0,,,2.0
30527,0.0018840980046309758,0.4069651690002908,0.0,0.1,,,0.0,1.0,,,2.0
30528,0.0026391085429510975,0.5700474452774371,0.0,0.1,,,0.0,1.0,,,2.0
30529,0.000884732869953049,0.19110229990985858,0.0,0.1,560.7146436956541,433.63833192136576,0.0,1.0,0.0,0.0,2.0
30530,0.0018460401099416404,0.39874466374739437,0.0,0.1,558.8518931523591,438.18471582316346,0.0,1.0,0.0,0.0,2.0
30531,0.002764010354924975,0.5970262366637946,0.0,0.1,550.3362303354477,453.011739050596,0.0,1.0,0.0,0.0,2.0
30532,0.0033580524199196306,0.7253393227026402,0.0,0.1,543.6218052900487,465.4343972663767,0.0,1.0,0.0,0.0,2.0
30533,0.001347626254086576,0.2910872708827004,0.0,0.1,533.0940506271133,479.78165870570336,0.0,1.0,0.0,0.0,2.0
30534,0.005012869423284384,1.082779795429427,0.0,0.1,527.7749018976997,487.4561796718437,0.0,1.0,0.0,0.0,2.0
30535,0.0031780152509461403,0.6864512942043663,0.0,0.1,515.4389272584833,503.2506623256959,0.0,1.0,0.0,0.0,2.0
30536,0.005299223069440439,1.1446321829991348,0.0,0.1,502.67822416524785,517.7459470273776,0.0,1.0,0.0,0.0,2.0
30537,0.004383030333145142,0.9467345519593506,0.0,0.1,489.39665877988506,531.6553671047498,0.0,1.0,0.0,0.0,2.0
30538,0.0029088141138028474,0.6283038485814151,0.0,0.1,479.72127448777667,546.1499613904655,0.0,1.0,0.0,0.0,2.0
30539,0.005311619152471298,1.1473097369338003,0.0,0.1,474.3079105286682,553.2900519013283,0.0,1.0,0.0,0.0,2.0
30540,0.005140362650437377,1.1103183324944734,0.0,0.1,461.9937478316416,567.0244007636194,0.0,1.0,0.0,0.0,2.0
30541,0.004769866269431915,1.0302911141972937,0.0,0.1,452.93544968862557,583.3053885512297,0.0,1.0,0.0,0.0,2.0
30542,0.0007607642336269192,0.16432507446341454,0.0,0.1,443.10145032989897,598.9430451407441,0.0,1.0,0.0,0.0,2.0
30543,,,,0.1,438.6363405221506,605.63725000615,0.0,1.0,0.0,0.0,2.0
30544,,,,0.1,428.21741364306195,620.370047863641,,,0.0,0.0,2.0
30545,0.0024179984849636376,0.5222876727521457,0.0,0.1,422.1189018876099,633.8361141279596,0.0,1.0,0.0,0.0,2.0
30546,0.00572698319366791,1.2370283698322688,0.0,0.1,411.60913951229765,649.5890789433198,0.0,1.0,0.0,0.0,2.0
30547,0.0027764753840785845,0.5997186829609743,0.0,0.1,397.5235942689821,668.4981376594022,0.0,1.0,0.0,0.0,2.0
30548,0.005341149787830862,1.1536883541714662,0.0,0.1,390.3738335496459,678.7159329752792,0.0,1.0,0.0,0.0,2.0
30549,0.003857234978214449,0.8331627552943209,0.0,0.1,378.0546496542438,695.914379378321,0.0,1.0,0.0,0.0,2.0
30550,0.005757090039067751,1.2435314484386342,0.0,0.1,366.1633967769957,714.7889808469389,1.0,0.0,0.0,0.0,2.0
30551,0.0028735800150214105,0.6206932832446247,0.0,0.1,357.067987080669,734.787412274239,1.0,0.0,0.0,0.0,2.0
30552,0.006219016245286841,1.3433075089819577,0.0,0.1,350.8016506709437,742.6208850779384,1.0,0.0,0.0,0.0,2.0
30553,0.007448341791599128,1.6088418269854117,0.0,0.1,340.1425973050611,760.3273301440802,1.0,0.0,0.0,0.0,2.0
30554,0.005884195731166423,1.2709862779319472,0.0,0.1,331.23979782031415,781.480038650516,1.0,0.0,0.0,0.0,2.0
30555,0.005577904035829681,1.2048272717392112,0.0,0.1,326.05231851184817,803.0242554695903,1.0,0.0,0.0,0.0,2.0
30556,0.003983330587637202,0.8603994069296357,0.0,0.1,321.178612340713,824.1579933068376,1.0,0.0,0.0,0.0,2.0
30557,0.005118539225705428,1.1056044727523726,0.0,0.1,319.21820563306926,834.9982632699648,1.0,0.0,0.0,0.0,2.0
30558,0.005357988220805292,1.157325455693943,0.0,0.1,315.678287194488,852.0323154629277,1.0,0.0,0.0,0.0,2.0
30559,0.005577705131248136,1.2047843083495975,0.0,0.1,309.7315888865091,862.4662069461303,1.0,0.0,0.0,0.0,2.0
30560,0.002377776515554046,0.5135997273596739,0.0,0.1,305.40098088748897,873.43839428622,1.0,0.0,0.0,0.0,2.0
30561,0.0054746321118838755,1.1825205361669173,0.0,0.1,301.72652940410904,879.1070961557988,1.0,0.0,0.0,0.0,2.0
30562,0.005818181727261753,1.2567272530885387,0.0,0.1,295.84228058787477,892.0981868164365,1.0,0.0,0.0,0.0,2.0
30563,0.002375357544679157,0.5130772296506979,0.0,0.1,293.88495366653467,899.6288691515756,1.0,0.0,0.0,0.0,2.0
30564,0.002772031317512879,0.5987587645827819,0.0,0.1,290.1475257458176,909.4070331839694,1.0,0.0,0.0,0.0,2.0
30565,0.002088122497859578,0.4510344595376689,0.0,0.1,286.6617183836957,923.373289748209,1.0,0.0,0.0,0.0,2.0
30566,0.003322338290751023,0.7176250708022209,0.0,0.1,287.6490658318811,931.7729208432876,1.0,0.0,0.0,0.0,2.0
30567,0.0037930616581303886,0.8193013181561639,0.0,0.1,287.3385589840463,945.6006693211992,1.0,0.0,0.0,0.0,2.0
30568,0.004880454542856683,1.0541781812570437,0.0,0.1,285.499967898441,953.4282310384931,1.0,0.0,0.0,0.0,2.0
30569,0.0031662698519857218,0.6839142880289159,0.0,0.1,285.3739697662414,964.5658079925548,1.0,0.0,0.0,0.0,2.0
30570,0.004880666251581714,1.0542239103416502,0.0,0.1,290.0390341662207,974.781775408363,1.0,0.0,0.0,0.0,2.0
30571,0.004068928405242139,0.878888535532302,0.0,0.1,298.1830230796507,992.3785963782566,1.0,0.0,0.0,0.0,2.0
30572,0.003841029987768926,0.829662477358088,0.0,0.1,306.0355469463325,1008.1451100695999,1.0,0.0,0.0,0.0,2.0
30573,0.003691577099465135,0.7973806534844692,0.0,0.1,312.1544132939203,1021.3256323229485,1.0,0.0,0.0,0.0,2.0
30574,0.0012279288297165865,0.2652326272187827,0.0,0.1,317.18216261409856,1030.0756975320246,1.0,0.0,0.0,0.0,2.0
30575,0.0028348426184574547,0.6123260055868102,0.0,0.1,319.7600807080184,1034.2320008435158,1.0,0.0,0.0,0.0,2.0
30576,0.0011911947956870226,0.25729807586839687,0.0,0.1,327.65060474730194,1046.8274664556857,1.0,0.0,0.0,0.0,2.0
30577,0.0009382426783890728,0.20266041853203973,0.0,0.1,331.8399929821782,1052.945509143095,1.0,0.0,0.0,0.0,2.0
30578,0.0004446070571613677,0.09603512434685542,1.0,0.1,334.81765137082857,1059.005961893506,1.0,0.0,0.0,0.0,2.0
30579,0.00041391921693986045,0.08940655085900985,1.0,0.1,336.5488732444702,1061.906081129969,1.0,0.0,0.0,0.0,2.0
30580,0.00038950409810108746,0.08413288518983489,1.0,0.1,340.3579207992518,1067.5367027289492,1.0,0.0,0.0,0.0,2.0
30581,0.0024060333241893517,0.5197031980249,0.0,0.1,346.43772652780586,1074.2066052709574,1.0,0.0,0.0,0.0,2.0
30582,0.0021414763313381937,0.4625588875690498,0.0,0.1,351.79653923468743,1080.4503086361397,1.0,0.0,0.0,0.0,2.0
30583,0.001487885825786681,0.3213833383699231,0.0,0.1,356.4353525243637,1087.0908005621643,1.0,0.0,0.0,0.0,2.0
30584,0.001431223488746675,0.3091442735692818,0.0,0.1,358.220350112447,1088.4450249031568,1.0,0.0,0.0,0.0,2.0
30585,0.0006524479245745689,0.1409287517081069,0.0,0.1,354.25205594959834,1085.8568798505246,1.0,0.0,0.0,0.0,2.0
30586,0.0009611742652344796,0.2076136412906476,0.0,0.1,349.74244873739957,1081.6278732031274,1.0,0.0,0.0,0.0,2.0
30587,0.0003301732628910188,0.07131742478446007,1.0,0.1,347.6738063229222,1080.9916905040163,1.0,0.0,0.0,0.0,2.0
30588,0.0013505936803741283,0.29172823496081174,0.0,0.1,344.930153786077,1079.4387760304255,1.0,0.0,0.0,0.0,2.0
30589,0.0016338628052024093,0.35291436592372044,0.0,0.1,334.18667511548955,1071.9782555317508,1.0,0.0,0.0,0.0,2.0
30590,0.0011654992403909985,0.25174783592445565,0.0,0.1,329.8871882639187,1069.903631367079,1.0,0.0,0.0,0.0,2.0
30591,0.001099472856255427,0.2374861369511722,0.0,0.1,329.11482073424736,1071.23995223537,1.0,0.0,0.0,0.0,2.0
30592,0.0007432770769317961,0.16054784861726795,0.0,0.1,329.8256317612956,1073.2140950127484,1.0,0.0,0.0,0.0,2.0
30593,0.0011343495642552731,0.24501950587913898,0.0,0.1,329.80565766116644,1073.8484980280286,1.0,0.0,0.0,0.0,2.0
30594,0.0004058131099737765,0.08765563175433573,1.0,0.1,333.6320858066401,1078.0362146897473,1.0,0.0,0.0,0.0,2.0
30595,0.00011196603785343992,0.02418466417634302,1.0,0.1,333.5772469489296,1078.951230314771,1.0,0.0,0.0,0.0,2.0
30596,0.0002718336898290303,0.05871607700307054,1.0,0.1,328.0376346444644,1077.3811387916044,1.0,0.0,0.0,0.0,2.0
30597,0.0005962992715847378,0.12880064266230337,0.0,0.1,326.59951232017846,1077.044071975891,1.0,0.0,0.0,0.0,2.0
30598,0.00019887121955451914,0.042956183423776134,1.0,0.1,315.43204123662855,1069.5949034414034,1.0,0.0,0.0,0.0,2.0
30599,0.0004302411260952427,0.09293208323657243,1.0,0.1,300.7974917793829,1060.6468567073894,1.0,0.0,0.0,0.0,2.0
30600,0.0006686360542646255,0.1444253877211591,0.0,0.1,285.95201486289295,1053.99347072186,1.0,0.0,0.0,0.0,2.0
30601,0.0002840450122288259,0.0613537226414264,1.0,0.1,280.4968918406681,1052.0960488312717,1.0,0.0,0.0,0.0,2.0
30602,0.0006681650888297805,0.1443236591872326,0.0,0.1,277.438685398686,1051.1835077758249,1.0,0.0,0.0,0.0,2.0
30603,0.0008497121407956165,0.18353782241185315,0.0,0.1,272.2266875007506,1049.919165910762,1.0,0.0,0.0,0.0,2.0
30604,0.0016715052952950024,0.3610451437837205,0.0,0.1,270.00400173150354,1051.4141598505596,1.0,0.0,0.0,0.0,2.0
30605,0.000748575299285218,0.1616922646456071,0.0,0.1,266.35981785574745,1051.0712938173467,1.0,0.0,0.0,0.0,2.0
30606,0.0005833375470763408,0.1260009101684896,0.0,0.1,261.8757362412008,1049.1306056632864,1.0,0.0,0.0,0.0,2.0
30607,0.0005222975790291249,0.11281627707029099,0.0,0.1,257.69926125406135,1048.9118275974506,1.0,0.0,0.0,0.0,2.0
30608,0.0006213364259637377,0.13420866800816733,0.0,0.1,249.21190940747186,1047.2894485246381,1.0,0.0,0.0,0.0,2.0
30609,0.0017562620857155067,0.3793526105145495,0.0,0.1,240.12728267156086,1044.5640503247173,1.0,0.0,0.0,0.0,2.0
30610,0.0009157058369085508,0.19779246077224696,0.0,0.1,236.14094879174667,1043.724067736441,1.0,0.0,0.0,0.0,2.0
30611,0.0007389952918016564,0.15962298302915778,0.0,0.1,236.11700885699238,1043.6869925959581,1.0,0.0,0.0,0.0,2.0
30612,0.0007900901500140875,0.1706594724030429,0.0,0.1,226.8526082064207,1035.648574721706,1.0,0.0,0.0,0.0,2.0
30613,0.00016715942547063675,0.03610643590165754,1.0,0.1,217.49882356162843,1026.0856323958035,1.0,0.0,0.0,0.0,2.0
30614,0.0005057547205717005,0.10924301964348732,0.0,0.1,,,1.0,0.0,,,2.0
30615,0.0004018870901614607,0.0868076114748755,1.0,0.1,,,1.0,0.0,,,2.0
30616,0.0007920048083061904,0.17107303859413714,0.0,0.1,203.967315531023,1011.9893548029643,1.0,0.0,0.0,0.0,2.0
30617,0.0008243244690598482,0.17805408531692724,0.0,0.1,202.0736404542095,1009.0297483138706,1.0,0.0,0.0,0.0,2.0
30618,0.0003759347482989877,0.08120190563258134,1.0,0.1,200.9452885727253,1008.1948224511443,1.0,0.0,0.0,0.0,2.0
30619,4.665731933699263e-05,0.01007798097679041,1.0,0.1,201.01906051417956,1008.1249882313293,1.0,0.0,0.0,0.0,2.0
30620,0.0005515973368570295,0.11914502476111838,0.0,0.1,201.37837151278364,1008.4493989496912,1.0,0.0,0.0,0.0,2.0
30621,0.0007932343674581499,0.1713386233709604,0.0,0.1,202.10683961329053,1009.4948506761904,1.0,0.0,0.0,0.0,2.0
30622,0.00023054868224557537,0.04979851536504428,1.0,0.1,205.3181223162676,1012.5644181281124,1.0,0.0,0.0,0.0,2.0
30623,0.0002504639020581172,0.054100202844553316,1.0,0.1,212.1866068962847,1018.7957078087675,1.0,0.0,0.0,0.0,2.0
30624,0.0009194767604828875,0.1986069802643037,0.0,0.1,215.2678982113749,1022.2637714423266,1.0,0.0,0.0,0.0,2.0
30625,0.0014646677384275626,0.31636823150035354,0.0,0.1,224.6915325878041,1030.8291649863497,1.0,0.0,0.0,0.0,2.0
30626,0.0009778255980466724,0.21121032917808125,0.0,0.1,243.54275723834007,1043.9285723568564,1.0,0.0,0.0,0.0,2.0
30627,0.0014398935887513639,0.3110170151702946,0.0,0.1,269.72118824048886,1057.4828890677584,1.0,0.0,0.0,0.0,2.0
30628,0.00041197534427487594,0.08898667436337321,1.0,0.1,293.28293534388223,1068.1756199060057,1.0,0.0,0.0,0.0,2.0
30629,0.0007704763320447626,0.16642288772166874,0.0,0.1,303.55693865705314,1071.8255049394181,1.0,0.0,0.0,0.0,2.0
30630,0.0008350381475419495,0.18036823986906111,0.0,0.1,318.5442274567969,1074.7568211852613,1.0,0.0,0.0,0.0,2.0
30631,0.00024388026934114542,0.05267813817768741,1.0,0.1,326.7158481162825,1076.104688232662,1.0,0.0,0.0,0.0,2.0
30632,0.0004459966525315066,0.09633527694680542,1.0,0.1,334.9361332980454,1078.0479170136732,1.0,0.0,0.0,0.0,2.0
30633,0.00047134220329116176,0.10180991591089093,0.0,0.1,337.01024604686165,1077.564392791097,1.0,0.0,0.0,0.0,2.0
30634,0.00029423978492127464,0.06355579354299533,1.0,0.1,339.8627372438284,1075.8628807328296,1.0,0.0,0.0,0.0,2.0
30635,0.0005581463516637184,0.12055961195936317,0.0,0.1,340.170510406019,1074.8506844767946,1.0,0.0,0.0,0.0,2.0
30636,0.0002760078923199723,0.05961770474111402,1.0,0.1,339.4094619844373,1073.554100146394,1.0,0.0,0.0,0.0,2.0
30637,0.00022410278336936688,0.048406201207783245,1.0,0.1,338.6858846307831,1072.3709027471757,1.0,0.0,0.0,0.0,2.0
30638,0.00014366163371311815,0.03103091288203352,1.0,0.1,337.97810075302846,1071.8994602718763,1.0,0.0,0.0,0.0,2.0
30639,0.000247854991094827,0.05353667807648264,1.0,0.1,337.90946433335097,1071.4374498707664,1.0,0.0,0.0,0.0,2.0
30640,0.0001499035819117404,0.03237917369293593,1.0,0.1,337.2773681466359,1071.634592085729,1.0,0.0,0.0,0.0,2.0
30641,6.034173687729902e-05,0.01303381516549659,1.0,0.1,336.77196856643707,1071.7009703853746,1.0,0.0,0.0,0.0,2.0
30642,0.00017615814089567335,0.038050158433465445,1.0,0.1,336.87322612491954,1071.932739595588,1.0,0.0,0.0,0.0,2.0
30643,0.00035759917877845043,0.07724142261614529,1.0,0.1,336.86249943518885,1071.7683019681585,1.0,0.0,0.0,0.0,2.0
30644,9.462665328508938e-05,0.020439357109579306,1.0,0.1,336.5680034609564,1072.4615877501158,1.0,0.0,0.0,0.0,2.0
30645,7.983892253322766e-05,0.017245207267177175,1.0,0.1,336.24438907639376,1072.4336050297054,1.0,0.0,0.0,0.0,2.0
30646,0.0001643766579952843,0.035505358126981405,1.0,0.1,336.1579892100819,1072.356042337095,1.0,0.0,0.0,0.0,2.0
30647,0.00045108901025154083,0.09743522621433282,1.0,0.1,335.7239463326693,1072.3930256294682,1.0,0.0,0.0,0.0,2.0
30648,0.00014954423878276268,0.032301555577076736,1.0,0.1,335.64261177715593,1072.0617958096477,1.0,0.0,0.0,0.0,2.0
30649,9.431019231177849e-05,0.020371001539344156,1.0,0.1,335.6078471853215,1072.4823280285761,1.0,0.0,0.0,0.0,2.0
30650,0.00016898422901140384,0.036500593466463234,1.0,0.1,335.3031081948267,1072.25384625398,1.0,0.0,0.0,0.0,2.0
30651,3.793930095322109e-05,0.008194889005895755,1.0,0.1,335.20435218337485,1071.9448811844711,1.0,0.0,0.0,0.0,2.0
30652,8.873161306005955e-05,0.019166028420972862,1.0,0.1,335.3841943483589,1072.1384129400656,1.0,0.0,0.0,0.0,2.0
30653,6.670366588675366e-05,0.01440799183153879,1.0,0.1,335.3172520819221,1072.1855659042299,1.0,0.0,0.0,0.0,2.0
30654,0.00021914527446653486,0.04733537928477153,1.0,0.1,334.68965096979326,1072.1205234798392,1.0,0.0,0.0,0.0,2.0
30655,7.743685068641657e-06,0.001672635974826598,1.0,0.1,334.2431058144617,1071.7503809861141,1.0,0.0,0.0,0.0,2.0
30656,0.00023146410656810462,0.049996247018710596,1.0,0.1,333.8800364966945,1071.3014785723612,1.0,0.0,0.0,0.0,2.0
30657,0.00029313683963302965,0.0633175573607344,1.0,0.1,333.7860847941673,1071.1421708208952,1.0,0.0,0.0,0.0,2.0
30658,8.101699390461876e-05,0.017499670683397653,1.0,0.1,333.520489698909,1070.9161892448826,1.0,0.0,0.0,0.0,2.0
30659,0.0002968761691132771,0.06412525252846786,1.0,0.1,333.70592362524496,1071.316525212166,1.0,0.0,0.0,0.0,2.0
30660,0.0002906132878482677,0.06277247017522582,1.0,0.1,333.3138166463841,1071.1749002773777,1.0,0.0,0.0,0.0,2.0
30661,0.00013267817264703383,0.028658485291759312,1.0,0.1,333.3405401024063,1071.1500926005483,1.0,0.0,0.0,0.0,2.0
30662,9.830914641745941e-05,0.021234775626171234,1.0,0.1,333.47812542899584,1071.0598641218899,1.0,0.0,0.0,0.0,2.0
30663,0.00010035901403728608,0.021677547032053796,1.0,0.1,333.20787746251756,1070.9226083618378,1.0,0.0,0.0,0.0,2.0
30664,0.00019283574100463383,0.04165252005700091,1.0,0.1,333.2644624714986,1070.7360516255249,1.0,0.0,0.0,0.0,2.0
30665,6.717750222102114e-05,0.014510340479740567,1.0,0.1,333.30037009195394,1070.9050757025311,1.0,0.0,0.0,0.0,2.0
30666,7.558718326823499e-05,0.016326831585938756,1.0,0.1,333.2028683299689,1070.9773653527807,1.0,0.0,0.0,0.0,2.0
30667,0.00020405350029042854,0.044075556062732564,1.0,0.1,333.17275580862065,1070.7213434313815,1.0,0.0,0.0,0.0,2.0
30668,8.320413474569923e-05,0.017972093105071033,1.0,0.1,333.1994250693746,1070.783643959293,1.0,0.0,0.0,0.0,2.0
30669,3.616224532102664e-05,0.007811044989341754,1.0,0.1,333.40736637468586,1070.8361784155416,1.0,0.0,0.0,0.0,2.0
30670,0.00010287844046512513,0.02222174314046703,1.0,0.1,333.2856946185289,1070.6919313684075,1.0,0.0,0.0,0.0,2.0
30671,0.0003301286090893806,0.07130777956330622,1.0,0.1,333.5840435414558,1071.2197471648685,1.0,0.0,0.0,0.0,2.0
30672,0.00016312608701351598,0.03523523479491945,1.0,0.1,333.5975973929161,1071.12866715664,1.0,0.0,0.0,0.0,2.0
30673,5.3473230120784605e-05,0.011550217706089475,1.0,0.1,333.43405601834365,1070.8443053441054,1.0,0.0,0.0,0.0,2.0
30674,7.129380027828033e-05,0.01539946086010855,1.0,0.1,334.13280197670355,1071.4493396948321,1.0,0.0,0.0,0.0,2.0
30675,3.10163766750046e-05,0.006699537361800994,1.0,0.1,334.16070014843825,1071.3858118408964,1.0,0.0,0.0,0.0,2.0
30676,9.734027144824931e-05,0.02102549863282185,1.0,0.1,334.4348883771403,1071.359870916925,1.0,0.0,0.0,0.0,2.0
30677,0.0002618073244992363,0.05655038209183504,1.0,0.1,334.17748394658355,1070.677154557066,1.0,0.0,0.0,0.0,2.0
30678,0.00020615999195806783,0.04453055826294265,1.0,0.1,334.0227647729875,1070.3902221703604,1.0,0.0,0.0,0.0,2.0
30679,5.858651740897714e-05,0.012654687760339062,1.0,0.1,334.4202645952401,1070.5934803832174,1.0,0.0,0.0,0.0,2.0
30680,0.00017523218485606139,0.03785015192890926,1.0,0.1,335.00715346073855,1070.4998604216462,1.0,0.0,0.0,0.0,2.0
30681,0.00027110417857973475,0.05855850257322271,1.0,0.1,333.40890962270066,1070.1060403742304,1.0,0.0,0.0,0.0,2.0
30682,0.0004803793665816737,0.10376194318164153,0.0,0.1,326.8202139908532,1065.8933158721097,1.0,0.0,0.0,0.0,2.0
30683,0.0009571464131159168,0.20674362523303802,0.0,0.1,321.12831015459693,1062.0539077211024,1.0,0.0,0.0,0.0,2.0
30684,0.0013629711989713363,0.2944017789778086,0.0,0.1,319.6145333199762,1056.6643348543967,1.0,0.0,0.0,0.0,2.0
30685,0.001063628020526157,0.22974365243364991,0.0,0.1,321.2112813951818,1055.5748504800229,1.0,0.0,0.0,0.0,2.0
30686,0.00025453109768298606,0.05497871709952499,1.0,0.1,320.2431342301908,1054.4600972144171,1.0,0.0,0.0,0.0,2.0
30687,0.0009513012186431632,0.20548106322692328,0.0,0.1,320.62709114131036,1054.238425986182,1.0,0.0,0.0,0.0,2.0
30688,0.00048227327641826867,0.10417102770634604,0.0,0.1,317.2467095367397,1051.8269286194306,1.0,0.0,0.0,0.0,2.0
30689,0.0007931457926987879,0.17131949122293819,0.0,0.1,300.1690072265749,1046.2373101715223,1.0,0.0,0.0,0.0,2.0
30690,0.0004804863882308512,0.10378505985786385,0.0,0.1,280.71918259560067,1039.4829871733891,1.0,0.0,0.0,0.0,2.0
30691,0.0005172433600869257,0.11172456577877594,0.0,0.1,266.4555977770845,1031.6596109208892,1.0,0.0,0.0,0.0,2.0
30692,0.00020053898152946244,0.04331642001036389,1.0,0.1,260.7111994657597,1029.5514468595038,1.0,0.0,0.0,0.0,2.0
30693,0.00016130852967190674,0.03484264240913185,1.0,0.1,250.48973065319825,1023.4684814764092,1.0,0.0,0.0,0.0,2.0
30694,0.00042399423738800803,0.09158275527580974,1.0,0.1,245.1511387874265,1019.8904278042766,1.0,0.0,0.0,0.0,2.0
30695,0.0002291289036652944,0.04949184319170359,1.0,0.1,239.1194287587084,1015.6091742631592,1.0,0.0,0.0,0.0,2.0
30696,0.00027858755858655885,0.06017491265469671,1.0,0.1,237.6622780715215,1014.2320612559796,1.0,0.0,0.0,0.0,2.0
30697,0.000348838520144674,0.07534912035124959,1.0,0.1,233.7436654382117,1010.9570430926599,1.0,0.0,0.0,0.0,2.0
30698,0.0002502892805747946,0.05406248460415563,1.0,0.1,230.79111269074485,1009.6316318335553,1.0,0.0,0.0,0.0,2.0
30699,0.00048362991862024667,0.10446406242197329,0.0,0.1,226.35688276818962,1009.1315062651751,1.0,0.0,0.0,0.0,2.0
30700,0.0004769888417452925,0.10302958981698318,0.0,0.1,225.2185007405093,1009.5168013685313,1.0,0.0,0.0,0.0,2.0
30701,0.00019591388469787025,0.04231739909473997,1.0,0.1,224.93805024478272,1008.4040769886586,1.0,0.0,0.0,0.0,2.0
30702,0.0003443223527866594,0.07437362820191844,1.0,0.1,226.15613181031063,1007.0791835064723,1.0,0.0,0.0,0.0,2.0
30703,0.0005257347116635735,0.11355869771933187,0.0,0.1,225.7898630463333,1003.9712458037344,1.0,0.0,0.0,0.0,2.0
30704,0.0003462305585205959,0.07478580064044872,1.0,0.1,226.14542377744127,1003.6936641791945,1.0,0.0,0.0,0.0,2.0
30705,0.0006910935802296574,0.149276213329606,0.0,0.1,225.00364326269434,1002.6726948253322,1.0,0.0,0.0,0.0,2.0
30706,0.0002249051883965163,0.04857952069364752,1.0,0.1,224.73284182354462,1001.9884734917819,1.0,0.0,0.0,0.0,2.0
30707,0.0007930274453882044,0.17129392820385217,0.0,0.1,225.424643592251,1001.5854226167745,1.0,0.0,0.0,0.0,2.0
30708,0.00030515873553224983,0.06591428687496598,1.0,0.1,227.28245500470126,1001.0760618080885,1.0,0.0,0.0,0.0,2.0
30709,0.00019392935099506452,0.04188873981493394,1.0,0.1,226.78556401864336,998.5457224929635,1.0,0.0,0.0,0.0,2.0
30710,0.00027399624252628105,0.05918318838567672,1.0,0.1,228.25091487716486,998.7727846967357,1.0,0.0,0.0,0.0,2.0
30711,0.0002307975887089388,0.04985227916113078,1.0,0.1,230.11717246858026,998.8381455710793,1.0,0.0,0.0,0.0,2.0
30712,0.0003114093544137503,0.06726442055337006,1.0,0.1,229.63629263046826,997.5145700736712,1.0,0.0,0.0,0.0,2.0
30713,0.00034113358654183575,0.07368485469303653,1.0,0.1,227.18704345321427,996.3026133677404,1.0,0.0,0.0,0.0,2.0
30714,0.00011812696624550924,0.025515424709029996,1.0,0.1,227.0613994950052,997.4644158518527,1.0,0.0,0.0,0.0,2.0
30715,0.0006977981743047226,0.15072440564982006,0.0,0.1,226.55046248060424,998.0497840437774,1.0,0.0,0.0,0.0,2.0
30716,0.00027109962006293715,0.05855751793359443,1.0,0.1,224.38810617992067,997.5363037681293,1.0,0.0,0.0,0.0,2.0
30717,0.00018161398707444937,0.039228621208081065,1.0,0.1,220.51453127395214,992.626545585342,1.0,0.0,0.0,0.0,2.0
30718,0.0002846866628267175,0.06149231917057098,1.0,0.1,216.56255795548918,989.5643914645985,1.0,0.0,0.0,0.0,2.0
30719,0.0002699357116082374,0.05830611370737928,1.0,0.1,215.40795489963656,988.5419505598423,1.0,0.0,0.0,0.0,2.0
30720,0.00039128564600784374,0.08451769953769425,1.0,0.1,213.4793797885566,988.1911399482607,1.0,0.0,0.0,0.0,2.0
30721,0.00043820705322774456,0.09465272349719282,1.0,0.1,213.05071329328464,988.1157302164142,1.0,0.0,0.0,0.0,2.0
30722,0.00037825188297167193,0.08170240672188114,1.0,0.1,210.26366162868365,986.657875332089,1.0,0.0,0.0,0.0,2.0
30723,0.0004150085181574794,0.08964183992201555,1.0,0.1,207.61964868673124,983.8792526471783,1.0,0.0,0.0,0.0,2.0
30724,0.0006621378545433389,0.1430217765813612,0.0,0.1,203.33069191244775,978.1086624380451,1.0,0.0,0.0,0.0,2.0
30725,0.0010313156273754707,0.22276417551310168,0.0,0.1,199.97300829751472,973.8244978613949,1.0,0.0,0.0,0.0,2.0
30726,0.0002319251883592926,0.050095840685607206,1.0,0.1,197.60307010079782,971.1473653297767,1.0,0.0,0.0,0.0,2.0
30727,8.98562756982072e-05,0.019408955550812755,1.0,0.1,197.5572474048299,970.3005147974326,1.0,0.0,0.0,0.0,2.0
30728,0.00023827159310711293,0.051466664111136394,1.0,0.1,196.95346864797438,969.0007340545812,1.0,0.0,0.0,0.0,2.0
30729,,,,0.1,195.47991078624227,967.2142869963963,1.0,0.0,0.0,0.0,2.0
30730,,,,0.1,192.57355519927773,963.8185422802687,,,0.0,0.0,2.0
30731,,,,0.1,188.22736420373792,960.0999144890895,,,0.0,0.0,2.0
30732,,,,0.1,187.3176953801959,958.6996182035814,,,0.0,0.0,2.0
30733,,,,0.1,186.59306986930758,957.3450900863414,,,0.0,0.0,2.0
30734,0.0001380002596319357,0.02980805608049811,1.0,0.1,187.09252116053386,957.4871713814312,1.0,0.0,0.0,0.0,2.0
30735,0.0002442258095613847,0.052752774865259096,1.0,0.1,189.29228789900796,959.3308922209629,1.0,0.0,0.0,0.0,2.0
30736,0.00044232043210337707,0.09554121333432945,1.0,0.1,190.93638959904808,959.6971478335928,1.0,0.0,0.0,0.0,2.0
30737,,,,0.1,191.15148457562773,959.8438375201943,1.0,0.0,0.0,0.0,2.0
30738,,,,0.1,190.79394188576114,959.3119194422803,,,0.0,0.0,2.0
30739,,,,0.1,191.484134296831,958.51873763076,,,0.0,0.0,2.0
30740,,,,0.1,190.97200707090826,957.9970058896176,,,0.0,0.0,2.0
30741,,,,0.1,191.92533189706526,958.3246290832602,,,0.0,0.0,2.0
30742,,,,0.1,191.49278915298385,957.8454409244622,,,0.0,0.0,2.0
30743,,,,0.1,191.61377931867128,957.6935790760327,,,0.0,0.0,2.0
30744,,,,0.1,191.49307597276706,957.1845229524788,,,0.0,0.0,2.0
30745,,,,0.1,191.07099602349444,957.1817723662854,,,0.0,0.0,2.0
30746,,,,0.1,190.7433979571482,957.0031756000669,,,0.0,0.0,2.0
30747,,,,0.1,190.87642518393395,957.0417755026667,,,0.0,0.0,2.0
30748,,,,0.1,189.87106483448932,956.706446916522,,,0.0,0.0,2.0
30749,,,,0.1,189.94153010857326,956.4580677517638,,,0.0,0.0,2.0
30750,,,,0.1,190.20632109575214,956.6272117196445,,,0.0,0.0,2.0
30751,,,,0.1,190.33682245671295,956.7979825046541,,,0.0,0.0,2.0
30752,0.00015400595736826352,0.03326528679154492,1.0,0.1,191.0460654767221,957.7570547155965,1.0,0.0,0.0,0.0,2.0
30753,6.363095869119732e-05,0.013744287077298621,1.0,0.1,192.00013674361233,958.5565573500854,1.0,0.0,0.0,0.0,2.0
30754,,,,0.1,192.3915853783036,958.5559850375492,1.0,0.0,0.0,0.0,2.0
30755,,,,0.1,191.82249379020888,958.2446295131559,,,0.0,0.0,2.0
30756,,,,0.1,191.05417932165375,957.8122272852784,,,0.0,0.0,2.0
30757,,,,0.1,192.02126582228848,958.3401998444134,,,0.0,0.0,2.0
30758,,,,0.1,192.0272634184952,958.6618841438604,,,0.0,0.0,2.0
30759,,,,0.1,192.13358038720304,958.6456797852409,,,0.0,0.0,2.0
30760,,,,0.1,192.2795920825404,958.7352756864361,,,0.0,0.0,2.0
30761,,,,0.1,192.07039168790482,958.1695199335554,,,0.0,0.0,2.0
30762,,,,0.1,192.50796964287096,958.6793002345711,,,0.0,0.0,2.0
30763,,,,0.1,192.37655279001376,958.5232846363527,,,0.0,0.0,2.0
30764,,,,0.1,192.434728237491,958.2064371264428,,,0.0,0.0,2.0
30765,,,,0.1,192.55874551686222,958.261958886817,,,0.0,0.0,2.0
30766,,,,0.1,192.06058729741534,957.7530215366717,,,0.0,0.0,2.0
30767,,,,0.1,191.89785166216467,957.6348510687277,,,0.0,0.0,2.0
30768,0.00010073956391244918,0.021759745805089024,1.0,0.1,192.12044073818777,957.9508027110234,1.0,0.0,0.0,0.0,2.0
30769,0.00019252942213280905,0.041586355180686756,1.0,0.1,192.10272798617493,958.2850150242938,1.0,0.0,0.0,0.0,2.0
30770,5.3596589939226396e-05,0.011576863426872901,1.0,0.1,191.7522459145089,957.6265479461704,1.0,0.0,0.0,0.0,2.0
30771,3.104116323938404e-05,0.006704891259706954,1.0,0.1,191.6689442940987,957.5766452731053,1.0,0.0,0.0,0.0,2.0
30772,9.404369728114796e-05,0.02031343861272796,1.0,0.1,191.59479405032468,957.6571352225897,1.0,0.0,0.0,0.0,2.0
30773,5.1905430045775485e-05,0.011211572889887505,1.0,0.1,191.86910604809222,958.024968227988,1.0,0.0,0.0,0.0,2.0
30774,,,,0.1,192.3532939951735,958.3036372490856,1.0,0.0,0.0,0.0,2.0
30775,,,,0.1,193.07412344265958,958.7102286581049,,,0.0,0.0,2.0
30776,0.0002675559205371115,0.05779207883601608,1.0,0.1,192.9964072347135,958.6869250056906,1.0,0.0,0.0,0.0,2.0
30777,0.00032162651854147965,0.0694713280049596,1.0,0.1,193.0832971144158,958.7472365727779,1.0,0.0,0.0,0.0,2.0
30778,8.491680492825203e-05,0.018342029864502438,1.0,0.1,193.96828139673616,958.8484992640548,1.0,0.0,0.0,0.0,2.0
30779,,,,0.1,193.88369402741188,959.1287422015746,1.0,0.0,0.0,0.0,2.0
30780,,,,0.1,193.36947500514137,958.9399443038318,,,0.0,0.0,2.0
30781,,,,0.1,193.81390126074908,959.0536629343524,,,0.0,0.0,2.0
30782,,,,0.1,193.91333884100604,959.4116843502403,,,0.0,0.0,2.0
30783,,,,0.1,193.7981174352474,959.7939160107898,,,0.0,0.0,2.0
30784,,,,0.1,193.8466422795722,959.8116999180377,,,0.0,0.0,2.0
30785,,,,0.1,193.17673021855435,959.6518680778598,,,0.0,0.0,2.0
30786,,,,0.1,192.8411670718864,959.5145004336598,,,0.0,0.0,2.0
30787,,,,0.1,193.09784960871647,959.5052726522574,,,0.0,0.0,2.0
30788,,,,0.1,193.0904680173016,959.51980349112,,,0.0,0.0,2.0
30789,,,,0.1,193.87771894350735,960.0018122046209,,,0.0,0.0,2.0
30790,,,,0.1,194.69553389807788,960.0253136014185,,,0.0,0.0,2.0
30791,0.00014796146766666101,0.031959677015998784,1.0,0.1,194.90486129343157,960.4113772802399,1.0,0.0,0.0,0.0,2.0
30792,0.00018890371845012928,0.040803203185227926,1.0,0.1,195.37687777011138,961.0851115856766,1.0,0.0,0.0,0.0,2.0
30793,,,,0.1,194.97114233588232,960.3107695183485,1.0,0.0,0.0,0.0,2.0
30794,,,,0.1,195.14545052147906,960.4839709808203,,,0.0,0.0,2.0
30795,,,,0.1,195.30293463489699,960.6634274252127,1.0,0.0,0.0,0.0,2.0
30796,,,,0.1,194.8506698614264,960.4544606787701,,,0.0,0.0,2.0
30797,,,,0.1,195.2274562665351,960.8003536777597,1.0,0.0,0.0,0.0,2.0
30798,,,,0.1,195.25402892606036,960.9493851883386,,,0.0,0.0,2.0
30799,,,,0.1,194.8602716282546,960.3851087058363,,,0.0,0.0,2.0
30800,,,,0.1,194.2265755742416,960.7513195223097,,,0.0,0.0,2.0
30801,0.00011914051793932914,0.025734351874895093,1.0,0.1,194.68023552134895,960.8128391900717,1.0,0.0,0.0,0.0,2.0
30802,0.00015397021724031075,0.03325756692390713,1.0,0.1,195.83122313429172,962.612976496619,1.0,0.0,0.0,0.0,2.0
30803,,,,0.1,196.61076323454066,963.6708660035404,1.0,0.0,0.0,0.0,2.0
30804,,,,0.1,196.93374778744752,963.5290570924292,,,0.0,0.0,2.0
30805,,,,0.1,195.878396339601,963.4828821996906,,,0.0,0.0,2.0
30806,0.0005196155174555295,0.11223695177039437,0.0,0.1,196.4918277549946,963.1067142400385,1.0,0.0,0.0,0.0,2.0
30807,0.000963519361057916,0.20812018198850987,0.0,0.1,205.92747708192294,968.0397412142953,1.0,0.0,0.0,0.0,2.0
30808,0.00036569709788882655,0.07899057314398654,1.0,0.1,222.5587037424855,978.4732560193003,1.0,0.0,0.0,0.0,2.0
30809,0.0009284773564668565,0.200551108996841,0.0,0.1,226.8162447204662,981.2654102524641,1.0,0.0,0.0,0.0,2.0
30810,,,,0.1,236.55704498180862,985.7362900762404,1.0,0.0,0.0,0.0,2.0
30811,,,,0.1,249.60498055662683,995.6049386914813,,,0.0,0.0,2.0
30812,0.000504547767849433,0.10898231785547753,0.0,0.1,258.1553749989551,1005.0759034247296,1.0,0.0,0.0,0.0,2.0
30813,0.0003011455849700501,0.06504744635353082,1.0,0.1,261.49660927203314,1007.5894372689578,1.0,0.0,0.0,0.0,2.0
30814,0.0004188669746161329,0.09047526651708471,1.0,0.1,264.73272509608285,1010.6462194860931,1.0,0.0,0.0,0.0,2.0
30815,0.0001907536090565766,0.041202779556220544,1.0,0.1,267.23138896130604,1013.0781499336131,1.0,0.0,0.0,0.0,2.0
30816,0.00022312188961831332,0.04819432815755568,1.0,0.1,266.02272594579034,1012.0655378169951,1.0,0.0,0.0,0.0,2.0
30817,0.00010865714146523932,0.023469942556491694,1.0,0.1,260.47136494916504,1007.5853591567634,1.0,0.0,0.0,0.0,2.0
30818,0.000609612492648451,0.13167629841206543,0.0,0.1,260.2544504472579,1007.6612528560725,1.0,0.0,0.0,0.0,2.0
30819,0.0008541896930724074,0.18450497370364002,0.0,0.1,259.91193564207794,1008.1016547371615,1.0,0.0,0.0,0.0,2.0
30820,0.0019816218432272205,0.42803031813707965,0.0,0.1,255.43180213523573,1005.8146038003274,1.0,0.0,0.0,0.0,2.0
30821,0.0011557038222635067,0.24963202560891745,0.0,0.1,254.7207062321562,1006.0712007696194,1.0,0.0,0.0,0.0,2.0
30822,0.0002774652461502602,0.059932493168456204,1.0,0.1,254.76102738968112,1006.663129836254,1.0,0.0,0.0,0.0,2.0
30823,0.0009736421479793773,0.2103067039635455,0.0,0.1,255.40530797562423,1012.3621864996602,1.0,0.0,0.0,0.0,2.0
30824,0.00033573875884427873,0.0725195719103642,1.0,0.1,253.6824537837139,1011.8823953067531,1.0,0.0,0.0,0.0,2.0
30825,0.0007646883943193504,0.1651726931729797,0.0,0.1,250.95836281340596,1004.86024433587,1.0,0.0,0.0,0.0,2.0
30826,2.8460888159308098e-05,0.0061475518424105495,1.0,0.1,250.13009207655824,999.7838458301854,1.0,0.0,0.0,0.0,2.0
30827,0.0003818088782316899,0.08247071769804502,1.0,0.1,251.37905687183604,998.8027958579064,1.0,0.0,0.0,0.0,2.0
30828,0.0003911938568717221,0.08449787308429198,1.0,0.1,251.84249776457065,995.9121296334878,1.0,0.0,0.0,0.0,2.0
30829,0.000776434660315407,0.16770988662812789,0.0,0.1,252.1304561862265,995.3192978800546,1.0,0.0,0.0,0.0,2.0
30830,5.585712176898082e-05,0.012065138302099857,1.0,0.1,254.36092625212126,996.48551041905,1.0,0.0,0.0,0.0,2.0
30831,0.00015157906256948014,0.03274107751500771,1.0,0.1,254.74494284199147,996.3987606865865,1.0,0.0,0.0,0.0,2.0
30832,0.0006101171709579407,0.1317853089269152,0.0,0.1,258.41608240319744,996.4368433070697,1.0,0.0,0.0,0.0,2.0
30833,0.0005239349853827428,0.11316995684267246,0.0,0.1,260.0170219662083,998.340091056148,1.0,0.0,0.0,0.0,2.0
30834,0.00041733431355518637,0.09014421172792025,1.0,0.1,262.12380237615145,1003.0692427594901,1.0,0.0,0.0,0.0,2.0
30835,0.00023735230266301311,0.05126809737521083,1.0,0.1,265.79977926806583,1006.5280878329856,1.0,0.0,0.0,0.0,2.0
30836,0.00015854086566495387,0.03424482698363004,1.0,0.1,266.2251838830439,1007.637377996646,1.0,0.0,0.0,0.0,2.0
30837,0.00040934660192399523,0.08841886601558296,1.0,0.1,268.227635910657,1010.2632103003534,1.0,0.0,0.0,0.0,2.0
30838,0.0006213516640070714,0.13421195942552744,0.0,0.1,267.31001859738467,1013.9192322535229,1.0,0.0,0.0,0.0,2.0
30839,0.0003903533686931542,0.0843163276377213,1.0,0.1,266.7517495766224,1015.8719438980473,1.0,0.0,0.0,0.0,2.0
30840,0.00046707371859711663,0.10088792321697719,0.0,0.1,266.33969186076644,1016.30823309854,1.0,0.0,0.0,0.0,2.0
30841,0.0001298738507911592,0.028052751770890387,1.0,0.1,266.3830442865442,1016.017886308902,1.0,0.0,0.0,0.0,2.0
30842,0.00015859961903155783,0.03425751771081649,1.0,0.1,266.54141243878564,1016.6764696078393,1.0,0.0,0.0,0.0,2.0
30843,0.0002563908995682694,0.05538043430674619,1.0,0.1,266.35295176635697,1017.9319891913348,1.0,0.0,0.0,0.0,2.0
30844,0.0002884940718237273,0.0623147195139251,1.0,0.1,265.67543980302395,1017.3472430744526,1.0,0.0,0.0,0.0,2.0
30845,0.0002856276677920186,0.06169557624307602,1.0,0.1,264.99667826150346,1016.5230797872998,1.0,0.0,0.0,0.0,2.0
30846,0.00014360228660695873,0.031018093907103087,1.0,0.1,263.4001412519891,1015.1109749711364,1.0,0.0,0.0,0.0,2.0
30847,0.00013399053132052703,0.028941954765233837,1.0,0.1,261.26616732095977,1014.0019443281632,1.0,0.0,0.0,0.0,2.0
30848,0.00023578114357971754,0.05092872701321899,1.0,0.1,257.61557343502255,1011.9593990613406,1.0,0.0,0.0,0.0,2.0
30849,0.0002763537442257636,0.05969240875276494,1.0,0.1,254.388622210119,1010.2109955852841,1.0,0.0,0.0,0.0,2.0
30850,0.00034066676333700373,0.07358402088079281,1.0,0.1,247.00675502232795,1005.7626008044409,1.0,0.0,0.0,0.0,2.0
30851,0.0006365350137532001,0.13749156297069123,0.0,0.1,237.6320823377196,999.0456358528136,1.0,0.0,0.0,0.0,2.0
30852,0.0010591843827652788,0.2287838266773002,0.0,0.1,219.71567256369948,986.8039682690318,1.0,0.0,0.0,0.0,2.0
30853,0.00028346834982275566,0.06122916356171522,1.0,0.1,204.4347803943876,975.0923968727727,1.0,0.0,0.0,0.0,2.0
30854,0.0007298980689024899,0.15765798288293784,0.0,0.1,196.3620039558408,968.1394970656928,1.0,0.0,0.0,0.0,2.0
30855,0.00042631876290503734,0.09208485278748807,1.0,0.1,182.7584849119796,957.0507632709887,1.0,0.0,0.0,0.0,2.0
30856,0.0004834863099799783,0.10443304295567532,0.0,0.1,171.2150499681712,944.5110218510366,1.0,0.0,0.0,0.0,2.0
30857,0.00033565084891878943,0.07250058336645852,1.0,0.1,166.24556189267855,942.9182676308446,1.0,0.0,0.0,0.0,2.0
30858,0.0002609097774805566,0.05635651193580022,1.0,0.1,162.67121654761647,938.8362248249887,1.0,0.0,0.0,0.0,2.0
30859,0.0004988282358083813,0.10774689893461036,0.0,0.1,157.92729691271632,934.6038830666638,1.0,0.0,0.0,0.0,2.0
30860,0.0008225477635297136,0.17767031692241814,0.0,0.1,151.654340961247,930.848302725289,1.0,0.0,0.0,0.0,2.0
30861,0.0010673563911988944,0.2305489804989612,0.0,0.1,144.65721203149295,926.2360553856751,1.0,0.0,0.0,0.0,2.0
30862,0.0005121435474506446,0.11062300624933923,0.0,0.1,140.3614633645388,922.8727985896827,1.0,0.0,0.0,0.0,2.0
30863,0.0012831405205304678,0.27715835243458103,0.0,0.1,135.68893360101256,919.5084814232433,1.0,0.0,0.0,0.0,2.0
30864,0.0012243250389354205,0.26445420841005085,0.0,0.1,129.18937914877424,916.7639081444407,1.0,0.0,0.0,0.0,2.0
30865,0.00018802966601289602,0.04061440785878554,1.0,0.1,122.11002611818706,912.8545684390336,1.0,0.0,0.0,0.0,2.0
30866,0.0005943658778746227,0.12838302962091852,0.0,0.1,115.58774300989627,911.5218206874861,1.0,0.0,0.0,0.0,2.0
30867,0.0008518261573569592,0.1839944499891032,0.0,0.1,111.4614512854895,910.6021364579843,1.0,0.0,0.0,0.0,2.0
30868,0.0013097519867582479,0.28290642913978153,0.0,0.1,101.92503032402956,908.2447518684655,1.0,0.0,0.0,0.0,2.0
30869,0.0007577827381991356,0.1636810714510133,0.0,0.1,95.10093570438198,907.3507962742405,1.0,0.0,0.0,0.0,2.0
30870,0.00230845808019744,0.49862694532264706,0.0,0.1,87.2890324061202,906.4928479161865,1.0,0.0,0.0,0.0,2.0
30871,0.00041258261336612096,0.08911784448708213,1.0,0.1,78.73479618651405,907.4773327892501,1.0,0.0,0.0,0.0,2.0
30872,0.0027241202560972116,0.5884099753169978,0.0,0.1,73.60736423121428,907.1896459036761,1.0,0.0,0.0,0.0,2.0
30873,0.0019081352284289128,0.41215720934064515,0.0,0.1,64.98897277845649,905.0794999822842,1.0,0.0,1.0,0.0,2.0
30874,0.001559072817408321,0.33675972856019737,0.0,0.1,64.11103411909967,905.8540472602217,1.0,0.0,1.0,0.0,2.0
30875,0.00027806460823355376,0.060061955378447614,1.0,0.1,59.18812315557047,904.3343142733136,1.0,0.0,1.0,0.0,2.0
30876,0.0010497872608080355,0.2267540483345357,0.0,0.1,58.542669931518226,904.0744967593979,1.0,0.0,1.0,0.0,2.0
30877,0.00021200707982614955,0.045793529242448304,1.0,0.1,57.29589388133219,904.9732923532047,1.0,0.0,1.0,0.0,2.0
30878,0.00149144910769224,0.32215300726152385,0.0,0.1,57.165590774986434,904.4020735490647,1.0,0.0,1.0,0.0,2.0
30879,0.0022271504683738473,0.481064501168751,0.0,0.1,53.10402421957833,905.9877445311994,1.0,0.0,1.0,0.0,2.0
30880,0.0005817468970307635,0.12565732975864494,0.0,0.1,48.24991887167919,905.8779153248009,1.0,0.0,1.0,0.0,2.0
30881,0.0015095481176473514,0.3260623934118279,0.0,0.1,47.56232743934509,907.0275394434299,1.0,0.0,1.0,0.0,2.0
30882,0.0008860894838559976,0.19139532851289548,0.0,0.1,47.88724143803874,908.510317111112,1.0,0.0,1.0,0.0,2.0
30883,0.0007128645017196444,0.1539787323714432,0.0,0.1,49.06559734840858,911.3535432515698,1.0,0.0,1.0,0.0,2.0
30884,0.00042525420204343934,0.0918549076413829,1.0,0.1,48.56644407820995,914.0251519094976,1.0,0.0,1.0,0.0,2.0
30885,0.0023269624892224296,0.5026238976720449,0.0,0.1,48.46815457895264,914.3598887982718,1.0,0.0,1.0,0.0,2.0
30886,0.0014744922295489987,0.3184903215825837,0.0,0.1,47.35213266388003,915.1653463975416,1.0,0.0,1.0,0.0,2.0
30887,0.0014444104402777686,0.311992655099998,0.0,0.1,,,1.0,0.0,,,2.0
30888,0.0007351579772066377,0.15879412307663376,0.0,0.1,41.65334542766754,910.3264892558408,1.0,0.0,1.0,0.0,2.0
30889,0.0007619409659363702,0.16457924864225595,0.0,0.1,40.7457977299163,910.0209933660572,1.0,0.0,1.0,0.0,2.0
30890,0.0006545119605855537,0.1413745834864796,0.0,0.1,41.21705428487191,911.311609431849,1.0,0.0,1.0,0.0,2.0
30891,0.0012592979314049566,0.2720083531834706,0.0,0.1,36.34251518998293,907.5090433970618,1.0,0.0,1.0,0.0,2.0
30892,0.0008535912354126476,0.18437570684913188,0.0,0.1,33.19712959043305,904.5817956658402,1.0,0.0,1.0,0.0,2.0
30893,0.0007665486432423681,0.16557450694035153,0.0,0.1,30.852582833261437,901.8411390019073,1.0,0.0,1.0,0.0,2.0
30894,0.002291178390942682,0.49489453244361936,0.0,0.1,28.73648612220673,898.5201008212896,1.0,0.0,1.0,0.0,2.0
30895,0.001870352591168779,0.4039961596924562,0.0,0.1,23.505745695320243,892.0465232474758,1.0,0.0,1.0,0.0,2.0
30896,0.000838279814950263,0.18106844002925682,0.0,0.1,18.89886826621143,888.3561590213503,1.0,0.0,1.0,0.0,2.0
30897,0.0003798653610546214,0.08205091798779822,1.0,0.1,,,1.0,0.0,,,2.0
30898,0.0006858417361359333,0.1481418150053616,0.0,0.1,,,1.0,0.0,,,2.0
30899,0.001521297648936433,0.32860029217026954,0.0,0.1,,,1.0,0.0,,,2.0
30900,0.0018759580442686398,0.4052069375620262,0.0,0.1,25.662824898901892,877.0676303920079,1.0,0.0,1.0,0.0,2.0
30901,0.0007285071608747706,0.15735754674895047,0.0,0.1,30.428522854616123,878.7336764743419,1.0,0.0,1.0,0.0,2.0
30902,0.00021756763352942326,0.04699460884235542,1.0,0.1,36.13721967811169,875.2073166225749,1.0,0.0,1.0,0.0,2.0
30903,0.00019945270878517495,0.043081785097597795,1.0,0.1,36.97013927795349,874.1008769837715,1.0,0.0,1.0,0.0,2.0
30904,0.0004529501168575964,0.09783722524124082,1.0,0.1,37.820740587862865,869.9483645789365,1.0,0.0,1.0,0.0,2.0
30905,0.0006854601047047236,0.14805938261622031,0.0,0.1,38.149175382106975,869.3262465926856,1.0,0.0,1.0,0.0,2.0
30906,0.0006700327054850022,0.14472706438476046,0.0,0.1,40.38676406647685,867.4330241586339,1.0,0.0,1.0,0.0,2.0
30907,0.000662780986796035,0.14316069314794358,0.0,0.1,48.94057204176245,867.821709515065,1.0,0.0,1.0,0.0,2.0
30908,0.0006686432126304818,0.14442693392818406,0.0,0.1,50.804008766973034,868.2088671801704,1.0,0.0,1.0,0.0,2.0
30909,0.0002161819752416636,0.046695306652199335,1.0,0.1,52.37783566620546,866.6807395088991,1.0,0.0,1.0,0.0,2.0
30910,0.0018086807535658662,0.39067504277022713,0.0,0.1,54.54967116524949,865.7601399747872,1.0,0.0,1.0,0.0,2.0
30911,0.0003781636251261545,0.08168334302724937,1.0,0.1,57.096898294412995,865.1359168479752,1.0,0.0,1.0,0.0,2.0
30912,0.0013701108569511944,0.295943945101458,0.0,0.1,59.10154669270427,865.6691677025507,1.0,0.0,1.0,0.0,2.0
30913,0.0007486804833388192,0.16171498440118495,0.0,0.1,61.95628859333587,865.2089280163351,1.0,0.0,1.0,0.0,2.0
30914,0.00027845457272334794,0.060146187708243155,1.0,0.1,66.36123909960986,864.4118647835215,1.0,0.0,1.0,0.0,2.0
30915,0.001429752368611744,0.3088265116201367,0.0,0.1,72.28108452376198,865.4155457995288,1.0,0.0,0.0,0.0,2.0
30916,0.0002914828806477525,0.06296030221991454,1.0,0.1,75.74365846022998,866.8079870077585,1.0,0.0,0.0,0.0,2.0
30917,0.0002860504068034916,0.06178688786955419,1.0,0.1,74.3753337776985,865.9813302020531,1.0,0.0,0.0,0.0,2.0
30918,0.00012958296061215028,0.027989919492224465,1.0,0.1,73.4591834845888,869.7650938676978,1.0,0.0,0.0,0.0,2.0
30919,0.0001932307487173282,0.04173784172294289,1.0,0.1,75.99822800942565,870.0999933216249,1.0,0.0,0.0,0.0,2.0
30920,0.00019817276892065774,0.042805318086862075,1.0,0.1,78.79243314123757,874.1098749392632,1.0,0.0,0.0,0.0,2.0
30921,5.4491029953165725e-05,0.011770062469883796,1.0,0.1,79.31645687663386,874.2209430769044,1.0,0.0,0.0,0.0,2.0
30922,5.5816363156135266e-05,0.012056334441725217,1.0,0.1,79.395366294805,877.4404109895652,1.0,0.0,0.0,0.0,2.0
30923,0.0002439294918127619,0.05268877023155657,1.0,0.1,80.170802831404,879.6941603279796,1.0,0.0,0.0,0.0,2.0
30924,0.0003819465855178862,0.08250046247186342,1.0,0.1,81.94746818679282,882.7408152869765,1.0,0.0,0.0,0.0,2.0
30925,0.00010839895225323,0.02341417368669768,1.0,0.1,84.60087631619525,885.8123988512127,1.0,0.0,0.0,0.0,2.0
30926,0.001464794361280189,0.31639558203652085,0.0,0.1,84.82861657899599,886.1542641224892,1.0,0.0,0.0,0.0,2.0
30927,0.00045901527020359584,0.0991472983639767,1.0,0.1,84.99975933749126,885.5050408941208,1.0,0.0,0.0,0.0,2.0
30928,0.00020511984858704056,0.04430588729480076,1.0,0.1,86.3629407539093,885.8156913960189,1.0,0.0,0.0,0.0,2.0
30929,0.00020820549321926766,0.044972386535361814,1.0,0.1,87.49624325497948,886.3227259912745,1.0,0.0,0.0,0.0,2.0
30930,,,,0.1,88.15306839524861,885.7457186694452,1.0,0.0,0.0,0.0,2.0
30931,,,,0.1,89.93422428350473,884.9839011871527,,,0.0,0.0,2.0
30932,,,,0.1,91.89784359956913,885.6535414662138,,,0.0,0.0,2.0
30933,,,,0.1,94.13509722111324,885.9568452953296,,,0.0,0.0,2.0
30934,,,,0.1,94.66471252496062,884.4861064706945,,,0.0,0.0,2.0
30935,,,,0.1,95.45164468118585,883.8440943304232,,,0.0,0.0,2.0
30936,,,,0.1,95.43226853144559,883.6115570536142,,,0.0,0.0,2.0
30937,,,,0.1,96.39455225141182,883.8095520671229,,,0.0,0.0,2.0
30938,,,,0.1,97.53998295525759,883.4279923985207,,,0.0,0.0,2.0
30939,,,,0.1,98.358209927289,882.7898111741691,,,0.0,0.0,2.0
30940,,,,0.1,98.11600580545311,881.0817600923839,,,0.0,0.0,2.0
30941,,,,0.1,97.7807819908479,881.1044145979488,,,0.0,0.0,2.0
30942,,,,0.1,96.95190490138225,879.7504771700734,,,0.0,0.0,2.0
30943,,,,0.1,96.85574028579394,879.8403209808679,,,0.0,0.0,2.0
30944,,,,0.1,96.22132299260915,879.6842517732256,,,0.0,0.0,2.0
30945,,,,0.1,95.90881030388948,880.3181634317172,,,0.0,0.0,2.0
30946,,,,0.1,95.94777075064289,881.765403993476,,,0.0,0.0,2.0
30947,,,,0.1,96.88844066265621,880.955272849144,,,0.0,0.0,2.0
30948,,,,0.1,97.79603228672197,880.7235802784617,,,0.0,0.0,2.0
30949,,,,0.1,99.79466957519918,881.0200598587714,,,0.0,0.0,2.0
30950,,,,0.1,101.07697034134809,884.1256822827143,,,0.0,0.0,2.0
30951,,,,0.1,102.14574339911582,882.8575320012903,,,0.0,0.0,2.0
30952,,,,0.1,104.56433933379836,881.2133553799888,,,0.0,0.0,2.0
30953,,,,0.1,105.80439246100694,881.4953999019734,,,0.0,0.0,2.0
30954,,,,0.1,108.88739766313822,883.4869418302167,,,0.0,0.0,2.0
30955,,,,0.1,108.57809679800162,885.3325419061401,,,0.0,0.0,2.0
30956,,,,0.1,108.47259130712585,886.4303131327407,,,0.0,0.0,2.0
30957,,,,0.1,107.29250853607132,885.4007144366994,,,0.0,0.0,2.0
30958,,,,0.1,103.8501693720137,882.5939499785496,,,0.0,0.0,2.0
30959,,,,0.1,100.88999644473306,883.4013788891651,,,0.0,0.0,2.0
30960,,,,0.1,100.44461657400669,882.4134206726054,,,0.0,0.0,2.0
30961,,,,0.1,100.11170086669492,882.886096694481,,,0.0,0.0,2.0
30962,,,,0.1,101.17835788180487,884.1593583485126,,,0.0,0.0,2.0
30963,,,,0.1,102.10399139613135,883.609602054952,,,0.0,0.0,2.0
30964,,,,0.1,102.52739736812345,882.2178455567902,,,0.0,0.0,2.0
30965,,,,0.1,102.13164957828188,881.2778546677807,,,0.0,0.0,2.0
30966,,,,0.1,102.81347184230978,880.2707526333844,,,0.0,0.0,2.0
30967,,,,0.1,102.23841638448278,878.3391367651153,,,0.0,0.0,2.0
30968,,,,0.1,102.71247186738432,876.9375713158947,,,0.0,0.0,2.0
30969,,,,0.1,104.35430827626298,876.1187106902255,,,0.0,0.0,2.0
30970,,,,0.1,104.97569867470537,874.9417911613956,,,0.0,0.0,2.0
30971,,,,0.1,106.93188574598302,874.9907566574259,,,0.0,0.0,2.0
30972,,,,0.1,112.83624219723272,869.198288597495,,,0.0,0.0,2.0
30973,,,,0.1,122.53170348192786,858.0022225017386,,,0.0,0.0,2.0
30974,,,,0.1,127.97323367961799,853.6336063143435,,,0.0,0.0,2.0
30975,,,,0.1,129.8585329147965,851.6105062214243,,,0.0,0.0,2.0
30976,,,,0.1,131.6420700904337,851.5018775389823,,,0.0,0.0,2.0
30977,,,,0.1,137.29083787845994,849.8447600820922,,,0.0,0.0,2.0
30978,,,,0.1,142.68954087861272,847.7662749922882,,,0.0,0.0,2.0
30979,,,,0.1,143.19551347474103,847.7014105725574,,,0.0,0.0,2.0
30980,,,,0.1,143.67036189944378,848.1262117690742,,,0.0,0.0,2.0
30981,,,,0.1,142.4340067542235,848.0210738934712,,,0.0,0.0,2.0
30982,,,,0.1,140.34602820960527,849.1669327817962,,,0.0,0.0,2.0
30983,,,,0.1,139.8215221937662,849.8290910562791,,,0.0,0.0,2.0
30984,,,,0.1,140.07143601289508,849.0340837403693,,,0.0,0.0,2.0
30985,,,,0.1,140.12251323699803,848.4983584528757,,,0.0,0.0,2.0
30986,,,,0.1,139.60444253876125,849.7860277792488,,,0.0,0.0,2.0
30987,,,,0.1,138.69255839263994,852.1852705173338,,,0.0,0.0,2.0
30988,,,,0.1,141.5335132443739,852.3349635653959,,,0.0,0.0,2.0
30989,,,,0.1,231.68367144206223,968.3340534888127,,,0.0,0.0,2.0
30990,,,,0.1,230.85578828579244,967.5486896915243,,,0.0,0.0,2.0
30991,,,,0.1,148.1185081493788,854.7751595306818,,,0.0,0.0,2.0
30992,,,,0.1,231.80039051809888,969.2104313842498,,,0.0,0.0,2.0
30993,,,,0.1,233.56741350419912,969.9290389308009,,,0.0,0.0,2.0
30994,,,,0.1,234.32948792026542,970.4245679818105,,,0.0,0.0,2.0
30995,,,,0.1,160.12510319747585,869.9406139514226,,,0.0,0.0,2.0
30996,,,,0.1,,,,,,,2.0
30997,,,,0.1,159.86347385654713,873.5508142632639,,,0.0,0.0,2.0
30998,,,,0.1,157.8954038603344,871.790234543836,,,0.0,0.0,2.0
30999,,,,0.1,239.69116869006427,976.4952359540614,,,0.0,0.0,2.0
31000,,,,0.1,,,,,,,2.0
31001,,,,0.1,,,,,,,2.0
31002,,,,0.1,245.1581594340075,978.2133326840983,,,0.0,0.0,2.0
31003,,,,0.1,245.4271866039114,978.5616501937883,,,0.0,0.0,2.0
31004,,,,0.1,,,,,,,2.0
31005,,,,0.1,,,,,,,2.0
31006,,,,0.1,,,,,,,2.0
31007,,,,0.1,,,,,,,2.0
31008,,,,0.1,,,,,,,2.0
31009,,,,0.1,,,,,,,2.0
31010,,,,0.1,,,,,,,2.0
31011,,,,0.1,,,,,,,2.0
31012,,,,0.1,,,,,,,2.0
31013,,,,0.1,,,,,,,2.0
31014,,,,0.1,,,,,,,2.0
31015,,,,0.1,,,,,,,2.0
31016,,,,0.1,,,,,,,2.0
31017,,,,0.1,,,,,,,2.0
31018,,,,0.1,,,,,,,2.0
31019,,,,0.1,,,,,,,2.0
31020,,,,0.1,,,,,,,2.0
31021,,,,0.1,,,,,,,2.0
31022,,,,0.1,132.17493462196646,907.8302814048822,,,0.0,0.0,2.0
31023,,,,0.1,121.9654432497148,915.9982002843594,,,0.0,0.0,2.0
31024,,,,0.1,109.44287957577897,917.8055756700934,,,0.0,0.0,2.0
31025,,,,0.1,106.44835351544248,920.1076013874233,,,0.0,0.0,2.0
31026,0.0011132701071411386,0.24046634314248594,0.0,0.1,99.13099750388545,922.7370960789472,1.0,0.0,0.0,0.0,2.0
31027,0.0013069875007356059,0.2823093001588909,0.0,0.1,97.4303021648259,927.6853271977642,1.0,0.0,0.0,0.0,2.0
31028,0.0006815274646138408,0.1472099323565896,0.0,0.1,89.74609480344172,928.361773812634,1.0,0.0,0.0,0.0,2.0
31029,0.0019362920102638003,0.41823907421698087,0.0,0.1,88.27866445791408,929.2453153696605,1.0,0.0,0.0,0.0,2.0
31030,0.0014081550555155088,0.3041614919913499,0.0,0.1,84.86563507022444,930.0577464205102,1.0,0.0,0.0,0.0,2.0
31031,0.00019500862969874054,0.04212186401492796,1.0,0.1,81.99639239933094,932.1140731716721,1.0,0.0,0.0,0.0,2.0
31032,0.0006487109722042163,0.14012156999611072,0.0,0.1,82.79533212055316,935.5061240180074,1.0,0.0,0.0,0.0,2.0
31033,0.0002987544213843668,0.06453095501902323,1.0,0.1,83.84945919112005,938.8403887638751,1.0,0.0,0.0,0.0,2.0
31034,0.0008384378996258077,0.18110258631917447,0.0,0.1,83.2119386024888,938.5137595991501,1.0,0.0,0.0,0.0,2.0
31035,0.0003550392933979565,0.0766884873739586,1.0,0.1,83.03303132651713,939.9398698586092,1.0,0.0,0.0,0.0,2.0
31036,0.0008754934283046979,0.18910658051381474,0.0,0.1,85.32918498508648,944.1528172213448,1.0,0.0,0.0,0.0,2.0
31037,7.722902989830275e-05,0.016681470458033393,1.0,0.1,87.94096089514535,945.7769017727688,1.0,0.0,0.0,0.0,2.0
31038,0.00021064402935952123,0.04549911034165659,1.0,0.1,91.05726478141656,948.5213394554769,1.0,0.0,0.0,0.0,2.0
31039,0.0006504208593327289,0.14049090561586944,0.0,0.1,92.80765558086361,949.0707948665681,1.0,0.0,0.0,0.0,2.0
31040,0.0005425501518636024,0.11719083280253811,0.0,0.1,93.72804661640028,950.9102578548664,1.0,0.0,0.0,0.0,2.0
31041,0.00035909889023781236,0.07756536029136747,1.0,0.1,95.56804475582244,952.9772558592655,1.0,0.0,0.0,0.0,2.0
31042,0.0005621123004762791,0.12141625690287629,0.0,0.1,95.66167221766986,953.4161519117861,1.0,0.0,0.0,0.0,2.0
31043,0.00044916871635399555,0.09702044273246303,1.0,0.1,95.89069366211754,953.8496141572225,1.0,0.0,0.0,0.0,2.0
31044,0.0003051538030062997,0.06591322144936074,1.0,0.1,96.51799971032621,953.7547643497289,1.0,0.0,0.0,0.0,2.0
31045,0.0003842152862261035,0.08299050182483836,1.0,0.1,96.9173862547127,953.4540080228901,1.0,0.0,0.0,0.0,2.0
31046,0.00034627592923488197,0.07479560071473451,1.0,0.1,95.66884038796077,952.660630982071,1.0,0.0,0.0,0.0,2.0
31047,0.0005304034983746773,0.1145671556489303,0.0,0.1,96.3482569195768,953.0971435170535,1.0,0.0,0.0,0.0,2.0
31048,0.00042277432326767034,0.09131925382581679,1.0,0.1,103.21338375602494,958.0761889130082,1.0,0.0,0.0,0.0,2.0
31049,0.0004524193486210375,0.0977225793021441,1.0,0.1,110.71613531022521,963.7685380053932,1.0,0.0,0.0,0.0,2.0
31050,0.0002992650564350787,0.064641252189977,1.0,0.1,115.76282712846016,967.6573332883074,1.0,0.0,0.0,0.0,2.0
31051,0.00021578141239850777,0.04660878507807768,1.0,0.1,123.50071200188351,975.8497444765941,1.0,0.0,0.0,0.0,2.0
31052,0.0004399723125675806,0.09503401951459742,1.0,0.1,125.99468392142329,978.0997973296296,1.0,0.0,0.0,0.0,2.0
31053,0.00019535891141941755,0.04219752486659419,1.0,0.1,130.36918613031165,982.5712953504873,1.0,0.0,0.0,0.0,2.0
31054,0.0009215161779591246,0.1990474944391709,0.0,0.1,133.14770692965277,985.7783495869057,1.0,0.0,0.0,0.0,2.0
31055,0.00013964366591287246,0.03016303183718045,1.0,0.1,135.04015125890115,988.3435990667011,1.0,0.0,0.0,0.0,2.0
31056,0.00011847257847931534,0.025590076951532113,1.0,0.1,136.67332608166336,989.5015920802883,1.0,0.0,0.0,0.0,2.0
31057,7.95447513226436e-05,0.017181666285691018,1.0,0.1,137.85002932022914,989.7671858235368,1.0,0.0,0.0,0.0,2.0
31058,0.00022378917247754517,0.048338461255149755,1.0,0.1,139.4308097644382,991.3247059176534,1.0,0.0,0.0,0.0,2.0
31059,0.00010181146201909714,0.021991275796124983,1.0,0.1,141.17322931929115,993.4942813168861,1.0,0.0,0.0,0.0,2.0
31060,0.0003759876360930248,0.08121332939609335,1.0,0.1,142.135569104057,993.8059551335188,1.0,0.0,0.0,0.0,2.0
31061,0.0002631664368018814,0.05684395034920638,1.0,0.1,142.33658152411576,993.9994839018096,1.0,0.0,0.0,0.0,2.0
31062,0.0003380209470589144,0.07301252456472551,1.0,0.1,145.1919285364659,995.7177593524673,1.0,0.0,0.0,0.0,2.0
31063,0.0004995827865378829,0.10790988189218272,0.0,0.1,149.14350524962916,999.1744046296236,1.0,0.0,0.0,0.0,2.0
31064,0.00015899624653934353,0.034343189252498206,1.0,0.1,151.66303796313568,1001.0245450972341,1.0,0.0,0.0,0.0,2.0
31065,0.0002980050373247465,0.06436908806214525,1.0,0.1,150.48112698526566,999.6463339448654,1.0,0.0,0.0,0.0,2.0
31066,0.00045161113530492626,0.09754800522586407,1.0,0.1,151.3388355782187,1001.0683595615197,1.0,0.0,0.0,0.0,2.0
31067,0.0001975230186001452,0.042664972017631364,1.0,0.1,152.30821524386195,1001.7872262456908,1.0,0.0,0.0,0.0,2.0
31068,0.00038521232277150333,0.08320586171864472,1.0,0.1,152.27641656057295,1001.8379615962763,1.0,0.0,0.0,0.0,2.0
31069,0.00011707641044177828,0.025288504655424107,1.0,0.1,152.2938954217045,1001.422083595258,1.0,0.0,0.0,0.0,2.0
31070,0.0006576405393313035,0.14205035649556158,0.0,0.1,151.52388197401768,1000.6480604886841,1.0,0.0,0.0,0.0,2.0
31071,0.0001508501298434494,0.032583628046185066,1.0,0.1,153.28956335507368,1001.3499330945647,1.0,0.0,0.0,0.0,2.0
31072,0.00037115834892165195,0.08017020336707682,1.0,0.1,155.30809468073824,1001.8548472306547,1.0,0.0,0.0,0.0,2.0
31073,9.440183972394384e-05,0.02039079738037187,1.0,0.1,155.83673866939716,1001.7295227219798,1.0,0.0,0.0,0.0,2.0
31074,0.0004627183810077563,0.09994717029767536,1.0,0.1,156.33249917267344,1002.2253418476588,1.0,0.0,0.0,0.0,2.0
31075,0.00026645275442807603,0.05755379495646443,1.0,0.1,156.26630353194145,1001.2000487018322,1.0,0.0,0.0,0.0,2.0
31076,0.0007307724918092681,0.1578468582308019,0.0,0.1,156.49317239643338,1000.1233495485591,1.0,0.0,0.0,0.0,2.0
31077,0.0005153535464309635,0.11131636602908812,0.0,0.1,159.14549172418634,1001.3080050984895,1.0,0.0,0.0,0.0,2.0
31078,0.00019947765290592435,0.043087173027679664,1.0,0.1,161.31867567409282,1002.2884305373287,1.0,0.0,0.0,0.0,2.0
31079,0.0002633900626570773,0.0568922535339287,1.0,0.1,161.37240461681736,1002.0592496673506,1.0,0.0,0.0,0.0,2.0
31080,0.00017687481941907243,0.03820496099451964,1.0,0.1,161.69008606928918,1001.3791934807942,1.0,0.0,0.0,0.0,2.0
31081,0.00011466106072341275,0.024766789116257158,1.0,0.1,161.4302022185062,1000.8302246962782,1.0,0.0,0.0,0.0,2.0
31082,7.848111755921473e-05,0.016951921392790382,1.0,0.1,159.8041314066577,999.7974402673001,1.0,0.0,0.0,0.0,2.0
31083,8.875342928749846e-05,0.01917074072609967,1.0,0.1,159.7232611902294,999.5256019306472,1.0,0.0,0.0,0.0,2.0
31084,0.00047660916857846474,0.10294758041294838,0.0,0.1,159.92993940779027,999.2056279570146,1.0,0.0,0.0,0.0,2.0
31085,5.792146842459262e-05,0.012511037179712007,1.0,0.1,159.1513619629071,998.429642212064,1.0,0.0,0.0,0.0,2.0
31086,0.00019761960927442332,0.042685835603275435,1.0,0.1,158.7947669818693,997.4438159788275,1.0,0.0,0.0,0.0,2.0
31087,9.038355496997647e-05,0.01952284787351492,1.0,0.1,158.65880432035019,997.0298966131929,1.0,0.0,0.0,0.0,2.0
31088,0.00018763871227995763,0.04052996185247085,1.0,0.1,158.53537144247755,996.7056066189865,1.0,0.0,0.0,0.0,2.0
31089,0.00018376775816679415,0.03969383576402754,1.0,0.1,157.7105288714739,996.1180143570361,1.0,0.0,0.0,0.0,2.0
31090,0.0001917468165764729,0.04141731238051815,1.0,0.1,157.0607920619196,995.0964219674918,1.0,0.0,0.0,0.0,2.0
31091,0.00010309961039157855,0.022269515844580964,1.0,0.1,157.96946825535156,995.0022008905121,1.0,0.0,0.0,0.0,2.0
31092,0.0002280443666905829,0.049257583205165906,1.0,0.1,158.68909809752117,994.536988317616,1.0,0.0,0.0,0.0,2.0
31093,0.000246698094464297,0.05328678840428815,1.0,0.1,155.85772705550187,993.6244630302033,1.0,0.0,0.0,0.0,2.0
31094,0.0006922644756308504,0.1495291267362637,0.0,0.1,150.16937499977672,989.9860014266256,1.0,0.0,0.0,0.0,2.0
31095,0.00031283083046400843,0.06757145938022582,1.0,0.1,144.93920562049195,985.7386235773243,1.0,0.0,0.0,0.0,2.0
31096,8.168707565267311e-05,0.017644408340977392,1.0,0.1,143.60738328682118,984.8599590416225,1.0,0.0,0.0,0.0,2.0
31097,0.00014307848314741396,0.030904952359841417,1.0,0.1,143.08736962667348,984.0177549666632,1.0,0.0,0.0,0.0,2.0
31098,0.0001639747987972123,0.035418556540197856,1.0,0.1,143.16848857617228,982.954057635965,1.0,0.0,0.0,0.0,2.0
31099,0.00014055651547344644,0.030360207342264432,1.0,0.1,140.9120945180522,982.3631360056393,1.0,0.0,0.0,0.0,2.0
31100,0.0002114483392652718,0.04567284128129871,1.0,0.1,139.24156729474925,979.9610567804268,1.0,0.0,0.0,0.0,2.0
31101,0.00011278630372996108,0.024361841605671595,1.0,0.1,138.5099015652047,978.5614151543355,1.0,0.0,0.0,0.0,2.0
31102,0.0004303774160062544,0.09296152185735096,1.0,0.1,139.98610622285483,978.3354780566626,1.0,0.0,0.0,0.0,2.0
31103,0.0006805939457792845,0.14700829228832546,0.0,0.1,140.22564693764173,977.8001585411224,1.0,0.0,0.0,0.0,2.0
31104,,,,0.1,136.3611908728287,973.1960057593462,1.0,0.0,0.0,0.0,2.0
31105,,,,0.1,135.18597256424584,968.0585284484359,,,0.0,0.0,2.0
31106,,,,0.1,133.83781642714138,964.524795259088,,,0.0,0.0,2.0
31107,,,,0.1,133.71883813656103,962.0060047301371,,,0.0,0.0,2.0
31108,,,,0.1,133.71955303550595,962.5812563981183,,,0.0,0.0,2.0
31109,,,,0.1,131.83848845199577,962.7347487507969,,,0.0,0.0,2.0
31110,,,,0.1,129.59317160082742,960.837536462062,,,0.0,0.0,2.0
31111,0.00027754196081365235,0.0599490635357489,1.0,0.1,124.816917565304,957.4573630381528,1.0,0.0,0.0,0.0,2.0
31112,0.0005871868883199819,0.1268323678771161,0.0,0.1,119.16808945405907,954.512882157417,1.0,0.0,0.0,0.0,2.0
31113,0.0001299323491848633,0.02806538742393047,1.0,0.1,117.66311684977161,954.4126509942404,1.0,0.0,0.0,0.0,2.0
31114,0.0006252899773539799,0.13506263510845964,0.0,0.1,117.73335742107264,952.4268502428251,1.0,0.0,0.0,0.0,2.0
31115,0.0005822078501076766,0.12575689562325815,0.0,0.1,117.54423494735515,951.6710143277642,1.0,0.0,0.0,0.0,2.0
31116,0.0003097916506350256,0.06691499653716554,1.0,0.1,116.4103980612625,953.6578192785798,1.0,0.0,0.0,0.0,2.0
31117,0.0003905138534753708,0.0843509923506801,1.0,0.1,117.84271841944674,956.3284758280328,1.0,0.0,0.0,0.0,2.0
31118,0.00011931286508931161,0.025771578859291308,1.0,0.1,120.3181127138354,959.2812087971433,1.0,0.0,0.0,0.0,2.0
31119,0.00025190248868993284,0.054410937557025495,1.0,0.1,121.53746951224551,960.3308607610586,1.0,0.0,0.0,0.0,2.0
31120,5.2532621731119175e-05,0.011347046293921742,1.0,0.1,124.68541302622471,962.7093050732102,1.0,0.0,0.0,0.0,2.0
31121,,,,0.1,125.94518560647236,963.1869858842944,1.0,0.0,0.0,0.0,2.0
31122,,,,0.1,128.44887100631234,964.3151189594679,,,0.0,0.0,2.0
31123,,,,0.1,130.85680833407457,964.4851915638421,,,0.0,0.0,2.0
31124,,,,0.1,133.3132925582863,965.9654260525012,,,0.0,0.0,2.0
31125,,,,0.1,137.9345184997485,969.9975538616593,,,0.0,0.0,2.0
31126,,,,0.1,139.26786577855594,970.9334003172627,,,0.0,0.0,2.0
31127,,,,0.1,138.0816913793884,970.2249624602407,,,0.0,0.0,2.0
31128,,,,0.1,137.11445022764582,969.0432092084646,,,0.0,0.0,2.0
31129,,,,0.1,137.249766695958,971.2326129365674,,,0.0,0.0,2.0
31130,6.200784759072268e-05,0.013393695079596101,1.0,0.1,137.81285857148026,972.6106093216857,1.0,0.0,0.0,0.0,2.0
31131,0.00019149446055679174,0.04136280348026702,1.0,0.1,139.87578638876727,973.0016645711964,1.0,0.0,0.0,0.0,2.0
31132,,,,0.1,139.37227298016964,971.5587668943498,1.0,0.0,0.0,0.0,2.0
31133,,,,0.1,137.79011892015785,970.6260545150252,,,0.0,0.0,2.0
31134,,,,0.1,135.08394068023716,967.0453547140581,,,0.0,0.0,2.0
31135,,,,0.1,134.07828448818125,964.5281654528661,,,0.0,0.0,2.0
31136,,,,0.1,134.46032849891427,964.488995117972,,,0.0,0.0,2.0
31137,,,,0.1,134.68274441320173,964.307066734452,,,0.0,0.0,2.0
31138,,,,0.1,136.08067552084086,964.3934794999286,,,0.0,0.0,2.0
31139,,,,0.1,134.13497426163588,960.9937260610712,,,0.0,0.0,2.0
31140,,,,0.1,136.37408422762542,959.415931979144,,,0.0,0.0,2.0
31141,,,,0.1,136.48365018992777,953.8901059793076,,,0.0,0.0,2.0
31142,,,,0.1,138.89034416678288,955.4949680448967,,,0.0,0.0,2.0
31143,,,,0.1,143.20608093169545,957.8319752209954,,,0.0,0.0,2.0
31144,,,,0.1,142.49307250094213,957.919537760776,,,0.0,0.0,2.0
31145,,,,0.1,139.52164033348507,956.7627921807598,,,0.0,0.0,2.0
31146,,,,0.1,138.73113785490654,956.3896145488047,,,0.0,0.0,2.0
31147,,,,0.1,136.50622133747174,955.39692575034,,,0.0,0.0,2.0
31148,,,,0.1,136.68156450000572,954.8331990098003,,,0.0,0.0,2.0
31149,,,,0.1,136.44258863864658,955.1367063226566,,,0.0,0.0,2.0
31150,,,,0.1,136.7116868245046,955.2279166774383,,,0.0,0.0,2.0
31151,,,,0.1,136.79975028559207,955.3314925080684,,,0.0,0.0,2.0
31152,,,,0.1,136.94290759825734,956.1120446704132,,,0.0,0.0,2.0
31153,,,,0.1,133.3220134161783,955.6217872212692,,,0.0,0.0,2.0
31154,,,,0.1,127.6790720671053,954.7814427221953,,,0.0,0.0,2.0
31155,0.0005613179871090834,0.121244685215562,0.0,0.1,124.1777046259497,954.6281709974328,1.0,0.0,0.0,0.0,2.0
31156,0.000935724531838651,0.2021164988771486,0.0,0.1,120.5320649583864,959.3257393178947,1.0,0.0,0.0,0.0,2.0
31157,0.0015374651127510342,0.3320924643542234,0.0,0.1,123.15856975184637,966.0880192325396,1.0,0.0,0.0,0.0,2.0
31158,0.0014045446458682911,0.3033816435075509,0.0,0.1,124.49233145502001,971.0703532403629,1.0,0.0,0.0,0.0,2.0
31159,0.0005738273559809775,0.12394670889189113,0.0,0.1,125.53220722925843,973.8858084922631,1.0,0.0,0.0,0.0,2.0
31160,,,,0.1,124.569986343211,973.4815749771318,1.0,0.0,0.0,0.0,2.0
31161,,,,0.1,126.11121351284741,974.7757224271527,,,0.0,0.0,2.0
31162,,,,0.1,127.54139734477944,975.5225141220793,,,0.0,0.0,2.0
31163,0.0012230623201757006,0.2641814611579513,0.0,0.1,122.6345126535629,970.5474132799525,1.0,0.0,0.0,0.0,2.0
31164,0.0005738516072364268,0.1239519471630682,0.0,0.1,121.44473777604638,970.0293971980362,1.0,0.0,0.0,0.0,2.0
31165,0.0009794497519520907,0.2115611464216516,0.0,0.1,121.51589433386172,975.0393829008825,1.0,0.0,0.0,0.0,2.0
31166,0.0012934096568597555,0.2793764858817072,0.0,0.1,123.58997546474444,981.5337276497797,1.0,0.0,0.0,0.0,2.0
31167,0.0005483620913573642,0.11844621173319067,0.0,0.1,121.49275069377276,982.5263670140616,1.0,0.0,0.0,0.0,2.0
31168,0.0001040397945390015,0.022472595620424324,1.0,0.1,123.06948639377151,985.8193488845551,1.0,0.0,0.0,0.0,2.0
31169,0.000488593341169789,0.10553616169267442,0.0,0.1,120.43057026920036,983.061929956528,1.0,0.0,0.0,0.0,2.0
31170,0.001449266551452004,0.31304157511363284,0.0,0.1,118.19373449283212,980.2260906365306,1.0,0.0,0.0,0.0,2.0
31171,0.0014151467822863782,0.3056717049738577,0.0,0.1,117.66339537789693,979.8239196412675,1.0,0.0,0.0,0.0,2.0
31172,0.00020636499112492048,0.04457483808298282,1.0,0.1,114.35977328690822,976.9392267507949,1.0,0.0,0.0,0.0,2.0
31173,0.00045196982639827233,0.09762548250202682,1.0,0.1,113.45902872389239,976.5932996887999,1.0,0.0,0.0,0.0,2.0
31174,0.00024306416030846494,0.05250185862662843,1.0,0.1,115.50647295545032,979.7685649560078,1.0,0.0,0.0,0.0,2.0
31175,0.0004872321815205586,0.10524215120844066,0.0,0.1,117.37367756659282,981.5398570410524,1.0,0.0,0.0,0.0,2.0
31176,0.0003196660425650771,0.06904786519405666,1.0,0.1,119.98369633694062,985.8220925161926,1.0,0.0,0.0,0.0,2.0
31177,0.00028056399626879766,0.060601823194060295,1.0,0.1,125.96483593557889,993.3975453198223,1.0,0.0,0.0,0.0,2.0
31178,0.0009243026527736574,0.19964937299910998,0.0,0.1,129.06327477586564,997.3260498369622,1.0,0.0,0.0,0.0,2.0
31179,0.0007548950046689681,0.16305732100849712,0.0,0.1,130.95791075231577,999.9390748208049,1.0,0.0,0.0,0.0,2.0
31180,0.0015322284422016699,0.33096134351556067,0.0,0.1,133.1808058942748,1003.2166856614932,1.0,0.0,0.0,0.0,2.0
31181,0.00044474530012760986,0.09606498482756373,1.0,0.1,134.86314445491774,1005.267641410439,1.0,0.0,0.0,0.0,2.0
31182,0.0017516350265977608,0.37835316574511635,0.0,0.1,134.77276902027202,1004.7770674690892,1.0,0.0,0.0,0.0,2.0
31183,0.00027664146356949003,0.05975455613100984,1.0,0.1,136.36702186626113,1005.8373035850869,1.0,0.0,0.0,0.0,2.0
31184,0.0006109967250346462,0.13197529260748359,0.0,0.1,132.2473162680085,1002.289143694665,1.0,0.0,0.0,0.0,2.0
31185,0.001400660008627746,0.3025425618635932,0.0,0.1,130.4046207581369,1000.9655232361217,1.0,0.0,0.0,0.0,2.0
31186,0.0003064792410943491,0.0661995160763794,1.0,0.1,133.5503720624669,1004.4462196557663,1.0,0.0,0.0,0.0,2.0
31187,0.0002838663600595975,0.061315133772873065,1.0,0.1,134.3452616144379,1005.415638878719,1.0,0.0,0.0,0.0,2.0
31188,0.0004880023969783058,0.10540851774731406,0.0,0.1,133.98439606872495,1005.5557421761583,1.0,0.0,0.0,0.0,2.0
31189,0.00047984407917665037,0.10364632110215648,0.0,0.1,135.73214216105703,1007.4569548453334,1.0,0.0,0.0,0.0,2.0
31190,0.00022651946791873336,0.04892820507044641,1.0,0.1,138.83566024974937,1010.488294845958,1.0,0.0,0.0,0.0,2.0
31191,0.00030562446051703423,0.0660148834716794,1.0,0.1,142.5647486852616,1014.0835241942175,1.0,0.0,0.0,0.0,2.0
31192,0.0004217129959931795,0.09109000713452678,1.0,0.1,146.21036048893333,1017.27879718672,1.0,0.0,0.0,0.0,2.0
31193,0.0010683084850178024,0.23075463276384536,0.0,0.1,150.20439915236972,1021.0251840567857,1.0,0.0,0.0,0.0,2.0
31194,0.0006959013281907307,0.15031468688919786,0.0,0.1,155.06930459107585,1026.1359246239865,1.0,0.0,0.0,0.0,2.0
31195,0.0001024700272161116,0.022133525878680105,1.0,0.1,156.63300625220592,1027.3367971681234,1.0,0.0,0.0,0.0,2.0
31196,0.000399048713845595,0.08619452219064852,1.0,0.1,155.12544044410598,1025.6451011798226,1.0,0.0,0.0,0.0,2.0
31197,0.001104853988099236,0.23864846142943494,0.0,0.1,155.0298276200108,1024.7229246836298,1.0,0.0,0.0,0.0,2.0
31198,4.7434761281240995e-05,0.010245908436748054,1.0,0.1,156.713959587811,1025.7107648293356,1.0,0.0,0.0,0.0,2.0
31199,0.00040583095369810626,0.08765948599879096,1.0,0.1,159.4319316005395,1027.9946322991996,1.0,0.0,0.0,0.0,2.0
31200,0.0011802900562928465,0.2549426521592549,0.0,0.1,158.75338480506076,1027.3043105105553,1.0,0.0,0.0,0.0,2.0
31201,0.0004850466147978761,0.10477006879634125,0.0,0.1,157.86649178054643,1025.9822976820305,1.0,0.0,0.0,0.0,2.0
31202,0.0006281644410171908,0.13568351925971323,0.0,0.1,159.64588619446045,1027.1021380144098,1.0,0.0,0.0,0.0,2.0
31203,0.00045674068706168665,0.09865598840532432,1.0,0.1,157.85753318792655,1025.047740980515,1.0,0.0,0.0,0.0,2.0
31204,0.0004253509259502985,0.09187580000526448,1.0,0.1,155.32630358124416,1022.3677042723464,1.0,0.0,0.0,0.0,2.0
31205,0.0002490324116781291,0.05379100092247588,1.0,0.1,153.86122820151868,1020.8835087369876,1.0,0.0,0.0,0.0,2.0
31206,7.003184464271067e-05,0.015126878442825504,1.0,0.1,152.35099630011055,1019.169332147552,1.0,0.0,0.0,0.0,2.0
31207,0.00021815983272683196,0.04712252386899571,1.0,0.1,149.93218774199707,1016.5680256930327,1.0,0.0,0.0,0.0,2.0
31208,0.0004137917552969273,0.0893790191441363,1.0,0.1,148.53158349195212,1014.713507457,1.0,0.0,0.0,0.0,2.0
31209,0.00036949397358943355,0.07981069829531766,1.0,0.1,147.52569386418227,1013.7839071253218,1.0,0.0,0.0,0.0,2.0
31210,0.0002348599438331452,0.05072974786795936,1.0,0.1,145.45936027265716,1011.1507251741432,1.0,0.0,0.0,0.0,2.0
31211,0.00042921454620861884,0.09271034198106166,1.0,0.1,142.26124710093242,1006.9697299305157,1.0,0.0,0.0,0.0,2.0
31212,0.001966240672412246,0.42470798524104514,0.0,0.1,138.48574080095872,1002.8857722521493,1.0,0.0,0.0,0.0,2.0
31213,0.0006667577967281796,0.14401968409328678,0.0,0.1,127.52729293917635,990.3224692994355,1.0,0.0,0.0,0.0,2.0
31214,0.0010610820121899431,0.22919371463302776,0.0,0.1,122.1992627562101,984.3049402901754,1.0,0.0,0.0,0.0,2.0
31215,0.0011041276519884197,0.2384915728294987,0.0,0.1,114.63446937838822,974.5436406871044,1.0,0.0,0.0,0.0,2.0
31216,0.001734198849676276,0.3745869515300756,0.0,0.1,111.80898298904746,968.9354982041691,1.0,0.0,0.0,0.0,2.0
31217,0.0002000363828866037,0.0432078587035064,1.0,0.1,106.38271993130692,962.267406559217,1.0,0.0,0.0,0.0,2.0
31218,,,,0.1,105.0500853225597,960.7228386657462,1.0,0.0,0.0,0.0,2.0
31219,,,,0.1,105.07785491286455,961.0610798492438,,,0.0,0.0,2.0
31220,0.000602502341731555,0.13014050581401587,0.0,0.1,103.97334051453439,960.3614968216502,1.0,0.0,0.0,0.0,2.0
31221,0.00030135251032233475,0.0650921422296243,1.0,0.1,103.78242925245954,959.5474584182367,1.0,0.0,0.0,0.0,2.0
31222,0.0003534819598238125,0.0763521033219435,1.0,0.1,102.68032244582356,959.1687464781817,1.0,0.0,0.0,0.0,2.0
31223,0.0014215913535152848,0.3070637323593015,0.0,0.1,102.21835216624761,959.1567970171244,1.0,0.0,0.0,0.0,2.0
31224,0.0003980590228765675,0.08598074894133857,1.0,0.1,103.65736917060674,960.5822586201897,1.0,0.0,0.0,0.0,2.0
31225,,,,0.1,102.61702183171707,959.9012211381934,1.0,0.0,0.0,0.0,2.0
31226,,,,0.1,100.52824551602372,957.6291262888722,,,0.0,0.0,2.0
31227,0.0007986003736387002,0.17249768070595925,0.0,0.1,99.63109036964167,956.6318462445554,1.0,0.0,0.0,0.0,2.0
31228,0.00048043059133546514,0.10377300772846047,0.0,0.1,98.96979393158534,955.0850227452069,1.0,0.0,0.0,0.0,2.0
31229,0.0015030454135161926,0.3246578093194976,0.0,0.1,98.14887693353161,953.8193263113251,1.0,0.0,0.0,0.0,2.0
31230,0.00020321457741544004,0.04389434872173505,1.0,0.1,98.92731223685007,953.3383345609757,1.0,0.0,0.0,0.0,2.0
31231,0.0004031878901850365,0.08708858427996789,1.0,0.1,98.86334193187606,952.2966842100107,1.0,0.0,0.0,0.0,2.0
31232,0.00029346962069492724,0.06338943807010429,1.0,0.1,99.401457873138,951.7493625306255,1.0,0.0,0.0,0.0,2.0
31233,0.0004831991683577337,0.10437102036527048,0.0,0.1,99.61907938873156,951.4446750961383,1.0,0.0,0.0,0.0,2.0
31234,0.0010100659907095078,0.2181742539932537,0.0,0.1,98.8776208310977,950.540278249371,1.0,0.0,0.0,0.0,2.0
31235,0.0010253979429488147,0.22148595567694396,0.0,0.1,98.8958686905315,949.6533005722314,1.0,0.0,0.0,0.0,2.0
31236,,,,0.1,99.66330038848167,950.0322584101885,1.0,0.0,0.0,0.0,2.0
31237,,,,0.1,100.79544227024542,949.9515976913565,,,0.0,0.0,2.0
31238,0.0009270637858980379,0.2002457777539762,0.0,0.1,99.04115534773325,946.2959601468863,1.0,0.0,0.0,0.0,2.0
31239,0.0004283433087440805,0.0925221546887214,1.0,0.1,98.97667849916165,945.3181143542905,1.0,0.0,0.0,0.0,2.0
31240,0.00019868047350335658,0.04291498227672502,1.0,0.1,97.45725110570216,942.664633451564,1.0,0.0,0.0,0.0,2.0
31241,,,,0.1,94.26113933461664,938.9749946586109,1.0,0.0,0.0,0.0,2.0
31242,,,,0.1,86.72723123492585,928.2272133258887,,,0.0,0.0,2.0
31243,,,,0.1,78.6022061781902,916.2676344866424,,,0.0,0.0,2.0
31244,0.00063025899868993,0.1361359437170249,0.0,0.1,71.29587386656496,902.5508741936396,1.0,0.0,0.0,0.0,2.0
31245,0.0003215198064133566,0.06944827818528503,1.0,0.1,71.95685986580818,897.40955154614,1.0,0.0,0.0,0.0,2.0
31246,0.0007236012090473312,0.15629786115422356,0.0,0.1,67.26345734515104,881.6958682761605,1.0,0.0,1.0,0.0,2.0
31247,0.0012258415325817073,0.2647817710376488,0.0,0.1,67.09909513143488,865.1097298566616,1.0,0.0,1.0,0.0,2.0
31248,0.0007126777358276531,0.1539383909387731,0.0,0.1,71.62747720819414,852.1785942546315,1.0,0.0,0.0,0.0,2.0
31249,0.0004385025455338836,0.09471654983531885,1.0,0.1,72.88646756696278,843.7358264015069,1.0,0.0,0.0,0.0,2.0
31250,0.0016177076858487289,0.34942486014332547,0.0,0.1,73.25177502210636,840.7705304152065,1.0,0.0,0.0,0.0,2.0
31251,0.0017816314022809747,0.38483238289269056,0.0,0.1,80.76642187481488,829.6959435903826,1.0,0.0,0.0,0.0,2.0
31252,0.00037281292973336347,0.08052759282240651,1.0,0.1,86.1588949690849,820.9772121087391,1.0,0.0,0.0,0.0,2.0
31253,0.0006459471671207075,0.13952458809807283,0.0,0.1,90.76811170145163,814.8219995200226,1.0,0.0,0.0,0.0,2.0
31254,0.00014005670900152435,0.03025224914432926,1.0,0.1,93.49348380400721,810.4334571199659,1.0,0.0,0.0,0.0,2.0
31255,0.0003198208943494407,0.06908131317947919,1.0,0.1,98.71467065377091,801.862508053958,1.0,0.0,0.0,0.0,2.0
31256,0.0018546913233942796,0.4006133258531644,0.0,0.1,101.87167608398259,794.2125518692155,1.0,0.0,0.0,0.0,2.0
31257,0.0005520632131339158,0.11924565403692582,0.0,0.1,104.27979468035537,789.62988931653,1.0,0.0,0.0,0.0,2.0
31258,0.0005625713133637331,0.12151540368656634,0.0,0.1,106.44035624952122,784.8800272314901,1.0,0.0,0.0,0.0,2.0
31259,0.001757648621249591,0.37965210218991163,0.0,0.1,106.46845792312408,782.5916057663713,1.0,0.0,0.0,0.0,2.0
31260,0.0019314587246033609,0.41719508451432596,0.0,0.1,103.57918907129103,781.6661383840707,1.0,0.0,0.0,0.0,2.0
31261,0.0014090074876889143,0.3043456173408055,0.0,0.1,105.169486207662,777.936793350171,1.0,0.0,0.0,0.0,2.0
31262,0.0008052876227496344,0.17394212651392105,0.0,0.1,105.1945630837273,776.3373455665953,1.0,0.0,0.0,0.0,2.0
31263,0.002539539983918686,0.5485406365264363,0.0,0.1,105.08891803979044,775.3480342295311,1.0,0.0,0.0,0.0,2.0
31264,0.0002791075055080187,0.06028722118973204,1.0,0.1,110.93271025707438,768.1382794619456,1.0,0.0,0.0,0.0,2.0
31265,,,,0.1,121.23528029943559,758.4890107673392,1.0,0.0,0.0,0.0,2.0
31266,,,,0.1,128.35357467424146,751.1053329243158,,,0.0,0.0,2.0
31267,,,,0.1,133.8209247417682,746.2424086234362,,,0.0,0.0,2.0
31268,0.00038410381593697386,0.08296642424238636,1.0,0.1,137.8189483444997,743.0592486180308,1.0,0.0,0.0,0.0,2.0
31269,,,,0.1,144.41317023702516,738.0514001049297,1.0,0.0,0.0,0.0,2.0
31270,,,,0.1,153.24484031358918,731.2061406344678,,,0.0,0.0,2.0
31271,,,,0.1,163.60675817836562,722.1825714376996,,,0.0,0.0,2.0
31272,0.0015073070434577542,0.3255783213868749,0.0,0.1,165.12774277780886,720.4902277162415,1.0,0.0,0.0,0.0,2.0
31273,0.0008075142078865817,0.17442306890350165,0.0,0.1,170.7719693679563,714.3283747582549,1.0,0.0,0.0,0.0,2.0
31274,0.0017843757384048572,0.3854251594954492,0.0,0.1,174.91699807795558,709.9762371691337,1.0,0.0,0.0,0.0,2.0
31275,0.0004515378622305349,0.09753217824179554,1.0,0.1,180.43972866362273,702.5351869741073,1.0,0.0,0.0,0.0,2.0
31276,0.00011162660553235771,0.024111346794989268,1.0,0.1,187.21227377764976,693.6462785966133,1.0,0.0,0.0,0.0,2.0
31277,0.0023538731445519306,0.508436599223217,0.0,0.1,190.55526977323183,689.6648705064679,1.0,0.0,0.0,0.0,2.0
31278,0.0021157704444431844,0.4570064159997278,0.0,0.1,196.4513667447573,682.2463697320294,1.0,0.0,0.0,0.0,2.0
31279,0.0027385023293991645,0.5915165031502195,0.0,0.1,203.1412417537266,674.9620797366351,1.0,0.0,0.0,0.0,2.0
31280,0.0008850631709550495,0.19117364492629071,0.0,0.1,209.5272455299321,667.7484135261002,1.0,0.0,0.0,0.0,2.0
31281,0.002825693115825896,0.6103497130183936,0.0,0.1,213.52413133921135,663.479574296756,1.0,0.0,0.0,0.0,2.0
31282,0.002221980941322973,0.4799478833257621,0.0,0.1,219.3551176575042,656.4353063069343,1.0,0.0,0.0,0.0,2.0
31283,0.0026865228894617193,0.5802889441237314,0.0,0.1,228.98517807600382,646.204751186054,1.0,0.0,0.0,0.0,2.0
31284,0.003905291084528942,0.8435428742582515,0.0,0.1,235.4910879536026,639.3482131896645,1.0,0.0,0.0,0.0,2.0
31285,0.0005285050565673804,0.11415709221855416,0.0,0.1,239.38145783711863,635.370577616375,1.0,0.0,0.0,0.0,2.0
31286,0.0020103678290866443,0.43423945108271517,0.0,0.1,241.06682761368305,633.657359241242,1.0,0.0,0.0,0.0,2.0
31287,0.00205152464379703,0.4431293230601585,0.0,0.1,247.089847631713,627.6544010122121,1.0,0.0,0.0,0.0,2.0
31288,0.001846536365566069,0.3988518549622709,0.0,0.1,254.14667788948972,620.039374667647,1.0,0.0,0.0,0.0,2.0
31289,0.001866784007756813,0.40322534567547164,0.0,0.1,259.918077790737,613.8913865471154,1.0,0.0,0.0,0.0,2.0
31290,0.002297431203373437,0.49624513992866237,0.0,0.1,263.5862859542646,610.0836941646614,1.0,0.0,0.0,0.0,2.0
31291,0.002839320941166113,0.6132933232918805,0.0,0.1,272.8958775869929,600.7650309808428,1.0,0.0,0.0,0.0,2.0
31292,0.0039356360742938985,0.8500973920474821,0.0,0.1,281.46840506139614,592.5308226643153,1.0,0.0,0.0,0.0,2.0
31293,,,,0.1,294.076017459445,580.5849754648175,1.0,0.0,0.0,0.0,2.0
31294,,,,0.1,305.27974543846597,571.1094369475014,,,0.0,0.0,2.0
31295,,,,0.1,311.5864678952768,565.7208095165529,,,0.0,0.0,2.0
31296,,,,0.1,320.8986211379066,559.8201110548936,,,0.0,0.0,2.0
31297,,,,0.1,332.21022880451716,551.8223816225154,,,0.0,0.0,2.0
31298,,,,0.1,339.5635194024856,546.6919937810184,,,0.0,0.0,2.0
31299,,,,0.1,344.34654293491786,543.0010187136432,,,0.0,0.0,2.0
31300,,,,0.1,352.14011601493877,540.0529037822663,,,0.0,0.0,2.0
31301,,,,0.1,364.4113326854608,533.0687223709582,,,0.0,0.0,2.0
31302,,,,0.1,375.4026314930884,526.3110200766079,,,0.0,0.0,2.0
31303,0.0030564535773170377,0.6601939727004802,0.0,0.1,385.0435738743478,521.0469646790849,1.0,0.0,0.0,0.0,2.0
31304,0.004221631517944574,0.911872407876028,0.0,0.1,388.1822095715922,520.1898986569385,1.0,0.0,0.0,0.0,2.0
31305,0.003890998574156792,0.8404556920178671,0.0,0.1,396.4460347687718,516.376345790996,1.0,0.0,0.0,0.0,2.0
31306,,,,0.1,408.0569941045689,512.2900231831065,1.0,0.0,0.0,0.0,2.0
31307,,,,0.1,421.5554244060753,506.20913745659584,,,0.0,0.0,2.0
31308,0.0028720380292158163,0.6203602143106163,0.0,0.1,427.9052813638214,503.4803115791156,1.0,0.0,0.0,0.0,2.0
31309,,,,0.1,438.0965284756467,498.51740837263907,1.0,0.0,0.0,0.0,2.0
31310,,,,0.1,446.9254239976427,493.40707584682684,,,0.0,0.0,2.0
31311,,,,0.1,461.0809681261608,482.8297479701562,1.0,0.0,0.0,0.0,2.0
31312,,,,0.1,474.8006538303883,472.57135599052646,,,0.0,0.0,2.0
31313,,,,0.1,481.7168353948468,465.4714558219448,,,0.0,0.0,2.0
31314,0.004012694456530203,0.8667420026105239,0.0,0.1,494.2727691119434,453.3619510915331,1.0,0.0,0.0,0.0,2.0
31315,0.006186228966779311,1.3362254568243312,0.0,0.1,505.2571327351719,445.7830318409007,1.0,0.0,0.0,0.0,2.0
31316,,,,0.1,516.6466304299108,441.8821687287367,1.0,0.0,0.0,0.0,2.0
31317,,,,0.1,522.6187060509823,439.39584426073696,,,0.0,0.0,2.0
31318,,,,0.1,533.6218850973545,438.9899271051969,,,0.0,0.0,2.0
31319,,,,0.1,544.758806776542,437.4804157189947,,,0.0,0.0,2.0
31320,,,,0.1,553.7771412465755,439.11717651480245,,,0.0,0.0,2.0
31321,,,,0.1,559.636565775129,441.7818066170111,,,0.0,0.0,2.0
31322,,,,0.1,561.9370262010171,442.7564934097604,,,0.0,0.0,2.0
31323,,,,0.1,568.0012189018494,445.98990521684465,,,0.0,0.0,2.0
31324,,,,0.1,574.6932599776527,449.64338681868463,1.0,0.0,0.0,0.0,2.0
31325,,,,0.1,579.4849267965562,453.2282733623935,,,0.0,0.0,2.0
31326,,,,0.1,581.7873328602947,455.38676799328016,,,0.0,0.0,2.0
31327,,,,0.1,584.269422655848,460.7698255219479,,,0.0,0.0,2.0
31328,,,,0.1,591.3452433122028,465.33627759318927,1.0,0.0,0.0,0.0,2.0
31329,,,,0.1,601.1418107419112,467.63887834827,,,0.0,0.0,2.0
31330,,,,0.1,613.9568475349241,468.7577395163445,,,0.0,0.0,2.0
31331,,,,0.1,617.4110364177071,468.84656637426616,,,0.0,0.0,2.0
31332,,,,0.1,624.0766057376001,470.839907837242,,,0.0,0.0,2.0
31333,0.0031981033091283847,0.6907903147717311,0.0,0.1,632.528609329083,472.110286423092,1.0,0.0,0.0,0.0,2.0
31334,,,,0.1,642.8116177344793,471.89553303269423,1.0,0.0,0.0,0.0,2.0
31335,,,,0.1,647.3171217849646,474.9613747336446,,,0.0,0.0,2.0
31336,0.0030967304149354218,0.6688937696260511,0.0,0.1,656.3439682844979,474.29754522997996,1.0,0.0,0.0,0.0,2.0
31337,0.002688144254205821,0.5806391589084573,0.0,0.1,664.0385433485934,474.7647795800891,0.0,1.0,0.0,0.0,2.0
31338,0.0012550124198618573,0.27108268269016117,0.0,0.1,671.6355640921898,474.86396437759663,0.0,1.0,0.0,0.0,2.0
31339,0.001405438318518853,0.3035746768000723,0.0,0.1,680.0920703883812,466.55159648082594,0.0,1.0,0.0,0.0,2.0
31340,,,,0.1,684.2430706591684,463.9965844132254,0.0,1.0,0.0,0.0,2.0
31341,,,,0.1,695.4939332369912,461.4266313554148,,,0.0,0.0,2.0
31342,,,,0.1,701.189728548229,459.37877271436605,,,0.0,0.0,2.0
31343,4.2192555262130815e-05,0.009113591936620256,1.0,0.1,703.8936026556307,452.19319824309,0.0,1.0,0.0,0.0,2.0
31344,0.0015403423809873334,0.33271395429326406,0.0,0.1,705.166429544348,450.05988190840355,0.0,1.0,0.0,0.0,2.0
31345,0.0020408193764360344,0.44081698531018343,0.0,0.1,710.2068587721437,440.80485694935413,0.0,1.0,0.0,0.0,2.0
31346,0.002207349756953808,0.47678754750202257,0.0,0.1,717.5230165607139,433.4952878149541,0.0,1.0,0.0,0.0,2.0
31347,0.002681422396492198,0.5791872376423148,0.0,0.1,725.0355528056135,433.6898447075373,0.0,1.0,0.0,0.0,2.0
31348,0.0017257985928498935,0.372772496055577,0.0,0.1,735.2593594018391,428.34511212328704,0.0,1.0,0.0,0.0,2.0
31349,0.0005009984501832211,0.10821566523957576,0.0,0.1,739.0467130373784,423.7716754718474,0.0,1.0,0.0,0.0,2.0
31350,0.002963448878906464,0.6401049578437963,0.0,0.1,746.9832274478151,410.4227711074231,0.0,1.0,0.0,0.0,2.0
31351,0.0036093091864201825,0.7796107842667594,0.0,0.1,757.5203055345312,402.80500160005295,0.0,1.0,0.0,0.0,2.0
31352,0.0010700233319790573,0.23112503970747636,0.0,0.1,765.612836734933,398.621709016136,0.0,1.0,0.0,0.0,2.0
31353,0.0017981464691096077,0.38839963732767524,0.0,0.1,770.1961514189744,396.5720969069602,0.0,1.0,0.0,0.0,2.0
31354,0.002892254901811933,0.6247270587913776,0.0,0.1,777.3934737716507,393.1504139703371,0.0,1.0,0.0,0.0,2.0
31355,0.003274924592800618,0.7073837120449334,0.0,0.1,,,0.0,1.0,,,2.0
31356,0.0024862144065838612,0.537022311822114,0.0,0.1,794.0491786389307,384.02949481954215,0.0,1.0,0.0,0.0,2.0
31357,0.0014779133910250342,0.3192292924614074,0.0,0.1,800.9468695424273,379.20716907088524,0.0,1.0,0.0,0.0,2.0
31358,0.0033833446860346383,0.7308024521834819,0.0,0.1,804.6668060126117,378.1959457508835,0.0,1.0,0.0,0.0,2.0
31359,0.0032911912501432028,0.7108973100309318,0.0,0.1,812.9533080539143,376.207338704853,0.0,1.0,0.0,0.0,2.0
31360,0.0023126341619347504,0.4995289789779061,0.0,0.1,822.9227474076995,374.79716359536604,0.0,1.0,0.0,0.0,2.0
31361,0.0018265151151483953,0.3945272648720534,0.0,0.1,830.4115352207904,374.05149172047226,0.0,1.0,0.0,0.0,2.0
31362,0.002013561727212077,0.4349293330778087,0.0,0.1,832.0861739716645,370.7833354340922,0.0,1.0,0.0,0.0,2.0
31363,0.0004956334224081134,0.10705681924015249,0.0,0.1,836.0730526990368,368.510704876892,0.0,1.0,0.0,0.0,2.0
31364,0.0016092882117213247,0.34760625373180615,0.0,0.1,840.3384348636529,368.09786940018097,0.0,1.0,0.0,0.0,2.0
31365,0.0009209596583664613,0.19892728620715566,0.0,0.1,844.9822914173293,368.67699317116256,0.0,1.0,0.0,0.0,2.0
31366,0.001464673725687817,0.31636952474856844,0.0,0.1,850.9399072273695,370.5471411821134,0.0,1.0,0.0,0.0,2.0
31367,0.0022176812447677777,0.47901914886984004,0.0,0.1,854.0048093594138,369.91150948574955,0.0,1.0,0.0,0.0,2.0
31368,0.0020190508379658877,0.43611498100063173,0.0,0.1,861.8351860619733,372.85535888353735,0.0,1.0,0.0,0.0,2.0
31369,0.0015547825536025702,0.3358330315781552,0.0,0.1,865.4590423253925,371.806826111625,0.0,1.0,0.0,0.0,2.0
31370,0.0005435849236277679,0.11741434350359786,0.0,0.1,867.7982311099955,369.7923458791683,0.0,1.0,0.0,0.0,2.0
31371,0.0008595146738884707,0.18565516955990966,0.0,0.1,869.4580715606103,369.8240230799123,0.0,1.0,0.0,0.0,2.0
31372,0.0004420229962656043,0.09547696719337052,1.0,0.1,872.7253339764108,370.30689514138163,0.0,1.0,0.0,0.0,2.0
31373,0.0007882674603760171,0.17026577144121968,0.0,0.1,876.9387890314899,373.8125998380805,0.0,1.0,0.0,0.0,2.0
31374,0.0013820251239921864,0.29851742678231225,0.0,0.1,883.955454743229,374.747269219871,0.0,1.0,0.0,0.0,2.0
31375,0.0006688911682959254,0.1444804923519199,0.0,0.1,889.0315221511271,374.02426601324623,0.0,1.0,0.0,0.0,2.0
31376,0.002026800738770813,0.43778895957449554,0.0,0.1,891.2810518156584,375.28422677425783,0.0,1.0,0.0,0.0,2.0
31377,0.001959612667914108,0.42327633626944733,0.0,0.1,900.4194112700033,376.0405037894743,0.0,1.0,0.0,0.0,2.0
31378,0.0026916703275763685,0.5814007907564956,0.0,0.1,908.7833666724824,378.37438979842403,0.0,1.0,0.0,0.0,2.0
31379,0.001237617035957568,0.26732527976683473,0.0,0.1,917.1194919411373,382.83862957596494,0.0,1.0,0.0,0.0,2.0
31380,0.0024750628625143695,0.5346135783031037,0.0,0.1,922.0433572459178,385.117504184843,0.0,1.0,0.0,0.0,2.0
31381,0.0028376605695669514,0.6129346830264615,0.0,0.1,926.5582127438811,386.13635795924523,0.0,1.0,0.0,0.0,2.0
31382,0.001593248376642681,0.3441416493548191,0.0,0.1,930.2050972273768,386.4305322700446,0.0,1.0,0.0,0.0,2.0
31383,0.0015302466282692516,0.33053327170615837,0.0,0.1,932.63092725959,386.52872591772154,0.0,1.0,0.0,0.0,2.0
31384,0.0005647886021440097,0.12199433806310608,0.0,0.1,933.476142711707,384.2380222911483,0.0,1.0,0.0,0.0,2.0
31385,0.0005191247285913444,0.11213094137573039,0.0,0.1,932.1630160098645,384.3596070309236,0.0,1.0,0.0,0.0,2.0
31386,0.0024224853122355827,0.5232568274428859,0.0,0.1,931.3265574914808,384.8439498498403,0.0,1.0,0.0,0.0,2.0
31387,0.001587009437830841,0.3427940385714616,0.0,0.1,925.9246701519577,386.9553922882379,0.0,1.0,0.0,0.0,2.0
31388,0.0014438718108424212,0.311876311141963,0.0,0.1,917.1184286733303,395.1209603786794,0.0,1.0,0.0,0.0,2.0
31389,0.0014409127721544779,0.31123715878536723,0.0,0.1,911.3490781042703,397.7874722317595,0.0,1.0,0.0,0.0,2.0
31390,0.0006820003663808864,0.1473120791382715,0.0,0.1,901.271396356129,405.1203745463831,0.0,1.0,0.0,0.0,2.0
31391,0.0017402004229891332,0.3758832913656528,0.0,0.1,893.0345612592988,409.44635189026974,0.0,1.0,0.0,0.0,2.0
31392,0.0019795117553788144,0.4275745391618239,0.0,0.1,883.3754651129362,415.1058848322051,0.0,1.0,0.0,0.0,2.0
31393,0.00033999660104065666,0.07343926582478184,1.0,0.1,873.0990154905471,421.30364663653125,0.0,1.0,0.0,0.0,2.0
31394,0.0013384683916127962,0.289109172588364,0.0,0.1,869.2842959358945,423.3699684765036,0.0,1.0,0.0,0.0,2.0
31395,0.0013870158984459575,0.2995954340643268,0.0,0.1,864.3993674937872,435.81910181950116,0.0,1.0,0.0,0.0,2.0
31396,0.0014650798401853024,0.31645724548002535,0.0,0.1,859.6480784360825,438.1390581017812,0.0,1.0,0.0,0.0,2.0
31397,0.0007093697488189627,0.15322386574489594,0.0,0.1,856.0999105631929,441.1378728706931,0.0,1.0,0.0,0.0,2.0
31398,0.0013094075983429597,0.2828320412420793,0.0,0.1,851.7766073215851,443.5915135321727,0.0,1.0,0.0,0.0,2.0
31399,0.0007604624703233553,0.16425989358984475,0.0,0.1,850.5618831888578,447.1522904128379,0.0,1.0,0.0,0.0,2.0
31400,0.0034477164332123757,0.7447067495738732,0.0,0.1,855.5708553568917,453.3660441859332,0.0,1.0,0.0,0.0,2.0
31401,0.0009608067676699552,0.20753426181671034,0.0,0.1,857.7733381598352,458.4751859701171,0.0,1.0,0.0,0.0,2.0
31402,0.0007879957442816442,0.17020708076483515,0.0,0.1,859.3623707608097,462.4116990733926,0.0,1.0,0.0,0.0,2.0
31403,0.0004898198947757122,0.10580109727155385,0.0,0.1,860.4233168436697,463.1607232856857,0.0,1.0,0.0,0.0,2.0
31404,0.000702642243345892,0.15177072456271268,0.0,0.1,864.1504330404997,466.753368587846,0.0,1.0,0.0,0.0,2.0
31405,0.0008150068175418891,0.17604147258904806,0.0,0.1,864.832026597809,466.9004703887495,0.0,1.0,0.0,0.0,2.0
31406,0.0007525183468129646,0.16254396291160036,0.0,0.1,866.1070863509069,467.6431553156535,0.0,1.0,0.0,0.0,2.0
31407,0.00024672686748397523,0.05329300337653865,1.0,0.1,866.246573999215,468.52332591790116,0.0,1.0,0.0,0.0,2.0
31408,0.0001523526580650093,0.03290817414204201,1.0,0.1,865.0282098383861,469.051360531569,0.0,1.0,0.0,0.0,2.0
31409,0.00046289350333962847,0.09998499672135976,1.0,0.1,865.2596015172894,471.48884194937733,0.0,1.0,0.0,0.0,2.0
31410,0.00034112911221686516,0.07368388823884288,1.0,0.1,861.0262207611271,472.23951504290267,0.0,1.0,0.0,0.0,2.0
31411,0.00031402340863391346,0.06782905626492532,1.0,0.1,860.7751351188928,474.2834327454594,0.0,1.0,0.0,0.0,2.0
31412,0.00026501026757076566,0.057242217795285384,1.0,0.1,860.6098169132853,475.1686305313739,0.0,1.0,0.0,0.0,2.0
31413,0.00019071179738845893,0.04119374823590713,1.0,0.1,858.7604663531665,477.126061674944,0.0,1.0,0.0,0.0,2.0
31414,0.00010681182268109503,0.023071353699116528,1.0,0.1,854.9013359396736,476.8034120972297,0.0,1.0,0.0,0.0,2.0
31415,0.00010350580918691209,0.02235725478437301,1.0,0.1,845.3238676840818,475.588782496616,0.0,1.0,0.0,0.0,2.0
31416,0.0008903997718526056,0.19232635072016283,0.0,0.1,842.2070599340199,476.0112108394568,0.0,1.0,0.0,0.0,2.0
31417,0.0006686716854004171,0.14443308404649008,0.0,0.1,834.3259972652593,481.0954219846711,0.0,1.0,0.0,0.0,2.0
31418,0.0003335408182771988,0.07204481674787494,1.0,0.1,833.6418282506874,483.74321096585913,0.0,1.0,0.0,0.0,2.0
31419,0.0001802117664445789,0.03892574155202904,1.0,0.1,829.3704089878262,485.6036648467248,0.0,1.0,0.0,0.0,2.0
31420,0.0008909417699892508,0.19244342231767816,0.0,0.1,,,0.0,1.0,,,2.0
31421,0.000765510118782616,0.16535018565704504,0.0,0.1,825.246123244058,493.1753337226446,0.0,1.0,0.0,0.0,2.0
31422,0.001223424362658924,0.26425966233432757,0.0,0.1,,,0.0,1.0,,,2.0
31423,0.0005315233354210877,0.11480904045095496,0.0,0.1,,,0.0,1.0,,,2.0
31424,0.00015498617190173855,0.03347701313077553,1.0,0.1,,,0.0,1.0,,,2.0
31425,9.292003684443286e-05,0.020070727958397497,1.0,0.1,,,0.0,1.0,,,2.0
31426,0.00043700206060946935,0.09439244509164538,1.0,0.1,,,0.0,1.0,,,2.0
31427,0.0008413267363271355,0.18172657504666126,0.0,0.1,,,0.0,1.0,,,2.0
31428,0.00040265021495327925,0.08697244642990833,1.0,0.1,,,0.0,1.0,,,2.0
31429,0.0003724332238741135,0.08044557635680852,1.0,0.1,810.3798234346796,494.11672242950544,0.0,1.0,0.0,0.0,2.0
31430,0.00016196088279625778,0.034983550683991685,1.0,0.1,,,0.0,1.0,,,2.0
31431,,,,0.1,,,0.0,1.0,,,2.0
31432,,,,0.1,,,,,,,2.0
31433,,,,0.1,800.5693282190715,486.33935117713463,,,0.0,0.0,2.0
31434,,,,0.1,800.467292715359,482.74372300099907,,,0.0,0.0,2.0
31435,,,,0.1,,,,,,,2.0
31436,,,,0.1,803.4233030478737,465.18903019318566,,,0.0,0.0,2.0
31437,,,,0.1,800.8953858302037,463.3623243290344,,,0.0,0.0,2.0
31438,,,,0.1,803.3248229278835,463.199486003717,,,0.0,0.0,2.0
31439,,,,0.1,804.3991426622268,464.68268158590024,,,0.0,0.0,2.0
31440,,,,0.1,,,,,,,2.0
31441,,,,0.1,,,,,,,2.0
31442,,,,0.1,823.53587539145,473.06696748038746,,,0.0,0.0,2.0
31443,0.0007364357416719912,0.1590701202011501,0.0,0.1,832.2419396659662,473.52795036658347,0.0,1.0,0.0,0.0,2.0
31444,0.001046111539250052,0.2259600924780112,0.0,0.1,840.6109744925831,472.8405418124588,0.0,1.0,0.0,0.0,2.0
31445,0.001160842968185066,0.25074208112797425,0.0,0.1,855.2333466711598,472.72699577302814,0.0,1.0,0.0,0.0,2.0
31446,0.0008109066668881339,0.17515584004783694,0.0,0.1,863.6146460380311,476.02629026488967,0.0,1.0,0.0,0.0,2.0
31447,0.0006241970523951464,0.13482656331735163,0.0,0.1,871.0643002663481,480.5061810589625,0.0,1.0,0.0,0.0,2.0
31448,0.0008015171953922077,0.17312771420471687,0.0,0.1,875.1756449156704,479.22005005036465,0.0,1.0,0.0,0.0,2.0
31449,0.0007464721469520482,0.16123798374164242,0.0,0.1,881.4222322558027,483.6246273039405,0.0,1.0,0.0,0.0,2.0
31450,0.0006597210780485048,0.14249975285847702,0.0,0.1,883.9335731033556,485.59378561865503,0.0,1.0,0.0,0.0,2.0
31451,7.926694235820874e-05,0.01712165954937309,1.0,0.1,886.3756264344432,486.4690862388667,0.0,1.0,0.0,0.0,2.0
31452,0.00035675804562470236,0.07705973785493571,1.0,0.1,887.6158086093104,487.0009324540975,0.0,1.0,0.0,0.0,2.0
31453,0.0015933410756834307,0.3441616723476211,0.0,0.1,887.6018429136991,488.5764411204627,0.0,1.0,0.0,0.0,2.0
31454,0.0005200298498868763,0.1123264475755653,0.0,0.1,890.2637887440991,487.9077186971197,0.0,1.0,0.0,0.0,2.0
31455,0.00011284957227206923,0.024375507610766952,1.0,0.1,891.1034512647874,490.5570775715779,0.0,1.0,0.0,0.0,2.0
31456,0.0004610397242210347,0.0995845804317435,1.0,0.1,888.0865784336447,491.6027432093614,0.0,1.0,0.0,0.0,2.0
31457,0.00039448511997187236,0.08520878591392443,1.0,0.1,888.806996142127,491.2884295077734,0.0,1.0,0.0,0.0,2.0
31458,0.0007961538978475027,0.1719692419350606,0.0,0.1,886.3072043659763,492.3521146672266,0.0,1.0,0.0,0.0,2.0
31459,0.0007713587710819283,0.1666134945536965,0.0,0.1,885.1931658343033,491.7491650899757,0.0,1.0,0.0,0.0,2.0
31460,0.00010430079413207549,0.022528971532528305,1.0,0.1,887.7570588633396,491.0609286828209,0.0,1.0,0.0,0.0,2.0
31461,0.00042114815475571756,0.09096800142723499,1.0,0.1,887.3921946104387,490.9590853834258,0.0,1.0,0.0,0.0,2.0
31462,0.0010698954907730654,0.23109742600698213,0.0,0.1,889.8704020615197,491.92590732713626,0.0,1.0,0.0,0.0,2.0
31463,0.0019290825357140917,0.4166818277142438,0.0,0.1,,,0.0,1.0,,,2.0
31464,0.00046506884687957044,0.10045487092598722,0.0,0.1,889.5446658614198,488.2186117323928,0.0,1.0,0.0,0.0,2.0
31465,0.0007762646221279676,0.167673158379641,0.0,0.1,889.0292382621582,487.48425937644754,0.0,1.0,0.0,0.0,2.0
31466,0.0009318254330838292,0.2012742935461071,0.0,0.1,892.2437133067673,487.0602867313503,0.0,1.0,0.0,0.0,2.0
31467,0.000872219073872997,0.18839931995656736,0.0,0.1,897.0141247680058,487.10136802942225,0.0,1.0,0.0,0.0,2.0
31468,0.001392821358415779,0.3008494134178083,0.0,0.1,900.4581922475186,486.4416754795201,0.0,1.0,0.0,0.0,2.0
31469,0.00039660650945073564,0.08566700604135889,1.0,0.1,907.4333362684425,486.44535453791684,0.0,1.0,0.0,0.0,2.0
31470,0.0015867480910851846,0.3427375876743999,0.0,0.1,909.4850854838544,485.32729592603965,0.0,1.0,0.0,0.0,2.0
31471,0.00019419654117563016,0.041946452893936115,1.0,0.1,911.3255751474736,483.45456919096165,0.0,1.0,0.0,0.0,2.0
31472,,,,0.1,914.5042670740523,480.65306272546877,0.0,1.0,0.0,0.0,2.0
31473,,,,0.1,910.157396380028,473.2012690453136,,,0.0,0.0,2.0
31474,,,,0.1,910.4268659483159,462.4177514990784,,,0.0,0.0,2.0
31475,,,,0.1,910.711915538421,457.8010172843243,,,0.0,0.0,2.0
31476,,,,0.1,913.3630688772737,456.2563336499451,,,0.0,0.0,2.0
31477,,,,0.1,914.0943945675618,459.09328493733324,,,0.0,0.0,2.0
31478,,,,0.1,913.0980590003754,457.764923471698,,,0.0,0.0,2.0
31479,,,,0.1,912.5090245681162,456.45748176005094,,,0.0,0.0,2.0
31480,,,,0.1,915.4354921784192,450.6811219802681,,,0.0,0.0,2.0
31481,,,,0.1,920.4322018620315,444.7372581506092,,,0.0,0.0,2.0
31482,,,,0.1,,,,,,,2.0
31483,,,,0.1,,,,,,,2.0
31484,,,,0.1,,,,,,,2.0
31485,,,,0.1,,,,,,,2.0
31486,,,,0.1,925.4131234066429,401.5746992821952,,,0.0,0.0,2.0
31487,,,,0.1,924.0291834774962,401.150593312624,,,0.0,0.0,2.0
31488,,,,0.1,924.487463228108,402.7878085521721,,,0.0,0.0,2.0
31489,,,,0.1,922.8699437901092,402.8823511667201,,,0.0,0.0,2.0
31490,,,,0.1,915.2053349676919,407.68376213110895,,,0.0,0.0,2.0
31491,0.0035226778000981246,0.760898404821195,0.0,0.1,904.6863672720203,415.1037033695446,0.0,1.0,0.0,0.0,2.0
31492,0.0016759503341555763,0.3620052721776045,0.0,0.1,889.4903020022205,420.54479771956653,0.0,1.0,0.0,0.0,2.0
31493,,,,0.1,880.9413496488856,421.90011471169834,0.0,1.0,0.0,0.0,2.0
31494,,,,0.1,862.0099507489996,425.3034632550182,,,0.0,0.0,2.0
31495,,,,0.1,842.6739714402315,426.30259855507285,,,0.0,0.0,2.0
31496,0.0018193764048885302,0.39298530345592253,0.0,0.1,826.958378322488,428.59393144430993,0.0,1.0,0.0,0.0,2.0
31497,0.001972924139488002,0.42615161412940844,0.0,0.1,821.250922994897,428.66935333134575,0.0,1.0,0.0,0.0,2.0
31498,0.0023883113816131787,0.5158752584284466,0.0,0.1,809.195216667313,429.9640011711968,0.0,1.0,0.0,0.0,2.0
31499,,,,0.1,792.5422410603805,433.99580731103106,0.0,1.0,0.0,0.0,2.0
31500,,,,0.1,765.0382398421461,438.6145635436929,,,0.0,0.0,2.0
31501,0.0009025406997460395,0.19494879114514455,0.0,0.1,740.6799751896199,440.2157308552924,0.0,1.0,0.0,0.0,2.0
31502,0.0012926077213808829,0.2792032678182707,0.0,0.1,727.5325541756305,442.7658376353008,0.0,1.0,0.0,0.0,2.0
31503,,,,0.1,696.5016672847398,451.5753398403178,0.0,1.0,0.0,0.0,2.0
31504,,,,0.1,675.6108241967698,458.62128966754955,,,0.0,0.0,2.0
31505,0.0005484259193125672,0.11845999857151453,0.0,0.1,666.1166142809554,457.67118926954294,0.0,1.0,0.0,0.0,2.0
31506,0.0015019223786745814,0.3244152337937096,0.0,0.1,660.4828249782051,458.03483892148955,0.0,1.0,0.0,0.0,2.0
31507,0.002836801599809653,0.612749145558885,0.0,0.1,642.0003252546886,455.8495854345317,0.0,1.0,0.0,0.0,2.0
31508,0.0018965450617862488,0.4096537333458297,0.0,0.1,628.6919451470383,449.20850032478126,0.0,1.0,0.0,0.0,2.0
31509,0.0010016318867074954,0.21635248752881903,0.0,0.1,621.1577955911304,446.9842095005213,0.0,1.0,0.0,0.0,2.0
31510,0.0002560005663797838,0.05529612233803329,1.0,0.1,612.1304674139819,443.0306102958897,0.0,1.0,0.0,0.0,2.0
31511,0.001253758816250807,0.2708119043101743,0.0,0.1,608.0388424481646,441.6331020568675,0.0,1.0,0.0,0.0,2.0
31512,0.0011026412036038895,0.23817049997844014,0.0,0.1,591.4840075743174,438.14954252705917,0.0,1.0,0.0,0.0,2.0
31513,0.0008697906368043928,0.18787477754974885,0.0,0.1,578.117940938385,434.9810455768108,0.0,1.0,0.0,0.0,2.0
31514,0.0001360540263301679,0.029387669687316265,1.0,0.1,567.710473993646,433.7349596935536,0.0,1.0,0.0,0.0,2.0
31515,0.0007087091452307617,0.15308117536984453,0.0,0.1,562.8148762518014,433.24706467901467,0.0,1.0,0.0,0.0,2.0
31516,0.00041435881712018416,0.08950150449795978,1.0,0.1,550.9793232624924,437.9303827023392,0.0,1.0,0.0,0.0,2.0
31517,0.000938773508024354,0.20277507773326048,0.0,0.1,541.2521823254336,445.58722774848945,0.0,1.0,0.0,0.0,2.0
31518,0.0004979361776854382,0.10755421438005466,0.0,0.1,537.1688765022153,446.3995586732826,0.0,1.0,0.0,0.0,2.0
31519,0.0003756092286337424,0.08113159338488836,1.0,0.1,539.2130881344048,440.1909903455403,0.0,1.0,0.0,0.0,2.0
31520,0.0005465073315572466,0.11804558361636527,0.0,0.1,539.0724975676139,437.7298652668059,0.0,1.0,0.0,0.0,2.0
31521,0.0011465376770305581,0.24765213823860055,0.0,0.1,538.1524584698531,434.72562526926544,0.0,1.0,0.0,0.0,2.0
31522,0.00046461765919684236,0.10035741438651795,0.0,0.1,538.9988452349661,433.65123486842475,0.0,1.0,0.0,0.0,2.0
31523,0.00025396249928570283,0.05485589984571181,1.0,0.1,538.2917837965477,434.52283980371107,0.0,1.0,0.0,0.0,2.0
31524,0.00018556081733647317,0.0400811365446782,1.0,0.1,537.140127578163,436.2199732722962,0.0,1.0,0.0,0.0,2.0
31525,0.0005388033997464039,0.11638153434522325,0.0,0.1,534.1793477297196,438.9872137337434,0.0,1.0,0.0,0.0,2.0
31526,0.00038374673029211494,0.08288929374309684,1.0,0.1,531.7909776751271,441.4946728343465,0.0,1.0,0.0,0.0,2.0
31527,0.0006226383930287219,0.13448989289420393,0.0,0.1,530.4394691757615,443.72038717459515,0.0,1.0,0.0,0.0,2.0
31528,0.0001801541004454606,0.03891328569621949,1.0,0.1,527.8120327964007,446.36982830292044,0.0,1.0,0.0,0.0,2.0
31529,0.00045055485121451455,0.09731984786233515,1.0,0.1,527.5908663813436,446.62406547768177,0.0,1.0,0.0,0.0,2.0
31530,0.0006536304593216634,0.1411841792134793,0.0,0.1,527.4586641600429,447.19754034894896,0.0,1.0,0.0,0.0,2.0
31531,0.0004047769420595467,0.08743181948486209,1.0,0.1,526.1558986672161,448.36002784601044,0.0,1.0,0.0,0.0,2.0
31532,0.00015024173102889314,0.03245221390224092,1.0,0.1,525.0059212169067,450.83827968713314,0.0,1.0,0.0,0.0,2.0
31533,0.00035646546874017627,0.07699654124787808,1.0,0.1,524.9733655965548,451.302512023133,0.0,1.0,0.0,0.0,2.0
31534,0.00022514393981056327,0.048631090999081666,1.0,0.1,524.4221369015539,452.64972056781113,0.0,1.0,0.0,0.0,2.0
31535,0.0002596335158437807,0.05608083942225663,1.0,0.1,524.8716967986381,453.19235540916236,0.0,1.0,0.0,0.0,2.0
31536,0.000230254051164772,0.04973487505159076,1.0,0.1,524.5329533459999,453.4517131840793,0.0,1.0,0.0,0.0,2.0
31537,5.7171338828260735e-05,0.01234900918690432,1.0,0.1,525.6939633161268,453.31281689254826,0.0,1.0,0.0,0.0,2.0
31538,0.00035179669319452536,0.07598808573001747,1.0,0.1,526.1759494715673,453.2902101395497,0.0,1.0,0.0,0.0,2.0
31539,4.170462067925136e-05,0.009008198066718294,1.0,0.1,525.7956850771943,453.4215081541993,0.0,1.0,0.0,0.0,2.0
31540,0.00017254992314795107,0.03727078339995743,1.0,0.1,525.3122631429454,453.5094075325462,0.0,1.0,0.0,0.0,2.0
31541,0.00017481488785041856,0.03776001577569041,1.0,0.1,525.0254575777129,453.4262259147338,0.0,1.0,0.0,0.0,2.0
31542,0.00010495301747413268,0.02266985177441266,1.0,0.1,524.9888415754444,453.67810621076507,0.0,1.0,0.0,0.0,2.0
31543,8.249186384279293e-05,0.017818242590043273,1.0,0.1,525.4348310829695,453.4435099608491,0.0,1.0,0.0,0.0,2.0
31544,0.00013331063066214185,0.028795096223022645,1.0,0.1,525.3110634374414,453.65427153591156,0.0,1.0,0.0,0.0,2.0
31545,6.909058696522242e-05,0.014923566784488041,1.0,0.1,525.5304494942595,453.1601407482728,0.0,1.0,0.0,0.0,2.0
31546,0.00010692145227211729,0.023095033690777332,1.0,0.1,525.7474468620771,453.2753654793341,0.0,1.0,0.0,0.0,2.0
31547,0.00013170511318662771,0.028448304448311586,1.0,0.1,525.739683375314,453.32668387081037,0.0,1.0,0.0,0.0,2.0
31548,0.00020230086461502255,0.04369698675684487,1.0,0.1,525.9469652111724,453.32983285665927,0.0,1.0,0.0,0.0,2.0
31549,0.00016916783994059387,0.036540253427168275,1.0,0.1,525.781293526445,453.10726804207894,0.0,1.0,0.0,0.0,2.0
31550,8.17280480846754e-05,0.017653258386289887,1.0,0.1,525.9636159332917,453.2931765920159,0.0,1.0,0.0,0.0,2.0
31551,7.280550473082882e-05,0.015725989021859028,1.0,0.1,525.920934532661,453.5763214240652,0.0,1.0,0.0,0.0,2.0
31552,0.00012012974587880407,0.02594802510982168,1.0,0.1,526.0679492738489,453.0080802326122,0.0,1.0,0.0,0.0,2.0
31553,0.00034559764488037735,0.07464909129416152,1.0,0.1,526.2841429064066,452.9146428919898,0.0,1.0,0.0,0.0,2.0
31554,0.0001560078781617302,0.03369770168293373,1.0,0.1,526.4229246008484,452.9293864848242,0.0,1.0,0.0,0.0,2.0
31555,0.0001318206918135437,0.02847326943172544,1.0,0.1,525.7954390436124,453.151365793671,0.0,1.0,0.0,0.0,2.0
31556,6.219142808393585e-05,0.013433348466130144,1.0,0.1,525.7289897808871,453.2115409589482,0.0,1.0,0.0,0.0,2.0
31557,6.918107292929108e-05,0.014943111752726874,1.0,0.1,525.5558840523436,453.016319044381,0.0,1.0,0.0,0.0,2.0
31558,0.00024256082031701352,0.052393137188474916,1.0,0.1,525.1722481860681,452.67869615957306,0.0,1.0,0.0,0.0,2.0
31559,0.00044662600763314996,0.0964712176487604,1.0,0.1,524.7710416408247,453.1933322371646,0.0,1.0,0.0,0.0,2.0
31560,0.00012001194786682867,0.025922580739234997,1.0,0.1,524.3040928066705,454.37581668628525,0.0,1.0,0.0,0.0,2.0
31561,8.139921809134508e-05,0.017582231107730537,1.0,0.1,523.4131841212647,455.44063689277635,0.0,1.0,0.0,0.0,2.0
31562,0.00014189164632613915,0.030648595606446057,1.0,0.1,523.5748656387287,454.85444706091846,0.0,1.0,0.0,0.0,2.0
31563,0.00018671192636938793,0.04032977609578779,1.0,0.1,524.0250793707139,454.2529431378228,0.0,1.0,0.0,0.0,2.0
31564,0.0002846106676013118,0.06147590420188335,1.0,0.1,525.5502673614527,450.8069374500287,0.0,1.0,0.0,0.0,2.0
31565,0.0003100909485601274,0.06697964488898753,1.0,0.1,526.8342161094782,448.76870594250516,0.0,1.0,0.0,0.0,2.0
31566,0.00025209695866367047,0.05445294307135282,1.0,0.1,528.2195131649361,446.6497861011238,0.0,1.0,0.0,0.0,2.0
31567,0.0001268588661117282,0.02740151508013329,1.0,0.1,530.2942496601064,440.03713756766723,0.0,1.0,0.0,0.0,2.0
31568,0.0001339103250104571,0.028924630202258737,1.0,0.1,531.8788983556328,435.7741911951969,0.0,1.0,0.0,0.0,2.0
31569,9.80791574917243e-05,0.02118509801821245,1.0,0.1,533.2099920570371,435.01750042604493,0.0,1.0,0.0,0.0,2.0
31570,0.0004243223902656339,0.09165363629737694,1.0,0.1,537.2592947615542,433.3232650695619,0.0,1.0,0.0,0.0,2.0
31571,0.0001778138943746086,0.03840780118491546,1.0,0.1,540.2759049754164,433.12719946250945,0.0,1.0,0.0,0.0,2.0
31572,0.0005507892506177648,0.1189704781334372,0.0,0.1,546.2029061123717,433.0833697931654,0.0,1.0,0.0,0.0,2.0
31573,0.0003192829777767394,0.06896512319977571,1.0,0.1,545.8382908413445,435.44702675542516,0.0,1.0,0.0,0.0,2.0
31574,0.0003260186406133979,0.07042002637249395,1.0,0.1,546.1279782994429,435.86307600234323,0.0,1.0,0.0,0.0,2.0
31575,0.00041196024467655826,0.0889834128501366,1.0,0.1,546.6599100570372,437.65668017440476,0.0,1.0,0.0,0.0,2.0
31576,7.699839005816835e-05,0.016631652252564365,1.0,0.1,546.2981845565075,439.20540000816385,0.0,1.0,0.0,0.0,2.0
31577,0.00013950924635239544,0.030133997212117417,1.0,0.1,545.0797455520708,440.5094001721662,0.0,1.0,0.0,0.0,2.0
31578,0.00019277745818045485,0.04163993096697825,1.0,0.1,543.8842445620276,441.0212948752779,0.0,1.0,0.0,0.0,2.0
31579,0.00027764800812119704,0.05997196975417856,1.0,0.1,538.663592920408,442.0630162539106,0.0,1.0,0.0,0.0,2.0
31580,0.0006086077341788079,0.1314592705826225,0.0,0.1,531.837790517773,443.396171801908,0.0,1.0,0.0,0.0,2.0
31581,0.0006657868267236853,0.14380995457231602,0.0,0.1,522.4825846349255,445.7027135330561,0.0,1.0,0.0,0.0,2.0
31582,0.0003896583729769668,0.08416620856302483,1.0,0.1,511.12400576221796,450.0652984356793,0.0,1.0,0.0,0.0,2.0
31583,0.0016009596116262638,0.34580727611127304,0.0,0.1,507.3181867671743,452.3215924948166,0.0,1.0,0.0,0.0,2.0
31584,0.0024202517633671278,0.5227743808872997,0.0,0.1,498.0456649564704,458.7861419933323,0.0,1.0,0.0,0.0,2.0
31585,0.003371112855370035,0.7281603767599276,0.0,0.1,481.4847415329126,470.781818560743,0.0,1.0,0.0,0.0,2.0
31586,0.002249929188194062,0.48598470464991733,0.0,0.1,463.4510901056522,483.82926456795207,0.0,1.0,0.0,0.0,2.0
31587,0.0028835104481369986,0.6228382567975917,0.0,0.1,454.1854318186286,491.1330244071459,0.0,1.0,0.0,0.0,2.0
31588,0.0035511361386580194,0.7670454059501323,0.0,0.1,437.95708079429534,502.6163805787403,0.0,1.0,0.0,0.0,2.0
31589,0.0028871168658582288,0.6236172430253775,0.0,0.1,424.1352181354112,514.7532333896786,0.0,1.0,0.0,0.0,2.0
31590,0.003948834082470287,0.8529481618135819,0.0,0.1,407.87905902891737,527.0950399566135,0.0,1.0,0.0,0.0,2.0
31591,0.001240803688046007,0.2680135966179375,0.0,0.1,391.10913698903477,539.9334774649205,0.0,1.0,0.0,0.0,2.0
31592,0.0029627695443307294,0.6399582215754376,0.0,0.1,383.02048042880665,546.650775922853,0.0,1.0,0.0,0.0,2.0
31593,0.005192109620196334,1.1214956779624081,0.0,0.1,366.8373426606715,559.8763471280027,0.0,1.0,0.0,0.0,2.0
31594,0.004780842136072117,1.0326619013915772,0.0,0.1,352.4701995218473,572.444284555852,0.0,1.0,0.0,0.0,2.0
31595,,,,0.1,338.7847062095771,585.1411223507396,0.0,1.0,0.0,0.0,2.0
31596,,,,0.1,334.5365601317106,588.1432947741938,,,0.0,0.0,2.0
31597,,,,0.1,319.25502580513773,600.7002233886146,,,0.0,0.0,2.0
31598,,,,0.1,302.97276714962203,611.314875889157,,,0.0,0.0,2.0
31599,,,,0.1,286.7006787252866,622.5100563101898,,,0.0,0.0,2.0
31600,,,,0.1,276.1444214737651,628.0043945632025,,,0.0,0.0,2.0
31601,,,,0.1,268.4536278698285,633.425149608214,1.0,0.0,0.0,0.0,2.0
31602,,,,0.1,258.5864767382849,637.8889865729693,,,0.0,0.0,2.0
31603,0.002184987752670232,0.4719573545767701,0.0,0.1,251.1188596911018,641.5970617801296,1.0,0.0,0.0,0.0,2.0
31604,0.002520021530131183,0.5443246505083356,0.0,0.1,247.86175860723827,641.1592287697364,1.0,0.0,0.0,0.0,2.0
31605,0.002882959029570305,0.622719150387186,0.0,0.1,243.6931302096162,643.6983010259735,1.0,0.0,0.0,0.0,2.0
31606,0.002590474937278265,0.5595425864521053,0.0,0.1,237.25418981451833,649.0172630078831,1.0,0.0,0.0,0.0,2.0
31607,0.0013457236361790186,0.290676305414668,0.0,0.1,233.3557532441141,652.9887198067983,1.0,0.0,0.0,0.0,2.0
31608,0.001296893357673387,0.28012896525745157,0.0,0.1,230.3007192352637,656.4508764961631,1.0,0.0,0.0,0.0,2.0
31609,9.53716246308045e-05,0.020600270920253773,1.0,0.1,229.8292614662888,655.9665741683489,1.0,0.0,0.0,0.0,2.0
31610,0.0005713404565978606,0.1234095386251379,0.0,0.1,232.0078829322111,653.2632119200342,1.0,0.0,0.0,0.0,2.0
31611,0.0005271461555403176,0.11386356959670861,0.0,0.1,239.12343129888316,645.6115026591648,1.0,0.0,0.0,0.0,2.0
31612,0.0014432671398438752,0.31174570220627706,0.0,0.1,248.4385029586379,635.755298502702,1.0,0.0,0.0,0.0,2.0
31613,0.0008095988550430687,0.17487335268930285,0.0,0.1,256.0667819714948,626.748751726124,1.0,0.0,0.0,0.0,2.0
31614,0.0014203365612532434,0.3067926972307006,0.0,0.1,257.83498551250585,624.6186677292075,1.0,0.0,0.0,0.0,2.0
31615,0.0011933495086605185,0.257763493870672,0.0,0.1,261.14569850665214,620.7480921619542,1.0,0.0,0.0,0.0,2.0
31616,0.00024637934698047015,0.053217938947781554,1.0,0.1,260.022216484443,621.1065242141434,1.0,0.0,0.0,0.0,2.0
31617,0.000620443152834265,0.13401572101220127,0.0,0.1,259.44614001817314,621.5493568258098,1.0,0.0,0.0,0.0,2.0
31618,0.00035765425928680795,0.07725332000595052,1.0,0.1,258.71625238601905,621.448630210185,1.0,0.0,0.0,0.0,2.0
31619,0.0005118062689485379,0.11055015409288418,0.0,0.1,258.3268921014176,621.832063912636,1.0,0.0,0.0,0.0,2.0
31620,0.00012348344431962978,0.02667242397304003,1.0,0.1,260.7935760768894,619.0285541739405,1.0,0.0,0.0,0.0,2.0
31621,0.00010712751974022898,0.02313954426388946,1.0,0.1,264.4303186355461,615.0887699120034,1.0,0.0,0.0,0.0,2.0
31622,0.000313050537778011,0.06761891616005039,1.0,0.1,267.13468838533896,611.7984407236406,1.0,0.0,0.0,0.0,2.0
31623,0.0003402906564301328,0.07350278178890869,1.0,0.1,268.3136242368514,610.3800175525832,1.0,0.0,0.0,0.0,2.0
31624,0.00026336928270677694,0.05688776506466382,1.0,0.1,271.7164430517749,607.3716249109964,1.0,0.0,0.0,0.0,2.0
31625,0.0006008705600346472,0.1297880409674838,0.0,0.1,274.48582828319763,605.6942552064976,1.0,0.0,0.0,0.0,2.0
31626,0.0005123849229374058,0.11067514335447966,0.0,0.1,278.20796109845924,602.9239809264693,1.0,0.0,0.0,0.0,2.0
31627,9.494229265736267e-05,0.020507535213990336,1.0,0.1,280.05929686543,600.8929177806133,1.0,0.0,0.0,0.0,2.0
31628,0.0004062558432424762,0.08775126214037486,1.0,0.1,282.38222335533527,598.384880939956,1.0,0.0,0.0,0.0,2.0
31629,0.0004779849974564301,0.1032447594505889,0.0,0.1,282.59764423944426,597.659048958018,1.0,0.0,0.0,0.0,2.0
31630,0.0002650300691482218,0.057246494936015906,1.0,0.1,284.3510671279777,597.2155336281344,1.0,0.0,0.0,0.0,2.0
31631,0.0003451686169140605,0.07455642125343707,1.0,0.1,281.388492835685,600.4693116991691,1.0,0.0,0.0,0.0,2.0
31632,0.000364311608263287,0.07869130738487,1.0,0.1,279.89054201004467,602.843892602883,1.0,0.0,0.0,0.0,2.0
31633,0.0005574798802094769,0.12041565412524702,0.0,0.1,279.20697499256937,603.2095271028354,1.0,0.0,0.0,0.0,2.0
31634,0.0003054088228018236,0.06596830572519391,1.0,0.1,276.01431116504193,605.5782482177167,1.0,0.0,0.0,0.0,2.0
31635,0.00035367436981172936,0.07639366387933355,1.0,0.1,273.649272973057,607.5114529345458,1.0,0.0,0.0,0.0,2.0
31636,0.0006689522686155644,0.1444936900209619,0.0,0.1,270.93899460794023,609.3860533760887,1.0,0.0,0.0,0.0,2.0
31637,0.00037216366113570256,0.08038735080531176,1.0,0.1,269.9985671402257,610.1926096975968,1.0,0.0,0.0,0.0,2.0
31638,0.00014211418215445289,0.03069666334536182,1.0,0.1,268.83479083344133,610.930631725276,1.0,0.0,0.0,0.0,2.0
31639,0.00017908280295174622,0.03868188543757718,1.0,0.1,264.3189789236764,614.664748440224,1.0,0.0,0.0,0.0,2.0
31640,0.0008158136699305981,0.1762157527050092,0.0,0.1,255.83587273717086,622.1379771420503,1.0,0.0,0.0,0.0,2.0
31641,0.0007992116692157533,0.17262972055060272,0.0,0.1,251.92526737410068,625.5843569176155,1.0,0.0,0.0,0.0,2.0
31642,0.0011222472673056109,0.24240540973801195,0.0,0.1,244.89525820573854,632.5586876073761,1.0,0.0,0.0,0.0,2.0
31643,0.001957159129433203,0.4227463719575718,0.0,0.1,235.45583740655837,642.4664697502839,1.0,0.0,0.0,0.0,2.0
31644,0.002284887592353889,0.49353571994844003,0.0,0.1,222.77218892269147,655.4415889195823,1.0,0.0,0.0,0.0,2.0
31645,0.0013376683054312842,0.28893635397315737,0.0,0.1,209.40765661952852,669.3919544784325,1.0,0.0,0.0,0.0,2.0
31646,0.000988484683407903,0.21351269161610703,0.0,0.1,201.47765919837738,677.1490873051588,1.0,0.0,0.0,0.0,2.0
31647,0.0021621759910519147,0.46703001406721356,0.0,0.1,187.47215668822736,690.7138619139766,1.0,0.0,0.0,0.0,2.0
31648,0.003799050203409358,0.8205948439364213,0.0,0.1,174.76535289281304,703.0183983362499,1.0,0.0,0.0,0.0,2.0
31649,0.0018086568584226896,0.390669881419301,0.0,0.1,163.71078849136947,714.1202961532408,1.0,0.0,0.0,0.0,2.0
31650,0.003434217480036166,0.7417909756878118,0.0,0.1,156.3758331638096,721.3856392060942,1.0,0.0,0.0,0.0,2.0
31651,,,,0.1,142.7854321187427,734.0489285450668,1.0,0.0,0.0,0.0,2.0
31652,,,,0.1,130.07983831087785,745.7517995306359,,,0.0,0.0,2.0
31653,0.002693120262355535,0.5817139766687957,0.0,0.1,115.57950746600466,759.1016108153732,1.0,0.0,0.0,0.0,2.0
31654,0.0015224593454933868,0.3288512186265716,0.0,0.1,102.5507245514616,771.3219070166941,1.0,0.0,0.0,0.0,2.0
31655,,,,0.1,99.51216957525496,774.1873166309971,1.0,0.0,0.0,0.0,2.0
31656,,,,0.1,,,,,,,2.0
31657,0.003867298672641746,0.8353365132906172,0.0,0.1,72.99734655956532,800.7483410589005,1.0,0.0,0.0,0.0,2.0
31658,0.001228916869397235,0.2654460437898028,0.0,0.1,67.06918081068643,806.5842188330108,1.0,0.0,1.0,0.0,2.0
31659,0.004109906881671177,0.8877398864409742,0.0,0.1,67.07156250626986,806.667564244638,1.0,0.0,1.0,0.0,2.0
31660,0.0023992503279158368,0.5182380708298208,0.0,0.1,64.35304993339943,809.4264216427796,1.0,0.0,1.0,0.0,2.0
31661,0.0026513173477608594,0.5726845471163456,0.0,0.1,60.1665578876238,813.6652768988791,1.0,0.0,1.0,0.0,2.0
31662,0.002643563951253023,0.571009813470653,0.0,0.1,49.07714143600619,825.234620567633,1.0,0.0,1.0,0.0,2.0
31663,0.0007764477380613323,0.16771271142124777,0.0,0.1,,,1.0,0.0,,,2.0
31664,0.002147662090250143,0.46389501149403095,0.0,0.1,33.006196834422155,842.6267556990082,1.0,0.0,1.0,0.0,2.0
31665,0.0015025131134416198,0.3245428325033899,0.0,0.1,33.17680855889395,842.3740358200697,1.0,0.0,1.0,0.0,2.0
31666,0.001493689765143784,0.32263698927105733,0.0,0.1,,,1.0,0.0,,,2.0
31667,0.00040748533899101974,0.08801683322206026,1.0,0.1,40.39513933955971,835.6246039712123,1.0,0.0,1.0,0.0,2.0
31668,0.0012302554981836545,0.2657351876076694,0.0,0.1,,,1.0,0.0,,,2.0
31669,0.001205727252336278,0.26043708650463604,0.0,0.1,,,1.0,0.0,,,2.0
31670,0.00039412661252721505,0.08513134830587844,1.0,0.1,,,1.0,0.0,,,2.0
31671,0.0007180797762410958,0.1551052316680767,0.0,0.1,53.74960261193851,831.5119862015521,1.0,0.0,1.0,0.0,2.0
31672,0.0006627142953434359,0.14314628779418218,0.0,0.1,,,1.0,0.0,,,2.0
31673,0.0006187009170642714,0.13363939808588263,0.0,0.1,,,1.0,0.0,,,2.0
31674,0.0002471937819414797,0.05339385689935962,1.0,0.1,,,1.0,0.0,,,2.0
31675,0.00017755112663532223,0.03835104335322961,1.0,0.1,,,1.0,0.0,,,2.0
31676,0.0003128797515566005,0.06758202633622572,1.0,0.1,,,1.0,0.0,,,2.0
31677,0.000798357520544435,0.17244522443759797,0.0,0.1,,,1.0,0.0,,,2.0
31678,0.0013888035992771163,0.2999815774438572,0.0,0.1,,,1.0,0.0,,,2.0
31679,0.0007596982379150884,0.1640948193896591,0.0,0.1,,,1.0,0.0,,,2.0
31680,0.0006618643037164947,0.14296268960276287,0.0,0.1,,,1.0,0.0,,,2.0
31681,0.0008814495730840814,0.1903931077861616,0.0,0.1,,,1.0,0.0,,,2.0
31682,0.0005873935721719297,0.1268770115891368,0.0,0.1,,,1.0,0.0,,,2.0
31683,0.0008841757923558445,0.19098197114886242,0.0,0.1,,,1.0,0.0,,,2.0
31684,0.0003956295125126873,0.08545597470274045,1.0,0.1,,,1.0,0.0,,,2.0
31685,0.00042347610268697724,0.09147083818038709,1.0,0.1,32.10075385615603,887.1301943829963,1.0,0.0,1.0,0.0,2.0
31686,6.839174525524128e-05,0.014772616975132118,1.0,0.1,31.921267821869147,887.1823823322552,1.0,0.0,1.0,0.0,2.0
31687,0.0011545983322586563,0.24939323976786976,0.0,0.1,31.673314350303805,884.5797253720455,1.0,0.0,1.0,0.0,2.0
31688,0.0013456958393465127,0.29067030129884674,0.0,0.1,29.995619823213115,878.9365754516239,1.0,0.0,1.0,0.0,2.0
31689,0.0011066999173705474,0.23904718215203827,0.0,0.1,27.68025001045288,870.1034319633759,1.0,0.0,1.0,0.0,2.0
31690,0.00017995947876146777,0.038871247412477036,1.0,0.1,26.692423788190027,867.0053665295393,1.0,0.0,1.0,0.0,2.0
31691,0.0008127746020300573,0.17555931403849237,0.0,0.1,26.673205839768077,866.8862810374754,1.0,0.0,1.0,0.0,2.0
31692,0.00048519022290134856,0.1048010881466913,0.0,0.1,26.160701096106877,864.712383783049,1.0,0.0,1.0,0.0,2.0
31693,0.00039216802857333237,0.0847082941718398,1.0,0.1,27.009772692836737,859.6208486688465,1.0,0.0,1.0,0.0,2.0
31694,0.00013112078037287434,0.028322088560540862,1.0,0.1,27.923834865956408,857.3579951947921,1.0,0.0,1.0,0.0,2.0
31695,0.0003760068516866793,0.08121747996432273,1.0,0.1,29.933325557672166,855.1803106948597,1.0,0.0,1.0,0.0,2.0
31696,0.0001999264307828226,0.04318410904908968,1.0,0.1,,,1.0,0.0,,,2.0
31697,0.0006340218809994223,0.1369487262958752,0.0,0.1,,,1.0,0.0,,,2.0
31698,0.00027715702249793406,0.05986591685955376,1.0,0.1,,,1.0,0.0,,,2.0
31699,0.00046968930922025766,0.10145289079157566,0.0,0.1,,,1.0,0.0,,,2.0
31700,0.0005505615215397583,0.11892128865258779,0.0,0.1,,,1.0,0.0,,,2.0
31701,0.0016534868492849419,0.35715315944554743,0.0,0.1,36.27992312916368,866.3523320058466,1.0,0.0,1.0,0.0,2.0
31702,0.0010700474424050433,0.23113024755948935,0.0,0.1,34.138297960272176,872.5066491280172,1.0,0.0,1.0,0.0,2.0
31703,0.0002643897097072996,0.057108177296776724,1.0,0.1,36.24158542420353,875.5006983071836,1.0,0.0,1.0,0.0,2.0
31704,0.0010586445809679086,0.22866722948906826,0.0,0.1,38.98865269510859,879.1750277917748,1.0,0.0,1.0,0.0,2.0
31705,0.0006923403122821043,0.14954550745293455,0.0,0.1,41.53200258613808,886.3466528298968,1.0,0.0,1.0,0.0,2.0
31706,0.0017786656990878475,0.38419179100297507,0.0,0.1,41.4461150213019,889.6900220762618,1.0,0.0,1.0,0.0,2.0
31707,0.0012963068456342058,0.28000227865698846,0.0,0.1,45.08130054614663,894.5592518044194,1.0,0.0,1.0,0.0,2.0
31708,5.304196698782382e-05,0.011457064869369947,1.0,0.1,46.693078642507174,897.4082437518637,1.0,0.0,1.0,0.0,2.0
31709,0.0011767764839514744,0.2541837205335185,0.0,0.1,45.71191764607744,898.5816342777306,1.0,0.0,1.0,0.0,2.0
31710,0.00023432829170677843,0.050614911008664144,1.0,0.1,43.6739738282458,903.3377104959667,1.0,0.0,1.0,0.0,2.0
31711,0.0006710990979100726,0.1449574051485757,0.0,0.1,43.44261238712356,907.2485044468899,1.0,0.0,1.0,0.0,2.0
31712,0.0021067437508006455,0.45505665017293945,0.0,0.1,46.28529472605621,911.6792569704133,1.0,0.0,1.0,0.0,2.0
31713,0.0013473652822201922,0.2910309009595615,0.0,0.1,44.94033412678238,912.211341332319,1.0,0.0,1.0,0.0,2.0
31714,0.0008484026127344744,0.18325496435064648,0.0,0.1,,,1.0,0.0,,,2.0
31715,0.0017766401842238598,0.3837542797923537,0.0,0.1,53.700880791963826,921.1688818684894,1.0,0.0,1.0,0.0,2.0
31716,0.00035928180556867007,0.07760487000283274,1.0,0.1,57.048479419217045,925.0979586671536,1.0,0.0,1.0,0.0,2.0
31717,0.0014281676729797433,0.3084842173636246,0.0,0.1,57.54201852391193,926.2555544516562,1.0,0.0,1.0,0.0,2.0
31718,0.0007469763794196335,0.16134689795464086,0.0,0.1,58.057115120228055,926.948322463684,1.0,0.0,1.0,0.0,2.0
31719,0.00032231357686150807,0.06961973260208575,1.0,0.1,53.23513034752692,922.5651037896782,1.0,0.0,1.0,0.0,2.0
31720,0.0005065533785002917,0.10941552975606302,0.0,0.1,51.53714441723347,921.9985086479468,1.0,0.0,1.0,0.0,2.0
31721,0.00018854693151050758,0.04072613720626964,1.0,0.1,50.63082567492776,923.2312982734953,1.0,0.0,1.0,0.0,2.0
31722,0.0006423082653035054,0.13873858530555716,0.0,0.1,,,1.0,0.0,,,2.0
31723,0.00045933047415992485,0.09921538241854377,1.0,0.1,,,1.0,0.0,,,2.0
31724,0.00026270625738082886,0.056744551594259035,1.0,0.1,,,1.0,0.0,,,2.0
31725,,,,0.1,,,1.0,0.0,,,2.0
31726,,,,0.1,,,,,,,2.0
31727,,,,0.1,,,,,,,2.0
31728,0.0009979947964597806,0.2155668760353126,0.0,0.1,,,1.0,0.0,,,2.0
31729,0.0005340096970365558,0.11534609455989606,0.0,0.1,,,1.0,0.0,,,2.0
31730,3.617972123540939e-05,0.007814819786848427,1.0,0.1,,,1.0,0.0,,,2.0
31731,0.0005851798945432683,0.12639885722134594,0.0,0.1,,,1.0,0.0,,,2.0
31732,0.0015757531929962772,0.34036268968719585,0.0,0.1,59.09490974828057,932.7201856129464,1.0,0.0,1.0,0.0,2.0
31733,0.002737497844496553,0.5912995344112555,0.0,0.1,62.3518709894277,935.9977100622573,1.0,0.0,1.0,0.0,2.0
31734,,,,0.1,65.48411458361765,939.13084362966,1.0,0.0,1.0,0.0,2.0
31735,,,,0.1,71.0029534259814,944.6375096346324,,,0.0,0.0,2.0
31736,,,,0.1,71.46825099020471,945.1154680074,,,0.0,0.0,2.0
31737,,,,0.1,76.15446207916396,949.7468225787494,,,0.0,0.0,2.0
31738,,,,0.1,75.85653810836612,949.2562368802705,,,0.0,0.0,2.0
31739,,,,0.1,77.94260487936998,951.2046079999975,,,0.0,0.0,2.0
31740,0.00011477974859928406,0.02479242569744536,1.0,0.1,79.7812813730025,953.000725723128,1.0,0.0,0.0,0.0,2.0
31741,,,,0.1,88.89750414222247,961.5382928074839,1.0,0.0,0.0,0.0,2.0
31742,,,,0.1,96.02364683299129,968.1094784796261,,,0.0,0.0,2.0
31743,,,,0.1,101.11139607389917,973.1397960626822,,,0.0,0.0,2.0
31744,0.0007240028452209751,0.15638461456773065,0.0,0.1,103.26825769443725,974.9350760811235,1.0,0.0,0.0,0.0,2.0
31745,0.0006204512782805511,0.13401747610859904,0.0,0.1,105.18630137990611,976.5577437734843,1.0,0.0,0.0,0.0,2.0
31746,0.0010846481096855635,0.23428399169208172,0.0,0.1,114.00242460022292,984.7760258396186,1.0,0.0,0.0,0.0,2.0
31747,0.0009504321759676161,0.2052933500090051,0.0,0.1,123.22166398144009,993.4575696366844,1.0,0.0,0.0,0.0,2.0
31748,0.00023384683611640946,0.05051091660114444,1.0,0.1,130.25303347734626,1000.3150941443971,1.0,0.0,0.0,0.0,2.0
31749,0.0005724206514990851,0.12364286072380239,0.0,0.1,131.4777158875985,1001.2588129492146,1.0,0.0,0.0,0.0,2.0
31750,0.0005815426490361805,0.125613212191815,0.0,0.1,133.87543956766197,1002.3903303968839,1.0,0.0,0.0,0.0,2.0
31751,0.0011964665110011947,0.25843676637625806,0.0,0.1,134.54863880052133,1001.1785008144835,1.0,0.0,0.0,0.0,2.0
31752,0.00035812996238235626,0.07735607187458896,1.0,0.1,131.85993576768234,996.4518540676762,1.0,0.0,0.0,0.0,2.0
31753,0.0001844745583465247,0.03984650460284934,1.0,0.1,125.75589760873318,990.0101117688204,1.0,0.0,0.0,0.0,2.0
31754,0.0003693166582895463,0.07977239819054201,1.0,0.1,122.80155675950613,986.8109052383726,1.0,0.0,0.0,0.0,2.0
31755,0.0003816204485840088,0.0824300168941459,1.0,0.1,118.32426001401427,981.4319703189694,1.0,0.0,0.0,0.0,2.0
31756,0.0005741200699095369,0.12400993510045998,0.0,0.1,117.36092603464103,978.2245540353352,1.0,0.0,0.0,0.0,2.0
31757,0.00076149199961006,0.16448227191577297,0.0,0.1,119.46502224928771,978.886436618136,1.0,0.0,0.0,0.0,2.0
31758,0.0009245480180567353,0.19970237190025483,0.0,0.1,119.96365496224452,978.3024040851808,1.0,0.0,0.0,0.0,2.0
31759,0.0003467216918526293,0.07489188544016794,1.0,0.1,121.78938907682526,977.100263869118,1.0,0.0,0.0,0.0,2.0
31760,0.0009213109476468024,0.19900316469170934,0.0,0.1,124.07317021665821,974.3130748696433,1.0,0.0,0.0,0.0,2.0
31761,0.0003525652585577151,0.07615409584846647,1.0,0.1,128.06876101922956,972.7921942459949,1.0,0.0,0.0,0.0,2.0
31762,0.00036104740796985996,0.07798624012148976,1.0,0.1,128.93158221995083,971.6797894563707,1.0,0.0,0.0,0.0,2.0
31763,0.00019201752828496208,0.041475786109551806,1.0,0.1,128.59696058575184,970.1735790887852,1.0,0.0,0.0,0.0,2.0
31764,0.0005672144898064287,0.12251832979818862,0.0,0.1,126.65599397373241,963.6257558777982,1.0,0.0,0.0,0.0,2.0
31765,0.000421065313359602,0.09095010768567402,1.0,0.1,127.23889549917112,961.9278262732417,1.0,0.0,0.0,0.0,2.0
31766,0.00034322914610478616,0.07413749555863382,1.0,0.1,124.76659523630569,957.836121444627,1.0,0.0,0.0,0.0,2.0
31767,0.0003934889097596579,0.0849936045080861,1.0,0.1,123.13796538333432,956.8425727718612,1.0,0.0,0.0,0.0,2.0
31768,0.0014309481211948547,0.30908479417808865,0.0,0.1,119.47591408995613,952.4264336640651,1.0,0.0,0.0,0.0,2.0
31769,0.001023226278528927,0.22101687616224824,0.0,0.1,119.01099043132555,948.5960180390259,1.0,0.0,0.0,0.0,2.0
31770,0.0010158429068240242,0.2194220678739892,0.0,0.1,113.18034798672387,940.6749580435403,1.0,0.0,0.0,0.0,2.0
31771,0.0009290957971921373,0.20068469219350166,0.0,0.1,108.99540814658245,934.2470355921226,1.0,0.0,0.0,0.0,2.0
31772,0.0008861784961745167,0.19141455517369563,0.0,0.1,108.32130328888394,930.5823379394724,1.0,0.0,0.0,0.0,2.0
31773,0.0015335633875029752,0.3312496917006426,0.0,0.1,105.19296261281906,926.9044080746003,1.0,0.0,0.0,0.0,2.0
31774,0.0007250929665334909,0.15662008077123404,0.0,0.1,102.01667098540204,921.5709788354828,1.0,0.0,0.0,0.0,2.0
31775,0.0009536659301702063,0.20599184091676456,0.0,0.1,96.24975245462514,911.3811443055455,1.0,0.0,0.0,0.0,2.0
31776,0.0009736694683186234,0.21031260515682265,0.0,0.1,95.35824959035536,908.536282905107,1.0,0.0,0.0,0.0,2.0
31777,0.00040124165927297735,0.08666819840296311,1.0,0.1,96.8859709923381,905.2696152807508,1.0,0.0,0.0,0.0,2.0
31778,0.0005106887822415136,0.11030877696416694,0.0,0.1,97.45273876918317,905.4366413300052,1.0,0.0,0.0,0.0,2.0
31779,0.0010681491360874193,0.23072021339488258,0.0,0.1,98.6639698043081,905.7481325374774,1.0,0.0,0.0,0.0,2.0
31780,0.0005892268439908013,0.12727299830201308,0.0,0.1,98.69758999506462,907.1451916414959,1.0,0.0,0.0,0.0,2.0
31781,0.0006359663665894085,0.13736873518331225,0.0,0.1,97.69462728557497,908.8520937599513,1.0,0.0,0.0,0.0,2.0
31782,0.001535061376989254,0.33157325742967886,0.0,0.1,99.98683771034081,912.4258355564106,1.0,0.0,0.0,0.0,2.0
31783,0.002226651783714477,0.48095678528232705,0.0,0.1,102.39336776436194,914.9345408327515,1.0,0.0,0.0,0.0,2.0
31784,0.0009650886751458226,0.20845915383149768,0.0,0.1,110.10352096578244,922.2936670833026,1.0,0.0,0.0,0.0,2.0
31785,0.001202718986411368,0.2597873010648555,0.0,0.1,113.64701390445035,925.0165017225517,1.0,0.0,0.0,0.0,2.0
31786,0.0005685334538682793,0.12280322603554833,0.0,0.1,121.6078630410314,928.152328012995,1.0,0.0,0.0,0.0,2.0
31787,0.0010218606747552348,0.22072190574713071,0.0,0.1,127.49572247403181,931.0641770319922,1.0,0.0,0.0,0.0,2.0
31788,0.00028256452116513537,0.061033936571669244,1.0,0.1,129.96655505882345,932.0637173784447,1.0,0.0,0.0,0.0,2.0
31789,0.00010531609672295341,0.022748276892157936,1.0,0.1,127.336912611038,929.3031922918695,1.0,0.0,0.0,0.0,2.0
31790,0.00035856000772953246,0.07744896166957901,1.0,0.1,125.50648516155815,930.1319157928954,1.0,0.0,0.0,0.0,2.0
31791,0.0007728744920104788,0.16694089027426343,0.0,0.1,124.03570182200542,925.8614005433622,1.0,0.0,0.0,0.0,2.0
31792,0.0010936542867880702,0.23622932594622315,0.0,0.1,118.90764608985963,917.5025013478081,1.0,0.0,0.0,0.0,2.0
31793,0.00018271035759766555,0.03946543724109576,1.0,0.1,112.2503061608482,911.2362234230835,1.0,0.0,0.0,0.0,2.0
31794,0.0013701004135952292,0.2959416893365695,0.0,0.1,108.07778576124757,908.3836408138853,1.0,0.0,0.0,0.0,2.0
31795,0.0008421408802825938,0.18190243014104027,0.0,0.1,101.09181576858008,905.0791318103654,1.0,0.0,0.0,0.0,2.0
31796,,,,0.1,94.3851007054593,900.3074593815871,1.0,0.0,0.0,0.0,2.0
31797,,,,0.1,85.52322444619605,893.6621319509597,,,0.0,0.0,2.0
31798,,,,0.1,78.1645504555682,892.1569779606999,,,0.0,0.0,2.0
31799,,,,0.1,73.11242947077423,890.8310375328789,,,0.0,0.0,2.0
31800,,,,0.1,64.74226005921729,885.0354482357512,,,1.0,0.0,2.0
31801,,,,0.1,61.58026843453094,880.7866032952284,,,1.0,0.0,2.0
31802,,,,0.1,50.97598753436805,875.2119275749403,,,1.0,0.0,2.0
31803,,,,0.1,49.237038790678035,874.260928173934,,,1.0,0.0,2.0
31804,,,,0.1,45.237648409827685,870.3057407198597,,,1.0,0.0,2.0
31805,,,,0.1,42.15850903071126,874.6390646376083,,,1.0,0.0,2.0
31806,,,,0.1,42.03198433472972,875.4527910566359,,,1.0,0.0,2.0
31807,,,,0.1,46.54490575633655,873.4578243834975,,,1.0,0.0,2.0
31808,,,,0.1,50.648900340648794,870.4633149519693,,,1.0,0.0,2.0
31809,,,,0.1,66.02839579207011,862.3127827699894,,,1.0,0.0,2.0
31810,,,,0.1,76.6631037082542,862.3534681622851,,,0.0,0.0,2.0
31811,,,,0.1,88.86304005035046,861.670510640151,,,0.0,0.0,2.0
31812,,,,0.1,94.8398994925204,862.1841177041355,,,0.0,0.0,2.0
31813,0.0008484025466470646,0.18325495007576595,0.0,0.1,105.28105998517476,862.9106238415043,1.0,0.0,0.0,0.0,2.0
31814,0.0023460317561673216,0.5067428593321415,0.0,0.1,112.77306141637018,863.5089940024058,1.0,0.0,0.0,0.0,2.0
31815,,,,0.1,120.60507602989104,865.4064675484847,1.0,0.0,0.0,0.0,2.0
31816,,,,0.1,125.92258334290484,866.6723827562051,,,0.0,0.0,2.0
31817,,,,0.1,126.8362995447555,866.2444696938645,,,0.0,0.0,2.0
31818,0.0007348009638434573,0.15871700819018678,0.0,0.1,131.23189199283058,866.6268329204302,1.0,0.0,0.0,0.0,2.0
31819,0.001743281819143774,0.37654887293505523,0.0,0.1,136.76113094285122,868.6522736395497,1.0,0.0,0.0,0.0,2.0
31820,0.0006153568918943189,0.13291708864917287,0.0,0.1,142.30351476299958,871.3278800100313,1.0,0.0,0.0,0.0,2.0
31821,0.00044514294538207074,0.09615087620252728,1.0,0.1,145.23816380193765,873.4819378145506,1.0,0.0,0.0,0.0,2.0
31822,0.0011091857968541499,0.23958413212049637,0.0,0.1,153.79682517767864,882.41728903977,1.0,0.0,0.0,0.0,2.0
31823,0.0009132400978376618,0.19725986113293492,0.0,0.1,163.8218144046155,885.4076419312916,1.0,0.0,0.0,0.0,2.0
31824,0.0007684485026514373,0.16598487657271047,0.0,0.1,169.14547985325876,884.0929364178386,1.0,0.0,0.0,0.0,2.0
31825,8.456868289982453e-05,0.0182668355063621,1.0,0.1,170.9313119261313,885.8953751408891,1.0,0.0,0.0,0.0,2.0
31826,0.00038766107748304404,0.08373479273633751,1.0,0.1,173.1555192020653,886.3956109762426,1.0,0.0,0.0,0.0,2.0
31827,0.0012184105940272118,0.2631766883098777,0.0,0.1,175.26459172323575,888.2372338835843,1.0,0.0,0.0,0.0,2.0
31828,0.0017388165158024721,0.375584367413334,0.0,0.1,178.5081907858758,894.4355104618504,1.0,0.0,0.0,0.0,2.0
31829,0.0007812240158606736,0.1687443874259055,0.0,0.1,181.11663617675995,901.04186236108,1.0,0.0,0.0,0.0,2.0
31830,0.0012394639856708825,0.26772422090491066,0.0,0.1,181.51758763818248,903.6941061799326,1.0,0.0,0.0,0.0,2.0
31831,0.0023482817070129723,0.5072288487148021,0.0,0.1,187.72039155782514,907.9140025462015,1.0,0.0,0.0,0.0,2.0
31832,0.0008415651820309922,0.18177807931869433,0.0,0.1,196.4879303617062,913.4258671149937,1.0,0.0,0.0,0.0,2.0
31833,0.0013951308343733595,0.30134826022464567,0.0,0.1,204.63058157743225,923.2986630459843,1.0,0.0,0.0,0.0,2.0
31834,0.0017411192423000344,0.37608175633680746,0.0,0.1,214.87931034611015,932.6022489756042,1.0,0.0,0.0,0.0,2.0
31835,0.002877917692904311,0.6216302216673312,0.0,0.1,218.9446158092365,935.2949591625835,1.0,0.0,0.0,0.0,2.0
31836,0.004042163129053019,0.873107235875452,0.0,0.1,228.53726949749816,943.6406734439889,1.0,0.0,0.0,0.0,2.0
31837,0.0033097746301478264,0.7149113201119306,0.0,0.1,241.85875349362644,953.0792605594125,1.0,0.0,0.0,0.0,2.0
31838,0.002674675477912923,0.5777299032291913,0.0,0.1,255.4730890232863,965.1308946781911,1.0,0.0,0.0,0.0,2.0
31839,0.004630249035963506,1.0001337917681172,0.0,0.1,262.06279610186226,971.587696190907,1.0,0.0,0.0,0.0,2.0
31840,0.00599937969693304,1.2958660145375367,0.0,0.1,271.73005869384957,981.3151893796812,1.0,0.0,0.0,0.0,2.0
31841,0.003531708746887357,0.762849089327669,0.0,0.1,279.3125694787944,989.6019898701694,1.0,0.0,0.0,0.0,2.0
31842,0.003931795255049237,0.8492677750906352,0.0,0.1,291.0446614576494,999.2488044096567,1.0,0.0,0.0,0.0,2.0
31843,0.0021216892414099224,0.4582848761445432,0.0,0.1,303.32474418105886,1008.371832349088,1.0,0.0,0.0,0.0,2.0
31844,0.0035608880911172955,0.7691518276813358,0.0,0.1,309.55141845876784,1012.5651224993801,1.0,0.0,0.0,0.0,2.0
31845,0.0016136509276677628,0.34854860037623675,0.0,0.1,322.2769215046835,1021.4173407590699,1.0,0.0,0.0,0.0,2.0
31846,0.0027874006261873205,0.6020785352564613,0.0,0.1,334.49374613503454,1032.4096955662474,1.0,0.0,0.0,0.0,2.0
31847,0.0024194835393481517,0.5226084444992009,0.0,0.1,347.1555904429078,1044.1357703456415,1.0,0.0,0.0,0.0,2.0
31848,0.002332965399059189,0.5039205261967848,0.0,0.1,353.06366267098207,1049.4068724827894,1.0,0.0,0.0,0.0,2.0
31849,0.002365895278452338,0.511033380145705,0.0,0.1,360.96442051964,1058.467458339261,1.0,0.0,0.0,0.0,2.0
31850,0.00269094728597136,0.5812446137698137,0.0,0.1,367.8268165690135,1067.508263758107,1.0,0.0,0.0,0.0,2.0
31851,0.0015017183003861166,0.3243711528834012,0.0,0.1,370.54540108571166,1077.6977861473717,1.0,0.0,0.0,0.0,2.0
31852,0.0007702331966421378,0.16637037047470177,0.0,0.1,372.0608041556807,1088.1490629886302,1.0,0.0,0.0,0.0,2.0
31853,0.0025839245990689533,0.5581277133988939,0.0,0.1,374.4714712013931,1094.002312145113,1.0,0.0,0.0,0.0,2.0
31854,0.0022304114250599437,0.4817688678129478,0.0,0.1,,,1.0,0.0,,,2.0
31855,0.0031149155912881255,0.6728217677182351,0.0,0.1,,,1.0,0.0,,,2.0
31856,0.001027715853302297,0.2219866243132962,0.0,0.1,,,1.0,0.0,,,2.0
31857,0.002883998341081591,0.6229436416736236,0.0,0.1,,,1.0,0.0,,,2.0
31858,0.003107204319395446,0.6711561329894163,0.0,0.1,390.49378054018416,1117.212081119454,1.0,0.0,0.0,0.0,2.0
31859,0.0028821694755647056,0.6225486067219764,0.0,0.1,393.3720041910101,1122.7745174374368,1.0,0.0,0.0,0.0,2.0
31860,0.002145781905090496,0.46348889149954714,0.0,0.1,395.44808779479195,1123.987306681536,1.0,0.0,0.0,0.0,2.0
31861,0.00028504160416214174,0.061568986499022614,1.0,0.1,399.97900678363015,1126.8506390206846,1.0,0.0,0.0,0.0,2.0
31862,0.0019682142326996575,0.42513427426312606,0.0,0.1,403.031104301598,1128.07259281001,1.0,0.0,0.0,0.0,2.0
31863,0.0012218667720030846,0.2639232227526663,0.0,0.1,406.24535490357067,1131.558484320082,1.0,0.0,0.0,0.0,2.0
31864,0.001338833809346102,0.28918810281875806,0.0,0.1,410.6299847891653,1134.6366520778927,1.0,0.0,0.0,0.0,2.0
31865,0.0010010503906674763,0.2162268843841749,0.0,0.1,414.08850665681746,1137.9424908605356,1.0,0.0,0.0,0.0,2.0
31866,0.0012734647858213585,0.27506839373741343,0.0,0.1,,,1.0,0.0,,,2.0
31867,0.0006709372402346741,0.14492244389068962,0.0,0.1,421.7290189162347,1145.3876613453858,1.0,0.0,0.0,0.0,2.0
31868,0.0010832403749217415,0.23397992098309617,0.0,0.1,425.0421317008073,1149.2266230564746,1.0,0.0,0.0,0.0,2.0
31869,0.0017441955917734434,0.3767462478230638,0.0,0.1,430.6781029759923,1156.9762487209077,1.0,0.0,0.0,0.0,2.0
31870,0.00017995621587900255,0.03887054262986456,1.0,0.1,437.50925647753076,1164.6760872930818,1.0,0.0,0.0,0.0,2.0
31871,0.002570762374135218,0.555284672813207,0.0,0.1,441.69039164447247,1169.0119810120248,1.0,0.0,0.0,0.0,2.0
31872,0.0016954020824402527,0.3662068498070946,0.0,0.1,,,1.0,0.0,,,2.0
31873,0.004119870017441374,0.8898919237673368,0.0,0.1,453.53371606993784,1183.2113095409327,1.0,0.0,0.0,0.0,2.0
31874,0.0014522193113592232,0.3136793712535922,0.0,0.1,460.13927799725053,1191.3181325785165,1.0,0.0,0.0,0.0,2.0
31875,0.00341890419785099,0.7384833067358137,0.0,0.1,465.8002423892428,1198.9138923100775,1.0,0.0,0.0,0.0,2.0
31876,0.0021450850410537356,0.46333836886760693,0.0,0.1,472.5932938144033,1209.6586071628083,1.0,0.0,0.0,0.0,2.0
31877,0.0016073281278139798,0.34718287560781963,0.0,0.1,479.7325087293557,1219.6748675131307,1.0,0.0,0.0,0.0,2.0
31878,0.0008447018189154671,0.18245559288574092,0.0,0.1,487.45100031556143,1231.9410153511092,1.0,0.0,0.0,0.0,2.0
31879,0.0007586720820625017,0.1638731697255004,0.0,0.1,490.60035071160854,1237.0605501833554,1.0,0.0,0.0,0.0,2.0
31880,0.0012716236125844041,0.2746707003182313,0.0,0.1,492.11670545813456,1239.687402704068,1.0,0.0,0.0,0.0,2.0
31881,0.0012513801663245235,0.2702981159260971,0.0,0.1,497.8482199769936,1247.1196869961718,1.0,0.0,0.0,0.0,2.0
31882,0.0005564609860146364,0.12019557297916147,0.0,0.1,495.78436366066734,1246.8003003655056,1.0,0.0,0.0,0.0,2.0
31883,0.0005235330228600751,0.11308313293777623,0.0,0.1,496.654275857876,1249.135106477999,1.0,0.0,0.0,0.0,2.0
31884,0.0006243064313534292,0.13485018917234073,0.0,0.1,496.788213095055,1250.5368279021532,1.0,0.0,0.0,0.0,2.0
31885,0.0005213242858640057,0.11260604574662524,0.0,0.1,495.5496443969385,1252.0655715256908,1.0,0.0,0.0,0.0,2.0
31886,0.00040582338606968266,0.08765785139105145,1.0,0.1,492.52309203687923,1252.8576034681264,1.0,0.0,0.0,0.0,2.0
31887,0.001969403177530265,0.4253910863465372,0.0,0.1,489.14289551457705,1252.8921927793347,1.0,0.0,0.0,0.0,2.0
31888,0.0014774316090254399,0.319125227549495,0.0,0.1,484.9922857199686,1251.5229663780497,1.0,0.0,0.0,0.0,2.0
31889,0.0010586932542173452,0.22867774291094659,0.0,0.1,482.28362565274875,1250.2318225174065,1.0,0.0,0.0,0.0,2.0
31890,0.0004469533423522805,0.0965419219480926,1.0,0.1,478.96410838715735,1248.6715244126874,1.0,0.0,0.0,0.0,2.0
31891,0.000624448237297458,0.13488081925625095,0.0,0.1,471.8939992586059,1242.8726740318452,1.0,0.0,0.0,0.0,2.0
31892,0.00017834065761211635,0.038521582044217136,1.0,0.1,467.0084849829114,1236.6403967567085,1.0,0.0,0.0,0.0,2.0
31893,0.00044540228947485393,0.09620689452656846,1.0,0.1,464.2756564993137,1233.4236777126716,1.0,0.0,0.0,0.0,2.0
31894,0.0003166240190030067,0.06839078810464945,1.0,0.1,,,1.0,0.0,,,2.0
31895,0.0011558675751370624,0.24966739622960551,0.0,0.1,,,1.0,0.0,,,2.0
31896,0.0006943357409203785,0.14997652003880177,0.0,0.1,,,1.0,0.0,,,2.0
31897,0.0002318579380907756,0.05008131462760754,1.0,0.1,,,1.0,0.0,,,2.0
31898,0.0011398176101569148,0.24620060379389358,0.0,0.1,462.52348070661697,1221.7985381168992,1.0,0.0,0.0,0.0,2.0
31899,,,,0.1,461.62628923159974,1219.5485547189544,1.0,0.0,0.0,0.0,2.0
31900,,,,0.1,456.5230538657573,1214.9417293058896,,,0.0,0.0,2.0
31901,,,,0.1,,,1.0,0.0,,,2.0
31902,,,,0.1,,,,,,,2.0
31903,,,,0.1,,,1.0,0.0,,,2.0
31904,,,,0.1,,,,,,,2.0
31905,,,,0.1,360.13537757326304,1053.1851376514003,,,0.0,0.0,2.0
31906,,,,0.1,360.012928551879,1052.8624476775835,,,0.0,0.0,2.0
31907,,,,0.1,360.1473172211043,1053.000498972738,,,0.0,0.0,2.0
31908,,,,0.1,,,,,,,2.0
31909,,,,0.1,,,,,,,2.0
31910,,,,0.1,,,,,,,2.0
31911,,,,0.1,,,,,,,2.0
31912,,,,0.1,,,,,,,2.0
31913,,,,0.1,,,,,,,2.0
31914,,,,0.1,,,,,,,2.0
31915,,,,0.1,,,,,,,2.0
31916,,,,0.1,,,,,,,2.0
31917,,,,0.1,,,,,,,2.0
31918,,,,0.1,,,,,,,2.0
31919,,,,0.1,,,,,,,2.0
31920,,,,0.1,,,,,,,2.0
31921,,,,0.1,,,,,,,2.0
31922,,,,0.1,,,,,,,2.0
31923,,,,0.1,,,,,,,2.0
31924,,,,0.1,365.2342008308872,1059.1176208852128,,,0.0,0.0,2.0
31925,,,,0.1,430.47025539385936,1201.7512683269822,,,0.0,0.0,2.0
31926,,,,0.1,,,,,,,2.0
31927,,,,0.1,439.1329755835427,1211.9681552084423,,,0.0,0.0,2.0
31928,7.980146223361083e-05,0.017237115842459943,1.0,0.1,447.14656908466145,1222.4675890649469,1.0,0.0,0.0,0.0,2.0
31929,0.0015705883813439494,0.33924709037029305,0.0,0.1,452.4059935948603,1227.6800105323034,1.0,0.0,0.0,0.0,2.0
31930,0.0005054258410588971,0.10917198166872177,0.0,0.1,461.08287533285437,1235.4547852139142,1.0,0.0,0.0,0.0,2.0
31931,0.0016566133145376248,0.35782847594012696,0.0,0.1,468.78157907103406,1245.2319339713333,1.0,0.0,0.0,0.0,2.0
31932,0.0003738040559873121,0.08074167609325941,1.0,0.1,469.10822003783085,1248.2655010956607,1.0,0.0,0.0,0.0,2.0
31933,0.00020220375952882167,0.04367601205822549,1.0,0.1,473.13544312201765,1253.4039874046498,1.0,0.0,0.0,0.0,2.0
31934,0.000806552546646951,0.17421535007574143,0.0,0.1,474.26054772588276,1255.3149072921842,1.0,0.0,0.0,0.0,2.0
31935,1.4401362077649455e-05,0.0031106942087722822,1.0,0.1,,,1.0,0.0,,,2.0
31936,0.00041732363077389887,0.09014190424716216,1.0,0.1,,,1.0,0.0,,,2.0
31937,0.00027292256925182654,0.058951274958394535,1.0,0.1,,,1.0,0.0,,,2.0
31938,0.00038352455157620463,0.0828413031404602,1.0,0.1,,,1.0,0.0,,,2.0
31939,0.000469461594860303,0.10140370448982544,0.0,0.1,,,1.0,0.0,,,2.0
31940,0.0002750625469472506,0.05941351014060612,1.0,0.1,,,1.0,0.0,,,2.0
31941,0.0005170558310396494,0.11168405950456428,0.0,0.1,,,1.0,0.0,,,2.0
31942,0.00026916072271981217,0.058138716107479435,1.0,0.1,,,1.0,0.0,,,2.0
31943,0.0008020693683658518,0.17324698356702398,0.0,0.1,,,1.0,0.0,,,2.0
31944,0.0007940809022420012,0.17152147488427227,0.0,0.1,,,1.0,0.0,,,2.0
31945,0.0005473636859547367,0.11823055616622315,0.0,0.1,,,1.0,0.0,,,2.0
31946,0.00021952824459931533,0.04741810083345211,1.0,0.1,,,1.0,0.0,,,2.0
31947,0.0009348492550954072,0.20192743910060795,0.0,0.1,,,1.0,0.0,,,2.0
31948,0.0004009917613867943,0.08661422045954756,1.0,0.1,,,1.0,0.0,,,2.0
31949,0.0010664684020800824,0.23035717484929782,0.0,0.1,,,1.0,0.0,,,2.0
31950,0.0008430671717555359,0.18210250909919576,0.0,0.1,,,1.0,0.0,,,2.0
31951,0.0002759472227230605,0.05960460010818106,1.0,0.1,,,1.0,0.0,,,2.0
31952,0.0005345263384894415,0.11545768911371936,0.0,0.1,,,1.0,0.0,,,2.0
31953,0.0004468483126876345,0.09651923554052906,1.0,0.1,,,1.0,0.0,,,2.0
31954,0.0003330382761372249,0.07193626764564058,1.0,0.1,,,1.0,0.0,,,2.0
31955,0.00020593363816422537,0.044481665843472684,1.0,0.1,,,1.0,0.0,,,2.0
31956,,,,0.1,,,1.0,0.0,,,2.0
31957,,,,0.1,,,,,,,2.0
31958,,,,0.1,,,,,,,2.0
31959,,,,0.1,,,,,,,2.0
31960,,,,0.1,,,,,,,2.0
31961,,,,0.1,,,,,,,2.0
31962,,,,0.1,,,,,,,2.0
31963,,,,0.1,,,,,,,2.0
31964,,,,0.1,,,,,,,2.0
31965,,,,0.1,,,,,,,2.0
31966,0.0006210722906370397,0.1341516147776006,0.0,0.1,,,1.0,0.0,,,2.0
31967,0.0011215540199973864,0.24225566831943549,0.0,0.1,,,1.0,0.0,,,2.0
31968,,,,0.1,,,1.0,0.0,,,2.0
31969,,,,0.1,,,,,,,2.0
31970,,,,0.1,,,,,,,2.0
31971,,,,0.1,,,,,,,2.0
31972,,,,0.1,,,,,,,2.0
31973,,,,0.1,,,,,,,2.0
31974,,,,0.1,,,,,,,2.0
31975,,,,0.1,393.74947691985795,1152.2642768649364,,,0.0,0.0,2.0
31976,,,,0.1,,,,,,,2.0
31977,,,,0.1,,,,,,,2.0
31978,0.0005577229076123871,0.12046814804427564,0.0,0.1,,,1.0,0.0,,,2.0
31979,0.0018552973846499663,0.4007442350843927,0.0,0.1,401.86825901796476,1178.4487188090134,1.0,0.0,0.0,0.0,2.0
31980,0.002312625854904522,0.49952718465937684,0.0,0.1,,,1.0,0.0,,,2.0
31981,0.001214385105470294,0.26230718278158355,0.0,0.1,392.87197949421767,1178.167262490094,1.0,0.0,0.0,0.0,2.0
31982,0.0009977137365194898,0.2155061670882098,0.0,0.1,,,1.0,0.0,,,2.0
31983,0.0025625232317220896,0.5535050180519714,0.0,0.1,,,1.0,0.0,,,2.0
31984,0.0026522603400691517,0.5728882334549368,0.0,0.1,,,1.0,0.0,,,2.0
31985,0.0027659127833801547,0.5974371612101135,0.0,0.1,351.32002851030717,1158.4157042391635,1.0,0.0,0.0,0.0,2.0
31986,0.0018315829185682128,0.39562191041073397,0.0,0.1,339.6672308417796,1148.5646450255301,1.0,0.0,0.0,0.0,2.0
31987,0.0006815882588516247,0.14722306391195095,0.0,0.1,331.5180040350682,1140.3561430895381,1.0,0.0,0.0,0.0,2.0
31988,0.00113748390213513,0.2456965228611881,0.0,0.1,328.0316556255513,1134.9304082746578,1.0,0.0,0.0,0.0,2.0
31989,0.0014098150295943298,0.3045200463923753,0.0,0.1,327.330427552762,1128.497754584707,1.0,0.0,0.0,0.0,2.0
31990,0.0016701203447393518,0.3607459944637,0.0,0.1,324.00631144642426,1123.4738519244315,1.0,0.0,0.0,0.0,2.0
31991,0.0017290148084268995,0.37346719862021033,0.0,0.1,317.4606783299056,1115.9484284366836,1.0,0.0,0.0,0.0,2.0
31992,0.00240431731595156,0.519332540245537,0.0,0.1,312.2457461600953,1110.586678466821,1.0,0.0,0.0,0.0,2.0
31993,0.0023701540532988703,0.511953275512556,0.0,0.1,301.4293915876514,1098.3803010490378,1.0,0.0,0.0,0.0,2.0
31994,0.0026223186164871615,0.5664208211612269,0.0,0.1,293.31129032412287,1089.7188090239495,1.0,0.0,0.0,0.0,2.0
31995,0.00181885371659784,0.39287240278513347,0.0,0.1,290.6898286013292,1088.2354439745525,1.0,0.0,0.0,0.0,2.0
31996,0.0015676856002266764,0.3386200896489621,0.0,0.1,285.38755509018057,1085.656732383591,1.0,0.0,0.0,0.0,2.0
31997,0.0009622421110579563,0.20784429598851856,0.0,0.1,276.89069736774684,1079.4401663081549,1.0,0.0,0.0,0.0,2.0
31998,0.001405337616665034,0.3035529251996473,0.0,0.1,263.4737132215393,1066.2838408527034,1.0,0.0,0.0,0.0,2.0
31999,0.0007912408667102822,0.17090802720942097,0.0,0.1,255.6066489048645,1060.1593825184007,1.0,0.0,0.0,0.0,2.0
32000,0.0009807719881777942,0.21184674944640355,0.0,0.1,250.4112364245082,1058.033789557176,1.0,0.0,0.0,0.0,2.0
32001,0.0010824706685853482,0.2338136644144352,0.0,0.1,248.83280464134015,1057.6817226019898,1.0,0.0,0.0,0.0,2.0
32002,0.00020807461736876404,0.04494411735165303,1.0,0.1,246.9884394890209,1055.9200521719358,1.0,0.0,0.0,0.0,2.0
32003,0.0011587661004161369,0.2502934776898856,0.0,0.1,245.53317755767893,1055.7085728792617,1.0,0.0,0.0,0.0,2.0
32004,0.0006012299599444383,0.12986567134799867,0.0,0.1,243.74798140157642,1053.6746369272364,1.0,0.0,0.0,0.0,2.0
32005,0.0003862547396846583,0.0834310237718862,1.0,0.1,241.75486650156827,1051.4587206621525,1.0,0.0,0.0,0.0,2.0
32006,0.0004876690196691689,0.10533650824854049,0.0,0.1,240.1727240520353,1048.541134374067,1.0,0.0,0.0,0.0,2.0
32007,0.00047577720707755897,0.10276787672875273,0.0,0.1,236.9218161789723,1041.4382372395498,1.0,0.0,0.0,0.0,2.0
32008,0.0014877204898950873,0.32134762581733883,0.0,0.1,235.05086814062335,1036.4336301428198,1.0,0.0,0.0,0.0,2.0
32009,0.0005281134629779084,0.11407250800322821,0.0,0.1,233.26983419633066,1027.855504353825,1.0,0.0,0.0,0.0,2.0
32010,0.0005482180720253024,0.11841510355746533,0.0,0.1,230.23590359529052,1022.259930690684,1.0,0.0,0.0,0.0,2.0
32011,0.0007829124361349502,0.16910908620514925,0.0,0.1,227.81228961886012,1015.28621341715,1.0,0.0,0.0,0.0,2.0
32012,0.001269093973206749,0.27412429821265777,0.0,0.1,228.5408899987884,1011.9477622201173,1.0,0.0,0.0,0.0,2.0
32013,0.001899700552886113,0.4103353194234004,0.0,0.1,228.22634500290056,1009.0609035564448,1.0,0.0,0.0,0.0,2.0
32014,0.0007931766775205043,0.1713261623444289,0.0,0.1,231.7996514602161,1008.9962336859412,1.0,0.0,0.0,0.0,2.0
32015,0.0005488140533606383,0.11854383552589787,0.0,0.1,230.44850364701492,1008.2513306558648,1.0,0.0,0.0,0.0,2.0
32016,0.00041507114833221146,0.08965536803975768,1.0,0.1,227.82363756020092,1007.6556159329538,1.0,0.0,0.0,0.0,2.0
32017,5.801001049667606e-05,0.012530162267282029,1.0,0.1,221.74866419067988,1002.3691992330981,1.0,0.0,0.0,0.0,2.0
32018,0.0007276021159335383,0.1571620570416443,0.0,0.1,216.4750437862811,994.904646344453,1.0,0.0,0.0,0.0,2.0
32019,0.00040894176561424243,0.08833142137267637,1.0,0.1,214.25503581600285,991.8600636605929,1.0,0.0,0.0,0.0,2.0
32020,0.0015173023632506011,0.32773731046212984,0.0,0.1,205.31678701865573,984.7027987709901,1.0,0.0,0.0,0.0,2.0
32021,0.0007336637004400675,0.15847135929505457,0.0,0.1,198.03643186743858,978.4985149923007,1.0,0.0,0.0,0.0,2.0
32022,,,,0.1,193.05502278024738,973.5326215827101,1.0,0.0,0.0,0.0,2.0
32023,,,,0.1,190.16029708433783,970.4558656706979,,,0.0,0.0,2.0
32024,0.0011749596050123292,0.25379127468266316,0.0,0.1,187.5303787002881,967.2157458545003,1.0,0.0,0.0,0.0,2.0
32025,0.00019090278779983804,0.041235002164765014,1.0,0.1,181.52951026352255,959.4627483978134,1.0,0.0,0.0,0.0,2.0
32026,0.0005382184837854597,0.11625519249765931,0.0,0.1,176.533919897427,955.7005830149175,1.0,0.0,0.0,0.0,2.0
32027,0.0005622778048634411,0.12145200585050328,0.0,0.1,172.41968291406565,954.2456738699932,1.0,0.0,0.0,0.0,2.0
32028,0.0016714994869224476,0.3610438891752487,0.0,0.1,172.15596275138788,954.4765698043027,1.0,0.0,0.0,0.0,2.0
32029,0.0013726117259043832,0.29648413279534674,0.0,0.1,172.16964393021456,955.4949221648891,1.0,0.0,0.0,0.0,2.0
32030,0.0008868549287301984,0.19156066460572285,0.0,0.1,169.6398813555597,955.7877676905824,1.0,0.0,0.0,0.0,2.0
32031,0.0010221976091079465,0.22079468356731644,0.0,0.1,163.85742566466604,951.903180464887,1.0,0.0,0.0,0.0,2.0
32032,0.00032973738901024077,0.071223276026212,1.0,0.1,157.8794829551096,945.741398169976,1.0,0.0,0.0,0.0,2.0
32033,0.00026805271197552526,0.05789938578671346,1.0,0.1,153.6523487869447,942.2338861676803,1.0,0.0,0.0,0.0,2.0
32034,0.00024383132847535658,0.05266756695067702,1.0,0.1,149.90360777582305,937.7443538730918,1.0,0.0,0.0,0.0,2.0
32035,0.00023677404232621592,0.05114319314246264,1.0,0.1,151.74702165700307,936.2114325988897,1.0,0.0,0.0,0.0,2.0
32036,8.463656724549781e-05,0.01828149852502753,1.0,0.1,150.08555125445497,932.1080422336427,1.0,0.0,0.0,0.0,2.0
32037,0.0005143942879936901,0.11110916620663708,0.0,0.1,,,1.0,0.0,,,2.0
32038,0.0005763652856973447,0.12449490171062645,0.0,0.1,,,1.0,0.0,,,2.0
32039,0.0006897415543347358,0.14898417573630293,0.0,0.1,,,1.0,0.0,,,2.0
32040,0.00025697752130785943,0.055507144602497636,1.0,0.1,,,1.0,0.0,,,2.0
32041,0.0003503192846410327,0.07566896548246307,1.0,0.1,,,1.0,0.0,,,2.0
32042,,,,0.1,,,1.0,0.0,,,2.0
32043,,,,0.1,,,,,,,2.0
32044,0.0004466882231130391,0.09648465619241645,1.0,0.1,,,1.0,0.0,,,2.0
32045,0.0010205725023753034,0.22044366051306555,0.0,0.1,,,1.0,0.0,,,2.0
32046,7.87339923150302e-05,0.017006542340046525,1.0,0.1,,,1.0,0.0,,,2.0
32047,0.0010447931892739832,0.22567532888318037,0.0,0.1,,,1.0,0.0,,,2.0
32048,0.0008171325920600137,0.17650063988496295,0.0,0.1,,,1.0,0.0,,,2.0
32049,0.000513162676765967,0.11084313818144888,0.0,0.1,,,1.0,0.0,,,2.0
32050,0.000167882475189593,0.03626261464095209,1.0,0.1,,,1.0,0.0,,,2.0
32051,0.0013341103468557584,0.2881678349208438,0.0,0.1,,,1.0,0.0,,,2.0
32052,0.0019489806825974067,0.42097982744103984,0.0,0.1,,,1.0,0.0,,,2.0
32053,0.0007272477104203376,0.15708550545079292,0.0,0.1,,,1.0,0.0,,,2.0
32054,0.0006027487784752332,0.13019373615065039,0.0,0.1,,,1.0,0.0,,,2.0
32055,0.0012401491976078525,0.26787222668329613,0.0,0.1,,,1.0,0.0,,,2.0
32056,0.0013629223832368489,0.2943912347791594,0.0,0.1,,,1.0,0.0,,,2.0
32057,0.0009557339672884938,0.20643853693431466,0.0,0.1,,,1.0,0.0,,,2.0
32058,0.0011681844467578458,0.2523278404996947,0.0,0.1,,,1.0,0.0,,,2.0
32059,0.00033773163356331327,0.07295003284967568,1.0,0.1,,,1.0,0.0,,,2.0
32060,0.0004893001302827071,0.10568882814106473,0.0,0.1,,,1.0,0.0,,,2.0
32061,0.00013971007595847614,0.03017737640703085,1.0,0.1,,,1.0,0.0,,,2.0
32062,0.00023310585284429204,0.05035086421436708,1.0,0.1,,,1.0,0.0,,,2.0
32063,0.0004282303893363507,0.09249776409665175,1.0,0.1,,,1.0,0.0,,,2.0
32064,0.0004469297959596353,0.09653683592728123,1.0,0.1,,,1.0,0.0,,,2.0
32065,0.00014906864486689957,0.03219882729125031,1.0,0.1,,,1.0,0.0,,,2.0
32066,0.0004530746980679789,0.09786413478268344,1.0,0.1,,,1.0,0.0,,,2.0
32067,0.0004315940023775424,0.09322430451354916,1.0,0.1,,,1.0,0.0,,,2.0
32068,0.00026272768485838656,0.056749179929411496,1.0,0.1,,,1.0,0.0,,,2.0
32069,0.0005901110591081995,0.12746398876737108,0.0,0.1,,,1.0,0.0,,,2.0
32070,0.00042666352199681484,0.09215932075131202,1.0,0.1,,,1.0,0.0,,,2.0
32071,0.0003691042166116834,0.07972651078812361,1.0,0.1,,,1.0,0.0,,,2.0
32072,0.0005933407618173686,0.1281616045525516,0.0,0.1,,,1.0,0.0,,,2.0
32073,0.0002935597972213698,0.06340891619981587,1.0,0.1,,,1.0,0.0,,,2.0
32074,0.0005248400231987826,0.11336544501093705,0.0,0.1,,,1.0,0.0,,,2.0
32075,0.00011726412443927164,0.025329050878882677,1.0,0.1,154.8893426398483,795.0732205383061,1.0,0.0,0.0,0.0,2.0
32076,0.0004456816040372066,0.09626722647203663,1.0,0.1,146.0498864849372,795.8098442826652,1.0,0.0,0.0,0.0,2.0
32077,0.00028178342305109234,0.06086521937903595,1.0,0.1,140.0668609897114,795.2611192191737,1.0,0.0,0.0,0.0,2.0
32078,0.00044743913172842477,0.09664685245333975,1.0,0.1,137.21686346488067,795.22372997736,1.0,0.0,0.0,0.0,2.0
32079,0.0003047961230051946,0.06583596256912203,1.0,0.1,130.84453089820744,798.0781357710705,1.0,0.0,0.0,0.0,2.0
32080,0.0003348178223058301,0.0723206496180593,1.0,0.1,124.6222598812543,803.8240372090346,1.0,0.0,0.0,0.0,2.0
32081,0.0003870804148407976,0.08360936960561229,1.0,0.1,118.52802024945326,803.4590059218851,1.0,0.0,0.0,0.0,2.0
32082,0.000513031735821619,0.1108148549374697,0.0,0.1,113.74872066733361,806.2892240699516,1.0,0.0,0.0,0.0,2.0
32083,0.0012003657477385786,0.259279001511533,0.0,0.1,104.95525038775479,810.1513975695989,1.0,0.0,0.0,0.0,2.0
32084,,,,0.1,99.08187206705948,813.0198123226571,1.0,0.0,0.0,0.0,2.0
32085,,,,0.1,92.72483824209019,814.6924623938362,,,0.0,0.0,2.0
32086,0.0011375807321983042,0.2457174381548337,0.0,0.1,89.62887806639453,814.682352507888,1.0,0.0,0.0,0.0,2.0
32087,,,,0.1,88.46232717242499,814.7507632536386,1.0,0.0,0.0,0.0,2.0
32088,,,,0.1,86.37807856016873,814.7871171911031,,,0.0,0.0,2.0
32089,0.0013356636668102131,0.2885033520310061,0.0,0.1,85.39881520473065,815.4195295019789,1.0,0.0,0.0,0.0,2.0
32090,0.001384844972323319,0.29912651402183693,0.0,0.1,83.36919950242078,815.833631343768,1.0,0.0,0.0,0.0,2.0
32091,,,,0.1,82.14645865476767,816.0655093592077,1.0,0.0,0.0,0.0,2.0
32092,,,,0.1,80.64844557971723,816.537615737146,,,0.0,0.0,2.0
32093,0.0012349676180352918,0.26675300549562303,0.0,0.1,77.44378406799483,818.3784464687593,1.0,0.0,0.0,0.0,2.0
32094,0.0005484876212889779,0.11847332619841924,0.0,0.1,75.16428213644495,819.2985336201303,1.0,0.0,0.0,0.0,2.0
32095,0.00015023573628675233,0.0324509190379385,1.0,0.1,70.80572519827831,822.4260657895979,1.0,0.0,0.0,0.0,2.0
32096,0.0007270191273962475,0.15703613151758947,0.0,0.1,70.69681395505428,821.9526752709814,1.0,0.0,0.0,0.0,2.0
32097,0.0007122913958643236,0.1538549415066939,0.0,0.1,69.42290867612354,822.1893082181371,1.0,0.0,1.0,0.0,2.0
32098,0.0005839372272249942,0.12613044108059876,0.0,0.1,66.07527070458308,824.5247877823149,1.0,0.0,1.0,0.0,2.0
32099,0.001143969252656433,0.24709735857378953,0.0,0.1,65.3043507406896,824.5243299861321,1.0,0.0,1.0,0.0,2.0
32100,0.00014281462603736724,0.030847959224071325,1.0,0.1,64.96912279017488,824.5710865544804,1.0,0.0,1.0,0.0,2.0
32101,0.0002230146823338654,0.04817117138411493,1.0,0.1,63.7095703820899,824.0383009284193,1.0,0.0,1.0,0.0,2.0
32102,0.0007344438285295869,0.1586398669623908,0.0,0.1,60.77198409660145,823.5519890747591,1.0,0.0,1.0,0.0,2.0
32103,0.0010669475815408402,0.23046067761282146,0.0,0.1,58.16601485930017,824.6338844323001,1.0,0.0,1.0,0.0,2.0
32104,0.00044032380851378127,0.09510994263897675,1.0,0.1,57.11821384865067,824.9273521371863,1.0,0.0,1.0,0.0,2.0
32105,0.0005597576370582887,0.12090764960459037,0.0,0.1,56.9881718687001,824.6410118786481,1.0,0.0,1.0,0.0,2.0
32106,0.0001661338931856753,0.035884920928105864,1.0,0.1,50.35920422591193,830.7706102245052,1.0,0.0,1.0,0.0,2.0
32107,0.0007559702535808507,0.16328957477346376,0.0,0.1,40.91255459620833,841.5680381674213,1.0,0.0,1.0,0.0,2.0
32108,0.00030134889956912227,0.06509136230693041,1.0,0.1,35.36749942938809,847.0297789563028,1.0,0.0,1.0,0.0,2.0
32109,0.0006430264357279834,0.13889371011724444,0.0,0.1,32.59838989065366,850.12671542754,1.0,0.0,1.0,0.0,2.0
32110,0.0004182234794296688,0.09033627155680847,1.0,0.1,28.961341283778275,856.1857900771099,1.0,0.0,1.0,0.0,2.0
32111,0.0006901696124775333,0.1490766362951472,0.0,0.1,,,1.0,0.0,,,2.0
32112,0.00029105307953973146,0.06286746518058199,1.0,0.1,,,1.0,0.0,,,2.0
32113,0.0005829676439058741,0.12592101108366882,0.0,0.1,,,1.0,0.0,,,2.0
32114,0.0002277177374102887,0.04918703128062236,1.0,0.1,,,1.0,0.0,,,2.0
32115,0.0006983456418247526,0.15084265863414656,0.0,0.1,,,1.0,0.0,,,2.0
32116,0.0018529498737761712,0.40023717273565296,0.0,0.1,,,1.0,0.0,,,2.0
32117,0.0006205918359547501,0.13404783656622601,0.0,0.1,,,1.0,0.0,,,2.0
32118,0.0023144544966804616,0.4999221712829797,0.0,0.1,,,1.0,0.0,,,2.0
32119,0.0018385777457680923,0.39713279308590793,0.0,0.1,57.01413572326641,888.2227987182008,1.0,0.0,1.0,0.0,2.0
32120,0.00052070145767328,0.11247151485742848,0.0,0.1,63.70182263894132,891.5448153766399,1.0,0.0,1.0,0.0,2.0
32121,,,,0.1,,,1.0,0.0,,,2.0
32122,,,,0.1,,,,,,,2.0
32123,0.002679129838951027,0.5786920452134218,0.0,0.1,,,1.0,0.0,,,2.0
32124,0.0016673696941767303,0.36015185394217375,0.0,0.1,103.45161418867771,909.004393285421,1.0,0.0,0.0,0.0,2.0
32125,0.0006525666170520095,0.14095438928323406,0.0,0.1,,,1.0,0.0,,,2.0
32126,0.0005606403571771753,0.12109831715026988,0.0,0.1,,,1.0,0.0,,,2.0
32127,0.0005957909776113239,0.12869085116404597,0.0,0.1,,,1.0,0.0,,,2.0
32128,0.0006078005843006978,0.13128492620895071,0.0,0.1,,,1.0,0.0,,,2.0
32129,0.0006766589127222412,0.14615832514800411,0.0,0.1,,,1.0,0.0,,,2.0
32130,0.0006385641854776324,0.1379298640631686,0.0,0.1,,,1.0,0.0,,,2.0
32131,0.001035693630067013,0.2237098240944748,0.0,0.1,154.65275546042935,929.5849849675277,1.0,0.0,0.0,0.0,2.0
32132,0.0004392383399242833,0.0948754814236452,1.0,0.1,155.8383265856035,929.5778463854666,1.0,0.0,0.0,0.0,2.0
32133,7.651588098813208e-05,0.016527430293436528,1.0,0.1,160.25484715196555,931.632072368799,1.0,0.0,0.0,0.0,2.0
32134,0.00027699539808917023,0.059831005987260766,1.0,0.1,161.61586784474588,932.4023803546321,1.0,0.0,0.0,0.0,2.0
32135,0.0003490028937142864,0.07538462504228585,1.0,0.1,,,1.0,0.0,,,2.0
32136,0.0009362476026800226,0.20222948217888487,0.0,0.1,,,1.0,0.0,,,2.0
32137,0.00019055789157478896,0.04116050458015442,1.0,0.1,,,1.0,0.0,,,2.0
32138,0.00023981297970520474,0.05179960361632422,1.0,0.1,,,1.0,0.0,,,2.0
32139,0.0002491931124388997,0.05382571228680234,1.0,0.1,160.13824798426316,932.7728795032153,1.0,0.0,0.0,0.0,2.0
32140,0.0003721794014689887,0.08039075071730156,1.0,0.1,159.83229174381674,932.688579402131,1.0,0.0,0.0,0.0,2.0
32141,0.0006742121338855694,0.14562982091928298,0.0,0.1,158.94074689173613,933.426062896014,1.0,0.0,0.0,0.0,2.0
32142,0.0002900855338459378,0.06265847531072258,1.0,0.1,156.91213312291197,932.5255103607939,1.0,0.0,0.0,0.0,2.0
32143,0.00018097687350271337,0.039091004676586084,1.0,0.1,156.41244994900336,932.5669127827084,1.0,0.0,0.0,0.0,2.0
32144,0.00018152030375910658,0.039208385611967024,1.0,0.1,156.5899692578029,932.9081963628829,1.0,0.0,0.0,0.0,2.0
32145,8.487648345650281e-05,0.018333320426604606,1.0,0.1,156.6451657246039,933.5320578676115,1.0,0.0,0.0,0.0,2.0
32146,0.00014362297116940758,0.03102256177259204,1.0,0.1,156.58746619113083,933.7345735485693,1.0,0.0,0.0,0.0,2.0
32147,0.00025146836767658457,0.05431716741814227,1.0,0.1,156.01357181377142,932.9421868933649,1.0,0.0,0.0,0.0,2.0
32148,8.883966967142749e-05,0.019189368649028336,1.0,0.1,155.95348100734583,932.4329385719327,1.0,0.0,0.0,0.0,2.0
32149,3.063796325440687e-05,0.006617800062951883,1.0,0.1,156.42690758792008,931.8843534365176,1.0,0.0,0.0,0.0,2.0
32150,9.92463449886834e-05,0.021437210517555618,1.0,0.1,156.0159594285587,931.9892902205044,1.0,0.0,0.0,0.0,2.0
32151,9.906911683449229e-05,0.021398929236250336,1.0,0.1,156.34367333224102,932.0756931140135,1.0,0.0,0.0,0.0,2.0
32152,4.5050844874728796e-05,0.00973098249294142,1.0,0.1,156.45609149547533,932.4011030364345,1.0,0.0,0.0,0.0,2.0
32153,0.00011315803123413754,0.02444213474657371,1.0,0.1,157.19211638236112,932.7080855210297,1.0,0.0,0.0,0.0,2.0
32154,0.0001781542426028169,0.03848131640220845,1.0,0.1,156.98701802229596,932.6220279460719,1.0,0.0,0.0,0.0,2.0
32155,4.1440725388272584e-05,0.008951196683866878,1.0,0.1,156.5785728182692,931.4612458686978,1.0,0.0,0.0,0.0,2.0
32156,0.00010087833702148032,0.02178972079663975,1.0,0.1,157.17749259323386,931.6034686921045,1.0,0.0,0.0,0.0,2.0
32157,9.105939448612571e-05,0.019668829209003154,1.0,0.1,157.60347807793252,931.6908441421539,1.0,0.0,0.0,0.0,2.0
32158,0.0005253549474664703,0.11347666865275759,0.0,0.1,157.3928799727797,931.1938410410036,1.0,0.0,0.0,0.0,2.0
32159,0.00036349100016801986,0.07851405603629229,1.0,0.1,157.0769234480727,930.3767587435839,1.0,0.0,0.0,0.0,2.0
32160,6.974311508671746e-05,0.015064512858730972,1.0,0.1,156.83206879451126,930.2106588450847,1.0,0.0,0.0,0.0,2.0
32161,3.254757590242758e-05,0.007030276394924357,1.0,0.1,156.42139195965248,929.253772903008,1.0,0.0,0.0,0.0,2.0
32162,8.454931718166205e-05,0.018262652511239003,1.0,0.1,157.40262157891615,928.9922022969072,1.0,0.0,0.0,0.0,2.0
32163,8.29276717308968e-05,0.01791237709387371,1.0,0.1,156.8511033595806,927.3434879685083,1.0,0.0,0.0,0.0,2.0
32164,0.0001612125621319665,0.034821913420504766,1.0,0.1,157.46583109946135,926.9833621644354,1.0,0.0,0.0,0.0,2.0
32165,0.0002322960280205426,0.0501759420524372,1.0,0.1,158.67601077253175,928.8714629888545,1.0,0.0,0.0,0.0,2.0
32166,3.157178393520706e-05,0.006819505330004725,1.0,0.1,158.88764243555534,929.0619086373429,1.0,0.0,0.0,0.0,2.0
32167,0.0005392009283994128,0.11646740053427317,0.0,0.1,,,1.0,0.0,,,2.0
32168,9.127573686128519e-05,0.019715559162037603,1.0,0.1,159.59148003490165,930.771601495196,1.0,0.0,0.0,0.0,2.0
32169,0.00017463235243522708,0.03772058812600906,1.0,0.1,159.9262836051994,930.9412230448604,1.0,0.0,0.0,0.0,2.0
32170,0.00012458416632481358,0.026910179926159735,1.0,0.1,160.13097802861896,930.4072380461866,1.0,0.0,0.0,0.0,2.0
32171,0.00032491440485454685,0.07018151144858213,1.0,0.1,160.36711553872448,930.5273402150797,1.0,0.0,0.0,0.0,2.0
32172,0.00016273912891627242,0.035151651845914844,1.0,0.1,,,1.0,0.0,,,2.0
32173,0.0001144859930072338,0.0247289744895625,1.0,0.1,160.71450342893283,930.3033261779709,1.0,0.0,0.0,0.0,2.0
32174,0.00019046612728686595,0.04114068349396305,1.0,0.1,161.03235059608565,929.8175118003836,1.0,0.0,0.0,0.0,2.0
32175,0.00015451215870226486,0.033374626279689214,1.0,0.1,160.20567686090547,928.9035916635607,1.0,0.0,0.0,0.0,2.0
32176,7.672514158639443e-05,0.0165726305826612,1.0,0.1,,,1.0,0.0,,,2.0
32177,3.2031198331216514e-05,0.006918738839542767,1.0,0.1,160.65388288004587,929.9394715928768,1.0,0.0,0.0,0.0,2.0
32178,7.871980324329255e-05,0.01700347750055119,1.0,0.1,160.92575567430566,929.5586197382089,1.0,0.0,0.0,0.0,2.0
32179,0.00016928939503177336,0.03656650932686305,1.0,0.1,160.99254367529298,929.5360520253985,1.0,0.0,0.0,0.0,2.0
32180,5.3308895043073225e-05,0.011514721329303817,1.0,0.1,159.8496636158395,927.5076404753632,1.0,0.0,0.0,0.0,2.0
32181,0.00015741656602695197,0.03400197826182163,1.0,0.1,160.6883130983327,929.149006013211,1.0,0.0,0.0,0.0,2.0
32182,0.00031404135480050184,0.0678329326369084,1.0,0.1,159.58335968621628,927.5066101795416,1.0,0.0,0.0,0.0,2.0
32183,0.0004272159945933358,0.09227865483216054,1.0,0.1,159.62115386827517,927.0440795888069,1.0,0.0,0.0,0.0,2.0
32184,0.00042491600135990384,0.09178185629373924,1.0,0.1,154.05698437795476,921.6412970707574,1.0,0.0,0.0,0.0,2.0
32185,0.0008987791967304381,0.19413630649377464,0.0,0.1,144.6937452994336,915.0784109858133,1.0,0.0,0.0,0.0,2.0
32186,0.0009689361092429983,0.20929019959648765,0.0,0.1,141.0855915282092,912.4854314727075,1.0,0.0,0.0,0.0,2.0
32187,0.00038466168198159046,0.08308692330802354,1.0,0.1,129.43357494731725,907.374984540896,1.0,0.0,0.0,0.0,2.0
32188,0.0004442930430740607,0.09596729730399711,1.0,0.1,118.95229491538663,901.8308270263323,1.0,0.0,0.0,0.0,2.0
32189,0.0001651285888798337,0.03566777519804408,1.0,0.1,111.81163279338419,901.158051560857,1.0,0.0,0.0,0.0,2.0
32190,0.0003355274869541437,0.07247393718209504,1.0,0.1,107.60242440176516,900.3470390068678,1.0,0.0,0.0,0.0,2.0
32191,0.000617021088494231,0.1332765551147539,0.0,0.1,101.29753934389213,895.5406452292268,1.0,0.0,0.0,0.0,2.0
32192,0.0002422625260096568,0.05232870561808586,1.0,0.1,96.16145109548107,890.2083873027818,1.0,0.0,0.0,0.0,2.0
32193,0.00027823240895362666,0.06009820033398336,1.0,0.1,92.97428382650419,886.5743640390913,1.0,0.0,0.0,0.0,2.0
32194,0.0004702655718698285,0.10157736352388295,0.0,0.1,87.80437424666049,880.181387661565,1.0,0.0,0.0,0.0,2.0
32195,0.0007646231640294004,0.1651586034303505,0.0,0.1,84.30321403264266,877.1772705048529,1.0,0.0,0.0,0.0,2.0
32196,0.0002639683194651869,0.05701715700448037,1.0,0.1,80.49608578769606,872.0329841947873,1.0,0.0,0.0,0.0,2.0
32197,0.0005571610420157915,0.12034678507541098,0.0,0.1,78.89738828639635,870.4098838857257,1.0,0.0,0.0,0.0,2.0
32198,0.0003743101362992263,0.08085098944063288,1.0,0.1,,,1.0,0.0,,,2.0
32199,0.0006565449553336467,0.1418137103520677,0.0,0.1,,,1.0,0.0,,,2.0
32200,0.0006953620844459851,0.15019821024033278,0.0,0.1,72.53255748959621,871.7096707870578,1.0,0.0,0.0,0.0,2.0
32201,0.0004641950907554132,0.10026613960316925,0.0,0.1,73.32897327925333,870.4866312442247,1.0,0.0,0.0,0.0,2.0
32202,0.0012187827950202854,0.26325708372438167,0.0,0.1,72.52635172409828,869.2807872433533,1.0,0.0,0.0,0.0,2.0
32203,0.0006335419912785244,0.13684507011616126,0.0,0.1,71.59555665892584,867.5906559436079,1.0,0.0,0.0,0.0,2.0
32204,0.0006134857679202654,0.13251292587077734,0.0,0.1,70.9397938989989,867.4115817142668,1.0,0.0,0.0,0.0,2.0
32205,8.822996761777881e-05,0.019057673005440225,1.0,0.1,68.59331787101972,866.5498752554887,1.0,0.0,1.0,0.0,2.0
32206,0.0004743285342079076,0.10245496338890804,0.0,0.1,68.21360114156944,863.2719012001278,1.0,0.0,1.0,0.0,2.0
32207,0.0005847241032153187,0.12630040629450884,0.0,0.1,68.80733564324618,861.958617903083,1.0,0.0,1.0,0.0,2.0
32208,3.901340438310725e-05,0.008426895346751166,1.0,0.1,68.47970792541841,861.2032644498875,1.0,0.0,1.0,0.0,2.0
32209,0.0011441666168223261,0.2471399892336225,0.0,0.1,66.12027755530353,860.9352430153988,1.0,0.0,1.0,0.0,2.0
32210,0.0004774153359018863,0.10312171255480744,0.0,0.1,63.4115431348748,860.3329255955036,1.0,0.0,1.0,0.0,2.0
32211,0.0005729555585223372,0.12375840064082483,0.0,0.1,61.93431610009778,861.0305781157476,1.0,0.0,1.0,0.0,2.0
32212,0.00013981955428273826,0.03020102372507146,1.0,0.1,58.82860066410285,859.1433357185339,1.0,0.0,1.0,0.0,2.0
32213,0.0004122731326850218,0.08905099665996472,1.0,0.1,57.17353010326361,858.3958008728958,1.0,0.0,1.0,0.0,2.0
32214,0.0007039429123243733,0.15205166906206463,0.0,0.1,56.38768966712302,857.0335312078581,1.0,0.0,1.0,0.0,2.0
32215,0.0004146309031078975,0.08956027507130587,1.0,0.1,55.80514718568266,856.2392866995873,1.0,0.0,1.0,0.0,2.0
32216,0.0004340279011578935,0.093750026650105,1.0,0.1,52.56683174059462,855.6189418236778,1.0,0.0,1.0,0.0,2.0
32217,0.00015077278524174841,0.03256692161221766,1.0,0.1,51.49407023405708,855.938528359633,1.0,0.0,1.0,0.0,2.0
32218,0.0008324075445676559,0.17980002962661368,0.0,0.1,45.9332768862157,857.8592672943664,1.0,0.0,1.0,0.0,2.0
32219,0.0008050317572723366,0.17388685957082473,0.0,0.1,40.823115929019885,859.9924371366569,1.0,0.0,1.0,0.0,2.0
32220,0.000257030781184971,0.05551864873595373,1.0,0.1,39.54866645282972,859.4299352308319,1.0,0.0,1.0,0.0,2.0
32221,7.266595449303552e-05,0.015695846170495673,1.0,0.1,36.17163744723832,859.8859834587535,1.0,0.0,1.0,0.0,2.0
32222,0.0005912005824501205,0.12769932580922602,0.0,0.1,33.24711770485548,860.8799136569471,1.0,0.0,1.0,0.0,2.0
32223,0.0016923815788835314,0.3655544210388428,0.0,0.1,26.735815856883818,860.1418271737541,1.0,0.0,1.0,0.0,2.0
32224,0.0012612568825998841,0.27243148664157496,0.0,0.1,17.073625723695084,863.0545589728446,1.0,0.0,1.0,0.0,2.0
32225,0.0007651503668467661,0.16527247923890148,0.0,0.1,14.063053264595593,863.761891054637,1.0,0.0,1.0,0.0,2.0
32226,0.0019365440775836152,0.4182935207580609,0.0,0.1,13.53386574107249,863.2802180699053,1.0,0.0,1.0,0.0,2.0
32227,0.0018223330565123287,0.393623940206663,0.0,0.1,11.390211205920236,862.6278472560314,1.0,0.0,1.0,0.0,2.0
32228,0.0017957546228502365,0.3878829985356511,0.0,0.1,10.482640548267502,863.6413966330033,1.0,0.0,1.0,0.0,2.0
32229,0.0016589497949267222,0.358333155704172,0.0,0.1,10.935754324023028,863.9040784426036,1.0,0.0,1.0,0.0,2.0
32230,0.000582112848549414,0.12573637528667342,0.0,0.1,14.55446834381296,862.5391558649848,1.0,0.0,1.0,0.0,2.0
32231,0.0006477718613104274,0.1399187220430523,0.0,0.1,15.585684858033689,861.7812637122822,1.0,0.0,1.0,0.0,2.0
32232,0.001006081051606705,0.21731350714704828,0.0,0.1,15.41393704805593,864.7232151471525,1.0,0.0,1.0,0.0,2.0
32233,0.0008142130827313617,0.17587002586997416,0.0,0.1,12.816009704427792,872.2848465261851,1.0,0.0,1.0,0.0,2.0
32234,0.0010597218218062585,0.22889991351015185,0.0,0.1,13.870013417704033,878.8215552625618,1.0,0.0,1.0,0.0,2.0
32235,0.0005879003937294577,0.12698648504556287,0.0,0.1,14.530044112878576,880.4666717678411,1.0,0.0,1.0,0.0,2.0
32236,0.0015684620092662196,0.33878779400150344,0.0,0.1,17.56725632267179,883.7993400541351,1.0,0.0,1.0,0.0,2.0
32237,0.0003619447972556628,0.07818007620722317,1.0,0.1,20.929818956507656,886.1982859422952,1.0,0.0,1.0,0.0,2.0
32238,0.00146934298244952,0.3173780842090963,0.0,0.1,26.9593494794471,892.1276640401793,1.0,0.0,1.0,0.0,2.0
32239,0.0009764169184397746,0.21090605438299131,0.0,0.1,30.758276882958373,896.2375943097807,1.0,0.0,1.0,0.0,2.0
32240,0.0012987227790908053,0.28052412028361395,0.0,0.1,32.592597239728846,898.4652698820853,1.0,0.0,1.0,0.0,2.0
32241,0.001298533044136316,0.2804831375334443,0.0,0.1,39.583281545281,904.4778715426402,1.0,0.0,1.0,0.0,2.0
32242,0.0016091801667942375,0.3475829160275553,0.0,0.1,43.646855964099665,908.2760054964049,1.0,0.0,1.0,0.0,2.0
32243,0.0007976506360621775,0.17229253738943034,0.0,0.1,48.555509868418504,910.9324939640286,1.0,0.0,1.0,0.0,2.0
32244,0.0004534503066962171,0.09794526624638289,1.0,0.1,49.87804780793919,911.5964273992172,1.0,0.0,1.0,0.0,2.0
32245,0.001079665301096329,0.23320770503680704,0.0,0.1,52.92070402210443,912.8548875922821,1.0,0.0,1.0,0.0,2.0
32246,0.0005511906959775544,0.11905719033115174,0.0,0.1,57.49289329637016,915.8100936676068,1.0,0.0,1.0,0.0,2.0
32247,0.0003645779038790458,0.0787488272378739,1.0,0.1,60.01869958639014,918.7877113990265,1.0,0.0,1.0,0.0,2.0
32248,0.0002890965967022596,0.06244486488768808,1.0,0.1,63.315804522980095,920.8217276463816,1.0,0.0,1.0,0.0,2.0
32249,0.00040849060197518255,0.08823397002663944,1.0,0.1,64.44414574877037,920.8696179002432,1.0,0.0,1.0,0.0,2.0
32250,0.000326406383985619,0.07050377894089371,1.0,0.1,65.80444688519768,921.1056572296594,1.0,0.0,1.0,0.0,2.0
32251,0.000617404554478621,0.13335938376738213,0.0,0.1,68.02570726092105,923.0686250540257,1.0,0.0,1.0,0.0,2.0
32252,0.0005368508472055918,0.11595978299640781,0.0,0.1,72.8787663051754,926.8208140083885,1.0,0.0,0.0,0.0,2.0
32253,0.0005992718809335083,0.12944272628163778,0.0,0.1,75.1022721413014,928.8124049257256,1.0,0.0,0.0,0.0,2.0
32254,0.001276193598784594,0.27565781733747236,0.0,0.1,79.96453322242256,933.9310937275307,1.0,0.0,0.0,0.0,2.0
32255,0.0014887234557510232,0.321564266442221,0.0,0.1,82.02658147270134,937.6848327830179,1.0,0.0,0.0,0.0,2.0
32256,0.0004986842020135121,0.10771578763491862,0.0,0.1,83.0000682149969,942.5586313766039,1.0,0.0,0.0,0.0,2.0
32257,0.0006405679500571411,0.1383626772123425,0.0,0.1,84.59688784070266,947.4672075879939,1.0,0.0,0.0,0.0,2.0
32258,0.0006958609692270734,0.15030596935304785,0.0,0.1,87.33384930219403,950.7939462922482,1.0,0.0,0.0,0.0,2.0
32259,0.0007855616700113961,0.16968132072246156,0.0,0.1,90.59351935366344,955.0190602933409,1.0,0.0,0.0,0.0,2.0
32260,0.0014352449015036161,0.3100128987247811,0.0,0.1,92.84109996258428,957.4867447736946,1.0,0.0,0.0,0.0,2.0
32261,0.00024501572824414436,0.052923397300735184,1.0,0.1,99.25027127314812,965.3039264131752,1.0,0.0,0.0,0.0,2.0
32262,,,,0.1,100.70653311468367,967.69627705097,1.0,0.0,0.0,0.0,2.0
32263,,,,0.1,109.18506894828361,976.9242562477222,,,0.0,0.0,2.0
32264,,,,0.1,112.43021729770382,980.784563213573,1.0,0.0,0.0,0.0,2.0
32265,,,,0.1,112.44873071464843,981.619970193645,,,0.0,0.0,2.0
32266,,,,0.1,113.4200499553213,982.9714731140681,,,0.0,0.0,2.0
32267,,,,0.1,113.79252494483734,983.3370594563578,,,0.0,0.0,2.0
32268,,,,0.1,118.99906628096757,988.9540778423249,,,0.0,0.0,2.0
32269,,,,0.1,125.4127130630719,995.7358340702298,,,0.0,0.0,2.0
32270,,,,0.1,127.09350835741454,997.9636293459849,,,0.0,0.0,2.0
32271,,,,0.1,127.70260349258444,999.0686215017544,,,0.0,0.0,2.0
32272,,,,0.1,131.7708413019919,1003.3675072441486,,,0.0,0.0,2.0
32273,,,,0.1,138.48677696484884,1010.2060600143166,,,0.0,0.0,2.0
32274,,,,0.1,141.90918157236445,1013.6002055912903,,,0.0,0.0,2.0
32275,0.0010265158230158063,0.22172741777141416,0.0,0.1,144.36595171968426,1016.1211790053812,1.0,0.0,0.0,0.0,2.0
32276,0.002364459266093778,0.510723201476256,0.0,0.1,143.16255462962206,1014.8188213842654,1.0,0.0,0.0,0.0,2.0
32277,0.0016379326533504034,0.35379345312368715,0.0,0.1,142.50391979416926,1013.7448983405552,1.0,0.0,0.0,0.0,2.0
32278,0.002033621639664374,0.43926227416750485,0.0,0.1,143.49425719148866,1014.3235179300132,1.0,0.0,0.0,0.0,2.0
32279,0.001243197507399613,0.2685306615983164,0.0,0.1,144.2334876867438,1014.2824438222023,1.0,0.0,0.0,0.0,2.0
32280,0.001358525774686824,0.293441567332354,0.0,0.1,145.03275933901514,1014.7916431287308,1.0,0.0,0.0,0.0,2.0
32281,0.0020720805327759874,0.4475693950796133,0.0,0.1,146.0828706695852,1014.9835549837152,1.0,0.0,0.0,0.0,2.0
32282,0.0015192263763927647,0.32815289730083713,0.0,0.1,147.41623876265155,1015.2095911374547,1.0,0.0,0.0,0.0,2.0
32283,0.00037663129450452254,0.08135235961297686,1.0,0.1,151.36012281807265,1018.6171165272906,1.0,0.0,0.0,0.0,2.0
32284,0.0006913434845150074,0.1493301926552416,0.0,0.1,155.51500938277786,1021.4953276258705,1.0,0.0,0.0,0.0,2.0
32285,0.000424094880671518,0.09160449422504789,1.0,0.1,156.69743974088996,1022.3834491564096,1.0,0.0,0.0,0.0,2.0
32286,0.0023227183179616766,0.5017071566797221,0.0,0.1,162.32739760374744,1026.9236636742958,1.0,0.0,0.0,0.0,2.0
32287,0.0014460413413290942,0.31234492972708433,0.0,0.1,166.09930542577735,1030.0575161928027,1.0,0.0,0.0,0.0,2.0
32288,9.936812457068455e-05,0.021463514907267865,1.0,0.1,167.27865088695964,1030.3316883109674,1.0,0.0,0.0,0.0,2.0
32289,0.0009660770894132026,0.20867265131325177,0.0,0.1,170.0609049750736,1032.2122399656832,1.0,0.0,0.0,0.0,2.0
32290,0.0011573194409187505,0.24998099923845013,0.0,0.1,174.87819045682863,1035.0126298416321,1.0,0.0,0.0,0.0,2.0
32291,0.0016569445963616084,0.35790003281410737,0.0,0.1,178.17662433820183,1037.075358854964,1.0,0.0,0.0,0.0,2.0
32292,0.0011942287108179029,0.257953401536667,0.0,0.1,180.22585496566856,1038.19842563417,1.0,0.0,0.0,0.0,2.0
32293,0.0007878951032161955,0.17018534229469823,0.0,0.1,180.56202807413058,1037.5006117266732,1.0,0.0,0.0,0.0,2.0
32294,0.0012702077728406617,0.2743648789335829,0.0,0.1,181.43912084023415,1037.8915007996036,1.0,0.0,0.0,0.0,2.0
32295,0.0014528322722706882,0.3138117708104686,0.0,0.1,181.97493820725936,1037.703897892738,1.0,0.0,0.0,0.0,2.0
32296,0.0011297864406474784,0.24403387117985534,0.0,0.1,185.68765332160294,1040.5110442338973,1.0,0.0,0.0,0.0,2.0
32297,0.0007810245869102278,0.16870131077260922,0.0,0.1,187.5662360000501,1040.8051390341725,1.0,0.0,0.0,0.0,2.0
32298,0.0009188154121317387,0.19846412902045557,0.0,0.1,189.1379812577701,1042.1501185204497,1.0,0.0,0.0,0.0,2.0
32299,0.001233076274503793,0.2663444752928193,0.0,0.1,192.4569449804518,1043.0715296249934,1.0,0.0,0.0,0.0,2.0
32300,0.001108108863560001,0.23935151452896022,0.0,0.1,196.78655233960757,1044.291259135217,1.0,0.0,0.0,0.0,2.0
32301,0.0008831585101814579,0.1907622381991949,0.0,0.1,202.0217647029913,1046.7800365801438,1.0,0.0,0.0,0.0,2.0
32302,0.00042881699683640134,0.0926244713166627,1.0,0.1,205.1027205762161,1047.136251327742,1.0,0.0,0.0,0.0,2.0
32303,0.0009569293056325305,0.20669673001662658,0.0,0.1,207.68483971520976,1047.6875713536538,1.0,0.0,0.0,0.0,2.0
32304,0.0004983548603421401,0.10764464983390226,0.0,0.1,212.94924509348664,1049.4091043871103,1.0,0.0,0.0,0.0,2.0
32305,0.001460759447894489,0.3155240407452096,0.0,0.1,217.7806149645453,1052.004649647359,1.0,0.0,0.0,0.0,2.0
32306,0.0010476116781382616,0.22628412247786453,0.0,0.1,222.08654357573405,1052.0669795905246,1.0,0.0,0.0,0.0,2.0
32307,0.001638816269679885,0.3539843142508552,0.0,0.1,224.9994609794849,1052.830635763768,1.0,0.0,0.0,0.0,2.0
32308,0.0008313873703820796,0.17957967200252917,0.0,0.1,225.22814322563707,1049.6415957650324,1.0,0.0,0.0,0.0,2.0
32309,0.0017012728870271457,0.3674749435978635,0.0,0.1,223.33916764964934,1043.2679830387578,1.0,0.0,0.0,0.0,2.0
32310,0.0010865333255471387,0.23469119831818197,0.0,0.1,223.00338687153675,1039.6551492825402,1.0,0.0,0.0,0.0,2.0
32311,0.0013791921560191026,0.2979055057001262,0.0,0.1,224.17630235407233,1038.6706658105907,1.0,0.0,0.0,0.0,2.0
32312,0.0013895999875386089,0.3001535973083395,0.0,0.1,226.03534317983932,1038.967277253655,1.0,0.0,0.0,0.0,2.0
32313,0.0010345429201702218,0.2234612707567679,0.0,0.1,225.60561661374243,1036.0417250630514,1.0,0.0,0.0,0.0,2.0
32314,0.0017564836148024822,0.37940046079733614,0.0,0.1,229.05812073206388,1034.923181664756,1.0,0.0,0.0,0.0,2.0
32315,0.0006824916079550317,0.14741818731828685,0.0,0.1,231.14138704970978,1033.0755046798286,1.0,0.0,0.0,0.0,2.0
32316,0.0015870897214160125,0.3428113798258587,0.0,0.1,232.66154636041563,1032.8759593937134,1.0,0.0,0.0,0.0,2.0
32317,0.0016817849918159494,0.36326555823224504,0.0,0.1,235.356941976429,1032.2588395667456,1.0,0.0,0.0,0.0,2.0
32318,0.002562601252807033,0.5535218706063192,0.0,0.1,238.55949221845012,1032.454510192426,1.0,0.0,0.0,0.0,2.0
32319,0.0013216065847795478,0.28546702231238236,0.0,0.1,242.30975237414728,1032.700747157319,1.0,0.0,0.0,0.0,2.0
32320,,,,0.1,242.54959190552077,1029.6166194701796,1.0,0.0,0.0,0.0,2.0
32321,,,,0.1,243.4484613210734,1027.1292882195403,,,0.0,0.0,2.0
32322,0.0017117710013056899,0.369742536282029,0.0,0.1,246.5649077161795,1024.5303822971873,1.0,0.0,0.0,0.0,2.0
32323,0.000698321116573329,0.15083736117983906,0.0,0.1,250.60561646704897,1022.2083405146182,1.0,0.0,0.0,0.0,2.0
32324,0.0004785338761092921,0.1033633172396071,0.0,0.1,255.36249340764465,1022.5780423713604,1.0,0.0,0.0,0.0,2.0
32325,0.001085414503115619,0.23444953267297375,0.0,0.1,257.10670011406205,1023.1513189715699,1.0,0.0,0.0,0.0,2.0
32326,0.002012415440540498,0.43468173515674763,0.0,0.1,262.67127887859783,1024.8843930215708,1.0,0.0,0.0,0.0,2.0
32327,0.0036317689258072387,0.7844620879743636,0.0,0.1,273.1215757758892,1027.9660096772307,1.0,0.0,0.0,0.0,2.0
32328,0.0009667178168043247,0.20881104842973414,0.0,0.1,282.0866906718138,1031.328543605992,1.0,0.0,0.0,0.0,2.0
32329,0.001148275922767569,0.24802759931779492,0.0,0.1,291.129063570047,1036.0758162319848,1.0,0.0,0.0,0.0,2.0
32330,0.0022139192009339092,0.4782065474017244,0.0,0.1,294.3196814469616,1037.0782604322708,1.0,0.0,0.0,0.0,2.0
32331,0.000937338146004099,0.20246503953688538,0.0,0.1,301.2701445937289,1038.7169568088557,1.0,0.0,0.0,0.0,2.0
32332,0.0015193342542800194,0.3281761989244842,0.0,0.1,311.9121068844493,1041.6241223512295,1.0,0.0,0.0,0.0,2.0
32333,0.002234670848596521,0.48268890329684855,0.0,0.1,321.25419566221865,1041.674509745085,1.0,0.0,0.0,0.0,2.0
32334,,,,0.1,325.3598316186277,1039.847484467559,1.0,0.0,0.0,0.0,2.0
32335,,,,0.1,332.6612581548567,1038.24293646602,,,0.0,0.0,2.0
32336,0.004106070495500394,0.8869112270280851,0.0,0.1,339.24381793942763,1035.0257763756358,1.0,0.0,0.0,0.0,2.0
32337,0.003085418291308886,0.6664503509227193,0.0,0.1,345.95919061871564,1036.1464994370326,1.0,0.0,0.0,0.0,2.0
32338,0.0020161422439968018,0.43548672470330924,0.0,0.1,354.41757203502254,1039.1566097355596,1.0,0.0,0.0,0.0,2.0
32339,0.0018736229173191806,0.40470255014094303,0.0,0.1,357.0183144823771,1040.1857094462082,1.0,0.0,0.0,0.0,2.0
32340,0.0011355660366343069,0.24528226391301028,0.0,0.1,360.24693686585715,1043.2979108698887,1.0,0.0,0.0,0.0,2.0
32341,0.0008895418738288593,0.1921410447470336,0.0,0.1,363.90115613911297,1047.7407308050285,1.0,0.0,0.0,0.0,2.0
32342,0.00016130181843171607,0.034841192781250675,1.0,0.1,367.3979555611491,1050.368146897148,1.0,0.0,0.0,0.0,2.0
32343,0.0005056980463812145,0.10923077801834233,0.0,0.1,368.28925367566376,1051.1137338465096,1.0,0.0,0.0,0.0,2.0
32344,0.0005882822207244837,0.12706895967648849,0.0,0.1,369.92522450604497,1051.0479637369938,1.0,0.0,0.0,0.0,2.0
32345,0.0006282163313915725,0.13569472758057965,0.0,0.1,368.6888555351529,1047.7293334134365,1.0,0.0,0.0,0.0,2.0
32346,0.0005666231648760044,0.12239060361321695,0.0,0.1,368.61329904965635,1040.9431017013055,1.0,0.0,0.0,0.0,2.0
32347,0.00094864002740352,0.20490624591916035,0.0,0.1,370.7864131830833,1038.768409929157,1.0,0.0,0.0,0.0,2.0
32348,0.001336587920492899,0.28870299082646617,0.0,0.1,371.8317990927096,1037.7401855544786,1.0,0.0,0.0,0.0,2.0
32349,0.0009977944775281678,0.21552360714608426,0.0,0.1,370.1342621928039,1031.9555820458543,1.0,0.0,0.0,0.0,2.0
32350,0.0007586793258158053,0.16387473437621394,0.0,0.1,367.82853917863156,1025.774968360516,1.0,0.0,0.0,0.0,2.0
32351,0.0007229230561517786,0.1561513801287842,0.0,0.1,366.89444087532274,1022.1930799401089,1.0,0.0,0.0,0.0,2.0
32352,0.0006554808169609401,0.14158385646356308,0.0,0.1,367.9176551917155,1018.0903317378655,1.0,0.0,0.0,0.0,2.0
32353,0.001181308868675127,0.2551627156338274,0.0,0.1,367.0057151645783,1014.6204125902109,1.0,0.0,0.0,0.0,2.0
32354,0.0011456582573242775,0.24746218358204394,0.0,0.1,,,1.0,0.0,,,2.0
32355,0.0006032368243058206,0.13029915405005726,0.0,0.1,371.3728468713714,1013.407801391635,1.0,0.0,0.0,0.0,2.0
32356,,,,0.1,,,1.0,0.0,,,2.0
32357,,,,0.1,,,,,,,2.0
32358,0.000953766789607896,0.20601362655530553,0.0,0.1,,,1.0,0.0,,,2.0
32359,0.002315456884491963,0.500138687050264,0.0,0.1,,,1.0,0.0,,,2.0
32360,0.0008210538589688073,0.17734763353726238,0.0,0.1,,,1.0,0.0,,,2.0
32361,0.0016491684652085797,0.3562203884850532,0.0,0.1,,,1.0,0.0,,,2.0
32362,0.0022475925992876834,0.4854800014461396,0.0,0.1,,,1.0,0.0,,,2.0
32363,0.0029022180638079847,0.6268791017825247,0.0,0.1,,,1.0,0.0,,,2.0
32364,,,,0.1,,,1.0,0.0,,,2.0
32365,,,,0.1,,,,,,,2.0
32366,0.0021472548530962953,0.4638070482687998,0.0,0.1,,,1.0,0.0,,,2.0
32367,0.0013962254859168077,0.30158470495803047,0.0,0.1,,,1.0,0.0,,,2.0
32368,0.0008110670723573713,0.1751904876291922,0.0,0.1,,,1.0,0.0,,,2.0
32369,0.0008332424870984634,0.1799803772132681,0.0,0.1,,,1.0,0.0,,,2.0
32370,0.0015927002621908036,0.3440232566332136,0.0,0.1,,,1.0,0.0,,,2.0
32371,0.0019427279981858692,0.4196292476081478,0.0,0.1,,,1.0,0.0,,,2.0
32372,0.001721480130024884,0.3718397080853749,0.0,0.1,,,1.0,0.0,,,2.0
32373,0.0015123735359149754,0.3266726837576347,0.0,0.1,,,1.0,0.0,,,2.0
32374,0.00011889426592760528,0.025681161440362744,1.0,0.1,,,1.0,0.0,,,2.0
32375,0.001433775850073994,0.3096955836159827,0.0,0.1,,,1.0,0.0,,,2.0
32376,0.0007984568105195372,0.17246667107222005,0.0,0.1,,,1.0,0.0,,,2.0
32377,0.0010661665682618901,0.23029197874456828,0.0,0.1,,,1.0,0.0,,,2.0
32378,0.000632262571855431,0.1365687155207731,0.0,0.1,,,1.0,0.0,,,2.0
32379,0.0008133622166467045,0.17568623879568818,0.0,0.1,,,1.0,0.0,,,2.0
32380,0.0007172510287973347,0.15492622222022429,0.0,0.1,,,1.0,0.0,,,2.0
32381,0.0008098811012007235,0.1749343178593563,0.0,0.1,,,1.0,0.0,,,2.0
32382,0.0018642688515155981,0.4026820719273692,0.0,0.1,,,1.0,0.0,,,2.0
32383,0.0009874325416699239,0.21328542900070355,0.0,0.1,,,1.0,0.0,,,2.0
32384,0.0016531586100566908,0.3570822597722452,0.0,0.1,,,1.0,0.0,,,2.0
32385,0.0017088208273874732,0.3691052987156942,0.0,0.1,451.44574922128606,1024.0080688893472,1.0,0.0,0.0,0.0,2.0
32386,0.0012730327593546559,0.27497507602060567,0.0,0.1,,,1.0,0.0,,,2.0
32387,0.0021646839625915526,0.46757173591977536,0.0,0.1,,,1.0,0.0,,,2.0
32388,,,,0.1,458.69601061535053,1028.1790423269128,1.0,0.0,0.0,0.0,2.0
32389,,,,0.1,,,,,,,2.0
32390,,,,0.1,,,,,,,2.0
32391,,,,0.1,,,,,,,2.0
32392,,,,0.1,,,,,,,2.0
32393,,,,0.1,,,,,,,2.0
32394,,,,0.1,,,,,,,2.0
32395,,,,0.1,,,,,,,2.0
32396,,,,0.1,,,,,,,2.0
32397,,,,0.1,,,,,,,2.0
32398,,,,0.1,,,,,,,2.0
32399,,,,0.1,,,,,,,2.0
32400,,,,0.1,,,,,,,2.0
32401,,,,0.1,,,,,,,2.0
32402,,,,0.1,,,,,,,2.0
32403,0.0021448544990333904,0.4632885717912123,0.0,0.1,,,1.0,0.0,,,2.0
32404,0.0013649173105778527,0.2948221390848162,0.0,0.1,,,1.0,0.0,,,2.0
32405,0.0007192878821484963,0.15536618254407522,0.0,0.1,,,1.0,0.0,,,2.0
32406,0.0010411066044931656,0.22487902657052378,0.0,0.1,,,1.0,0.0,,,2.0
32407,0.0012438356671910721,0.2686685041132716,0.0,0.1,378.3955630626441,921.8064036206857,1.0,0.0,0.0,0.0,2.0
32408,0.0010559489355657183,0.22808497008219514,0.0,0.1,372.6642338784154,908.5658184956419,1.0,0.0,0.0,0.0,2.0
32409,0.001146433458365325,0.2476296270069102,0.0,0.1,369.1985168257636,894.1045683763379,1.0,0.0,0.0,0.0,2.0
32410,0.0011703124360151627,0.25278748617927516,0.0,0.1,366.9321915729192,884.3862471664889,1.0,0.0,0.0,0.0,2.0
32411,0.002230488343188655,0.48178548212874955,0.0,0.1,364.58117412322395,876.9728508051292,1.0,0.0,0.0,0.0,2.0
32412,0.001297332159007678,0.28022374634565844,0.0,0.1,365.60362953693266,867.5458383327159,1.0,0.0,0.0,0.0,2.0
32413,0.0022600831023498434,0.48817795010756615,0.0,0.1,367.34651597216276,860.1960582768103,1.0,0.0,0.0,0.0,2.0
32414,0.0028351866928899706,0.6124003256642336,0.0,0.1,370.7834399335285,854.514017115596,1.0,0.0,0.0,0.0,2.0
32415,0.002009727238488427,0.4341010835135003,0.0,0.1,371.0908814408962,849.7500894887961,1.0,0.0,0.0,0.0,2.0
32416,,,,0.1,,,1.0,0.0,,,2.0
32417,,,,0.1,370.0697166080051,832.3831446261287,,,0.0,0.0,2.0
32418,,,,0.1,367.06290197741794,819.3627483286632,,,0.0,0.0,2.0
32419,,,,0.1,367.39239892948,811.2942135587638,,,0.0,0.0,2.0
32420,,,,0.1,365.80733048324885,807.9195428270592,1.0,0.0,0.0,0.0,2.0
32421,,,,0.1,359.9102283064028,799.4292136872344,,,0.0,0.0,2.0
32422,0.00024737443054120975,0.05343287699690131,1.0,0.1,358.25825781878444,789.1878501874443,1.0,0.0,0.0,0.0,2.0
32423,0.0009613594158301367,0.20765363381930954,0.0,0.1,355.5865570583761,778.0522592468577,1.0,0.0,0.0,0.0,2.0
32424,0.0017305881996745045,0.373807051129693,0.0,0.1,354.10382342719436,774.4287996257904,1.0,0.0,0.0,0.0,2.0
32425,0.00243413528713599,0.5257732220213738,0.0,0.1,352.12921187908955,766.9768501801075,1.0,0.0,0.0,0.0,2.0
32426,0.0009889560832096085,0.21361451397327544,0.0,0.1,352.6802730879099,757.2462291678403,1.0,0.0,0.0,0.0,2.0
32427,0.0010076775761705835,0.21765835645284604,0.0,0.1,355.91878919070547,757.5286599159409,1.0,0.0,0.0,0.0,2.0
32428,0.0005362409809963611,0.115828051895214,0.0,0.1,355.0445806289625,758.4335309415484,1.0,0.0,0.0,0.0,2.0
32429,0.0011297644101204583,0.24402911258601903,0.0,0.1,353.83310933562717,757.7295179205521,1.0,0.0,0.0,0.0,2.0
32430,0.000505924398152931,0.1092796700010331,0.0,0.1,349.64374350580607,760.8970385526646,1.0,0.0,0.0,0.0,2.0
32431,0.0011920777072007103,0.2574887847553534,0.0,0.1,352.6458118510916,774.1889572620175,1.0,0.0,0.0,0.0,2.0
32432,0.0003215146541838131,0.06944716530370362,1.0,0.1,355.77625315613864,779.7460991202861,1.0,0.0,0.0,0.0,2.0
32433,0.0002510461352189112,0.05422596520728482,1.0,0.1,357.0632656020525,778.6182812717296,1.0,0.0,0.0,0.0,2.0
32434,0.0005028080501276651,0.10860653882757566,0.0,0.1,356.879163662979,778.5635295046224,1.0,0.0,0.0,0.0,2.0
32435,0.0005878185092857502,0.12696879800572206,0.0,0.1,361.9404512287843,777.0464997782373,1.0,0.0,0.0,0.0,2.0
32436,0.00041566490993672167,0.08978362054633188,1.0,0.1,365.6813591833362,776.9563954566341,1.0,0.0,0.0,0.0,2.0
32437,0.00028336123738183135,0.06120602727447557,1.0,0.1,368.03051806871036,774.1250359102584,1.0,0.0,0.0,0.0,2.0
32438,0.0014493647498635537,0.3130627859705276,0.0,0.1,369.1362751482347,773.2210629431964,1.0,0.0,0.0,0.0,2.0
32439,0.002312364064775697,0.49947063799155056,0.0,0.1,372.8759672300477,770.7053781778209,1.0,0.0,0.0,0.0,2.0
32440,0.0014169023821281677,0.30605091453968425,0.0,0.1,369.59708346100246,761.6275415747909,1.0,0.0,0.0,0.0,2.0
32441,0.0006691536694519174,0.14453719260161416,0.0,0.1,365.5832364937673,751.7943716567804,1.0,0.0,0.0,0.0,2.0
32442,0.001295702154727361,0.27987166542110997,0.0,0.1,366.24717836845895,744.991269442085,1.0,0.0,0.0,0.0,2.0
32443,0.0015382385102447453,0.332259518212865,0.0,0.1,369.7109261553906,737.9216894492724,1.0,0.0,0.0,0.0,2.0
32444,0.0012656128406228684,0.2733723735745396,0.0,0.1,375.3989401179226,732.3824859756156,1.0,0.0,0.0,0.0,2.0
32445,0.0015389283253378983,0.33240851827298606,0.0,0.1,377.6789163104609,725.6319310869598,1.0,0.0,0.0,0.0,2.0
32446,0.0011239912181704923,0.24278210312482632,0.0,0.1,380.4128870536701,713.6848454641638,1.0,0.0,0.0,0.0,2.0
32447,0.003530958611285429,0.7626870600376526,0.0,0.1,381.125548555544,706.8110100202957,1.0,0.0,0.0,0.0,2.0
32448,0.0036841372996866775,0.7957736567323224,0.0,0.1,386.0564127186033,693.2789508960984,1.0,0.0,0.0,0.0,2.0
32449,0.0022727895775290436,0.49092254874627345,0.0,0.1,388.7716126878764,679.5209279134604,1.0,0.0,0.0,0.0,2.0
32450,0.001958934633954707,0.4231298809342168,0.0,0.1,392.0472613167531,668.7665130976305,1.0,0.0,0.0,0.0,2.0
32451,0.0032211334227536816,0.6957648193147953,0.0,0.1,393.2452144927388,660.9056953365631,1.0,0.0,0.0,0.0,2.0
32452,,,,0.1,393.4909997793026,644.5410730227078,1.0,0.0,0.0,0.0,2.0
32453,,,,0.1,394.0617692949511,630.4006818241066,,,0.0,0.0,2.0
32454,0.004535299201245702,0.9796246274690715,0.0,0.1,400.0452065655462,617.2473316677678,1.0,0.0,0.0,0.0,2.0
32455,0.0021933692552997567,0.4737677591447475,0.0,0.1,403.17219739110493,607.5510343506342,1.0,0.0,0.0,0.0,2.0
32456,0.0030791986436671578,0.6651069070321061,0.0,0.1,405.9420622811624,601.4018933240986,1.0,0.0,0.0,0.0,2.0
32457,0.002927852960993918,0.6324162395746863,0.0,0.1,411.3357781693986,589.5589003912949,1.0,0.0,0.0,0.0,2.0
32458,0.003251162069025986,0.702251006909613,0.0,0.1,417.3610318632945,578.1395353044152,1.0,0.0,0.0,0.0,2.0
32459,0.0011964196937626927,0.2584266538527416,0.0,0.1,422.29501330168677,569.6818910250604,1.0,0.0,0.0,0.0,2.0
32460,0.0016481799910673476,0.3560068780705471,0.0,0.1,424.4750724326894,566.7888044888786,1.0,0.0,0.0,0.0,2.0
32461,0.002168707613283833,0.468440844469308,0.0,0.1,428.1756370873378,559.3296372964804,1.0,0.0,0.0,0.0,2.0
32462,0.0036719726810213013,0.7931460991006011,0.0,0.1,432.97414598585874,548.4069039920469,1.0,0.0,0.0,0.0,2.0
32463,0.0018803724176173508,0.40616044220534775,0.0,0.1,440.40021606160343,539.8342519885995,1.0,0.0,0.0,0.0,2.0
32464,0.0016072287352555021,0.3471614068151885,0.0,0.1,447.3147134705173,531.4691558809487,1.0,0.0,0.0,0.0,2.0
32465,0.0019800432398729773,0.42768933981256313,0.0,0.1,448.76393578553177,529.6365716657464,1.0,0.0,0.0,0.0,2.0
32466,0.0018242006208256905,0.39402733409834917,0.0,0.1,449.98259354170057,527.3435688972232,1.0,0.0,0.0,0.0,2.0
32467,0.0007952728783303276,0.17177894171935076,0.0,0.1,448.06003245235246,526.3262411092271,1.0,0.0,0.0,0.0,2.0
32468,,,,0.1,445.4996471525058,526.3693304777889,1.0,0.0,0.0,0.0,2.0
32469,,,,0.1,444.27951312215714,526.4265636665187,,,0.0,0.0,2.0
32470,,,,0.1,443.19164536183905,527.0832679487802,,,0.0,0.0,2.0
32471,,,,0.1,441.7016049395046,527.8348049771163,1.0,0.0,0.0,0.0,2.0
32472,,,,0.1,441.9484109527298,527.8008868771336,,,0.0,0.0,2.0
32473,,,,0.1,441.2108212697865,528.754393542065,,,0.0,0.0,2.0
32474,,,,0.1,441.1937415661242,528.7526676652418,,,0.0,0.0,2.0
32475,0.0003833234198598623,0.08279785868973025,1.0,0.1,442.58266882381304,528.7091903337706,1.0,0.0,0.0,0.0,2.0
32476,0.0002602641998214617,0.05621706716143573,1.0,0.1,442.70905835099654,528.2585922876773,1.0,0.0,0.0,0.0,2.0
32477,0.0004760263975088524,0.10282170186191211,0.0,0.1,443.11372814329053,527.4060430069121,1.0,0.0,0.0,0.0,2.0
32478,0.0005416734681177217,0.11700146911342789,0.0,0.1,443.2425103810944,527.4059630111619,1.0,0.0,0.0,0.0,2.0
32479,0.0003205473116100884,0.0692382193077791,1.0,0.1,444.25290778253435,526.8907620255263,1.0,0.0,0.0,0.0,2.0
32480,0.0002114635556638263,0.04567612802338648,1.0,0.1,445.4921766477515,525.2635824498637,1.0,0.0,0.0,0.0,2.0
32481,0.00016779551268620533,0.036243830740220355,1.0,0.1,445.44336483054815,525.668275369141,1.0,0.0,0.0,0.0,2.0
32482,,,,0.1,444.99171295105486,526.7126062401815,1.0,0.0,0.0,0.0,2.0
32483,,,,0.1,445.0935278708645,526.9042596179814,,,0.0,0.0,2.0
32484,8.81363398719682e-05,0.01903744941234513,1.0,0.1,444.77102469909755,527.5961785751199,1.0,0.0,0.0,0.0,2.0
32485,0.0001227055068463225,0.02650438947880566,1.0,0.1,444.19558863356417,528.2130393228715,1.0,0.0,0.0,0.0,2.0
32486,6.856616417905394e-05,0.014810291462675653,1.0,0.1,444.52890710049024,528.160418433808,1.0,0.0,0.0,0.0,2.0
32487,4.756101071833141e-05,0.010273178315159585,1.0,0.1,444.7983672590484,528.2361607452489,1.0,0.0,0.0,0.0,2.0
32488,9.482462489620542e-05,0.02048211897758037,1.0,0.1,445.034820061855,528.5308307144403,1.0,0.0,0.0,0.0,2.0
32489,0.00013172366202323434,0.02845231099701862,1.0,0.1,445.16104467818906,528.0245172934588,1.0,0.0,0.0,0.0,2.0
32490,0.0002641723952538081,0.057061237374822556,1.0,0.1,445.3551626438281,527.9100246963196,1.0,0.0,0.0,0.0,2.0
32491,0.00012409494311675057,0.02680450771321812,1.0,0.1,446.18729220196684,527.3729777817,1.0,0.0,0.0,0.0,2.0
32492,0.00019797523124640934,0.04276264994922442,1.0,0.1,446.0849855047882,527.2321422144325,1.0,0.0,0.0,0.0,2.0
32493,0.00017356291961314729,0.037489590636439814,1.0,0.1,446.37606607723836,527.3009400873162,1.0,0.0,0.0,0.0,2.0
32494,0.0002557730578260007,0.05524698049041615,1.0,0.1,446.53617273297016,527.2706942709729,1.0,0.0,0.0,0.0,2.0
32495,0.0005191625890483391,0.11213911923444124,0.0,0.1,447.1795656918067,526.7012032390339,1.0,0.0,0.0,0.0,2.0
32496,0.00012633553624560582,0.02728847582905086,1.0,0.1,447.49941432922316,526.3263418840189,1.0,0.0,0.0,0.0,2.0
32497,0.00010716071778750395,0.023146715042100856,1.0,0.1,448.0278051184814,525.5351857110771,1.0,0.0,0.0,0.0,2.0
32498,0.00019485356359159994,0.042088369735785586,1.0,0.1,448.4878956359202,524.7736821995575,1.0,0.0,0.0,0.0,2.0
32499,0.00010393983419721495,0.02245100418659843,1.0,0.1,448.9327153023336,523.7765644472915,1.0,0.0,0.0,0.0,2.0
32500,0.00027231819910775884,0.05882073100727591,1.0,0.1,448.9470527170515,523.5735826757254,1.0,0.0,0.0,0.0,2.0
32501,0.00012562103437221744,0.027134143424398967,1.0,0.1,449.2108018016811,523.4322508219448,1.0,0.0,0.0,0.0,2.0
32502,0.00029208092709700014,0.06308948025295204,1.0,0.1,449.37698686326235,523.2583207529037,1.0,0.0,0.0,0.0,2.0
32503,0.00011074910427300358,0.023921806522968773,1.0,0.1,449.87646207845404,522.5032926940529,1.0,0.0,0.0,0.0,2.0
32504,4.486992127822923e-05,0.009691902996097512,1.0,0.1,450.09986990781056,521.7203317390321,1.0,0.0,0.0,0.0,2.0
32505,9.354671039019364e-05,0.020206089444281827,1.0,0.1,450.3253021582225,521.3416656063113,1.0,0.0,0.0,0.0,2.0
32506,0.0002118041363101761,0.045749693442998035,1.0,0.1,450.30486164685976,520.8924971165088,1.0,0.0,0.0,0.0,2.0
32507,0.0005000368482390522,0.10800795921963527,0.0,0.1,450.13928681146103,521.5913748842316,1.0,0.0,0.0,0.0,2.0
32508,0.00011795075605654405,0.025477363308213517,1.0,0.1,449.911589939966,521.8825543535223,1.0,0.0,0.0,0.0,2.0
32509,0.00011899227792048257,0.025702332030824237,1.0,0.1,449.4362548369352,522.2293318416074,1.0,0.0,0.0,0.0,2.0
32510,1.356259340125528e-05,0.0029295201746711405,1.0,0.1,449.5313302858717,522.277886460941,1.0,0.0,0.0,0.0,2.0
32511,0.00017719730707339132,0.038274618327852526,1.0,0.1,449.78554662988034,522.3348078352141,1.0,0.0,0.0,0.0,2.0
32512,0.00024025958423903288,0.0518960701956311,1.0,0.1,449.73676720837403,522.8478172983534,1.0,0.0,0.0,0.0,2.0
32513,0.00010869835000510672,0.023478843601103052,1.0,0.1,449.5935781151359,523.3335107330541,1.0,0.0,0.0,0.0,2.0
32514,6.697312983875123e-05,0.014466196045170266,1.0,0.1,449.63269777336944,523.296518405793,1.0,0.0,0.0,0.0,2.0
32515,0.0004215089173841829,0.09104592615498351,1.0,0.1,449.67864978964775,523.3410129503806,1.0,0.0,0.0,0.0,2.0
32516,0.0003130926713440777,0.06762801701032078,1.0,0.1,449.7069452548571,523.0520106942264,1.0,0.0,0.0,0.0,2.0
32517,0.0001491157723708566,0.03220900683210503,1.0,0.1,449.9479541750239,523.0854257491272,1.0,0.0,0.0,0.0,2.0
32518,0.00023900582715015125,0.05162525866443267,1.0,0.1,449.81805680411327,523.3242004427359,1.0,0.0,0.0,0.0,2.0
32519,0.00012115486578100171,0.026169451008696373,1.0,0.1,449.5888445866627,523.3922254162386,1.0,0.0,0.0,0.0,2.0
32520,0.0003077612431640367,0.06647642852343193,1.0,0.1,448.9821312621087,523.9557461130579,1.0,0.0,0.0,0.0,2.0
32521,0.00011071866837619801,0.02391523236925877,1.0,0.1,449.088231922223,523.663669099761,1.0,0.0,0.0,0.0,2.0
32522,0.00012554462300996182,0.027117638570151755,1.0,0.1,448.42970138165356,524.0691325801624,1.0,0.0,0.0,0.0,2.0
32523,0.00012260823195836147,0.026483378103006078,1.0,0.1,448.2518209547592,524.371744466692,1.0,0.0,0.0,0.0,2.0
32524,0.000111125847336306,0.024003183024642095,1.0,0.1,448.0785182833995,524.536024297478,1.0,0.0,0.0,0.0,2.0
32525,2.797763170621808e-05,0.006043168448543105,1.0,0.1,448.3107342795029,524.2436832569127,1.0,0.0,0.0,0.0,2.0
32526,8.4352245899147e-05,0.018220085114215752,1.0,0.1,448.7792386733587,523.7107007863307,1.0,0.0,0.0,0.0,2.0
32527,0.0001684679493032689,0.036389077049506086,1.0,0.1,448.68946548034484,523.6755153857142,1.0,0.0,0.0,0.0,2.0
32528,6.771147285717142e-05,0.014625678137149026,1.0,0.1,448.54738243086166,523.5982754615252,1.0,0.0,0.0,0.0,2.0
32529,4.143306767101674e-05,0.008949542616939617,1.0,0.1,449.26233232808954,523.5283787314557,1.0,0.0,0.0,0.0,2.0
32530,0.00011358944535820307,0.024535320197371865,1.0,0.1,449.08308742599576,523.52479350073,1.0,0.0,0.0,0.0,2.0
32531,0.0007415789306031748,0.16018104901028576,0.0,0.1,449.39613378043333,523.7742096796158,1.0,0.0,0.0,0.0,2.0
32532,0.0003179773873696462,0.06868311567184357,1.0,0.1,449.12825879389715,524.2162797217796,1.0,0.0,0.0,0.0,2.0
32533,5.9641643399659214e-05,0.012882594974326391,1.0,0.1,449.29510675243546,524.0800130954078,1.0,0.0,0.0,0.0,2.0
32534,2.2765626738666183e-05,0.004917375375551896,1.0,0.1,449.4728163254312,523.7563327933012,1.0,0.0,0.0,0.0,2.0
32535,3.0105065348469373e-05,0.006502694115269385,1.0,0.1,449.5641276081337,523.9249875124236,1.0,0.0,0.0,0.0,2.0
32536,7.721938378933185e-05,0.01667938689849568,1.0,0.1,449.54230093907415,523.8174090220305,1.0,0.0,0.0,0.0,2.0
32537,0.00016592502171510357,0.03583980469046237,1.0,0.1,449.6816070809812,523.6447044717465,1.0,0.0,0.0,0.0,2.0
32538,0.00025543185315622045,0.05517328028174362,1.0,0.1,449.5877936186885,523.7315927892433,1.0,0.0,0.0,0.0,2.0
32539,0.00018174537210677557,0.03925700037506352,1.0,0.1,449.2036352962163,524.052959923355,1.0,0.0,0.0,0.0,2.0
32540,9.449897062790452e-05,0.020411777655627378,1.0,0.1,449.36296707335833,524.1048911228226,1.0,0.0,0.0,0.0,2.0
32541,0.0002321952730040307,0.05015417896887064,1.0,0.1,449.2326117645794,523.9776367280851,1.0,0.0,0.0,0.0,2.0
32542,0.00011853896756664187,0.025604416994394644,1.0,0.1,449.24243948399607,523.8540784223367,1.0,0.0,0.0,0.0,2.0
32543,0.0007582836682566395,0.16378927234343413,0.0,0.1,449.14099426653826,524.2017143076731,1.0,0.0,0.0,0.0,2.0
32544,3.480564127850837e-05,0.00751801851615781,1.0,0.1,449.06667048389875,524.3924289671601,1.0,0.0,0.0,0.0,2.0
32545,8.74844117115917e-05,0.018896632929703807,1.0,0.1,449.27190846081277,524.1577389700061,1.0,0.0,0.0,0.0,2.0
32546,0.00014740316746006185,0.031839084171373364,1.0,0.1,449.29925118164516,524.1756338212012,1.0,0.0,0.0,0.0,2.0
32547,5.292153120137086e-05,0.011431050739496105,1.0,0.1,449.435607311402,524.3611328956589,1.0,0.0,0.0,0.0,2.0
32548,7.442765132132711e-05,0.016076372685406657,1.0,0.1,449.05546335848237,524.6296001727048,1.0,0.0,0.0,0.0,2.0
32549,0.0003146944577201717,0.06797400286755709,1.0,0.1,448.4758630156482,525.1382266040144,1.0,0.0,0.0,0.0,2.0
32550,4.6597339547205505e-05,0.01006502534219639,1.0,0.1,448.3574515355003,525.5989057642274,1.0,0.0,0.0,0.0,2.0
32551,0.00013278993597663953,0.02868262617095414,1.0,0.1,448.3228440704808,525.6195286054933,1.0,0.0,0.0,0.0,2.0
32552,3.675003167628657e-05,0.0079380068420779,1.0,0.1,448.0921316044184,525.4413747024078,1.0,0.0,0.0,0.0,2.0
32553,4.33907704503696e-05,0.009372406417279834,1.0,0.1,448.82836636950645,524.5689991817771,1.0,0.0,0.0,0.0,2.0
32554,0.00015275097861073127,0.032994211379917954,1.0,0.1,448.7571815015119,524.528733202307,1.0,0.0,0.0,0.0,2.0
32555,0.0002324072188135234,0.05019995926372106,1.0,0.1,448.7941445458861,524.4448398473944,1.0,0.0,0.0,0.0,2.0
32556,0.00028701350947407797,0.06199491804640084,1.0,0.1,448.8717126327753,524.0839405175242,1.0,0.0,0.0,0.0,2.0
32557,2.1518662604966043e-05,0.004648031122672665,1.0,0.1,448.77997159786173,524.3910867422585,1.0,0.0,0.0,0.0,2.0
32558,1.781105802077269e-05,0.003847188532486901,1.0,0.1,448.9527737705742,524.6454261266371,1.0,0.0,0.0,0.0,2.0
32559,0.00011977806833812218,0.025872062761034393,1.0,0.1,449.02623866079983,524.6759186539558,1.0,0.0,0.0,0.0,2.0
32560,0.0003098020295803536,0.06691723838935638,1.0,0.1,449.1757280872805,524.5122663857794,1.0,0.0,0.0,0.0,2.0
32561,9.271346975352286e-05,0.020026109466760936,1.0,0.1,449.4387202418264,524.0524816474208,1.0,0.0,0.0,0.0,2.0
32562,7.011869738883068e-05,0.015145638635987429,1.0,0.1,449.5120721469006,524.1337164294794,1.0,0.0,0.0,0.0,2.0
32563,0.00020721001635728102,0.0447573635331727,1.0,0.1,449.75815554846906,524.1897032409327,1.0,0.0,0.0,0.0,2.0
32564,0.00015459799586833186,0.03339316710755968,1.0,0.1,449.9607502902786,524.0019458100758,1.0,0.0,0.0,0.0,2.0
32565,0.00029085169866930336,0.06282396691256953,1.0,0.1,449.9898913481344,524.02477519025,1.0,0.0,0.0,0.0,2.0
32566,0.0001497765923142469,0.03235174393987733,1.0,0.1,449.9662781589665,524.297408653051,1.0,0.0,0.0,0.0,2.0
32567,0.0004969592204990298,0.10734319162779044,0.0,0.1,450.0575004309218,524.2297595205474,1.0,0.0,0.0,0.0,2.0
32568,0.0002763390010434676,0.059689224225389005,1.0,0.1,449.4940526224148,524.5163017146283,1.0,0.0,0.0,0.0,2.0
32569,0.00014104796017183282,0.03046635939711589,1.0,0.1,450.01089905401784,524.614687887477,1.0,0.0,0.0,0.0,2.0
32570,0.0001485224389260324,0.032080846808023,1.0,0.1,449.8080712917434,524.3212688976001,1.0,0.0,0.0,0.0,2.0
32571,0.00017866072615279805,0.03859071684900438,1.0,0.1,450.3139513046598,524.1253204924467,1.0,0.0,0.0,0.0,2.0
32572,0.00016687538876663667,0.03604508397359352,1.0,0.1,450.11149429451706,523.8279452894681,1.0,0.0,0.0,0.0,2.0
32573,0.00019852057228542116,0.042880443613650975,1.0,0.1,449.8598629857021,524.1738457131647,1.0,0.0,0.0,0.0,2.0
32574,0.00015999117783325472,0.03455809441198302,1.0,0.1,450.0525119344325,523.7322150894987,1.0,0.0,0.0,0.0,2.0
32575,3.6076956896647055e-05,0.0077926226896757635,1.0,0.1,449.6743476841224,523.8980602324334,1.0,0.0,0.0,0.0,2.0
32576,0.0002948442663029487,0.06368636152143692,1.0,0.1,449.7738007232968,523.8177127264311,1.0,0.0,0.0,0.0,2.0
32577,5.430733837333101e-05,0.011730385088639498,1.0,0.1,450.02381489003017,523.9678939517518,1.0,0.0,0.0,0.0,2.0
32578,6.0327248507312866e-05,0.01303068567757958,1.0,0.1,449.882825292411,523.7764793810409,1.0,0.0,0.0,0.0,2.0
32579,0.00029305829835839714,0.06330059244541378,1.0,0.1,449.87017447251253,523.7545382244257,1.0,0.0,0.0,0.0,2.0
32580,0.00024838199184003143,0.05365051023744679,1.0,0.1,449.8535690238987,523.7407224006754,1.0,0.0,0.0,0.0,2.0
32581,0.00017299311615899014,0.03736651309034187,1.0,0.1,450.00700874677557,523.6927234400027,1.0,0.0,0.0,0.0,2.0
32582,0.00023500834469325184,0.0507618024537424,1.0,0.1,449.88098366113826,523.6550374643488,1.0,0.0,0.0,0.0,2.0
32583,0.00033069454644113483,0.07143002203128512,1.0,0.1,449.8961760827135,523.552783076929,1.0,0.0,0.0,0.0,2.0
32584,0.00014595693760652853,0.03152669852301016,1.0,0.1,449.5818210563641,523.5052034567614,1.0,0.0,0.0,0.0,2.0
32585,0.00021427513414699122,0.04628342897575011,1.0,0.1,449.3168764843644,523.7090081625331,1.0,0.0,0.0,0.0,2.0
32586,0.0001727090865297611,0.03730516269042839,1.0,0.1,449.36215551349346,523.9279390799251,1.0,0.0,0.0,0.0,2.0
32587,0.00020112153025869282,0.04344225053587765,1.0,0.1,449.26893609703245,523.9978977156129,1.0,0.0,0.0,0.0,2.0
32588,5.258262747589065e-05,0.011357847534792381,1.0,0.1,449.2069701196365,524.0437728407281,1.0,0.0,0.0,0.0,2.0
32589,0.00015380239426911887,0.03322131716212968,1.0,0.1,449.18688390635634,524.2650006980679,1.0,0.0,0.0,0.0,2.0
32590,0.0001251849547740141,0.02703995023118705,1.0,0.1,449.34629106445203,524.1551883442079,1.0,0.0,0.0,0.0,2.0
32591,0.0006273307659804702,0.13550344545178156,0.0,0.1,449.0784666273269,524.0389992005477,1.0,0.0,0.0,0.0,2.0
32592,0.00015216224880054493,0.03286704574091771,1.0,0.1,449.2303060712748,523.642154925739,1.0,0.0,0.0,0.0,2.0
32593,0.00011104157743770106,0.02398498072654343,1.0,0.1,449.7804092275537,522.7582979489234,1.0,0.0,0.0,0.0,2.0
32594,0.0002729748838235473,0.05896257490588623,1.0,0.1,449.6880079588639,523.0413483239043,1.0,0.0,0.0,0.0,2.0
32595,0.00025578502993736364,0.05524956646647055,1.0,0.1,449.8095959575916,522.9507470941124,1.0,0.0,0.0,0.0,2.0
32596,6.949382163751557e-05,0.015010665473703364,1.0,0.1,449.7325951932461,523.2718962384328,1.0,0.0,0.0,0.0,2.0
32597,0.0001584254488947608,0.03421989696126833,1.0,0.1,449.94805550320365,523.1656251894157,1.0,0.0,0.0,0.0,2.0
32598,0.00011250673221551201,0.024301454158550596,1.0,0.1,450.1399281280279,522.9958673823032,1.0,0.0,0.0,0.0,2.0
32599,3.74045072849969e-05,0.008079373573559331,1.0,0.1,450.09516722979055,523.0346070389215,1.0,0.0,0.0,0.0,2.0
32600,3.097885882346491e-05,0.00669143350586842,1.0,0.1,450.33395729059237,523.0667861985883,1.0,0.0,0.0,0.0,2.0
32601,0.0001283510220644796,0.027723820765927595,1.0,0.1,449.8852356134324,523.2360408483023,1.0,0.0,0.0,0.0,2.0
32602,0.00010003841311097126,0.021608297231969793,1.0,0.1,449.39443261814836,523.3058657526924,1.0,0.0,0.0,0.0,2.0
32603,0.000461331690656352,0.09964764518177202,1.0,0.1,448.7136085666577,524.2257146682687,1.0,0.0,0.0,0.0,2.0
32604,0.0002586427793037621,0.055866840329612616,1.0,0.1,449.0793229774446,524.1182846944863,1.0,0.0,0.0,0.0,2.0
32605,0.00015123733608096653,0.032667264593488766,1.0,0.1,448.52253483638026,524.806060782564,1.0,0.0,0.0,0.0,2.0
32606,3.7528799776433276e-05,0.008106220751709588,1.0,0.1,447.49150749269194,525.0980158727818,1.0,0.0,0.0,0.0,2.0
32607,0.00014780653901348836,0.031926212426913486,1.0,0.1,446.28522774909965,525.5973719174262,1.0,0.0,0.0,0.0,2.0
32608,9.572921471840429e-05,0.02067751037917533,1.0,0.1,445.5618843562165,525.5700583145244,1.0,0.0,0.0,0.0,2.0
32609,0.00019595193178481677,0.04232561726552043,1.0,0.1,445.04876446699103,525.4127130011263,1.0,0.0,0.0,0.0,2.0
32610,4.589959378763728e-05,0.009914312258129653,1.0,0.1,445.18132724664656,524.6156667586915,1.0,0.0,0.0,0.0,2.0
32611,0.00010832749038225249,0.023398737922566536,1.0,0.1,445.72178085169077,523.7422942894138,1.0,0.0,0.0,0.0,2.0
32612,0.0001967582928777716,0.04249979126159867,1.0,0.1,446.5174994584065,523.1974994390774,1.0,0.0,0.0,0.0,2.0
32613,2.567799438604737e-05,0.005546446787386232,1.0,0.1,446.8219770718975,523.2406794442728,1.0,0.0,0.0,0.0,2.0
32614,8.081543317966737e-05,0.01745613356680815,1.0,0.1,446.7382809780122,523.7116864755816,1.0,0.0,0.0,0.0,2.0
32615,0.0004619160213636653,0.09977386061455171,1.0,0.1,445.6187161177867,524.7845486193921,1.0,0.0,0.0,0.0,2.0
32616,0.0002052694647649042,0.04433820438921931,1.0,0.1,445.36321748965435,524.7114779131582,1.0,0.0,0.0,0.0,2.0
32617,0.00019801472665862332,0.04277118095826264,1.0,0.1,444.90084782484286,524.8130959572286,1.0,0.0,0.0,0.0,2.0
32618,0.00032446884044892303,0.07008526953696738,1.0,0.1,444.69952987384966,525.1552688073048,1.0,0.0,0.0,0.0,2.0
32619,0.00025234602410908737,0.054506741207562874,1.0,0.1,444.32960107679787,525.2708247640156,1.0,0.0,0.0,0.0,2.0
32620,6.131709174617015e-05,0.013244491817172752,1.0,0.1,444.3259451845721,525.1604611540105,1.0,0.0,0.0,0.0,2.0
32621,8.73145492559157e-05,0.01885994263927779,1.0,0.1,444.6972098352281,524.972586975048,1.0,0.0,0.0,0.0,2.0
32622,7.636526275584599e-05,0.016494896755262733,1.0,0.1,444.59386489753086,525.3354373056396,1.0,0.0,0.0,0.0,2.0
32623,0.00024072707300485692,0.05199704776904909,1.0,0.1,444.2943572289943,525.6491322577269,1.0,0.0,0.0,0.0,2.0
32624,0.0002873407402458745,0.06206559989310889,1.0,0.1,444.16236717879536,525.4077559699532,1.0,0.0,0.0,0.0,2.0
32625,0.00011098174044312963,0.023972055935716004,1.0,0.1,444.20869781796364,524.956283764472,1.0,0.0,0.0,0.0,2.0
32626,3.0858739761941843e-05,0.006665487788579438,1.0,0.1,444.0872758347341,523.7626076354359,1.0,0.0,0.0,0.0,2.0
32627,0.0006920798988495962,0.1494892581515128,0.0,0.1,443.88888283593764,523.3999349658968,1.0,0.0,0.0,0.0,2.0
32628,0.0001456037450073626,0.03145040892159033,1.0,0.1,444.1463099723984,522.9149811179567,1.0,0.0,0.0,0.0,2.0
32629,0.00013309702342783315,0.028748957060411962,1.0,0.1,443.8121246876203,522.9921978352955,1.0,0.0,0.0,0.0,2.0
32630,8.927415855332017e-05,0.019283218247517157,1.0,0.1,441.55653191094564,523.2817800124956,1.0,0.0,0.0,0.0,2.0
32631,0.00022065529294698809,0.04766154327654943,1.0,0.1,439.5318416655976,524.0318029980244,1.0,0.0,0.0,0.0,2.0
32632,0.00011305897008784404,0.02442073753897431,1.0,0.1,437.22885997886607,524.492456078016,1.0,0.0,0.0,0.0,2.0
32633,0.00012411742570263602,0.026809363951769378,1.0,0.1,433.4468769104188,524.8352088149517,1.0,0.0,0.0,0.0,2.0
32634,0.00016651544433052103,0.03596733597539254,1.0,0.1,430.2265629832284,525.3096924329511,1.0,0.0,0.0,0.0,2.0
32635,0.000188238582567466,0.04065953383457266,1.0,0.1,429.77342920646936,525.3633580921005,1.0,0.0,0.0,0.0,2.0
32636,8.015459725645163e-05,0.017313393007393554,1.0,0.1,429.7103134901582,525.3631282141451,1.0,0.0,0.0,0.0,2.0
32637,0.00024823211070345555,0.0536181359119464,1.0,0.1,427.38904516853853,526.4616507776973,1.0,0.0,0.0,0.0,2.0
32638,0.00024336533234892442,0.05256691178736767,1.0,0.1,423.2275702388359,528.5465821665906,1.0,0.0,0.0,0.0,2.0
32639,0.0003781663370769683,0.08168392880862517,1.0,0.1,420.5371564355904,530.6942815460674,1.0,0.0,0.0,0.0,2.0
32640,0.00031968162018683233,0.06905122996035579,1.0,0.1,419.7825527833905,531.2236160249545,1.0,0.0,0.0,0.0,2.0
32641,0.0001456798395564281,0.03146684534418848,1.0,0.1,415.9382229472261,532.2336113887351,1.0,0.0,0.0,0.0,2.0
32642,7.041028026519892e-05,0.015208620537282965,1.0,0.1,412.62359772357786,532.8827003160098,1.0,0.0,0.0,0.0,2.0
32643,0.0005154768678991481,0.11134300346621599,0.0,0.1,411.1798470773324,533.0686418040412,1.0,0.0,0.0,0.0,2.0
32644,3.298372152672124e-05,0.007124483849771788,1.0,0.1,409.9097415519803,531.975569236874,1.0,0.0,0.0,0.0,2.0
32645,0.00015767256352634343,0.034057273721690186,1.0,0.1,409.00503848869454,531.5104280634738,1.0,0.0,0.0,0.0,2.0
32646,0.00034734610205194427,0.07502675804321997,1.0,0.1,405.4095431259837,531.9519981630554,1.0,0.0,0.0,0.0,2.0
32647,0.00011782068200440356,0.02544926731295117,1.0,0.1,402.42288219865765,531.6985518258375,1.0,0.0,0.0,0.0,2.0
32648,0.0004968236640586973,0.10731391143667862,0.0,0.1,400.6654697338922,531.8770360748061,1.0,0.0,0.0,0.0,2.0
32649,0.00023902835702023305,0.05163012511637034,1.0,0.1,399.5171078993904,532.0692329251425,1.0,0.0,0.0,0.0,2.0
32650,0.0002961027238183273,0.06395818834475869,1.0,0.1,397.2975512799454,532.2847864152236,1.0,0.0,0.0,0.0,2.0
32651,0.00012627832813910485,0.027276118878046648,1.0,0.1,394.1861019156272,532.8776786128225,1.0,0.0,0.0,0.0,2.0
32652,0.00022066521679865438,0.04766368682850935,1.0,0.1,389.94886930706036,534.1221504824198,1.0,0.0,0.0,0.0,2.0
32653,0.00015609692094877708,0.033716934924935854,1.0,0.1,387.13679907342305,535.7689152295638,1.0,0.0,0.0,0.0,2.0
32654,0.00012746153153093157,0.027531690810681218,1.0,0.1,386.0895304054662,536.6298306986716,1.0,0.0,0.0,0.0,2.0
32655,0.00010808505916475166,0.02334637277958636,1.0,0.1,385.7444158494541,536.4789102087951,1.0,0.0,0.0,0.0,2.0
32656,8.91470909531287e-05,0.019255771645875802,1.0,0.1,382.81087383649975,539.0738337334301,1.0,0.0,0.0,0.0,2.0
32657,0.00018379391226885314,0.03969948505007228,1.0,0.1,378.6845037008273,541.2876613582325,1.0,0.0,0.0,0.0,2.0
32658,0.0003580531762283993,0.07733948606533424,1.0,0.1,376.8118587137435,542.5036018071004,1.0,0.0,0.0,0.0,2.0
32659,0.0003916385328844922,0.08459392310305032,1.0,0.1,373.5122697023896,544.3348198668468,1.0,0.0,0.0,0.0,2.0
32660,0.00041159694976711377,0.08890494114969658,1.0,0.1,370.10760785996536,546.500394418574,1.0,0.0,0.0,0.0,2.0
32661,0.00010719890072151198,0.02315496255584659,1.0,0.1,369.7001201028723,546.867748155006,1.0,0.0,0.0,0.0,2.0
32662,0.00023795037546864964,0.05139728110122833,1.0,0.1,368.521432516233,547.754357203212,1.0,0.0,0.0,0.0,2.0
32663,0.00026527278271694946,0.05729892106686108,1.0,0.1,367.3702565870135,548.5905139047245,1.0,0.0,0.0,0.0,2.0
32664,0.00018141078510963533,0.03918472958368124,1.0,0.1,366.4325937286226,550.675026882577,1.0,0.0,0.0,0.0,2.0
32665,0.0003502294589285328,0.07564956312856308,1.0,0.1,364.4368087805473,552.4796327265242,1.0,0.0,0.0,0.0,2.0
32666,0.00013950774474091312,0.030133672864037234,1.0,0.1,361.3879098201577,554.8641684610683,1.0,0.0,0.0,0.0,2.0
32667,,,,0.1,361.2849704838796,554.7731484388637,1.0,0.0,0.0,0.0,2.0
32668,,,,0.1,361.02026661193014,555.1615264042307,,,0.0,0.0,2.0
32669,0.00023041907714613287,0.0497705206635647,1.0,0.1,361.3381223545019,554.3326108819246,1.0,0.0,0.0,0.0,2.0
32670,0.0003195011977820466,0.06901225872092207,1.0,0.1,360.95039453936715,553.7494678004608,1.0,0.0,0.0,0.0,2.0
32671,5.463085323556243e-05,0.011800264298881485,1.0,0.1,360.6352968871845,553.2180142676539,1.0,0.0,0.0,0.0,2.0
32672,0.00020862378482280542,0.045062737521725967,1.0,0.1,359.9557814784356,553.0162760905371,1.0,0.0,0.0,0.0,2.0
32673,0.00020038024878779343,0.043282133738163385,1.0,0.1,357.7528014736944,553.8960429791529,1.0,0.0,0.0,0.0,2.0
32674,0.0005003598645120427,0.10807773073460124,0.0,0.1,357.0223320593115,554.0416376322174,1.0,0.0,0.0,0.0,2.0
32675,0.0007205158105158707,0.15563141507142808,0.0,0.1,357.9835106496005,552.820499186022,1.0,0.0,0.0,0.0,2.0
32676,0.0006740930776982107,0.1456041047828135,0.0,0.1,358.78808855173764,551.7638033545022,1.0,0.0,0.0,0.0,2.0
32677,0.00036357505790945814,0.07853221250844296,1.0,0.1,362.78060385414204,547.9903285431485,1.0,0.0,0.0,0.0,2.0
32678,0.00028602207226805323,0.0617807676098995,1.0,0.1,364.8128461284512,545.3921986352356,1.0,0.0,0.0,0.0,2.0
32679,0.00022107354834653277,0.04775188644285108,1.0,0.1,367.297796310576,542.3176137293417,1.0,0.0,0.0,0.0,2.0
32680,8.788775796581055e-05,0.01898375572061508,1.0,0.1,368.2614611975792,541.913513061107,1.0,0.0,0.0,0.0,2.0
32681,0.00033621579580283233,0.07262261189341178,1.0,0.1,369.1873979108869,541.0589153008978,1.0,0.0,0.0,0.0,2.0
32682,4.437004880853311e-05,0.009583930542643152,1.0,0.1,370.73983605472813,539.7161125684569,1.0,0.0,0.0,0.0,2.0
32683,0.0005773989482567242,0.12471817282345243,0.0,0.1,372.9497824890369,538.5825872167694,1.0,0.0,0.0,0.0,2.0
32684,0.00011334065452171016,0.024481581376689394,1.0,0.1,375.90179458327856,536.6509507831378,1.0,0.0,0.0,0.0,2.0
32685,0.0002685703466953908,0.058011194886204424,1.0,0.1,376.8246786442726,536.3127134152113,1.0,0.0,0.0,0.0,2.0
32686,0.0002692054151265651,0.05814836966733806,1.0,0.1,380.96873061759794,533.7037030901286,1.0,0.0,0.0,0.0,2.0
32687,0.0005320590761237643,0.11492476044273307,0.0,0.1,387.71235608571646,531.2461789187462,1.0,0.0,0.0,0.0,2.0
32688,0.0004787019954702487,0.10339963102157372,0.0,0.1,397.21962649528126,525.7180832475944,1.0,0.0,0.0,0.0,2.0
32689,0.00021904242177554954,0.047313163103518706,1.0,0.1,407.21450645841696,521.6368119498798,1.0,0.0,0.0,0.0,2.0
32690,2.7662898406596896e-05,0.005975186055824929,1.0,0.1,414.04177909652657,518.6632206901662,1.0,0.0,0.0,0.0,2.0
32691,0.0003073991484113295,0.06639821605684718,1.0,0.1,420.1719897539558,514.8995882100783,1.0,0.0,0.0,0.0,2.0
32692,0.0002608333044145872,0.05633999375355083,1.0,0.1,423.1596931692627,514.5349394338821,1.0,0.0,0.0,0.0,2.0
32693,0.0002629420756600635,0.05679548834257372,1.0,0.1,425.2660886895195,515.895970935671,1.0,0.0,0.0,0.0,2.0
32694,0.00022456496012411624,0.04850603138680911,1.0,0.1,426.34504312966743,516.1020551315179,1.0,0.0,0.0,0.0,2.0
32695,0.0004454651170857861,0.0962204652905298,1.0,0.1,429.4790144783079,515.3177091070999,1.0,0.0,0.0,0.0,2.0
32696,9.814864905352335e-05,0.021200108195561045,1.0,0.1,431.1710585589946,515.4709071989305,1.0,0.0,0.0,0.0,2.0
32697,0.0002488527198329984,0.05375218748392766,1.0,0.1,432.18620923694965,514.884812444506,1.0,0.0,0.0,0.0,2.0
32698,0.00033103111551026294,0.0715027209502168,1.0,0.1,433.0251975741067,514.0861973138018,1.0,0.0,0.0,0.0,2.0
32699,0.0008745864667435749,0.1889106768166122,0.0,0.1,434.12754064787424,513.1949186680896,1.0,0.0,0.0,0.0,2.0
32700,0.000681280944683595,0.14715668405165652,0.0,0.1,435.3068809308842,511.53292272487727,1.0,0.0,0.0,0.0,2.0
32701,0.0001265122722686506,0.027326650810028528,1.0,0.1,436.8949769501062,509.74993960935365,1.0,0.0,0.0,0.0,2.0
32702,0.0003002662064782906,0.06485750059931078,1.0,0.1,441.2031369111343,508.0172992594145,1.0,0.0,0.0,0.0,2.0
32703,0.0002212122474825086,0.047781845456221855,1.0,0.1,443.3805404427214,507.5172901857491,1.0,0.0,0.0,0.0,2.0
32704,0.0001440758147429647,0.03112037598448038,1.0,0.1,450.51402708486637,503.9341941512705,1.0,0.0,0.0,0.0,2.0
32705,0.0003274786318700565,0.07073538448393221,1.0,0.1,456.1242553389308,502.75226609533166,1.0,0.0,0.0,0.0,2.0
32706,0.00011761984031975265,0.025405885509066573,1.0,0.1,460.15035701017405,504.32724818032517,1.0,0.0,0.0,0.0,2.0
32707,0.00015872519746936516,0.03428464265338287,1.0,0.1,465.33281687049254,507.5491258836324,1.0,0.0,0.0,0.0,2.0
32708,9.913840041067989e-05,0.021413894488706856,1.0,0.1,465.90387337205726,509.8020343416347,1.0,0.0,0.0,0.0,2.0
32709,0.00035170489611392026,0.07596825756060678,1.0,0.1,468.6117230720272,512.534963512559,1.0,0.0,0.0,0.0,2.0
32710,0.00041056785366643943,0.08868265639195091,1.0,0.1,470.76986983120895,514.1327758866267,1.0,0.0,0.0,0.0,2.0
32711,0.00033531264766237457,0.07242753189507291,1.0,0.1,471.6291700302572,516.3718422537894,1.0,0.0,0.0,0.0,2.0
32712,5.788248746934887e-05,0.012502617293379356,1.0,0.1,472.5692270495869,517.4274386993717,1.0,0.0,0.0,0.0,2.0
32713,0.0007546588986146506,0.16300632210076454,0.0,0.1,473.66105593288586,519.8973480183249,1.0,0.0,0.0,0.0,2.0
32714,0.00018495190849771893,0.03994961223550729,1.0,0.1,475.00953874452995,524.2603611410268,1.0,0.0,0.0,0.0,2.0
32715,0.0003513083527183968,0.07588260418717371,1.0,0.1,,,1.0,0.0,,,2.0
32716,0.000265387734386793,0.05732375062754728,1.0,0.1,478.63644790217666,532.340725222788,1.0,0.0,0.0,0.0,2.0
32717,0.0001666604490201867,0.03599865698836033,1.0,0.1,478.47749906038024,535.0422050046831,1.0,0.0,0.0,0.0,2.0
32718,0.0001621297427533453,0.03502002443472258,1.0,0.1,479.6378316690606,535.0530230198923,1.0,0.0,0.0,0.0,2.0
32719,0.0002888048901639093,0.06238185627540441,1.0,0.1,,,1.0,0.0,,,2.0
32720,1.3473740660915342e-05,0.002910327982757714,1.0,0.1,,,1.0,0.0,,,2.0
32721,0.0009741607428899823,0.21041872046423618,0.0,0.1,,,1.0,0.0,,,2.0
32722,0.0008535654994075629,0.1843701478720336,0.0,0.1,,,1.0,0.0,,,2.0
32723,0.000694988537320093,0.1501175240611401,0.0,0.1,,,1.0,0.0,,,2.0
32724,,,,0.1,,,1.0,0.0,,,2.0
32725,,,,0.1,,,,,,,2.0
32726,,,,0.1,,,,,,,2.0
32727,0.0007281148704289512,0.15727281201265347,0.0,0.1,482.39547199838336,534.177958339023,1.0,0.0,0.0,0.0,2.0
32728,0.0006397253820244943,0.1381806825172908,0.0,0.1,483.28223218421834,530.6823153871078,1.0,0.0,0.0,0.0,2.0
32729,0.00016396079318811924,0.03541553132863376,1.0,0.1,483.90280078860616,528.1455813405429,1.0,0.0,0.0,0.0,2.0
32730,0.0005467964564337853,0.11810803458969762,0.0,0.1,483.95565178231044,526.6217743684541,1.0,0.0,0.0,0.0,2.0
32731,0.0004515547861738791,0.09753583381355789,1.0,0.1,485.4533873992943,522.7616741881097,1.0,0.0,0.0,0.0,2.0
32732,6.752829975330885e-05,0.014586112746714713,1.0,0.1,485.4243124435539,520.0373281127353,1.0,0.0,0.0,0.0,2.0
32733,0.00012822659495671638,0.027696944510650738,1.0,0.1,484.48981893940896,518.8608429620044,1.0,0.0,0.0,0.0,2.0
32734,0.0002137810420388947,0.04617670508040126,1.0,0.1,483.8302386880632,518.7298587951694,1.0,0.0,0.0,0.0,2.0
32735,0.0004088384075837881,0.08830909603809824,1.0,0.1,484.02862884084135,518.1747412201514,1.0,0.0,0.0,0.0,2.0
32736,0.00043935167394036547,0.09489996157111895,1.0,0.1,484.18742196605075,517.9646376268341,1.0,0.0,0.0,0.0,2.0
32737,5.4563475658816404e-05,0.011785710742304344,1.0,0.1,483.96668122654876,517.5618440837619,1.0,0.0,0.0,0.0,2.0
32738,0.0001499979590482347,0.032399559154418694,1.0,0.1,483.38447428819694,516.357893187981,1.0,0.0,0.0,0.0,2.0
32739,0.00026862368089301873,0.05802271507289204,1.0,0.1,481.0426885049924,516.5490660794982,1.0,0.0,0.0,0.0,2.0
32740,0.0005542670884717025,0.11972169110988774,0.0,0.1,478.80275227285165,515.8937105493201,1.0,0.0,0.0,0.0,2.0
32741,0.0008407751692357526,0.18160743655492256,0.0,0.1,477.77134382762114,515.39518856074,1.0,0.0,0.0,0.0,2.0
32742,0.0004840339888893495,0.10455134160009949,0.0,0.1,476.471160132528,516.47228265108,1.0,0.0,0.0,0.0,2.0
32743,0.0004731628506856758,0.10220317574810599,0.0,0.1,477.8015601789769,515.3216194220239,1.0,0.0,0.0,0.0,2.0
32744,0.0005216709847824196,0.11268093271300264,0.0,0.1,477.50988210882775,514.0710603719109,1.0,0.0,0.0,0.0,2.0
32745,0.00017850877937417473,0.03855789634482174,1.0,0.1,478.0531090064805,511.7842474279739,1.0,0.0,0.0,0.0,2.0
32746,0.0005382259250675441,0.11625679981458954,0.0,0.1,477.28431717549523,509.6201880361523,1.0,0.0,0.0,0.0,2.0
32747,0.0005347035187053358,0.11549596004035254,0.0,0.1,476.6383710359769,507.3273665645566,1.0,0.0,0.0,0.0,2.0
32748,0.00044075874896027707,0.09520388977541985,1.0,0.1,476.1353229209909,507.410068888882,1.0,0.0,0.0,0.0,2.0
32749,0.0006338467588679378,0.13691089991547456,0.0,0.1,473.06750404733253,507.16049590595253,1.0,0.0,0.0,0.0,2.0
32750,0.00021583304307689184,0.04661993730460864,1.0,0.1,470.7139879203883,506.57286212991846,1.0,0.0,0.0,0.0,2.0
32751,0.00017161462354033016,0.037068758684711316,1.0,0.1,468.5605587918442,505.0446738256888,1.0,0.0,0.0,0.0,2.0
32752,0.0003379976445558557,0.07300749122406484,1.0,0.1,466.1793460727747,505.1267014687761,1.0,0.0,0.0,0.0,2.0
32753,0.0002970208038628797,0.06415649363438201,1.0,0.1,465.2847937556204,504.94548911086105,1.0,0.0,0.0,0.0,2.0
32754,0.00012855075319464674,0.0277669626900437,1.0,0.1,463.8701020453072,505.3038379360289,1.0,0.0,0.0,0.0,2.0
32755,0.0003554556122564926,0.07677841224740241,1.0,0.1,462.73265448203216,505.61503870152654,1.0,0.0,0.0,0.0,2.0
32756,0.0005032490214106892,0.10870178862470886,0.0,0.1,460.4022382736322,505.15165323801153,1.0,0.0,0.0,0.0,2.0
32757,0.0009329323451119875,0.20151338654418932,0.0,0.1,458.76765474073585,505.51980465456495,1.0,0.0,0.0,0.0,2.0
32758,0.00019255144710773406,0.04159111257527056,1.0,0.1,456.17023087377,506.35173535462206,1.0,0.0,0.0,0.0,2.0
32759,0.0005499111105163046,0.11878079987152179,0.0,0.1,454.7561317491456,504.8791687500334,1.0,0.0,0.0,0.0,2.0
32760,0.0008823294039307434,0.19058315124904057,0.0,0.1,450.9046329306182,504.2411678655542,1.0,0.0,0.0,0.0,2.0
32761,0.0003978714116255532,0.0859402249111195,1.0,0.1,448.9350969776649,501.9461624039791,1.0,0.0,0.0,0.0,2.0
32762,0.0006744488500642974,0.14568095161388825,0.0,0.1,449.79027824801847,500.03925413802807,1.0,0.0,0.0,0.0,2.0
32763,0.0002763374642513727,0.059688892278296504,1.0,0.1,451.37147422853343,495.65278968580003,1.0,0.0,0.0,0.0,2.0
32764,0.0009629674065942705,0.20800095982436242,0.0,0.1,453.840883221691,488.951256202765,1.0,0.0,0.0,0.0,2.0
32765,7.88540494969612e-05,0.01703247469134362,1.0,0.1,456.5223800871837,483.32126672058394,1.0,0.0,0.0,0.0,2.0
32766,0.0001740992349863686,0.03760543475705562,1.0,0.1,457.04550101971023,481.1840945281077,1.0,0.0,0.0,0.0,2.0
32767,0.0006785176684094922,0.1465598163764503,0.0,0.1,459.0128456665035,478.4528070598858,1.0,0.0,0.0,0.0,2.0
32768,0.0005918912191213656,0.12784850333021497,0.0,0.1,459.7201543256709,476.4864091336299,1.0,0.0,0.0,0.0,2.0
32769,0.0006732443036832353,0.14542076959557884,0.0,0.1,460.1975831875308,473.3987329202762,1.0,0.0,0.0,0.0,2.0
32770,0.00040289623993236117,0.08702558782539002,1.0,0.1,462.8330324107745,469.72447958721244,1.0,0.0,0.0,0.0,2.0
32771,0.0008872540852612392,0.19164688241642766,0.0,0.1,463.72932372452107,468.5665961997864,1.0,0.0,0.0,0.0,2.0
32772,0.0005313181140748919,0.11476471264017667,0.0,0.1,465.0897234258318,466.894562766716,1.0,0.0,0.0,0.0,2.0
32773,0.0007421799038933225,0.16031085924095767,0.0,0.1,467.24900158597427,465.0422663527518,1.0,0.0,0.0,0.0,2.0
32774,0.00019634055182945182,0.042409559195161595,1.0,0.1,467.72707598483436,465.1524058649172,1.0,0.0,0.0,0.0,2.0
32775,0.0007236487214805926,0.15630812383980802,0.0,0.1,467.4447928866595,465.0631146145196,1.0,0.0,0.0,0.0,2.0
32776,7.923544778394024e-05,0.01711485672133109,1.0,0.1,468.70861000648637,464.9918274094936,1.0,0.0,0.0,0.0,2.0
32777,0.00039903119306056693,0.08619073770108246,1.0,0.1,469.3276152240276,464.8604166104427,1.0,0.0,0.0,0.0,2.0
32778,0.0006585226079734291,0.1422408833222607,0.0,0.1,469.12625060935613,465.3359765444631,1.0,0.0,0.0,0.0,2.0
32779,0.0007625474461831888,0.1647102483755688,0.0,0.1,467.68032769874634,466.984062580715,1.0,0.0,0.0,0.0,2.0
32780,0.0008944089678184519,0.1931923370487856,0.0,0.1,466.0034542397036,468.0386547638534,1.0,0.0,0.0,0.0,2.0
32781,0.00118221579378151,0.25535861145680616,0.0,0.1,464.95575729913065,469.36849208142087,1.0,0.0,0.0,0.0,2.0
32782,0.00039973813157576034,0.08634343642036424,1.0,0.1,460.74089516000527,472.34090259301456,1.0,0.0,0.0,0.0,2.0
32783,0.0001770743127103215,0.03824805154542945,1.0,0.1,458.31579877563536,473.1967886484651,1.0,0.0,0.0,0.0,2.0
32784,0.0009089554326223971,0.19633437344643778,0.0,0.1,456.89737846028515,472.81070538462376,1.0,0.0,0.0,0.0,2.0
32785,0.001816426635397635,0.3923481532458892,0.0,0.1,452.9453713430191,473.0017109994111,1.0,0.0,0.0,0.0,2.0
32786,0.001385338114436281,0.29923303271823676,0.0,0.1,452.46996561031204,471.2773768153864,1.0,0.0,0.0,0.0,2.0
32787,0.00025205562088784943,0.05444401411177548,1.0,0.1,453.721590442241,468.6882078808229,1.0,0.0,0.0,0.0,2.0
32788,8.430925741096796e-05,0.018210799600769077,1.0,0.1,454.0302199668679,466.43430962415437,1.0,0.0,0.0,0.0,2.0
32789,0.0005115111916471001,0.11048641739577361,0.0,0.1,455.48557680285035,463.63393032141965,1.0,0.0,0.0,0.0,2.0
32790,,,,0.1,456.9369318522991,460.65170740260834,1.0,0.0,0.0,0.0,2.0
32791,,,,0.1,457.478084394549,458.41606951351076,,,0.0,0.0,2.0
32792,0.0001763210292828787,0.0380853423251018,1.0,0.1,459.0399373909793,454.9501060365924,1.0,0.0,0.0,0.0,2.0
32793,0.0004959085580731307,0.10711624854379623,0.0,0.1,459.3899481735704,453.4881381408431,1.0,0.0,0.0,0.0,2.0
32794,0.00041037472899515317,0.0886409414629531,1.0,0.1,458.9707402425769,452.71098945722196,1.0,0.0,0.0,0.0,2.0
32795,0.0011860294009903146,0.256182350613908,0.0,0.1,460.15154216530965,449.9557686245978,1.0,0.0,0.0,0.0,2.0
32796,0.0009124702650089894,0.19709357724194174,0.0,0.1,460.6947175966951,447.57686374148756,1.0,0.0,0.0,0.0,2.0
32797,0.00022741683733677154,0.04912203686474265,1.0,0.1,461.5206315511443,444.86375480913483,1.0,0.0,0.0,0.0,2.0
32798,0.0004524390320088695,0.09772683091391582,1.0,0.1,461.22143435239116,443.922012540084,1.0,0.0,0.0,0.0,2.0
32799,0.0008015274984877479,0.17312993967335358,0.0,0.1,462.7731978139639,441.035140187348,1.0,0.0,0.0,0.0,2.0
32800,0.0011223854669321566,0.24243526085734585,0.0,0.1,464.72730524632,437.9219151509912,1.0,0.0,0.0,0.0,2.0
32801,0.0004193138942550169,0.09057180115908366,1.0,0.1,465.172820776192,436.35535246145434,1.0,0.0,0.0,0.0,2.0
32802,0.001176127232129476,0.2540434821399668,0.0,0.1,465.29142547689037,435.55614778105866,1.0,0.0,0.0,0.0,2.0
32803,0.0010634498289378378,0.229705163050573,0.0,0.1,459.9872763098931,438.9701781736619,1.0,0.0,0.0,0.0,2.0
32804,0.0005392599182932983,0.11648014235135246,0.0,0.1,454.31728450947236,442.574949323316,1.0,0.0,0.0,0.0,2.0
32805,0.00024073994308430606,0.05199982770621011,1.0,0.1,451.0043264322967,444.73779052025196,1.0,0.0,0.0,0.0,2.0
32806,0.0003186043483720557,0.06881853924836404,1.0,0.1,446.51125681866665,448.06102337320283,1.0,0.0,0.0,0.0,2.0
32807,0.000605334384552949,0.13075222706343698,0.0,0.1,445.4261118673164,448.4241867834767,1.0,0.0,0.0,0.0,2.0
32808,0.00043901646939689285,0.09482755738972885,1.0,0.1,443.5239101649571,448.7288309605154,1.0,0.0,0.0,0.0,2.0
32809,0.0012716773011682643,0.2746822970523451,0.0,0.1,441.83125641732727,449.32481251403806,1.0,0.0,0.0,0.0,2.0
32810,0.0002959329526468088,0.0639215177717107,1.0,0.1,441.14636645702075,449.95285777867247,1.0,0.0,0.0,0.0,2.0
32811,0.000947534039855024,0.20466735260868518,0.0,0.1,440.74148156448393,450.23301482644683,1.0,0.0,0.0,0.0,2.0
32812,0.0009066107750379233,0.19582792740819144,0.0,0.1,438.8100894527801,452.4018258861993,1.0,0.0,0.0,0.0,2.0
32813,,,,0.1,437.50370756555486,453.5751029898372,1.0,0.0,0.0,0.0,2.0
32814,,,,0.1,436.5760141938422,453.50678642646994,,,0.0,0.0,2.0
32815,,,,0.1,438.72867739183124,450.03716749779517,1.0,0.0,0.0,0.0,2.0
32816,,,,0.1,438.80897268500587,448.762134786021,,,0.0,0.0,2.0
32817,0.0010688325342021016,0.23086782738765396,0.0,0.1,440.90725256573575,444.3401641483916,1.0,0.0,0.0,0.0,2.0
32818,0.0010721625326221998,0.23158710704639515,0.0,0.1,441.53239384129154,442.3642744914262,1.0,0.0,0.0,0.0,2.0
32819,0.0008345845338653442,0.18027025931491436,0.0,0.1,441.2969273096393,440.73028859782755,1.0,0.0,0.0,0.0,2.0
32820,0.0011299168043716805,0.24406202974428298,0.0,0.1,440.99983248202636,439.5569284963457,1.0,0.0,0.0,0.0,2.0
32821,0.0011645829891979921,0.2515499256667663,0.0,0.1,440.90898264320265,438.0974990473053,1.0,0.0,0.0,0.0,2.0
32822,0.0011368971384993383,0.24556978191585707,0.0,0.1,444.39091230298806,433.42626919764444,1.0,0.0,0.0,0.0,2.0
32823,0.0018263217709966932,0.39448550253528575,0.0,0.1,445.0285575853192,431.73043582439794,1.0,0.0,0.0,0.0,2.0
32824,0.00021181254899358223,0.04575151058261376,1.0,0.1,446.1331337287407,430.25088805559545,1.0,0.0,0.0,0.0,2.0
32825,,,,0.1,448.2750685585423,427.8289036398022,1.0,0.0,0.0,0.0,2.0
32826,,,,0.1,453.1538653400128,422.3730055288913,,,0.0,0.0,2.0
32827,,,,0.1,457.8744391870919,417.11469818624727,,,0.0,0.0,2.0
32828,0.00038369409905815324,0.0828779253965611,1.0,0.1,462.31317676822385,412.2272391953269,1.0,0.0,0.0,0.0,2.0
32829,0.0011514990523422731,0.248723795305931,0.0,0.1,463.56780576256,410.9089284796978,1.0,0.0,0.0,0.0,2.0
32830,,,,0.1,464.66992907721703,409.652124222759,1.0,0.0,0.0,0.0,2.0
32831,,,,0.1,470.4603005053724,403.8962600717577,,,0.0,0.0,2.0
32832,,,,0.1,475.255703465761,399.06101069361506,,,0.0,0.0,2.0
32833,,,,0.1,481.2466741287968,393.1082738656949,,,0.0,0.0,2.0
32834,,,,0.1,482.81383858745545,391.544430535824,,,0.0,0.0,2.0
32835,,,,0.1,483.32426875619547,390.8524957526502,,,0.0,0.0,2.0
32836,0.0007989764701334748,0.17257891754883053,0.0,0.1,483.96604205898825,390.20491959597524,1.0,0.0,0.0,0.0,2.0
32837,0.0002532535546703233,0.05470276780878983,1.0,0.1,484.16692994427314,389.95699186097704,1.0,0.0,0.0,0.0,2.0
32838,0.0005925468105813565,0.127990111085573,0.0,0.1,484.38457251480486,389.75150571550085,1.0,0.0,0.0,0.0,2.0
32839,0.0008506906515425459,0.1837491807331899,0.0,0.1,484.065137358624,390.02988863289096,1.0,0.0,0.0,0.0,2.0
32840,0.000395701799705951,0.08547158873648543,1.0,0.1,482.63779501357135,391.3532638908051,1.0,0.0,0.0,0.0,2.0
32841,0.0009736189319624611,0.2103016893038916,0.0,0.1,482.4308058105297,391.51280113529776,1.0,0.0,0.0,0.0,2.0
32842,0.0002480180951485115,0.05357190855207848,1.0,0.1,482.10188302734457,391.783959062312,1.0,0.0,0.0,0.0,2.0
32843,0.00033713357548653455,0.07282085230509147,1.0,0.1,482.1136259155218,391.74454651121863,1.0,0.0,0.0,0.0,2.0
32844,0.00025456212702005247,0.05498541943633134,1.0,0.1,481.70143470200713,392.0823594593732,1.0,0.0,0.0,0.0,2.0
32845,0.00020249968513437943,0.04373993198902596,1.0,0.1,480.03603263157686,393.6891131905105,1.0,0.0,0.0,0.0,2.0
32846,0.00019106558579703938,0.04127016653216051,1.0,0.1,478.07745043747536,395.62309449280855,1.0,0.0,0.0,0.0,2.0
32847,7.158044698640608e-05,0.015461376549063712,1.0,0.1,476.79343283604754,396.909541771039,1.0,0.0,0.0,0.0,2.0
32848,0.00040819594550098044,0.08817032422821178,1.0,0.1,475.4008288669813,398.31037637144027,1.0,0.0,0.0,0.0,2.0
32849,0.00028265333061217577,0.06105311941222997,1.0,0.1,475.50516635093004,398.2051967575562,1.0,0.0,0.0,0.0,2.0
32850,0.000381034284480145,0.08230340544771132,1.0,0.1,475.26570733058736,398.44407844085424,1.0,0.0,0.0,0.0,2.0
32851,0.00040938183476494196,0.08842647630922747,1.0,0.1,475.56687865499157,398.1519818181474,1.0,0.0,0.0,0.0,2.0
32852,0.0003030417691302748,0.06545702213213936,1.0,0.1,475.38736542007,398.3191218453713,1.0,0.0,0.0,0.0,2.0
32853,0.00026927531832503384,0.058163468758207305,1.0,0.1,474.5601514240607,399.11720983257766,1.0,0.0,0.0,0.0,2.0
32854,8.972562269327421e-05,0.019380734501747227,1.0,0.1,474.9244775008319,398.74394520154476,1.0,0.0,0.0,0.0,2.0
32855,0.0006835005681009229,0.14763612270979937,0.0,0.1,475.4907047016924,398.18121415050905,1.0,0.0,0.0,0.0,2.0
32856,0.00011839990604100595,0.025574379704857285,1.0,0.1,476.135893760393,397.53557173632515,1.0,0.0,0.0,0.0,2.0
32857,0.0005081984541296888,0.10977086609201278,0.0,0.1,475.8050925865032,397.8660306279463,1.0,0.0,0.0,0.0,2.0
32858,0.00016988690899412932,0.036695572342731936,1.0,0.1,476.2015516386944,397.4647943566246,1.0,0.0,0.0,0.0,2.0
32859,0.00014689330324069229,0.03172895349998953,1.0,0.1,476.2086430572653,397.45321298869635,1.0,0.0,0.0,0.0,2.0
32860,0.00023290766583088164,0.05030805581947043,1.0,0.1,476.4960633641597,397.16190845088107,1.0,0.0,0.0,0.0,2.0
32861,0.00020935328930830524,0.04522031049059393,1.0,0.1,476.4389591850558,397.2151224945173,1.0,0.0,0.0,0.0,2.0
32862,0.0005272667363918141,0.11388961506063186,0.0,0.1,476.696782570992,396.9541907069821,1.0,0.0,0.0,0.0,2.0
32863,0.0003745029025233078,0.08089262694503449,1.0,0.1,476.41666711736315,397.2317441056209,1.0,0.0,0.0,0.0,2.0
32864,0.00020150688795371547,0.04352548779800254,1.0,0.1,475.81904735237276,397.8290867921206,1.0,0.0,0.0,0.0,2.0
32865,0.00018149359965857837,0.039202617526252925,1.0,0.1,475.8611093336269,397.78818751457266,1.0,0.0,0.0,0.0,2.0
32866,0.00017924740508135152,0.03871743949757193,1.0,0.1,476.1790491682119,397.47358442815994,1.0,0.0,0.0,0.0,2.0
32867,0.0012469284868972298,0.26933655316980165,0.0,0.1,476.3292949520275,397.32634904775375,1.0,0.0,0.0,0.0,2.0
32868,0.0001320248133721652,0.028517359688387683,1.0,0.1,477.08046005504224,396.5767758467937,1.0,0.0,0.0,0.0,2.0
32869,3.713874656916202e-05,0.008021969258938996,1.0,0.1,476.5211359911941,397.13131690360007,1.0,0.0,0.0,0.0,2.0
32870,7.675100140377054e-05,0.01657821630321444,1.0,0.1,476.28001529778413,397.37128524764785,1.0,0.0,0.0,0.0,2.0
32871,3.469562130674002e-05,0.0074942542022558446,1.0,0.1,476.22537769989293,397.42520589362505,1.0,0.0,0.0,0.0,2.0
32872,0.0005714330197045882,0.12342953225619105,0.0,0.1,476.2482003639987,397.40164216542036,1.0,0.0,0.0,0.0,2.0
32873,0.00017013211011535212,0.03674853578491606,1.0,0.1,475.87577072972516,397.77317732984903,1.0,0.0,0.0,0.0,2.0
32874,7.64073199336324e-05,0.0165039811056646,1.0,0.1,475.181332229507,398.46815938723415,1.0,0.0,0.0,0.0,2.0
32875,0.0001968467422967073,0.042518896336088775,1.0,0.1,475.71174960395916,397.93904640365884,1.0,0.0,0.0,0.0,2.0
32876,0.00021331361218591144,0.046075740232156874,1.0,0.1,476.4355742334322,397.21713802725804,1.0,0.0,0.0,0.0,2.0
32877,0.00024410230983840537,0.05272609892509556,1.0,0.1,475.7158636545508,397.93212648221237,1.0,0.0,0.0,0.0,2.0
32878,0.00018857865378134618,0.04073298921677077,1.0,0.1,475.24122554026894,398.4124112990333,1.0,0.0,0.0,0.0,2.0
32879,0.000201756397666987,0.04357938189606919,1.0,0.1,475.6962365208223,397.9612505300008,1.0,0.0,0.0,0.0,2.0
32880,0.0005358884282420661,0.11575190050028628,0.0,0.1,477.0423939236484,396.6670730323043,1.0,0.0,0.0,0.0,2.0
32881,0.0011605261302451032,0.2506736441329423,0.0,0.1,476.2676401810748,397.55011454736746,1.0,0.0,0.0,0.0,2.0
32882,0.0007989812776842892,0.17257995597980647,0.0,0.1,477.8642702597862,396.12135689738886,1.0,0.0,0.0,0.0,2.0
32883,0.000963964555483368,0.20821634398440747,0.0,0.1,475.98950426863183,398.1525699640061,1.0,0.0,0.0,0.0,2.0
32884,9.322092936377106e-05,0.02013572074257455,1.0,0.1,474.12541700063724,400.33102890766116,1.0,0.0,0.0,0.0,2.0
32885,0.0020325750652766083,0.4390362140997474,0.0,0.1,474.2508870365348,400.7135219783521,1.0,0.0,0.0,0.0,2.0
32886,0.001469234737728969,0.31735470334945737,0.0,0.1,473.63782177836697,402.23140700330003,1.0,0.0,0.0,0.0,2.0
32887,0.00039969585372211816,0.08633430440397752,1.0,0.1,473.533152335209,403.03061481249733,1.0,0.0,0.0,0.0,2.0
32888,0.0021711581139709064,0.46897015261771574,0.0,0.1,474.5210889354865,402.29112955736935,1.0,0.0,0.0,0.0,2.0
32889,0.0016976832445910616,0.3666995808316693,0.0,0.1,476.25975854298696,401.2256769705365,1.0,0.0,0.0,0.0,2.0
32890,0.0005501027974008204,0.1188222042385772,0.0,0.1,473.3137571142345,405.1504438828317,1.0,0.0,0.0,0.0,2.0
32891,0.0008693694256724072,0.18778379594523997,0.0,0.1,472.7123095406161,407.11873897551527,1.0,0.0,0.0,0.0,2.0
32892,0.0017552912822973556,0.3791429169762288,0.0,0.1,473.7489305921509,406.70901113034614,1.0,0.0,0.0,0.0,2.0
32893,0.0018246678501925824,0.3941282556415978,0.0,0.1,473.3881204331262,409.3820589347161,1.0,0.0,0.0,0.0,2.0
32894,0.001644597805196115,0.35523312592236084,0.0,0.1,476.60656776137057,409.0418797008226,1.0,0.0,0.0,0.0,2.0
32895,0.0018264148523578312,0.39450560810929153,0.0,0.1,479.53047024014637,408.4503145380774,1.0,0.0,0.0,0.0,2.0
32896,0.002275803972590378,0.49157365807952164,0.0,0.1,479.3245792916248,412.09013967221364,1.0,0.0,0.0,0.0,2.0
32897,0.0021701908988743124,0.4687612341568515,0.0,0.1,481.1431348755241,412.5825129893639,1.0,0.0,0.0,0.0,2.0
32898,0.0023745696679762286,0.5129070482828654,0.0,0.1,483.3725399101231,414.01970622867594,1.0,0.0,0.0,0.0,2.0
32899,0.002491895847240062,0.5382495030038534,0.0,0.1,486.8565895853536,413.9498582598153,1.0,0.0,0.0,0.0,2.0
32900,0.0007093855992425945,0.15322728943640043,0.0,0.1,487.0656549761083,416.48703889726534,1.0,0.0,0.0,0.0,2.0
32901,0.0013039030005138636,0.28164304811099455,0.0,0.1,488.2212474550262,416.68277643501233,1.0,0.0,0.0,0.0,2.0
32902,0.001644400123925666,0.3551904267679439,0.0,0.1,492.5656256383842,414.0951935568295,1.0,0.0,0.0,0.0,2.0
32903,0.0016407237347839364,0.35439632671333027,0.0,0.1,496.4331630602953,412.3095150108832,1.0,0.0,0.0,0.0,2.0
32904,0.0009224584171280631,0.19925101809966164,0.0,0.1,499.7331588732288,410.033007618943,1.0,0.0,0.0,0.0,2.0
32905,0.0008988986687418918,0.19416211244824863,0.0,0.1,500.80970217870805,410.2663222613477,1.0,0.0,0.0,0.0,2.0
32906,0.0008616462067325336,0.18611558065422726,0.0,0.1,501.37973464827974,411.02700545668006,1.0,0.0,0.0,0.0,2.0
32907,0.0006314025865841933,0.13638295870218575,0.0,0.1,502.9715879953658,410.70001252039737,1.0,0.0,0.0,0.0,2.0
32908,0.0009239352316457564,0.19957001003548336,0.0,0.1,503.7631199931465,410.0951813250331,1.0,0.0,0.0,0.0,2.0
32909,0.00044106795187281235,0.09527067760452747,1.0,0.1,502.6715249492159,410.7696143556838,1.0,0.0,0.0,0.0,2.0
32910,0.0005448589345287099,0.11768952985820134,0.0,0.1,502.5857892362766,410.65492963109176,1.0,0.0,0.0,0.0,2.0
32911,0.0003169527182607239,0.06846178714431636,1.0,0.1,501.86378901710464,411.68974889199933,1.0,0.0,0.0,0.0,2.0
32912,0.00016530226853306206,0.035705290003141404,1.0,0.1,502.30433747650335,411.96326973075554,1.0,0.0,0.0,0.0,2.0
32913,0.00034901032697452506,0.07538623062649742,1.0,0.1,500.8256062273487,414.39897389328485,1.0,0.0,0.0,0.0,2.0
32914,0.0006395046224705314,0.1381329984536348,0.0,0.1,499.94024211228117,415.2999010896735,1.0,0.0,0.0,0.0,2.0
32915,0.0002187188289238764,0.047243267047557304,1.0,0.1,499.60748804292314,414.9622476179127,1.0,0.0,0.0,0.0,2.0
32916,0.00039204075177897926,0.08468080238425953,1.0,0.1,498.17893814854864,415.7657779989909,1.0,0.0,0.0,0.0,2.0
32917,0.0011540305198578552,0.24927059228929674,0.0,0.1,493.4923691075543,419.61465927942095,1.0,0.0,0.0,0.0,2.0
32918,0.0002106613439050891,0.04550285028349924,1.0,0.1,492.55598650172345,420.17750701191704,1.0,0.0,0.0,0.0,2.0
32919,8.179779276336014e-05,0.017668323236885792,1.0,0.1,491.6151725990787,421.1993605890576,1.0,0.0,0.0,0.0,2.0
32920,0.0001826803971644746,0.039458965787526515,1.0,0.1,489.59461646970976,423.13535927371214,1.0,0.0,0.0,0.0,2.0
32921,0.000230161499481932,0.04971488388809731,1.0,0.1,488.56757260871325,424.1105981555187,1.0,0.0,0.0,0.0,2.0
32922,0.00032173356715684513,0.06949445050587855,1.0,0.1,489.0096718830333,423.54907586831536,1.0,0.0,0.0,0.0,2.0
32923,9.858257155411633e-05,0.021293835455689126,1.0,0.1,488.4137814477833,423.3019466889124,1.0,0.0,0.0,0.0,2.0
32924,0.0001556522357347869,0.03362088291871398,1.0,0.1,486.98591480061566,424.2334502799892,1.0,0.0,0.0,0.0,2.0
32925,0.00012099166588982849,0.026134199832202953,1.0,0.1,485.6558362133263,424.17601676924335,1.0,0.0,0.0,0.0,2.0
32926,0.00038756955110407155,0.08371502303847946,1.0,0.1,481.0619466381242,428.0564561543576,1.0,0.0,0.0,0.0,2.0
32927,4.7481123078785074e-05,0.010255922585017577,1.0,0.1,478.82879391726357,429.4863324365341,1.0,0.0,0.0,0.0,2.0
32928,0.00041223747960639624,0.08904329559498159,1.0,0.1,477.8911340739515,431.47443502670114,1.0,0.0,0.0,0.0,2.0
32929,0.0009251049437911844,0.19982266785889582,0.0,0.1,476.62348240026864,435.143204460264,1.0,0.0,0.0,0.0,2.0
32930,0.00034391400744519394,0.0742854256081619,1.0,0.1,474.68576015341677,438.22777955177713,1.0,0.0,0.0,0.0,2.0
32931,0.0011151175841483017,0.24086539817603317,0.0,0.1,469.0937362933735,443.8551758506048,1.0,0.0,0.0,0.0,2.0
32932,0.0005414514270696098,0.11695350824703571,0.0,0.1,462.81978701714047,453.1201804957467,1.0,0.0,0.0,0.0,2.0
32933,0.0005691794765271327,0.12294276692986066,0.0,0.1,459.6386137151275,457.9680913525795,1.0,0.0,0.0,0.0,2.0
32934,0.0012404325027067838,0.2679334205846653,0.0,0.1,452.469736347965,469.4182614465881,1.0,0.0,0.0,0.0,2.0
32935,0.0015510053388598122,0.33501715319371944,0.0,0.1,447.7384161629166,477.47702642899145,1.0,0.0,0.0,0.0,2.0
32936,0.00034885201135816476,0.0753520344533636,1.0,0.1,447.6545031562562,482.9798519102692,1.0,0.0,0.0,0.0,2.0
32937,0.001908582974575966,0.41225392250840864,0.0,0.1,447.35326102542507,486.5375206020612,1.0,0.0,0.0,0.0,2.0
32938,0.0025906778258846085,0.5595864103910755,0.0,0.1,449.17516528476904,489.9711875442388,1.0,0.0,0.0,0.0,2.0
32939,0.0017667643653666073,0.38162110291918716,0.0,0.1,450.32318988616106,494.44700559007873,1.0,0.0,0.0,0.0,2.0
32940,0.001555624751390631,0.33601494630037626,0.0,0.1,449.3990160483782,498.99982626672295,1.0,0.0,0.0,0.0,2.0
32941,0.001353668422879894,0.29239237934205714,0.0,0.1,449.0494982141955,503.93449541145634,1.0,0.0,0.0,0.0,2.0
32942,0.00140743221527869,0.30400535850019705,0.0,0.1,451.9597101734603,503.87883239535523,1.0,0.0,0.0,0.0,2.0
32943,0.001311330538055433,0.2832473962199735,0.0,0.1,457.5962541216269,502.47088980132,1.0,0.0,0.0,0.0,2.0
32944,,,,0.1,461.3066732432333,503.73284087428107,1.0,0.0,0.0,0.0,2.0
32945,,,,0.1,465.93307706221475,502.4962075983569,,,0.0,0.0,2.0
32946,,,,0.1,467.5685374339383,502.66265126711517,,,0.0,0.0,2.0
32947,0.001256631982461697,0.2714325082117266,0.0,0.1,470.6103986379422,502.4817608561295,1.0,0.0,0.0,0.0,2.0
32948,0.002120618957617838,0.458053694845453,0.0,0.1,472.3992160970257,503.6499473739364,1.0,0.0,0.0,0.0,2.0
32949,0.0020943203030928214,0.4523731854680495,0.0,0.1,473.98305874723974,503.3663722912489,1.0,0.0,0.0,0.0,2.0
32950,0.0007413881953003697,0.16013985018487983,0.0,0.1,473.16223240151385,500.3145090737002,1.0,0.0,0.0,0.0,2.0
32951,0.0007877468331554835,0.17015331596158445,0.0,0.1,472.48698846113524,499.1739253903899,1.0,0.0,0.0,0.0,2.0
32952,0.0012945809007544815,0.279629474562968,0.0,0.1,471.97174002978574,494.01355557152,1.0,0.0,0.0,0.0,2.0
32953,0.000932639001747393,0.2014500243774369,0.0,0.1,468.68481606121173,490.4829265663873,1.0,0.0,0.0,0.0,2.0
32954,0.0005488930318013341,0.11856089486908816,0.0,0.1,471.0774147748821,484.30220597311944,1.0,0.0,0.0,0.0,2.0
32955,0.000630865873020146,0.13626702857235154,0.0,0.1,471.00006316353455,480.43601587708514,1.0,0.0,0.0,0.0,2.0
32956,0.0006133577745260555,0.132485279297628,0.0,0.1,468.56035373507086,476.7300793443701,1.0,0.0,0.0,0.0,2.0
32957,0.0016839378518070376,0.3637305759903201,0.0,0.1,466.1650381441854,473.31908855524364,1.0,0.0,0.0,0.0,2.0
32958,0.000249067823932911,0.053798649969508776,1.0,0.1,465.9577403578899,471.3060514980445,1.0,0.0,0.0,0.0,2.0
32959,0.00015451415650027814,0.03337505780406008,1.0,0.1,467.92531128474286,467.8060240781517,1.0,0.0,0.0,0.0,2.0
32960,0.0017409612303150904,0.37604762574805956,0.0,0.1,467.37326603605374,466.08590099928466,1.0,0.0,0.0,0.0,2.0
32961,0.00079079022805621,0.17081068926014134,0.0,0.1,467.6885199800021,459.6781114792027,1.0,0.0,0.0,0.0,2.0
32962,0.0010600399718813385,0.22896863392636913,0.0,0.1,462.38901043887796,459.5874795356778,1.0,0.0,0.0,0.0,2.0
32963,0.0005651506226048513,0.12207253448264788,0.0,0.1,460.4774550911299,458.30783701394637,1.0,0.0,0.0,0.0,2.0
32964,,,,0.1,459.51301510154093,457.99111490530896,1.0,0.0,0.0,0.0,2.0
32965,,,,0.1,459.3715249023117,456.3194896145803,,,0.0,0.0,2.0
32966,,,,0.1,457.5149379485198,456.29187728640085,,,0.0,0.0,2.0
32967,0.0004714267112826184,0.10182816963704558,0.0,0.1,455.24130991954104,457.4087839833045,1.0,0.0,0.0,0.0,2.0
32968,0.0004928197491570474,0.10644906581792224,0.0,0.1,454.81321063958995,456.77298541647895,1.0,0.0,0.0,0.0,2.0
32969,0.00027227468790312945,0.05881133258707596,1.0,0.1,454.117007812232,457.10659828909047,1.0,0.0,0.0,0.0,2.0
32970,0.00022689186380062896,0.04900864258093585,1.0,0.1,453.36107902260846,456.8927070042311,1.0,0.0,0.0,0.0,2.0
32971,0.00016429149211686866,0.035486962297243636,1.0,0.1,450.7147737261874,459.4074453505804,1.0,0.0,0.0,0.0,2.0
32972,0.0003233654091952316,0.06984692838617003,1.0,0.1,449.0616214233956,460.1262539400372,1.0,0.0,0.0,0.0,2.0
32973,9.367548506021664e-05,0.020233904773006794,1.0,0.1,447.458081205219,462.1987719242987,1.0,0.0,0.0,0.0,2.0
32974,0.00010114139085837306,0.02184654042540858,1.0,0.1,442.86241128994675,466.2616256042104,1.0,0.0,0.0,0.0,2.0
32975,0.0001337631722342295,0.028892845202593574,1.0,0.1,438.58404325961897,470.22303834347986,1.0,0.0,0.0,0.0,2.0
32976,0.00033037162452967796,0.07136027089841043,1.0,0.1,433.45400521277895,473.9372186556215,1.0,0.0,0.0,0.0,2.0
32977,0.00024703681375520066,0.05335995177112334,1.0,0.1,428.6529506649157,478.4010719506644,1.0,0.0,0.0,0.0,2.0
32978,,,,0.1,427.54602347739444,479.2780285173346,1.0,0.0,0.0,0.0,2.0
32979,,,,0.1,423.385807400207,481.055007822768,,,0.0,0.0,2.0
32980,,,,0.1,417.844694198652,484.682129324836,,,0.0,0.0,2.0
32981,,,,0.1,414.81592873297086,486.37817485607246,,,0.0,0.0,2.0
32982,,,,0.1,412.52908067456246,488.80097722886666,,,0.0,0.0,2.0
32983,,,,0.1,411.70786988582034,488.4305641096769,,,0.0,0.0,2.0
32984,,,,0.1,415.3301813884936,484.2047418232508,,,0.0,0.0,2.0
32985,,,,0.1,416.63084833667176,484.14493203784247,,,0.0,0.0,2.0
32986,,,,0.1,418.93478850202206,484.338051662035,,,0.0,0.0,2.0
32987,,,,0.1,421.0548737212591,483.0383480328304,,,0.0,0.0,2.0
32988,0.0015020847127923977,0.3244502979631579,0.0,0.1,427.05314088343545,479.50545149834306,1.0,0.0,0.0,0.0,2.0
32989,0.001207941748689006,0.26091541771682525,0.0,0.1,430.00277368861157,478.41562512925356,1.0,0.0,0.0,0.0,2.0
32990,0.0005828879831672156,0.1259038043641186,0.0,0.1,429.83372497100095,478.7309683356348,1.0,0.0,0.0,0.0,2.0
32991,0.000984233685778115,0.21259447612807283,0.0,0.1,429.8386231841732,477.98612758988486,1.0,0.0,0.0,0.0,2.0
32992,0.0024228755885746735,0.5233411271321295,0.0,0.1,425.9414019831512,479.08460696363636,1.0,0.0,0.0,0.0,2.0
32993,0.0019252731706106987,0.41585900485191096,0.0,0.1,415.9796557133724,486.2214019029059,1.0,0.0,0.0,0.0,2.0
32994,0.0011320665769766053,0.24452638062694673,0.0,0.1,409.286941105325,489.86113623828214,1.0,0.0,0.0,0.0,2.0
32995,0.0004686139502290112,0.10122061324946642,0.0,0.1,,,1.0,0.0,,,2.0
32996,0.0004180533658150499,0.09029952701605078,1.0,0.1,397.31266903465325,498.7311159212437,1.0,0.0,0.0,0.0,2.0
32997,0.001575432229697641,0.3402933616146905,0.0,0.1,393.1280282679458,502.1948983224013,1.0,0.0,0.0,0.0,2.0
32998,0.0010968113081467326,0.23691124255969423,0.0,0.1,382.00743008997256,510.63166238015134,1.0,0.0,0.0,0.0,2.0
32999,0.00048470670815845506,0.10469664896222629,0.0,0.1,,,1.0,0.0,,,2.0
33000,0.00013014611838438065,0.02811156157102622,1.0,0.1,,,1.0,0.0,,,2.0
33001,0.0009164260320289928,0.19794802291826244,0.0,0.1,,,1.0,0.0,,,2.0
33002,0.00023503958881132336,0.050768551183245844,1.0,0.1,,,1.0,0.0,,,2.0
33003,0.0005162299324670083,0.11150566541287381,0.0,0.1,,,1.0,0.0,,,2.0
33004,0.0003988537655234441,0.08615241335306394,1.0,0.1,,,1.0,0.0,,,2.0
33005,0.00035220067635518567,0.0760753460927201,1.0,0.1,,,1.0,0.0,,,2.0
33006,0.0003773354537255816,0.08150445800472562,1.0,0.1,,,1.0,0.0,,,2.0
33007,0.000796673017869367,0.17208137185978328,0.0,0.1,,,1.0,0.0,,,2.0
33008,0.00010063754927666847,0.02173771064376039,1.0,0.1,,,1.0,0.0,,,2.0
33009,0.0001825197613683504,0.03942426845556369,1.0,0.1,,,1.0,0.0,,,2.0
33010,0.0007486560105531552,0.16170969827948153,0.0,0.1,,,1.0,0.0,,,2.0
33011,0.0005907698620169218,0.12760629019565511,0.0,0.1,,,1.0,0.0,,,2.0
33012,0.0005635830778892537,0.12173394482407882,0.0,0.1,,,1.0,0.0,,,2.0
33013,0.0002990312395323236,0.06459074773898191,1.0,0.1,,,1.0,0.0,,,2.0
33014,0.0006139339354723062,0.13260973006201815,0.0,0.1,,,1.0,0.0,,,2.0
33015,0.00011665420957201921,0.025197309267556152,1.0,0.1,,,1.0,0.0,,,2.0
33016,0.00028977724490131436,0.0625918848986839,1.0,0.1,,,1.0,0.0,,,2.0
33017,8.562525381795754e-05,0.01849505482467883,1.0,0.1,,,1.0,0.0,,,2.0
33018,0.0006384368366557186,0.13790235671763523,0.0,0.1,,,1.0,0.0,,,2.0
33019,0.0009145933032690001,0.19755215350610403,0.0,0.1,,,1.0,0.0,,,2.0
33020,0.0010770807829458965,0.23264944911631363,0.0,0.1,,,1.0,0.0,,,2.0
33021,0.0004580765457470406,0.09894453388136076,1.0,0.1,,,1.0,0.0,,,2.0
33022,0.00016781905914017,0.03624891677427672,1.0,0.1,,,1.0,0.0,,,2.0
33023,0.0005078552787279885,0.10969674020524552,0.0,0.1,,,1.0,0.0,,,2.0
33024,0.000796160186690563,0.17197060032516162,0.0,0.1,,,1.0,0.0,,,2.0
33025,0.0008671416295161927,0.18730259197549765,0.0,0.1,,,1.0,0.0,,,2.0
33026,9.64741938015914e-05,0.020838425861143744,1.0,0.1,,,1.0,0.0,,,2.0
33027,0.000514814700411948,0.11119997528898078,0.0,0.1,,,1.0,0.0,,,2.0
33028,0.0008147020401650469,0.17597564067565014,0.0,0.1,,,1.0,0.0,,,2.0
33029,0.0015170333140305042,0.3276791958305889,0.0,0.1,,,1.0,0.0,,,2.0
33030,0.0008206516701572623,0.17726076075396868,0.0,0.1,,,1.0,0.0,,,2.0
33031,0.0009667948616672089,0.20882769012011712,0.0,0.1,,,1.0,0.0,,,2.0
33032,0.0009037432000651853,0.19520853121408002,0.0,0.1,,,1.0,0.0,,,2.0
33033,0.0004650196097299142,0.10044423570166147,0.0,0.1,,,1.0,0.0,,,2.0
33034,0.0017621881846816227,0.3806326478912305,0.0,0.1,,,1.0,0.0,,,2.0
33035,0.0004037550575503896,0.08721109243088415,1.0,0.1,,,1.0,0.0,,,2.0
33036,0.0010757760434544756,0.2323676253861667,0.0,0.1,,,1.0,0.0,,,2.0
33037,0.0008555299446256345,0.18479446803913704,0.0,0.1,,,1.0,0.0,,,2.0
33038,0.0010720433354777133,0.23156136046318607,0.0,0.1,,,1.0,0.0,,,2.0
33039,0.0002556966784625624,0.05523048254791348,1.0,0.1,,,1.0,0.0,,,2.0
33040,0.00022598010332350145,0.048811702317876314,1.0,0.1,,,1.0,0.0,,,2.0
33041,0.00041418892587391065,0.0894648079887647,1.0,0.1,,,1.0,0.0,,,2.0
33042,0.0017224894229415273,0.3720577153553699,0.0,0.1,,,1.0,0.0,,,2.0
33043,0.0008893084945970999,0.1920906348329736,0.0,0.1,,,1.0,0.0,,,2.0
33044,0.0007954531424862802,0.17181787877703653,0.0,0.1,,,1.0,0.0,,,2.0
33045,0.0022408054074448827,0.4840139680080947,0.0,0.1,,,1.0,0.0,,,2.0
33046,0.000585560782539788,0.1264811290285942,0.0,0.1,,,1.0,0.0,,,2.0
33047,0.000634827217935081,0.13712267907397752,0.0,0.1,,,1.0,0.0,,,2.0
33048,0.00026410028286550096,0.05704566109894821,1.0,0.1,,,1.0,0.0,,,2.0
33049,0.00019129639594764645,0.041320021524691636,1.0,0.1,,,1.0,0.0,,,2.0
33050,0.0003006938676175355,0.06494987540538767,1.0,0.1,,,1.0,0.0,,,2.0
33051,0.0009458109263212038,0.20429516008538004,0.0,0.1,,,1.0,0.0,,,2.0
33052,0.0006615556913911015,0.1428960293404779,0.0,0.1,,,1.0,0.0,,,2.0
33053,0.00022058660797329136,0.04764670732223093,1.0,0.1,,,1.0,0.0,,,2.0
33054,0.0006295369396512931,0.1359799789646793,0.0,0.1,,,1.0,0.0,,,2.0
33055,0.0003162775738349882,0.06831595594835746,1.0,0.1,,,1.0,0.0,,,2.0
33056,0.00022959267989416048,0.04959201885713867,1.0,0.1,,,1.0,0.0,,,2.0
33057,0.0003144623846438132,0.06792387508306366,1.0,0.1,,,1.0,0.0,,,2.0
33058,0.00010685074693488006,0.023079761337934095,1.0,0.1,,,1.0,0.0,,,2.0
33059,0.000736789552626071,0.15914654336723136,0.0,0.1,,,1.0,0.0,,,2.0
33060,0.0006652154570302736,0.1436865387185391,0.0,0.1,,,1.0,0.0,,,2.0
33061,0.0009649282773069937,0.20842450789831063,0.0,0.1,,,1.0,0.0,,,2.0
33062,0.0006636016907579008,0.1433379652037066,0.0,0.1,,,1.0,0.0,,,2.0
33063,0.0007341038553879446,0.15856643276379603,0.0,0.1,,,1.0,0.0,,,2.0
33064,0.0008008104953950588,0.17297506700533272,0.0,0.1,,,1.0,0.0,,,2.0
33065,,,,0.1,,,1.0,0.0,,,2.0
33066,,,,0.1,,,,,,,2.0
33067,,,,0.1,,,,,,,2.0
33068,0.0013312602485678919,0.28755221369066464,0.0,0.1,,,1.0,0.0,,,2.0
33069,0.001328927730986592,0.2870483898931039,0.0,0.1,,,1.0,0.0,,,2.0
33070,0.0011835599594603964,0.2556489512434456,0.0,0.1,,,1.0,0.0,,,2.0
33071,0.0013176374325357268,0.28460968542771703,0.0,0.1,,,1.0,0.0,,,2.0
33072,0.0006777924708789908,0.14640317370986203,0.0,0.1,,,1.0,0.0,,,2.0
33073,0.0003893245875175849,0.08409411090379834,1.0,0.1,,,1.0,0.0,,,2.0
33074,0.00025062520363235494,0.05413504398458867,1.0,0.1,,,1.0,0.0,,,2.0
33075,0.00046139960597178797,0.0996623148899062,1.0,0.1,,,1.0,0.0,,,2.0
33076,0.0005247442779383076,0.11334476403467444,0.0,0.1,,,1.0,0.0,,,2.0
33077,0.0005585841333185076,0.12065417279679763,0.0,0.1,,,1.0,0.0,,,2.0
33078,0.000504551057601177,0.10898302844185423,0.0,0.1,,,1.0,0.0,,,2.0
33079,0.0003714362787836455,0.08023023621726742,1.0,0.1,,,1.0,0.0,,,2.0
33080,6.673871964366756e-05,0.014415563443032192,1.0,0.1,,,1.0,0.0,,,2.0
33081,0.0011951431031998092,0.25815091029115883,0.0,0.1,,,1.0,0.0,,,2.0
33082,0.00022835962667014132,0.04932567936075053,1.0,0.1,,,1.0,0.0,,,2.0
33083,0.0010923245730423182,0.23594210777714075,0.0,0.1,,,1.0,0.0,,,2.0
33084,0.00017535260953058777,0.037876163658606965,1.0,0.1,,,1.0,0.0,,,2.0
33085,0.00015105185973090897,0.032627201701876336,1.0,0.1,,,1.0,0.0,,,2.0
33086,0.00012037303889452021,0.026000576401216367,1.0,0.1,,,1.0,0.0,,,2.0
33087,0.0005460452136260193,0.11794576614322017,0.0,0.1,,,1.0,0.0,,,2.0
33088,0.0007367712243182943,0.1591425844527516,0.0,0.1,,,1.0,0.0,,,2.0
33089,0.00011669659462159587,0.02520646443826471,1.0,0.1,,,1.0,0.0,,,2.0
33090,0.00037312319294989174,0.08059460967717662,1.0,0.1,,,1.0,0.0,,,2.0
33091,0.00014308321139441438,0.030905973661193506,1.0,0.1,,,1.0,0.0,,,2.0
33092,0.00023052259305608185,0.04979288010011368,1.0,0.1,,,1.0,0.0,,,2.0
33093,0.0006533264408359547,0.1411185112205662,0.0,0.1,,,1.0,0.0,,,2.0
33094,0.0002531059642003062,0.054670888267266134,1.0,0.1,,,1.0,0.0,,,2.0
33095,0.0004798584360745545,0.10364942219210377,0.0,0.1,,,1.0,0.0,,,2.0
33096,0.00043906454983561917,0.09483794276449374,1.0,0.1,,,1.0,0.0,,,2.0
33097,0.0003727520622999459,0.08051444545678832,1.0,0.1,,,1.0,0.0,,,2.0
33098,9.959221967008718e-05,0.02151191944873883,1.0,0.1,,,1.0,0.0,,,2.0
33099,0.00027489581359451743,0.05937749573641577,1.0,0.1,,,1.0,0.0,,,2.0
33100,0.0004990097039620789,0.10778609605580904,0.0,0.1,416.73969842670516,465.55433752815645,1.0,0.0,0.0,0.0,2.0
33101,0.0001951283018821861,0.0421477132065522,1.0,0.1,416.04892773707337,466.19456369720876,1.0,0.0,0.0,0.0,2.0
33102,0.0004451648723780164,0.09615561243365155,1.0,0.1,417.18325659696274,466.01468526386134,1.0,0.0,0.0,0.0,2.0
33103,0.0002490151310991524,0.053787268317416925,1.0,0.1,417.42371744511513,467.27526754457654,1.0,0.0,0.0,0.0,2.0
33104,0.0005093999913963497,0.11003039814161154,0.0,0.1,417.047946267534,468.90831704839655,1.0,0.0,0.0,0.0,2.0
33105,0.0005958098095244095,0.12869491885727244,0.0,0.1,417.84327303142686,471.76259619472137,1.0,0.0,0.0,0.0,2.0
33106,0.00033327620321079246,0.07198765989353118,1.0,0.1,420.98646354366053,471.8778726286954,1.0,0.0,0.0,0.0,2.0
33107,0.00044717434846896267,0.09658965926929594,1.0,0.1,426.8265154267096,468.93310983235057,1.0,0.0,0.0,0.0,2.0
33108,0.00036589955584369013,0.07903430406223708,1.0,0.1,428.597883639235,468.5740944272808,1.0,0.0,0.0,0.0,2.0
33109,0.0009367003298803532,0.2023272712541563,0.0,0.1,433.8643857429674,466.25443117053754,1.0,0.0,0.0,0.0,2.0
33110,0.0008863228797962166,0.19144574203598277,0.0,0.1,436.10641282226294,464.6613639250217,1.0,0.0,0.0,0.0,2.0
33111,0.0004401223516936292,0.0950664279658239,1.0,0.1,439.4956225663036,459.6016326502998,1.0,0.0,0.0,0.0,2.0
33112,7.952927365458275e-05,0.017178323109389874,1.0,0.1,445.49927872771127,451.47940349106216,1.0,0.0,0.0,0.0,2.0
33113,0.0011760919405839243,0.25403585916612764,0.0,0.1,448.6004706002441,447.6432610903601,1.0,0.0,0.0,0.0,2.0
33114,0.0008966947790349089,0.19368607227154033,0.0,0.1,454.39458524884844,439.2973764485595,1.0,0.0,0.0,0.0,2.0
33115,0.000606616591667837,0.1310291838002528,0.0,0.1,458.02119996642193,432.7081221835302,1.0,0.0,0.0,0.0,2.0
33116,0.00030579040862809074,0.0660507282636676,1.0,0.1,460.32643182455246,427.97115794102336,1.0,0.0,0.0,0.0,2.0
33117,0.0011641603722264775,0.2514586404009192,0.0,0.1,462.08114487847575,425.053141744462,1.0,0.0,0.0,0.0,2.0
33118,0.0007919213487745466,0.17105501133530207,0.0,0.1,462.02919696466864,423.3500995055106,1.0,0.0,0.0,0.0,2.0
33119,0.0005257908666279744,0.11357082719164248,0.0,0.1,463.65793320820626,420.3958099388828,1.0,0.0,0.0,0.0,2.0
33120,0.00017045764179443804,0.03681885062759862,1.0,0.1,465.02441258922505,417.95250680761535,1.0,0.0,0.0,0.0,2.0
33121,0.000494909754277788,0.10690050692400221,0.0,0.1,465.36766353588484,417.5050357225853,1.0,0.0,0.0,0.0,2.0
33122,0.0003969447965133092,0.08574007604687478,1.0,0.1,466.3009786439525,416.15283777912833,1.0,0.0,0.0,0.0,2.0
33123,0.00134058217837349,0.28956575052867384,0.0,0.1,466.73863467361423,414.56429699006316,1.0,0.0,0.0,0.0,2.0
33124,0.00026567968017984995,0.0573868109188476,1.0,0.1,466.90608654950626,414.3197775430484,1.0,0.0,0.0,0.0,2.0
33125,0.00011167977436010361,0.02412283126178238,1.0,0.1,467.45876936205724,413.58703853593875,1.0,0.0,0.0,0.0,2.0
33126,0.0002356895682671637,0.05090894674570736,1.0,0.1,468.3703721517205,412.6486561294451,1.0,0.0,0.0,0.0,2.0
33127,0.00036424057288856314,0.07867596374392964,1.0,0.1,467.88381814529714,413.07924523229,1.0,0.0,0.0,0.0,2.0
33128,0.0001452572708045691,0.031375570493786926,1.0,0.1,467.0561299074044,413.84247586283095,1.0,0.0,0.0,0.0,2.0
33129,0.0004111186966645129,0.08880163847953479,1.0,0.1,467.0310272260456,413.5721125130013,1.0,0.0,0.0,0.0,2.0
33130,0.00018185905751054855,0.039281556422278485,1.0,0.1,465.9982938255914,414.33378101246944,1.0,0.0,0.0,0.0,2.0
33131,0.0006463393701880176,0.1396093039606118,0.0,0.1,465.42656479076896,414.77501472895034,1.0,0.0,0.0,0.0,2.0
33132,0.00017210856047142478,0.03717544906182775,1.0,0.1,464.7039183316695,415.6579436731332,1.0,0.0,0.0,0.0,2.0
33133,0.0008182005716237464,0.17673132347072923,0.0,0.1,461.6785221225909,418.8322053751677,1.0,0.0,0.0,0.0,2.0
33134,0.00011474294895542065,0.02478447697437086,1.0,0.1,459.44149419807025,420.4126476190319,1.0,0.0,0.0,0.0,2.0
33135,0.0009429378731295159,0.20367458059597543,0.0,0.1,458.97448730001645,420.1768996811198,1.0,0.0,0.0,0.0,2.0
33136,0.0003781756213287584,0.08168593420701183,1.0,0.1,458.4565528199361,419.8419005814469,1.0,0.0,0.0,0.0,2.0
33137,,,,0.1,457.2646942437477,420.69846417624836,1.0,0.0,0.0,0.0,2.0
33138,,,,0.1,452.9006687791668,424.96645983760214,,,0.0,0.0,2.0
33139,0.0005255955918985555,0.113528647850088,0.0,0.1,446.2907138557559,431.48682803474696,1.0,0.0,0.0,0.0,2.0
33140,,,,0.1,444.99929698397744,432.42166054373575,1.0,0.0,0.0,0.0,2.0
33141,,,,0.1,443.9787068184745,432.1501462517115,,,0.0,0.0,2.0
33142,,,,0.1,441.1993519505541,434.51388754924767,,,0.0,0.0,2.0
33143,,,,0.1,437.53513682366935,438.12127068840175,,,0.0,0.0,2.0
33144,,,,0.1,433.5200578662299,442.5402892576648,,,0.0,0.0,2.0
33145,,,,0.1,428.06868537180884,448.47974310595106,,,0.0,0.0,2.0
33146,,,,0.1,426.38204679831983,450.22690439639456,,,0.0,0.0,2.0
33147,,,,0.1,424.17927885767426,452.5802812599832,,,0.0,0.0,2.0
33148,,,,0.1,421.73233740232627,454.9766369386655,,,0.0,0.0,2.0
33149,,,,0.1,421.0410256634049,455.3568476889639,,,0.0,0.0,2.0
33150,,,,0.1,417.77900691027315,458.1285546757032,,,0.0,0.0,2.0
33151,,,,0.1,411.89586598742005,463.488697664723,,,0.0,0.0,2.0
33152,,,,0.1,407.1536148414798,468.3951447032408,,,0.0,0.0,2.0
33153,,,,0.1,406.22844327332456,469.2679274347767,,,0.0,0.0,2.0
33154,,,,0.1,405.38254298220556,470.45661287329045,,,0.0,0.0,2.0
33155,,,,0.1,406.4668904342839,470.2861247599006,,,0.0,0.0,2.0
33156,,,,0.1,405.4071546066055,472.2272550993545,,,0.0,0.0,2.0
33157,,,,0.1,405.2096630106005,473.2355319897869,,,0.0,0.0,2.0
33158,,,,0.1,403.26345672323436,475.69462830714014,,,0.0,0.0,2.0
33159,,,,0.1,403.7948568462042,475.27667059289377,,,0.0,0.0,2.0
33160,,,,0.1,403.6067162905161,474.66627246671476,,,0.0,0.0,2.0
33161,,,,0.1,402.8723700930687,474.4880469640015,,,0.0,0.0,2.0
33162,,,,0.1,401.299770228449,475.90421276399263,,,0.0,0.0,2.0
33163,,,,0.1,397.27521897690144,480.11122695710486,,,0.0,0.0,2.0
33164,,,,0.1,395.57391497042835,481.87312783847113,,,0.0,0.0,2.0
33165,,,,0.1,394.70106356167025,482.31801464983954,,,0.0,0.0,2.0
33166,,,,0.1,392.6534925974086,483.49967254026484,,,0.0,0.0,2.0
33167,,,,0.1,388.50951447089915,487.28453996027935,,,0.0,0.0,2.0
33168,,,,0.1,387.3742021111168,488.9416159580107,,,0.0,0.0,2.0
33169,,,,0.1,386.26884502023086,491.25342218918826,,,0.0,0.0,2.0
33170,,,,0.1,393.40071531872957,486.27317836826904,,,0.0,0.0,2.0
33171,,,,0.1,396.48348000939365,484.1002214131232,,,0.0,0.0,2.0
33172,,,,0.1,399.7856172074766,481.99998345048647,,,0.0,0.0,2.0
33173,,,,0.1,401.53530448837154,480.67921013800793,,,0.0,0.0,2.0
33174,,,,0.1,403.2184578853278,479.0976616045264,,,0.0,0.0,2.0
33175,,,,0.1,406.54496961887,475.31001483667586,,,0.0,0.0,2.0
33176,,,,0.1,409.09026484512526,472.83304516897374,,,0.0,0.0,2.0
33177,,,,0.1,414.2837372297694,466.6509688338693,,,0.0,0.0,2.0
33178,,,,0.1,418.1605342877571,462.19163499446813,,,0.0,0.0,2.0
33179,,,,0.1,418.33787027418737,461.59057822880425,,,0.0,0.0,2.0
33180,,,,0.1,417.9442086486471,461.6657288882493,,,0.0,0.0,2.0
33181,,,,0.1,417.22902960941184,462.56566810884044,,,0.0,0.0,2.0
33182,,,,0.1,417.81177571909495,461.20097005455904,,,0.0,0.0,2.0
33183,,,,0.1,414.98581538280666,462.6776829216206,,,0.0,0.0,2.0
33184,,,,0.1,410.85660175449107,466.602595633157,,,0.0,0.0,2.0
33185,,,,0.1,409.99092907382527,467.6546915072324,,,0.0,0.0,2.0
33186,,,,0.1,407.92771074471693,470.40433297229237,,,0.0,0.0,2.0
33187,,,,0.1,408.9244654205664,470.8152507694289,,,0.0,0.0,2.0
33188,,,,0.1,408.050402231855,472.14519780294864,,,0.0,0.0,2.0
33189,,,,0.1,408.18133508011795,472.1034397896165,,,0.0,0.0,2.0
33190,,,,0.1,406.8319835568682,473.420775766257,,,0.0,0.0,2.0
33191,,,,0.1,406.8747817777462,473.35544302671246,,,0.0,0.0,2.0
33192,,,,0.1,403.7894068927344,475.75247524133067,,,0.0,0.0,2.0
33193,,,,0.1,398.6892962001914,480.71007625938955,,,0.0,0.0,2.0
33194,,,,0.1,395.2458249034843,484.28494200026023,,,0.0,0.0,2.0
33195,,,,0.1,390.3432743948713,489.065718354865,,,0.0,0.0,2.0
33196,,,,0.1,388.8328023989092,490.72817725695967,,,0.0,0.0,2.0
33197,,,,0.1,388.15558834543924,492.3016451940114,,,0.0,0.0,2.0
33198,,,,0.1,388.82421229796995,492.79176705887727,,,0.0,0.0,2.0
33199,,,,0.1,391.5008683543904,491.0151055637524,,,0.0,0.0,2.0
33200,,,,0.1,389.2827322289144,494.0795590650243,,,0.0,0.0,2.0
33201,,,,0.1,388.334300152661,495.32328503600576,,,0.0,0.0,2.0
33202,,,,0.1,390.48214675407525,493.0382024756336,,,0.0,0.0,2.0
33203,,,,0.1,393.3741276075155,489.60889114983223,,,0.0,0.0,2.0
33204,,,,0.1,396.0685631761794,485.908025657729,,,0.0,0.0,2.0
33205,,,,0.1,395.54132561446954,486.20227004927904,,,0.0,0.0,2.0
33206,,,,0.1,393.47481081115,488.21679276798596,,,0.0,0.0,2.0
33207,,,,0.1,391.57878788292624,490.17550574375235,,,0.0,0.0,2.0
33208,,,,0.1,394.5377556324003,487.4383197060815,,,0.0,0.0,2.0
33209,,,,0.1,396.972723648014,483.85012566440963,,,0.0,0.0,2.0
33210,,,,0.1,393.5445527369926,485.4743164623109,,,0.0,0.0,2.0
33211,,,,0.1,388.116616380613,489.9454793633766,,,0.0,0.0,2.0
33212,,,,0.1,386.81832896633307,490.90345142734253,,,0.0,0.0,2.0
33213,,,,0.1,391.4044577023402,485.6672759987214,,,0.0,0.0,2.0
33214,,,,0.1,401.93659051126184,474.4729653657966,,,0.0,0.0,2.0
33215,,,,0.1,412.12418580257287,463.39574385885265,,,0.0,0.0,2.0
33216,,,,0.1,417.1959883816614,457.635215513463,,,0.0,0.0,2.0
33217,,,,0.1,420.755012578148,453.35281010367186,,,0.0,0.0,2.0
33218,,,,0.1,422.13648406148,451.75064553001744,,,0.0,0.0,2.0
33219,,,,0.1,423.29548992276716,450.390144755301,,,0.0,0.0,2.0
33220,,,,0.1,431.7697640580688,441.96678331062446,,,0.0,0.0,2.0
33221,,,,0.1,435.59127924815556,438.3372967982116,,,0.0,0.0,2.0
33222,,,,0.1,441.5059759161284,432.8752581604452,,,0.0,0.0,2.0
33223,,,,0.1,444.7890006277341,430.38035713871596,,,0.0,0.0,2.0
33224,,,,0.1,457.78312802372227,418.89455114263353,,,0.0,0.0,2.0
33225,,,,0.1,464.4834841399883,412.9464131202286,,,0.0,0.0,2.0
33226,,,,0.1,477.75336924353104,400.9260945147334,,,0.0,0.0,2.0
33227,,,,0.1,490.03427994111985,389.2915156242038,,,0.0,0.0,2.0
33228,,,,0.1,497.3864330395791,380.8867204959349,,,0.0,0.0,2.0
33229,,,,0.1,505.91130237501875,371.82442567945037,1.0,0.0,0.0,0.0,2.0
33230,,,,0.1,508.548881405569,368.74762370647113,,,0.0,0.0,2.0
33231,,,,0.1,514.1784838704785,363.1317779780912,,,0.0,0.0,2.0
33232,0.0009684264570401462,0.20918011472067158,0.0,0.1,518.4330888221631,359.317522203044,1.0,0.0,0.0,0.0,2.0
33233,0.0003674080624168348,0.07936014148203631,1.0,0.1,523.0518490437294,354.6473241664816,1.0,0.0,0.0,0.0,2.0
33234,0.0025557394385419866,0.5520397187250691,0.0,0.1,523.0365775929573,354.9451273499648,1.0,0.0,0.0,0.0,2.0
33235,0.0012724270675629735,0.2748442465936023,0.0,0.1,525.5372708257654,352.4301405468459,1.0,0.0,0.0,0.0,2.0
33236,0.00040573860659286426,0.08763953902405867,1.0,0.1,532.3410834706817,345.16537898700136,1.0,0.0,0.0,0.0,2.0
33237,0.0006259257077878903,0.1351999528821843,0.0,0.1,529.4390906449742,348.9697768194208,1.0,0.0,0.0,0.0,2.0
33238,0.0004406327976007784,0.09517668428176813,1.0,0.1,524.2261388146856,354.8146288528293,1.0,0.0,0.0,0.0,2.0
33239,0.0008063012488097529,0.17416106974290663,0.0,0.1,521.97821604709,357.5126590494864,1.0,0.0,0.0,0.0,2.0
33240,0.0003563848148218186,0.07697912000151282,1.0,0.1,519.4147412834084,360.4347899379966,1.0,0.0,0.0,0.0,2.0
33241,0.0002052578412449777,0.044335693708915186,1.0,0.1,519.7035423560424,360.61148166682153,1.0,0.0,0.0,0.0,2.0
33242,8.058705408860918e-05,0.01740680368313958,1.0,0.1,521.449847437187,358.947703005941,1.0,0.0,0.0,0.0,2.0
33243,3.114703037069421e-05,0.00672775856006995,1.0,0.1,524.1890965338725,356.60720624412255,1.0,0.0,0.0,0.0,2.0
33244,0.0005160937034957232,0.1114762399550762,0.0,0.1,530.0280924186499,352.1222924690202,1.0,0.0,0.0,0.0,2.0
33245,0.0005092767851074293,0.11000378558320473,0.0,0.1,535.4001955485338,346.7093004502941,1.0,0.0,0.0,0.0,2.0
33246,0.0003860478911505492,0.08338634448851863,1.0,0.1,537.5552783930772,344.5755460679213,1.0,0.0,0.0,0.0,2.0
33247,0.00014726667861580307,0.031809602581013466,1.0,0.1,540.1034289512916,342.27509421479107,1.0,0.0,0.0,0.0,2.0
33248,0.00034459410599423535,0.07443232689475483,1.0,0.1,542.4301331737291,340.01604138402695,1.0,0.0,0.0,0.0,2.0
33249,0.0006349895600110885,0.1371577449623951,0.0,0.1,552.2598133362828,330.1448242525798,1.0,0.0,0.0,0.0,2.0
33250,0.0013338662399315152,0.2881151078252073,0.0,0.1,561.930941959173,321.5487901945805,1.0,0.0,0.0,0.0,2.0
33251,0.0010339879353520305,0.2233413940360386,0.0,0.1,571.3741140045387,313.16273645248964,1.0,0.0,0.0,0.0,2.0
33252,0.002064636441945403,0.44596147146020704,0.0,0.1,575.6034010899455,308.5694169166701,1.0,0.0,0.0,0.0,2.0
33253,0.0032066130168349324,0.6926284116363454,0.0,0.1,584.0090872563125,301.68534678826705,1.0,0.0,0.0,0.0,2.0
33254,0.0014681195942339651,0.3171138323545365,0.0,0.1,596.3731653766467,293.2590423981729,1.0,0.0,0.0,0.0,2.0
33255,0.001393085476734935,0.300906462974746,0.0,0.1,603.9059271884028,289.7370331434623,1.0,0.0,0.0,0.0,2.0
33256,0.0012898616879739521,0.27861012460237367,0.0,0.1,608.9466839279994,289.1220884181945,1.0,0.0,0.0,0.0,2.0
33257,0.000763952787772665,0.16501380215889563,0.0,0.1,611.153259988711,287.7403746651878,1.0,0.0,0.0,0.0,2.0
33258,0.0014528460562688546,0.3138147481540726,0.0,0.1,615.1323794593386,286.11080935251226,1.0,0.0,0.0,0.0,2.0
33259,0.0007990624432173181,0.1725974877349407,0.0,0.1,624.7122955920471,281.2470917024465,1.0,0.0,0.0,0.0,2.0
33260,0.0010196877935433248,0.22025256340535818,0.0,0.1,635.9649206641662,273.9345462583083,0.0,1.0,0.0,0.0,2.0
33261,0.0016047458668769264,0.3466251072454161,0.0,0.1,640.0020286852421,270.8010529077603,0.0,1.0,0.0,0.0,2.0
33262,0.0017688858267004277,0.38207933856729237,0.0,0.1,643.5791473873152,269.2333462296159,0.0,1.0,0.0,0.0,2.0
33263,0.001938001445877001,0.41860831230943224,0.0,0.1,651.2139847052367,266.1812790502356,0.0,1.0,0.0,0.0,2.0
33264,0.0018371901446675792,0.3968330712481971,0.0,0.1,662.2091592706208,259.38814194029607,0.0,1.0,0.0,0.0,2.0
33265,0.001068061666125985,0.23070131988321274,0.0,0.1,672.393342963057,253.17778071571055,0.0,1.0,0.0,0.0,2.0
33266,0.002122500464215725,0.4584601002705966,0.0,0.1,675.8223070147585,251.04464896532411,0.0,1.0,0.0,0.0,2.0
33267,0.0024172303640589486,0.5221217586367329,0.0,0.1,680.6207659805685,249.55886947895837,0.0,1.0,0.0,0.0,2.0
33268,0.0031746811712419078,0.6857311329882521,0.0,0.1,686.3282165176644,247.210264070296,0.0,1.0,0.0,0.0,2.0
33269,0.0006722852859944405,0.14521362177479916,0.0,0.1,692.973220772347,241.15899846321335,0.0,1.0,0.0,0.0,2.0
33270,0.0020820091524021184,0.44971397691885756,0.0,0.1,694.1638616853439,240.32398366631384,0.0,1.0,0.0,0.0,2.0
33271,0.0029832410542135505,0.644380067710127,0.0,0.1,698.3714450176727,235.88624938494974,0.0,1.0,0.0,0.0,2.0
33272,0.0025900602712977234,0.5594530186003083,0.0,0.1,705.5800588439405,228.79657531043605,0.0,1.0,0.0,0.0,2.0
33273,0.002407048674863335,0.5199225137704804,0.0,0.1,711.9783084945105,224.16341387256537,0.0,1.0,0.0,0.0,2.0
33274,0.0010190351031706942,0.22011158228486993,0.0,0.1,721.6414011117074,214.53058490181223,0.0,1.0,0.0,0.0,2.0
33275,0.0022694188733223103,0.490194476637619,0.0,0.1,726.4274182226196,208.46825379541465,0.0,1.0,0.0,0.0,2.0
33276,0.0016920614449992789,0.3654852721198443,0.0,0.1,734.3504194701749,199.2143261567528,0.0,1.0,0.0,0.0,2.0
33277,0.0013660429488639224,0.2950652769546072,0.0,0.1,739.1901685284429,192.26146327216907,0.0,1.0,0.0,0.0,2.0
33278,0.0003069350171879329,0.06629796371259351,1.0,0.1,743.3596439334049,189.03240871418203,0.0,1.0,0.0,0.0,2.0
33279,0.002851975091282263,0.6160266197169688,0.0,0.1,747.0356416156313,188.134486771641,0.0,1.0,0.0,0.0,2.0
33280,0.0031438477524166255,0.6790711145219911,0.0,0.1,756.5329338239516,181.8808097715269,0.0,1.0,0.0,0.0,2.0
33281,0.0014903315134163998,0.32191160689794235,0.0,0.1,768.6631369237551,173.86032642054633,0.0,1.0,0.0,0.0,2.0
33282,0.0027048462907398505,0.5842467987998077,0.0,0.1,777.1267267540178,166.89434096853137,0.0,1.0,0.0,0.0,2.0
33283,0.0014015926084887326,0.3027440034335663,0.0,0.1,784.9369185482715,161.84532879084253,0.0,1.0,0.0,0.0,2.0
33284,0.0026823314043855143,0.5793835833472711,0.0,0.1,791.6702285467389,157.63077132696782,0.0,1.0,0.0,0.0,2.0
33285,0.0027021161086038287,0.5836570794584269,0.0,0.1,805.4933481662374,150.93946120151284,0.0,1.0,0.0,0.0,2.0
33286,0.0028449793495720047,0.614515539507553,0.0,0.1,817.4920410378444,146.02898787439844,0.0,1.0,0.0,0.0,2.0
33287,0.0012509800521910033,0.2702116912732567,0.0,0.1,827.6902350042155,141.9868028581078,0.0,1.0,0.0,0.0,2.0
33288,0.002168773675553929,0.4684551139196486,0.0,0.1,830.65225339136,140.2038048150692,0.0,1.0,0.0,0.0,2.0
33289,0.002936273196078131,0.6342350103528763,0.0,0.1,833.6866371833784,140.77492469384168,0.0,1.0,0.0,0.0,2.0
33290,0.0024049555192363053,0.519470392155042,0.0,0.1,840.2888610031728,142.1738959345646,0.0,1.0,0.0,0.0,2.0
33291,0.002985926866629462,0.6449602031919638,0.0,0.1,851.0652440896513,142.5071855469802,0.0,1.0,0.0,0.0,2.0
33292,0.000991492442820646,0.21416236764925956,0.0,0.1,857.9782538278057,144.73446181614986,0.0,1.0,0.0,0.0,2.0
33293,0.0024097169340572587,0.5204988577563678,0.0,0.1,861.1594835338525,144.72995866240294,0.0,1.0,0.0,0.0,2.0
33294,0.0017263883674107467,0.3728998873607213,0.0,0.1,863.2967753988221,146.33658248179532,0.0,1.0,0.0,0.0,2.0
33295,0.0018778329546354953,0.405611918201267,0.0,0.1,861.9826082640743,142.6816000480502,0.0,1.0,0.0,0.0,2.0
33296,0.0008578143723903137,0.18528790443630777,0.0,0.1,861.0410413408338,131.44233679074298,0.0,1.0,0.0,0.0,2.0
33297,0.00024193455488725978,0.05225786385564811,1.0,0.1,860.2789290023732,126.88584576328445,0.0,1.0,0.0,0.0,2.0
33298,0.0003214210016119216,0.06942693634817507,1.0,0.1,859.2018288855087,116.05125947240163,0.0,1.0,0.0,0.0,2.0
33299,0.0010694648904753872,0.23100441634268365,0.0,0.1,857.8517230871109,108.1679049042951,0.0,1.0,0.0,0.0,2.0
33300,0.0008359770971123695,0.1805710529762718,0.0,0.1,861.342224625724,103.16777578575022,0.0,1.0,0.0,0.0,2.0
33301,0.0004918082585531097,0.10623058384747171,0.0,0.1,863.6719545916728,99.81084784024252,0.0,1.0,0.0,0.0,2.0
33302,0.0007905432232599043,0.17075733622413933,0.0,0.1,864.1348106602787,95.09525929974126,0.0,1.0,0.0,0.0,2.0
33303,0.0006007351494412128,0.12975879227930198,0.0,0.1,860.0968761220029,83.51582651285727,0.0,1.0,0.0,0.0,2.0
33304,0.0009887278675330385,0.21356521938713632,0.0,0.1,858.121976921372,73.31172159378563,0.0,1.0,0.0,0.0,2.0
33305,0.00011670849346461801,0.025209034588357493,1.0,0.1,855.3346746848407,67.79931493688836,0.0,1.0,0.0,1.0,2.0
33306,0.0005160683508878736,0.1114707637917807,0.0,0.1,855.0160567074786,63.600718078547466,0.0,1.0,0.0,1.0,2.0
33307,0.001232289199548843,0.2661744671025501,0.0,0.1,855.8833269806885,57.817111367141834,0.0,1.0,0.0,1.0,2.0
33308,0.0005961395615507724,0.12876614529496686,0.0,0.1,855.3751128985696,56.0209861520491,0.0,1.0,0.0,1.0,2.0
33309,0.000626154099038367,0.13524928539228728,0.0,0.1,851.9039326554044,57.20075952322861,0.0,1.0,0.0,1.0,2.0
33310,0.00022338642121213004,0.04825146698182009,1.0,0.1,852.2230295589952,54.74454862912851,0.0,1.0,0.0,1.0,2.0
33311,0.0002584140538770046,0.05581743563743299,1.0,0.1,853.0981545280015,53.50179210130736,0.0,1.0,0.0,1.0,2.0
33312,0.00036645802815183466,0.07915493408079628,1.0,0.1,855.8471228301033,49.174350161057376,0.0,1.0,0.0,1.0,2.0
33313,0.00037820517840431856,0.0816923185353328,1.0,0.1,861.884545997841,47.65229433891117,0.0,1.0,0.0,1.0,2.0
33314,0.000264164759207635,0.057059587988849164,1.0,0.1,865.7944148592335,46.77512290210095,0.0,1.0,0.0,1.0,2.0
33315,0.0005276738932212274,0.11397756093578514,0.0,0.1,866.4448982483303,45.41919728904568,0.0,1.0,0.0,1.0,2.0
33316,0.0004459433386851665,0.09632376115599597,1.0,0.1,866.5952387964518,43.43489970963511,0.0,1.0,0.0,1.0,2.0
33317,0.000153704935536114,0.03320026607580062,1.0,0.1,869.6711277038347,44.86540186320467,0.0,1.0,0.0,1.0,2.0
33318,0.0010986959978518086,0.23731833553599066,0.0,0.1,876.9836889014413,42.58071766339761,0.0,1.0,0.0,1.0,2.0
33319,0.00032092182585740715,0.06931911438519996,1.0,0.1,880.8239117893253,42.974823024085005,0.0,1.0,0.0,1.0,2.0
33320,0.0005304955825165535,0.11458704582357557,0.0,0.1,883.8932847254821,43.992402769560265,0.0,1.0,0.0,1.0,2.0
33321,0.0008175456413841571,0.17658985853897793,0.0,0.1,887.3803575524882,44.691033205868244,0.0,1.0,0.0,1.0,2.0
33322,9.858448559432785e-05,0.021294248888374816,1.0,0.1,889.94938467726,46.744598548529204,0.0,1.0,0.0,1.0,2.0
33323,0.000281294169808032,0.06075954067853492,1.0,0.1,889.6431123643994,50.87295896143458,0.0,1.0,0.0,1.0,2.0
33324,0.0005465567328767167,0.11805625430137082,0.0,0.1,891.1428475979219,52.79531746532264,0.0,1.0,0.0,1.0,2.0
33325,0.0007460396920704944,0.1611445734872268,0.0,0.1,893.9136541064546,55.56849679084872,0.0,1.0,0.0,1.0,2.0
33326,0.00125342177822293,0.27073910409615287,0.0,0.1,894.2716639008524,55.89149523613574,0.0,1.0,0.0,1.0,2.0
33327,0.0009935818687515751,0.21461368365034025,0.0,0.1,894.0662961360744,56.01233294455064,0.0,1.0,0.0,1.0,2.0
33328,0.00043701007921670556,0.0943941771108084,1.0,0.1,,,0.0,1.0,,,2.0
33329,0.0006266345573078691,0.13535306437849973,0.0,0.1,,,0.0,1.0,,,2.0
33330,0.0013518850975008947,0.2920071810601933,0.0,0.1,,,0.0,1.0,,,2.0
33331,0.0008422426632850989,0.18192441526958136,0.0,0.1,,,0.0,1.0,,,2.0
33332,0.0005669523315137817,0.12246170360697685,0.0,0.1,,,0.0,1.0,,,2.0
33333,0.0018673056764610283,0.4033380261155821,0.0,0.1,,,0.0,1.0,,,2.0
33334,0.0009575101334358616,0.20682218882214612,0.0,0.1,,,0.0,1.0,,,2.0
33335,0.0014417520194707526,0.3114184362056826,0.0,0.1,,,0.0,1.0,,,2.0
33336,0.0005977023765091602,0.1291037133259786,0.0,0.1,,,0.0,1.0,,,2.0
33337,0.000402185545418643,0.08687207781042688,1.0,0.1,,,0.0,1.0,,,2.0
33338,0.0005376267246409962,0.1161273725224552,0.0,0.1,859.9626196605735,101.43144684593582,0.0,1.0,0.0,0.0,2.0
33339,0.0011360764205702444,0.2453925068431728,0.0,0.1,861.1422522094704,104.04889597042548,0.0,1.0,0.0,0.0,2.0
33340,0.0010154123122630265,0.21932905944881373,0.0,0.1,861.1068010502523,102.49824377242122,0.0,1.0,0.0,0.0,2.0
33341,0.0009076855279783637,0.19606007404332657,0.0,0.1,861.5690753595924,104.16242029253868,0.0,1.0,0.0,0.0,2.0
33342,0.0008905263632744529,0.19235369446728184,0.0,0.1,862.0620970321023,103.7514232690835,0.0,1.0,0.0,0.0,2.0
33343,0.00039989292377335555,0.08637687153504481,1.0,0.1,,,0.0,1.0,,,2.0
33344,0.00045699353121304625,0.098710602742018,1.0,0.1,,,0.0,1.0,,,2.0
33345,0.0006549374779458525,0.14146649523630414,0.0,0.1,867.8206845970226,103.20699060771864,0.0,1.0,0.0,0.0,2.0
33346,0.00036867710302837997,0.07963425425413008,1.0,0.1,,,0.0,1.0,,,2.0
33347,0.0003156342847807671,0.06817700551264569,1.0,0.1,,,0.0,1.0,,,2.0
33348,0.00030447987546547103,0.06576765310054175,1.0,0.1,,,0.0,1.0,,,2.0
33349,0.00032787046954123924,0.07082002142090768,1.0,0.1,,,0.0,1.0,,,2.0
33350,0.00020589811616765434,0.04447399309221334,1.0,0.1,,,0.0,1.0,,,2.0
33351,0.0004655147225941915,0.10055118008034537,0.0,0.1,,,0.0,1.0,,,2.0
33352,0.0007215720749667992,0.15585956819282865,0.0,0.1,,,0.0,1.0,,,2.0
33353,0.0005850451980496002,0.12636976277871365,0.0,0.1,,,0.0,1.0,,,2.0
33354,0.00020821661299934782,0.04497478840785913,1.0,0.1,,,0.0,1.0,,,2.0
33355,0.00037903114286736035,0.08187072685934983,1.0,0.1,,,0.0,1.0,,,2.0
33356,0.0007016170890519679,0.15154929123522506,0.0,0.1,,,0.0,1.0,,,2.0
33357,0.000675437656450173,0.14589453379323736,0.0,0.1,,,0.0,1.0,,,2.0
33358,0.0005968800327382073,0.12892608707145278,0.0,0.1,,,0.0,1.0,,,2.0
33359,0.00043422716208093757,0.09379306700948252,1.0,0.1,,,0.0,1.0,,,2.0
33360,,,,0.1,,,0.0,1.0,,,2.0
33361,,,,0.1,,,,,,,2.0
33362,,,,0.1,,,,,,,2.0
33363,,,,0.1,,,,,,,2.0
33364,,,,0.1,,,,,,,2.0
33365,,,,0.1,,,,,,,2.0
33366,,,,0.1,,,,,,,2.0
33367,,,,0.1,825.3777679204748,89.74906896065767,,,0.0,0.0,2.0
33368,,,,0.1,819.3926344816947,92.37768988966081,,,0.0,0.0,2.0
33369,,,,0.1,817.7060956462363,92.60079236387388,,,0.0,0.0,2.0
33370,,,,0.1,817.044714286547,92.20906050197897,,,0.0,0.0,2.0
33371,,,,0.1,820.4330544583711,91.75038850941844,,,0.0,0.0,2.0
33372,,,,0.1,821.9725995655115,89.56871919868084,,,0.0,0.0,2.0
33373,,,,0.1,825.066062015949,87.04871808639771,,,0.0,0.0,2.0
33374,,,,0.1,825.3931658339061,86.13764039660579,,,0.0,0.0,2.0
33375,,,,0.1,824.0716282380764,87.03191450601993,,,0.0,0.0,2.0
33376,,,,0.1,822.6745734951201,89.46947770492307,,,0.0,0.0,2.0
33377,,,,0.1,819.1539548861527,92.36364910911975,,,0.0,0.0,2.0
33378,,,,0.1,815.8516625908663,93.64845672313493,,,0.0,0.0,2.0
33379,,,,0.1,814.8268320825379,93.25831541056982,,,0.0,0.0,2.0
33380,,,,0.1,812.9901810567201,93.76526024421213,,,0.0,0.0,2.0
33381,,,,0.1,812.5725391036585,95.36058240717102,,,0.0,0.0,2.0
33382,,,,0.1,,,,,,,2.0
33383,,,,0.1,,,,,,,2.0
33384,,,,0.1,801.0337646205901,102.28216791148996,,,0.0,0.0,2.0
33385,,,,0.1,,,,,,,2.0
33386,,,,0.1,802.1061172742629,106.19759474966372,,,0.0,0.0,2.0
33387,,,,0.1,808.7776932606957,105.84020754409683,,,0.0,0.0,2.0
33388,,,,0.1,816.3039498882179,109.02417334981733,,,0.0,0.0,2.0
33389,,,,0.1,,,,,,,2.0
33390,,,,0.1,,,,,,,2.0
33391,,,,0.1,,,,,,,2.0
33392,,,,0.1,,,,,,,2.0
33393,,,,0.1,,,,,,,2.0
33394,,,,0.1,,,,,,,2.0
33395,,,,0.1,,,,,,,2.0
33396,,,,0.1,822.6250568743368,155.92311613767757,,,0.0,0.0,2.0
33397,,,,0.1,827.4473593121442,159.02280054321213,,,0.0,0.0,2.0
33398,,,,0.1,826.5072179141933,163.12735103835212,,,0.0,0.0,2.0
33399,,,,0.1,823.8054294541831,170.99691204879846,,,0.0,0.0,2.0
33400,,,,0.1,821.812802626955,177.09814412552356,,,0.0,0.0,2.0
33401,,,,0.1,820.9933659366753,179.86983862203348,,,0.0,0.0,2.0
33402,,,,0.1,819.2118377246646,184.30395345504346,,,0.0,0.0,2.0
33403,,,,0.1,817.3582506756854,186.3481288708506,,,0.0,0.0,2.0
33404,,,,0.1,,,,,,,2.0
33405,,,,0.1,,,,,,,2.0
33406,,,,0.1,,,,,,,2.0
33407,,,,0.1,,,,,,,2.0
33408,,,,0.1,,,,,,,2.0
33409,,,,0.1,,,,,,,2.0
33410,,,,0.1,,,,,,,2.0
33411,,,,0.1,,,,,,,2.0
33412,,,,0.1,,,,,,,2.0
33413,,,,0.1,,,,,,,2.0
33414,,,,0.1,,,,,,,2.0
33415,,,,0.1,,,,,,,2.0
33416,,,,0.1,,,,,,,2.0
33417,,,,0.1,,,,,,,2.0
33418,,,,0.1,,,,,,,2.0
33419,,,,0.1,,,,,,,2.0
33420,,,,0.1,,,,,,,2.0
33421,,,,0.1,,,,,,,2.0
33422,,,,0.1,819.3781167157925,194.69230011674026,,,0.0,0.0,2.0
33423,,,,0.1,823.3107425585893,193.43507768292153,,,0.0,0.0,2.0
33424,0.0009987891575100052,0.21573845802216113,0.0,0.1,829.6112520773947,190.6451913521071,0.0,1.0,0.0,0.0,2.0
33425,0.0003220403513050958,0.06956071588190069,1.0,0.1,834.179620101831,191.68897617892583,0.0,1.0,0.0,0.0,2.0
33426,0.0003213697236179139,0.0694158603014694,1.0,0.1,835.5147873836898,191.31109349411562,0.0,1.0,0.0,0.0,2.0
33427,0.00022193285616359013,0.04793749693133546,1.0,0.1,,,0.0,1.0,,,2.0
33428,,,,0.1,835.5868139466478,190.47198322936183,0.0,1.0,0.0,0.0,2.0
33429,,,,0.1,836.0555837669999,189.80416006221841,,,0.0,0.0,2.0
33430,0.0010569441398557036,0.228299934208832,0.0,0.1,838.0214583294872,186.49619302413058,0.0,1.0,0.0,0.0,2.0
33431,0.0004325140590537283,0.09342303675560532,1.0,0.1,839.8926972012158,185.32874735651407,0.0,1.0,0.0,0.0,2.0
33432,0.0005868327838652482,0.12675588131489363,0.0,0.1,,,0.0,1.0,,,2.0
33433,0.0007210623772456368,0.15574947348505755,0.0,0.1,,,0.0,1.0,,,2.0
33434,0.0002516743767677936,0.054361665381843415,1.0,0.1,848.7034014657644,181.3686501204826,0.0,1.0,0.0,0.0,2.0
33435,0.00035671363559109954,0.07705014528767751,1.0,0.1,,,0.0,1.0,,,2.0
33436,0.00023157925139710443,0.05002111830177455,1.0,0.1,,,0.0,1.0,,,2.0
33437,0.0005569366429742783,0.1202983148824441,0.0,0.1,,,0.0,1.0,,,2.0
33438,0.0003761681362909752,0.08125231743885064,1.0,0.1,,,0.0,1.0,,,2.0
33439,0.00031852017516404064,0.06880035783543278,1.0,0.1,,,0.0,1.0,,,2.0
33440,0.00018002161203008256,0.03888466819849783,1.0,0.1,,,0.0,1.0,,,2.0
33441,0.00027481158559344404,0.05935930248818391,1.0,0.1,,,0.0,1.0,,,2.0
33442,0.00012799163770437448,0.027646193744144888,1.0,0.1,,,0.0,1.0,,,2.0
33443,0.0008524279602937084,0.184124439423441,0.0,0.1,,,0.0,1.0,,,2.0
33444,0.001118209657641783,0.24153328605062513,0.0,0.1,,,0.0,1.0,,,2.0
33445,0.0004973989239586677,0.10743816757507223,0.0,0.1,,,0.0,1.0,,,2.0
33446,0.00021889030470443748,0.0472803058161585,1.0,0.1,,,0.0,1.0,,,2.0
33447,0.0002582071909748041,0.05577275325055769,1.0,0.1,,,0.0,1.0,,,2.0
33448,,,,0.1,,,0.0,1.0,,,2.0
33449,,,,0.1,,,,,,,2.0
33450,,,,0.1,,,,,,,2.0
33451,,,,0.1,,,,,,,2.0
33452,0.0002857424531648903,0.0617203698836163,1.0,0.1,,,0.0,1.0,,,2.0
33453,6.230967640249387e-05,0.013458890102938676,1.0,0.1,,,0.0,1.0,,,2.0
33454,,,,0.1,,,0.0,1.0,,,2.0
33455,,,,0.1,,,,,,,2.0
33456,,,,0.1,842.8933013404335,179.94973167745292,,,0.0,0.0,2.0
33457,,,,0.1,848.350568251906,182.1997686889236,,,0.0,0.0,2.0
33458,0.00020997661515431435,0.0453549488733319,1.0,0.1,849.1936396123804,183.90063500897585,0.0,1.0,0.0,0.0,2.0
33459,0.00015465165538651902,0.03340475756348811,1.0,0.1,847.4155982305907,184.59284410196932,0.0,1.0,0.0,0.0,2.0
33460,0.0005692621162999388,0.12296061712078678,0.0,0.1,846.5769475134357,186.49225355193244,0.0,1.0,0.0,0.0,2.0
33461,0.0018849105806684346,0.4071406854243819,0.0,0.1,,,0.0,1.0,,,2.0
33462,,,,0.1,,,0.0,1.0,,,2.0
33463,,,,0.1,,,,,,,2.0
33464,,,,0.1,,,,,,,2.0
33465,,,,0.1,,,,,,,2.0
33466,,,,0.1,,,,,,,2.0
33467,,,,0.1,,,,,,,2.0
33468,,,,0.1,,,,,,,2.0
33469,,,,0.1,,,,,,,2.0
33470,,,,0.1,,,,,,,2.0
33471,,,,0.1,,,,,,,2.0
33472,0.00011278466484917065,0.02436148760742086,1.0,0.1,,,0.0,1.0,,,2.0
33473,0.0002233844022155097,0.0482510308785501,1.0,0.1,,,0.0,1.0,,,2.0
33474,0.0012389491636823685,0.2676130193553916,0.0,0.1,810.7377649962624,216.0982469031705,0.0,1.0,0.0,0.0,2.0
33475,0.0002132925509342147,0.04607119100179037,1.0,0.1,813.6567004857787,216.99952769878934,0.0,1.0,0.0,0.0,2.0
33476,0.0008467122133582979,0.18288983808539236,0.0,0.1,811.6513826035394,217.79224713260646,0.0,1.0,0.0,0.0,2.0
33477,0.0010179430627784614,0.21987570156014766,0.0,0.1,810.8034247979024,222.16529332938413,0.0,1.0,0.0,0.0,2.0
33478,0.0006499662336488811,0.14039270646815832,0.0,0.1,805.9576216269023,229.75300775857352,0.0,1.0,0.0,0.0,2.0
33479,0.000707888356388342,0.15290388497988186,0.0,0.1,800.9736475265933,233.67035925774562,0.0,1.0,0.0,0.0,2.0
33480,0.000735082418749501,0.1587778024498922,0.0,0.1,797.8643348818727,237.42614141941417,0.0,1.0,0.0,0.0,2.0
33481,0.000626739296820208,0.13537568811316494,0.0,0.1,789.907912705902,240.28522809867593,0.0,1.0,0.0,0.0,2.0
33482,0.0033399889072214615,0.7214376039598357,0.0,0.1,787.2574963459934,240.77754241649734,0.0,1.0,0.0,0.0,2.0
33483,0.0030882291360381045,0.6670574933842306,0.0,0.1,778.9682876299458,241.72256616204496,0.0,1.0,0.0,0.0,2.0
33484,0.00114560829822015,0.24745139241555242,0.0,0.1,762.8721184585573,254.4180964685286,0.0,1.0,0.0,0.0,2.0
33485,0.0005294204890833388,0.11435482564200118,0.0,0.1,740.1026481141273,277.0030511565344,0.0,1.0,0.0,0.0,2.0
33486,0.0011049166039943568,0.23866198646278108,0.0,0.1,730.1005451798204,285.8821945676333,0.0,1.0,0.0,0.0,2.0
33487,0.001231337475037992,0.2659688946082063,0.0,0.1,713.5810964175927,301.6836503751219,0.0,1.0,0.0,0.0,2.0
33488,0.00047721297648553053,0.1030780029208746,0.0,0.1,705.2980873802246,312.1956554328376,0.0,1.0,0.0,0.0,2.0
33489,0.000657241217607606,0.1419641030032429,0.0,0.1,700.2898290382001,321.68348094646694,0.0,1.0,0.0,0.0,2.0
33490,0.0008778800409830705,0.18962208885234325,0.0,0.1,695.2834560690068,327.28541940996183,0.0,1.0,0.0,0.0,2.0
33491,0.0006545697103291558,0.14138705743109764,0.0,0.1,690.4713507284123,330.44451944823817,0.0,1.0,0.0,0.0,2.0
33492,0.00024529419822766157,0.0529835468171749,1.0,0.1,682.7856768254001,333.2357542509412,0.0,1.0,0.0,0.0,2.0
33493,0.000551305398436752,0.11908196606233842,0.0,0.1,677.8225612884719,333.31741447425554,0.0,1.0,0.0,0.0,2.0
33494,0.00013759995317991658,0.029721589886861983,1.0,0.1,672.6429130593446,329.54659521229866,0.0,1.0,0.0,0.0,2.0
33495,0.0006674964053292649,0.14417922355112123,0.0,0.1,671.5059449410344,328.79761029749034,0.0,1.0,0.0,0.0,2.0
33496,0.0004734477142401613,0.10226470627587485,0.0,0.1,673.1220550252891,327.49250388282593,0.0,1.0,0.0,0.0,2.0
33497,0.0005240832761443596,0.11320198764718169,0.0,0.1,676.6320955194312,329.4768558683878,0.0,1.0,0.0,0.0,2.0
33498,0.0005533021532341014,0.11951326509856591,0.0,0.1,675.8798178511576,329.4428936451865,0.0,1.0,0.0,0.0,2.0
33499,9.105492858456285e-05,0.019667864574265576,1.0,0.1,673.3244983048203,328.8417876035154,0.0,1.0,0.0,0.0,2.0
33500,0.00014715212556322228,0.03178485912165601,1.0,0.1,671.9294566824561,329.61524250068504,0.0,1.0,0.0,0.0,2.0
33501,0.0007700682688779134,0.1663347460776293,0.0,0.1,662.8298690876193,335.49058680032385,0.0,1.0,0.0,0.0,2.0
33502,0.0005915337707160992,0.12777129447467744,0.0,0.1,651.0498419885492,339.17203117948276,0.0,1.0,0.0,0.0,2.0
33503,0.0011203921808167865,0.24200471105642588,0.0,0.1,638.6498713665251,340.88072428095273,0.0,1.0,0.0,0.0,2.0
33504,0.00045499552911279473,0.09827903428836367,1.0,0.1,633.2368568224521,342.26143389076367,0.0,1.0,0.0,0.0,2.0
33505,0.0014628721246986057,0.31598037893489883,0.0,0.1,626.0529547767067,340.7528591309207,0.0,1.0,0.0,0.0,2.0
33506,0.0007407737616585944,0.1600071325182564,0.0,0.1,623.369567413272,337.0669530877083,0.0,1.0,0.0,0.0,2.0
33507,0.0010740080296129785,0.23198573439640335,0.0,0.1,620.0402436859372,337.7152992189868,0.0,1.0,0.0,0.0,2.0
33508,0.0002992291876898099,0.06463350454099895,1.0,0.1,615.8077737752383,340.50340279175754,0.0,1.0,0.0,0.0,2.0
33509,0.0007765650266431072,0.16773804575491116,0.0,0.1,615.3855503578915,340.7461744374836,0.0,1.0,0.0,0.0,2.0
33510,0.00072765170252071,0.15717276774447336,0.0,0.1,616.2488466436793,340.43335124714395,0.0,1.0,0.0,0.0,2.0
33511,0.0006653956567599094,0.14372546186014043,0.0,0.1,612.2167545797198,344.7515494794092,0.0,1.0,0.0,0.0,2.0
33512,0.0005048715478447855,0.10905225433447367,0.0,0.1,604.7361157579792,350.300722611027,0.0,1.0,0.0,0.0,2.0
33513,0.0006233948581101878,0.13465328935180057,0.0,0.1,603.3423448304378,352.34895826170913,0.0,1.0,0.0,0.0,2.0
33514,0.00041366253748417194,0.08935110809658114,1.0,0.1,602.4160507318354,354.2444101548198,0.0,1.0,0.0,0.0,2.0
33515,0.0006394974280012054,0.13813144444826037,0.0,0.1,,,0.0,1.0,,,2.0
33516,0.00016105935304671176,0.034788820258089735,1.0,0.1,,,0.0,1.0,,,2.0
33517,0.0002441192086101915,0.052729749059801365,1.0,0.1,,,0.0,1.0,,,2.0
33518,0.00016791819948780006,0.03627033108936482,1.0,0.1,,,0.0,1.0,,,2.0
33519,0.00011520687624422446,0.024884685268752486,1.0,0.1,604.7474882478581,354.0602789207767,0.0,1.0,0.0,0.0,2.0
33520,0.00037787821442850095,0.0816216943165562,1.0,0.1,610.1063642396961,353.320762401399,0.0,1.0,0.0,0.0,2.0
33521,0.00024190159743243354,0.052250745045405646,1.0,0.1,614.9770855880267,353.9107907897507,0.0,1.0,0.0,0.0,2.0
33522,0.0005278246161776502,0.11401011709437245,0.0,0.1,616.8404066128168,352.5448012722336,0.0,1.0,0.0,0.0,2.0
33523,0.0012107793549067187,0.26152834065985126,0.0,0.1,619.5058393040598,351.8644268797389,0.0,1.0,0.0,0.0,2.0
33524,0.001019261630686726,0.22016051222833283,0.0,0.1,623.2728671405413,351.34141968472335,0.0,1.0,0.0,0.0,2.0
33525,0.0004195763524033365,0.09062849211912069,1.0,0.1,621.5224453051642,352.7813063684285,0.0,1.0,0.0,0.0,2.0
33526,0.00036520142968118565,0.07888350881113611,1.0,0.1,615.7482095272659,354.6273632568661,0.0,1.0,0.0,0.0,2.0
33527,0.0001306479565805279,0.028219958621394033,1.0,0.1,610.8561822757792,355.73101747053215,0.0,1.0,0.0,0.0,2.0
33528,0.0005033129285986136,0.10871559257730054,0.0,0.1,619.3598034702482,347.80179682479945,0.0,1.0,0.0,0.0,2.0
33529,0.0006147622893679401,0.13278865450347507,0.0,0.1,639.3024144793111,334.18569492293483,0.0,1.0,0.0,0.0,2.0
33530,0.00043276533447073165,0.09347731224567804,1.0,0.1,647.9789856916718,324.6724904558664,0.0,1.0,0.0,0.0,2.0
33531,0.0010161659149338638,0.2194918376257146,0.0,0.1,,,0.0,1.0,,,2.0
33532,0.000863044559160865,0.18641762477874682,0.0,0.1,,,0.0,1.0,,,2.0
33533,0.0002321570588565138,0.05014592471300698,1.0,0.1,,,0.0,1.0,,,2.0
33534,0.0006716107190211579,0.1450679153085701,0.0,0.1,,,0.0,1.0,,,2.0
33535,0.00031873036594453,0.06884575904401848,1.0,0.1,,,0.0,1.0,,,2.0
33536,0.0005643359161446104,0.12189655788723584,0.0,0.1,,,0.0,1.0,,,2.0
33537,0.000747612008537153,0.16148419384402504,0.0,0.1,,,0.0,1.0,,,2.0
33538,0.0004479533063135232,0.09675791416372102,1.0,0.1,,,0.0,1.0,,,2.0
33539,0.00042960247087591385,0.0927941337091974,1.0,0.1,,,0.0,1.0,,,2.0
33540,0.0008329581015459372,0.17991894993392246,0.0,0.1,,,0.0,1.0,,,2.0
33541,0.0011792960355068145,0.25472794366947193,0.0,0.1,,,0.0,1.0,,,2.0
33542,5.9458168837619896e-05,0.012842964468925898,1.0,0.1,,,0.0,1.0,,,2.0
33543,0.0013303104122686857,0.2873470490500361,0.0,0.1,,,0.0,1.0,,,2.0
33544,0.0005641313170943641,0.12185236449238264,0.0,0.1,,,0.0,1.0,,,2.0
33545,0.0009923391059229966,0.21434524687936726,0.0,0.1,,,0.0,1.0,,,2.0
33546,0.0011191968202512819,0.24174651317427687,0.0,0.1,,,0.0,1.0,,,2.0
33547,0.001016642857517362,0.21959485722375016,0.0,0.1,,,0.0,1.0,,,2.0
33548,0.0011101468458526202,0.23979171870416596,0.0,0.1,,,0.0,1.0,,,2.0
33549,0.0002938007703483108,0.06346096639523513,1.0,0.1,,,0.0,1.0,,,2.0
33550,0.0003190490759705173,0.06891460040963175,1.0,0.1,,,0.0,1.0,,,2.0
33551,0.001180081623641205,0.2548976307065003,0.0,0.1,,,0.0,1.0,,,2.0
33552,0.000916681036522026,0.1980031038887576,0.0,0.1,,,0.0,1.0,,,2.0
33553,0.0002067962690835321,0.044667994122042934,1.0,0.1,,,0.0,1.0,,,2.0
33554,0.00019135987510745478,0.04133373302321024,1.0,0.1,,,0.0,1.0,,,2.0
33555,0.0003135330407517424,0.06772313680237635,1.0,0.1,,,0.0,1.0,,,2.0
33556,0.0003239086373312011,0.06996426566353943,1.0,0.1,,,0.0,1.0,,,2.0
33557,2.4696276714921395e-05,0.005334395770423022,1.0,0.1,,,0.0,1.0,,,2.0
33558,0.0002147078681965819,0.04637689953046169,1.0,0.1,,,0.0,1.0,,,2.0
33559,0.00026394658302802883,0.05701246193405423,1.0,0.1,,,0.0,1.0,,,2.0
33560,0.0004068998562563713,0.08789036895137621,1.0,0.1,,,0.0,1.0,,,2.0
33561,,,,0.1,,,0.0,1.0,,,2.0
33562,,,,0.1,,,,,,,2.0
33563,,,,0.1,,,,,,,2.0
33564,,,,0.1,,,0.0,1.0,,,2.0
33565,,,,0.1,,,,,,,2.0
33566,0.00013547775336445212,0.029263194726721658,1.0,0.1,,,0.0,1.0,,,2.0
33567,0.0011677110868094135,0.25222559475083334,0.0,0.1,,,0.0,1.0,,,2.0
33568,,,,0.1,,,0.0,1.0,,,2.0
33569,,,,0.1,,,,,,,2.0
33570,,,,0.1,619.2219854750566,317.6499714117424,,,0.0,0.0,2.0
33571,0.00019157955165171863,0.04138118315677122,1.0,0.1,606.5150691839099,328.69246898456424,0.0,1.0,0.0,0.0,2.0
33572,0.00038138619916891,0.08237941902048457,1.0,0.1,602.4314771186031,331.1193612773183,0.0,1.0,0.0,0.0,2.0
33573,0.002325848706842711,0.5023833206780256,0.0,0.1,597.2507657295407,336.73952141572215,0.0,1.0,0.0,0.0,2.0
33574,0.0004641222488245284,0.10025040574609813,0.0,0.1,589.2074810067886,344.86880129457796,0.0,1.0,0.0,0.0,2.0
33575,0.0008806776314213934,0.19022636838702098,0.0,0.1,578.7611509095716,356.921526724582,0.0,1.0,0.0,0.0,2.0
33576,0.0019090254329190133,0.41234949351050687,0.0,0.1,576.104227363739,362.2189381557976,0.0,1.0,0.0,0.0,2.0
33577,0.0012325998092413495,0.26624155879613154,0.0,0.1,568.3264471697307,371.5233102522412,0.0,1.0,0.0,0.0,2.0
33578,0.0020342267467163434,0.4393929772907302,0.0,0.1,559.76386549598,379.60657146255426,0.0,1.0,0.0,0.0,2.0
33579,0.0018795972564147002,0.40599300738557526,0.0,0.1,554.051098642219,382.28312992415016,0.0,1.0,0.0,0.0,2.0
33580,0.0012724578004126266,0.27485088488912734,0.0,0.1,546.9044173152174,383.36026624554125,0.0,1.0,0.0,0.0,2.0
33581,0.00022965301655252602,0.04960505157534562,1.0,0.1,545.44876313037,384.73430346177395,0.0,1.0,0.0,0.0,2.0
33582,0.0016086210554183285,0.347462147970359,0.0,0.1,544.2761230530076,384.5890800770707,0.0,1.0,0.0,0.0,2.0
33583,0.001580078567411558,0.34129697056089653,0.0,0.1,542.305427123463,383.3292060775853,0.0,1.0,0.0,0.0,2.0
33584,0.0004050229050238743,0.08748494748515685,1.0,0.1,538.563203472671,381.2126046786807,0.0,1.0,0.0,0.0,2.0
33585,0.0009809075075457733,0.21187602162988703,0.0,0.1,535.8557976860333,380.9772831696154,0.0,1.0,0.0,0.0,2.0
33586,0.000744031639834293,0.16071083420420731,0.0,0.1,533.3273241437184,377.3245315487324,0.0,1.0,0.0,0.0,2.0
33587,0.0010153170056487893,0.21930847322013852,0.0,0.1,530.4485698785173,372.3602211224949,0.0,1.0,0.0,0.0,2.0
33588,0.0005176237630102779,0.11180673281022004,0.0,0.1,,,0.0,1.0,,,2.0
33589,0.0008553702992730094,0.18475998464297003,0.0,0.1,,,0.0,1.0,,,2.0
33590,0.0005900994859020936,0.12746148895485224,0.0,0.1,520.8596451326395,374.5082729913435,0.0,1.0,0.0,0.0,2.0
33591,0.0005310876122937741,0.11471492425545521,0.0,0.1,518.9349805983305,376.23395346981965,0.0,1.0,0.0,0.0,2.0
33592,0.0011542706601394173,0.24932246259011415,0.0,0.1,517.4231309151394,378.7115792265644,0.0,1.0,0.0,0.0,2.0
33593,0.0005495636744678319,0.11870575368505171,0.0,0.1,517.5013024325016,379.77318806762287,0.0,1.0,0.0,0.0,2.0
33594,0.0006873256217814119,0.14846233430478498,0.0,0.1,516.9557490348525,380.44907725849794,0.0,1.0,0.0,0.0,2.0
33595,0.0014482525497055098,0.3128225507363901,0.0,0.1,515.9422141849395,380.9807447320864,0.0,1.0,0.0,0.0,2.0
33596,0.0008277123884817757,0.17878587591206355,0.0,0.1,515.2529419135548,380.128942340916,0.0,1.0,0.0,0.0,2.0
33597,0.00035949769512147076,0.07765150214623769,1.0,0.1,513.2533925365814,381.1453644401737,0.0,1.0,0.0,0.0,2.0
33598,0.00039254904875546306,0.08479059453118003,1.0,0.1,512.1206322279037,382.32855622516274,0.0,1.0,0.0,0.0,2.0
33599,0.0011731897187901605,0.25340897925867467,0.0,0.1,510.35188068572677,384.17713457511167,0.0,1.0,0.0,0.0,2.0
33600,0.0012506410271335346,0.27013846186084345,0.0,0.1,509.7289391936034,384.889377973165,0.0,1.0,0.0,0.0,2.0
33601,0.0021326704641005953,0.4606568202457286,0.0,0.1,511.6927217085835,383.41622091093836,0.0,1.0,0.0,0.0,2.0
33602,0.0006582392346079889,0.1421796746753256,0.0,0.1,513.383919531871,380.9377601358607,0.0,1.0,0.0,0.0,2.0
33603,0.0012200109884468549,0.2635223735045206,0.0,0.1,513.7686320098544,379.6790405516916,0.0,1.0,0.0,0.0,2.0
33604,0.0014471560549471913,0.31258570786859335,0.0,0.1,516.2674297926895,376.24337094171085,0.0,1.0,0.0,0.0,2.0
33605,0.0007719825358292201,0.16674822773911155,0.0,0.1,516.6075605062429,375.17851148745166,0.0,1.0,0.0,0.0,2.0
33606,0.0005930048652778562,0.12808905090001693,0.0,0.1,515.597746607915,375.5003456392641,0.0,1.0,0.0,0.0,2.0
33607,0.0005169733956862821,0.11166625346823694,0.0,0.1,516.2962728230375,374.48425122702395,0.0,1.0,0.0,0.0,2.0
33608,0.0008212191888604074,0.177383344793848,0.0,0.1,520.3127120129014,370.1412936154563,0.0,1.0,0.0,0.0,2.0
33609,0.0009489543352886322,0.20497413642234455,0.0,0.1,522.8761852054703,366.91703625757987,0.0,1.0,0.0,0.0,2.0
33610,0.0006376680656929923,0.13773630218968633,0.0,0.1,524.1668929119357,364.808709770174,0.0,1.0,0.0,0.0,2.0
33611,0.0006512152309471014,0.14066248988457392,0.0,0.1,524.1593173536768,363.8665943380692,0.0,1.0,0.0,0.0,2.0
33612,0.0006137219984813995,0.1325639516719823,0.0,0.1,523.143103224016,364.8422244151412,0.0,1.0,0.0,0.0,2.0
33613,7.599381948442474e-05,0.016414665008635747,1.0,0.1,522.8509155706373,364.18429667926,0.0,1.0,0.0,0.0,2.0
33614,0.000517090611798165,0.11169157214840364,0.0,0.1,521.2148655090207,363.8537316171155,0.0,1.0,0.0,0.0,2.0
33615,0.0001463002995362122,0.03160086469982184,1.0,0.1,517.2100191443824,367.38847484577155,0.0,1.0,0.0,0.0,2.0
33616,0.0005182353867757544,0.11193884354356294,0.0,0.1,515.4228090599624,369.4778610693703,0.0,1.0,0.0,0.0,2.0
33617,0.0006257105140190468,0.1351534710281141,0.0,0.1,514.4313892571627,370.6193523850806,0.0,1.0,0.0,0.0,2.0
33618,0.0005250342214731286,0.11340739183819579,0.0,0.1,511.6869215333011,374.0739241779448,0.0,1.0,0.0,0.0,2.0
33619,0.0003776521014914565,0.0815728539221546,1.0,0.1,516.1668343672926,371.18964984068276,0.0,1.0,0.0,0.0,2.0
33620,0.0003346071492607552,0.07227514424032312,1.0,0.1,511.59345371614035,375.7503222738134,0.0,1.0,0.0,0.0,2.0
33621,0.00059765611054957,0.12909371987870713,0.0,0.1,511.7999572941072,376.1235549966955,0.0,1.0,0.0,0.0,2.0
33622,0.0006357992340661643,0.13733263455829148,0.0,0.1,512.0980455948136,377.1174346690492,0.0,1.0,0.0,0.0,2.0
33623,0.00040380955019046614,0.0872228628411407,1.0,0.1,510.59046418310436,379.1545240894209,0.0,1.0,0.0,0.0,2.0
33624,0.000331422186015473,0.07158719217934217,1.0,0.1,509.2312485174114,380.9630154437093,0.0,1.0,0.0,0.0,2.0
33625,0.0007974068294113496,0.17223987515285152,0.0,0.1,509.6018946829068,380.78367722396695,0.0,1.0,0.0,0.0,2.0
33626,0.0014123220929744215,0.3050615720824751,0.0,0.1,510.4227261189063,380.56835406512914,0.0,1.0,0.0,0.0,2.0
33627,0.0003861656665903335,0.08341178398351204,1.0,0.1,509.34322423609103,382.0719167839864,0.0,1.0,0.0,0.0,2.0
33628,0.0003752039391265277,0.08104405085132999,1.0,0.1,510.0250395409935,382.153163199093,0.0,1.0,0.0,0.0,2.0
33629,0.00019914801553219409,0.04301597135495392,1.0,0.1,511.1274791021836,380.9278131968501,0.0,1.0,0.0,0.0,2.0
33630,0.00024410474937376533,0.05272662586473331,1.0,0.1,511.4000501051311,380.64078786137605,0.0,1.0,0.0,0.0,2.0
33631,0.00013021717998746985,0.028126910877293486,1.0,0.1,511.75580815533914,381.05129204636256,0.0,1.0,0.0,0.0,2.0
33632,0.0003830287719153927,0.08273421473372483,1.0,0.1,511.4530158131981,380.84362683807655,0.0,1.0,0.0,0.0,2.0
33633,0.0002085488676701694,0.04504655541675659,1.0,0.1,510.85378628416174,381.2620806484778,0.0,1.0,0.0,0.0,2.0
33634,0.00012957242445875468,0.02798764368309101,1.0,0.1,508.757123783071,382.5152342436843,0.0,1.0,0.0,0.0,2.0
33635,0.0006701247036737714,0.14474693599353464,0.0,0.1,508.30264806313016,383.5542806352277,0.0,1.0,0.0,0.0,2.0
33636,0.0001441581936880835,0.031138169836626036,1.0,0.1,508.26248215628027,383.48505309663614,0.0,1.0,0.0,0.0,2.0
33637,0.000319664820439849,0.06904760121500739,1.0,0.1,506.8438822664527,384.30357416376467,0.0,1.0,0.0,0.0,2.0
33638,0.0001970380072474139,0.042560209565441404,1.0,0.1,506.7649173644742,384.0637851732578,0.0,1.0,0.0,0.0,2.0
33639,0.00043116300800013,0.09313120972802807,1.0,0.1,507.81361899009073,383.11266904021016,0.0,1.0,0.0,0.0,2.0
33640,0.0002522364943079162,0.0544830827705099,1.0,0.1,508.145452362767,382.40810021074975,0.0,1.0,0.0,0.0,2.0
33641,0.0003764657116740131,0.08131659372158682,1.0,0.1,508.716673149082,382.07766812251714,0.0,1.0,0.0,0.0,2.0
33642,0.0003433871078516001,0.07417161529594563,1.0,0.1,508.3325515251877,381.4866049459773,0.0,1.0,0.0,0.0,2.0
33643,0.00020646024984672144,0.04459541396689183,1.0,0.1,505.68449482745604,383.70689664726746,0.0,1.0,0.0,0.0,2.0
33644,0.00011963101620515014,0.02584029950031243,1.0,0.1,504.641064242793,384.46743596500517,0.0,1.0,0.0,0.0,2.0
33645,0.0002801148225870837,0.06050480167881008,1.0,0.1,502.21244642899984,386.4058554038421,0.0,1.0,0.0,0.0,2.0
33646,0.0005132282160455526,0.11085729466583936,0.0,0.1,502.7453777423943,386.51774766783507,0.0,1.0,0.0,0.0,2.0
33647,0.0003722798337338664,0.08041244408651514,1.0,0.1,500.8219844844357,388.20428694975107,0.0,1.0,0.0,0.0,2.0
33648,0.00048518750881401337,0.10480050190382689,0.0,0.1,500.2638274296319,388.8389362505429,0.0,1.0,0.0,0.0,2.0
33649,0.00015747558798458864,0.03401472700467115,1.0,0.1,501.6757559239459,387.33747047100263,0.0,1.0,0.0,0.0,2.0
33650,0.00035336460535237917,0.0763267547561139,1.0,0.1,501.4700462606016,387.43251984167426,0.0,1.0,0.0,0.0,2.0
33651,0.00017168727465413893,0.03708445132529401,1.0,0.1,503.7419447826657,385.1362300187635,0.0,1.0,0.0,0.0,2.0
33652,3.7407010997369092e-06,0.0008079914375431725,1.0,0.1,506.2386989274068,382.3844138108751,0.0,1.0,0.0,0.0,2.0
33653,0.000356253298666926,0.07695071251205601,1.0,0.1,507.3017334577476,381.0667601840823,0.0,1.0,0.0,0.0,2.0
33654,0.00010145220349104105,0.02191367595406487,1.0,0.1,509.42286171116075,378.7748846984973,0.0,1.0,0.0,0.0,2.0
33655,7.063233376579974e-05,0.015256584093412746,1.0,0.1,511.10565797597064,376.88182130325816,0.0,1.0,0.0,0.0,2.0
33656,9.505724234553486e-05,0.02053236434663553,1.0,0.1,511.07003427802,376.1173101059531,0.0,1.0,0.0,0.0,2.0
33657,0.000184612412616804,0.039876281125229666,1.0,0.1,511.1745329256239,376.0202463743668,0.0,1.0,0.0,0.0,2.0
33658,0.00026319655298996696,0.05685045544583287,1.0,0.1,510.9313828630634,375.55467128024054,0.0,1.0,0.0,0.0,2.0
33659,0.0005627573367549382,0.12155558473906664,0.0,0.1,509.45627875882735,376.6938165869438,0.0,1.0,0.0,0.0,2.0
33660,0.0004366719752102472,0.0943211466454134,1.0,0.1,510.1831199804737,375.7365191615023,0.0,1.0,0.0,0.0,2.0
33661,0.00015179210799790986,0.03278709532754853,1.0,0.1,510.18416310911977,375.85114463982524,0.0,1.0,0.0,0.0,2.0
33662,0.00015906158810885727,0.034357303031513166,1.0,0.1,510.86731218124527,375.2164677179364,0.0,1.0,0.0,0.0,2.0
33663,0.0002521319944138287,0.054460510793387,1.0,0.1,511.2445218218755,374.8738827541313,0.0,1.0,0.0,0.0,2.0
33664,0.00010471837632375167,0.02261916928593036,1.0,0.1,511.9329936123084,374.04917806943524,0.0,1.0,0.0,0.0,2.0
33665,0.00030839818095896156,0.06661400708713569,1.0,0.1,512.2783038542262,373.96684148423407,0.0,1.0,0.0,0.0,2.0
33666,0.00010937523628381214,0.023625051037303425,1.0,0.1,512.8035124234958,373.6544712072485,0.0,1.0,0.0,0.0,2.0
33667,0.0001780556248994589,0.03846001497828313,1.0,0.1,512.5229291506516,373.91511549662096,0.0,1.0,0.0,0.0,2.0
33668,0.0001778030829874064,0.03840546592527978,1.0,0.1,511.2155559143639,374.99506292908376,0.0,1.0,0.0,0.0,2.0
33669,0.0003010743516542581,0.06503205995731975,1.0,0.1,510.96463356451767,375.63869185900535,0.0,1.0,0.0,0.0,2.0
33670,0.00034782324541158383,0.0751298210089021,1.0,0.1,511.5379000524023,375.4951714138641,0.0,1.0,0.0,0.0,2.0
33671,0.0004987684751076083,0.1077339906232434,0.0,0.1,511.28655723573235,375.85441119102404,0.0,1.0,0.0,0.0,2.0
33672,0.00030328721426807714,0.06551003828190466,1.0,0.1,510.8714483988541,376.2684625248368,0.0,1.0,0.0,0.0,2.0
33673,0.00037299341048562695,0.08056657666489543,1.0,0.1,510.7195384299673,376.23280881599453,0.0,1.0,0.0,0.0,2.0
33674,0.00037243175324561275,0.08044525870105235,1.0,0.1,511.2218652218387,375.9396455532361,0.0,1.0,0.0,0.0,2.0
33675,0.0001744483344450857,0.03768084024013851,1.0,0.1,511.0809777895098,376.2478447978785,0.0,1.0,0.0,0.0,2.0
33676,0.00037396102079101514,0.08077558049085927,1.0,0.1,511.09986804482963,376.48053663350913,0.0,1.0,0.0,0.0,2.0
33677,0.0002836265043745746,0.06126332494490811,1.0,0.1,511.1624861143573,376.7288019471465,0.0,1.0,0.0,0.0,2.0
33678,0.00024090256499897304,0.052034954039778175,1.0,0.1,512.0067745777931,376.18249031310205,0.0,1.0,0.0,0.0,2.0
33679,0.00017607663658547793,0.038032553502463234,1.0,0.1,512.2501979178429,376.1667068178164,0.0,1.0,0.0,0.0,2.0
33680,0.00013030437371378255,0.028145744722177034,1.0,0.1,512.4006141405847,376.2837967090844,0.0,1.0,0.0,0.0,2.0
33681,0.00021692986481603086,0.04685685080026267,1.0,0.1,512.6805097826033,375.8739766181004,0.0,1.0,0.0,0.0,2.0
33682,0.00015759972906981195,0.03404154147907938,1.0,0.1,511.91921358062103,376.9130316921598,0.0,1.0,0.0,0.0,2.0
33683,0.0006587481840508159,0.14228960775497626,0.0,0.1,511.515218095149,377.4381177441895,0.0,1.0,0.0,0.0,2.0
33684,0.00019728430550056854,0.042613409988122804,1.0,0.1,510.3588320627301,378.4257507271442,0.0,1.0,0.0,0.0,2.0
33685,0.00024658592961126374,0.05326256079603297,1.0,0.1,510.81556992902154,377.7020594115321,0.0,1.0,0.0,0.0,2.0
33686,0.00030135191483727705,0.06509201360485184,1.0,0.1,511.0158854715023,377.20141731092394,0.0,1.0,0.0,0.0,2.0
33687,0.00019559728754110493,0.042249014108878664,1.0,0.1,510.98701376046347,377.527678788954,0.0,1.0,0.0,0.0,2.0
33688,0.00010692683759667698,0.023096196920882228,1.0,0.1,510.92845528010605,377.1017896308587,0.0,1.0,0.0,0.0,2.0
33689,0.00017107597967529135,0.03695241160986293,1.0,0.1,511.05156506394593,376.8822971883801,0.0,1.0,0.0,0.0,2.0
33690,0.0002314403603217535,0.049991117829498756,1.0,0.1,513.0168292440836,374.6851697113751,0.0,1.0,0.0,0.0,2.0
33691,0.0001228319117029199,0.026531692927830697,1.0,0.1,512.9239956728586,375.1075031012782,0.0,1.0,0.0,0.0,2.0
33692,0.00015237877003683437,0.032913814327956224,1.0,0.1,513.1138459641927,374.9688346647944,0.0,1.0,0.0,0.0,2.0
33693,0.0003223698290275679,0.06963188306995467,1.0,0.1,513.1395476078262,375.1068962726554,0.0,1.0,0.0,0.0,2.0
33694,0.00011735572120847779,0.0253488357810312,1.0,0.1,512.409890807484,375.6234109900915,0.0,1.0,0.0,0.0,2.0
33695,0.0004442726461739816,0.09596289157358004,1.0,0.1,511.3748211059593,376.6717884741127,0.0,1.0,0.0,0.0,2.0
33696,0.0004925437872667769,0.1063894580496238,0.0,0.1,510.87003342162143,377.4899552738864,0.0,1.0,0.0,0.0,2.0
33697,9.497393890687293e-05,0.020514370803884553,1.0,0.1,511.0099797115221,377.0215057291277,0.0,1.0,0.0,0.0,2.0
33698,0.0003116726226490659,0.06732128649219823,1.0,0.1,511.0531601761668,376.6841823060531,0.0,1.0,0.0,0.0,2.0
33699,0.00032549755870533737,0.07030747268035288,1.0,0.1,511.77834310604374,376.0470579288368,0.0,1.0,0.0,0.0,2.0
33700,3.8741667772354076e-05,0.00836820023882848,1.0,0.1,512.6100917449072,375.00513909359546,0.0,1.0,0.0,0.0,2.0
33701,8.54775001095025e-05,0.01846314002365254,1.0,0.1,512.8981102382833,374.36803848165744,0.0,1.0,0.0,0.0,2.0
33702,0.0005776793710420318,0.12477874414507889,0.0,0.1,512.6613924007684,374.62760476428286,0.0,1.0,0.0,0.0,2.0
33703,9.551689141218507e-05,0.020631648545031977,1.0,0.1,513.8004138408367,373.8805658507422,0.0,1.0,0.0,0.0,2.0
33704,0.0003765036029567965,0.08132477823866804,1.0,0.1,513.8467762601997,373.81734840471916,0.0,1.0,0.0,0.0,2.0
33705,0.00010577003607593583,0.02284632779240214,1.0,0.1,514.2028614405384,373.5427666485641,0.0,1.0,0.0,0.0,2.0
33706,8.206669702460844e-05,0.017726406557315423,1.0,0.1,513.997764536533,373.8611452801543,0.0,1.0,0.0,0.0,2.0
33707,0.00025842113220802556,0.05581896455693352,1.0,0.1,514.0854011434324,373.85254220352067,0.0,1.0,0.0,0.0,2.0
33708,0.00012822860947340177,0.02769737964625478,1.0,0.1,515.4654988969038,372.5148214415986,0.0,1.0,0.0,0.0,2.0
33709,0.0002951765793957557,0.06375814114948324,1.0,0.1,514.529458304619,373.25187680859545,0.0,1.0,0.0,0.0,2.0
33710,0.00012345240132842478,0.026665718686939753,1.0,0.1,513.0830974612795,374.44292582061064,0.0,1.0,0.0,0.0,2.0
33711,8.797713535177795e-05,0.01900306123598404,1.0,0.1,512.2583160194764,375.1253843456524,0.0,1.0,0.0,0.0,2.0
33712,0.0003679890225631626,0.07948562887364313,1.0,0.1,511.88690415334173,375.42272395807487,0.0,1.0,0.0,0.0,2.0
33713,4.4519357501343563e-05,0.00961618122029021,1.0,0.1,512.3678707931268,375.35412645601156,0.0,1.0,0.0,0.0,2.0
33714,0.00014097733300646418,0.030451103929396265,1.0,0.1,511.0112841144313,376.543011269497,0.0,1.0,0.0,0.0,2.0
33715,0.0001401091983236469,0.03026358683790773,1.0,0.1,511.81547962374873,376.30878519025737,0.0,1.0,0.0,0.0,2.0
33716,0.00012461147679445017,0.026916078987601236,1.0,0.1,512.2359422378813,376.19321078022205,0.0,1.0,0.0,0.0,2.0
33717,0.00014343681360347034,0.03098235173834959,1.0,0.1,511.64377890580386,376.99277982753205,0.0,1.0,0.0,0.0,2.0
33718,0.00014655125344028078,0.03165507074310065,1.0,0.1,511.19668479061255,377.8811446393291,0.0,1.0,0.0,0.0,2.0
33719,0.0005251919709378906,0.11344146572258437,0.0,0.1,511.77933669424135,377.4516496336168,0.0,1.0,0.0,0.0,2.0
33720,0.00020868871583379714,0.045076762620100186,1.0,0.1,511.56218082010804,377.70506608508657,0.0,1.0,0.0,0.0,2.0
33721,0.0001902341939900849,0.041090585901858344,1.0,0.1,510.43705248000424,378.74509041102124,0.0,1.0,0.0,0.0,2.0
33722,0.00015687746672379737,0.03388553281234023,1.0,0.1,508.9729610163545,380.0624894907826,0.0,1.0,0.0,0.0,2.0
33723,0.0002019192169705707,0.04361455086564327,1.0,0.1,504.80083054975853,383.64139494789833,0.0,1.0,0.0,0.0,2.0
33724,9.668401854921416e-05,0.02088374800663026,1.0,0.1,499.9322936640574,387.35436810268266,0.0,1.0,0.0,0.0,2.0
33725,0.0004166134712956637,0.08998850979986336,1.0,0.1,497.9783641300536,388.98590227016587,0.0,1.0,0.0,0.0,2.0
33726,0.00046683355811291986,0.10083604855239069,0.0,0.1,494.8365132632184,390.70611019604047,0.0,1.0,0.0,0.0,2.0
33727,0.0006569129827542354,0.14189320427491486,0.0,0.1,492.1714298345342,392.16967286194165,0.0,1.0,0.0,0.0,2.0
33728,0.00019655491871878742,0.04245586244325808,1.0,0.1,487.22559255696336,396.4378312980996,0.0,1.0,0.0,0.0,2.0
33729,0.0002305211370458292,0.049792565601899104,1.0,0.1,486.17357956204194,397.1484796546913,0.0,1.0,0.0,0.0,2.0
33730,0.00038616219080681914,0.08341103321427294,1.0,0.1,487.36352855107555,395.1884655006291,0.0,1.0,0.0,0.0,2.0
33731,0.0005667747755721838,0.1224233515235917,0.0,0.1,488.4268585622552,394.24689001389544,0.0,1.0,0.0,0.0,2.0
33732,0.0004972952071897874,0.10741576475299408,0.0,0.1,489.08052827165335,394.6753641501229,0.0,1.0,0.0,0.0,2.0
33733,0.00013118133594614234,0.02833516856436675,1.0,0.1,489.8526847523892,393.8070299269384,0.0,1.0,0.0,0.0,2.0
33734,0.0001562679576998025,0.03375387886315734,1.0,0.1,487.6716668358699,395.9026841120779,0.0,1.0,0.0,0.0,2.0
33735,0.0005785576943928572,0.12496846198885714,0.0,0.1,486.88053359927704,396.31243401832484,0.0,1.0,0.0,0.0,2.0
33736,0.00010768499632045829,0.02325995920521899,1.0,0.1,488.21429025987993,394.15120256240186,0.0,1.0,0.0,0.0,2.0
33737,0.00030188584509164315,0.06520734253979492,1.0,0.1,491.1170960742812,391.1277825082865,0.0,1.0,0.0,0.0,2.0
33738,0.0004990317097533998,0.10779084930673435,0.0,0.1,494.32488577767407,387.2663571937401,0.0,1.0,0.0,0.0,2.0
33739,0.0005420635526523086,0.11708572737289867,0.0,0.1,496.3191661680857,383.5380420946748,0.0,1.0,0.0,0.0,2.0
33740,0.0005980935820849306,0.129188213730345,0.0,0.1,499.76045593975977,378.85681684897776,0.0,1.0,0.0,0.0,2.0
33741,0.00038753174900657745,0.08370685778542074,1.0,0.1,506.3288194275202,371.54447772755327,0.0,1.0,0.0,0.0,2.0
33742,0.00031739996401279147,0.06855839222676295,1.0,0.1,515.9323362501781,360.5844987982564,0.0,1.0,0.0,0.0,2.0
33743,0.000791388280162415,0.17093986851508167,0.0,0.1,520.556741222121,355.77640695639343,0.0,1.0,0.0,0.0,2.0
33744,0.0009461167961350664,0.20436122796517434,0.0,0.1,531.017639008161,344.60918040874907,0.0,1.0,0.0,0.0,2.0
33745,0.0009618370951804048,0.20775681255896744,0.0,0.1,537.9429301964805,337.3726349069937,0.0,1.0,0.0,0.0,2.0
33746,0.0005569148185357258,0.12029360080371677,0.0,0.1,542.2456277849204,333.0932131816272,0.0,1.0,0.0,0.0,2.0
33747,0.0008818626149173841,0.19048232482215496,0.0,0.1,544.7488873543676,330.4281629486226,0.0,1.0,0.0,0.0,2.0
33748,0.0007827414671404955,0.16907215690234703,0.0,0.1,548.6358868776459,326.0581417561152,0.0,1.0,0.0,0.0,2.0
33749,0.0009166440409085565,0.19799511283624818,0.0,0.1,556.58057592749,317.6566991470969,0.0,1.0,0.0,0.0,2.0
33750,0.0008643569104831207,0.18670109266435406,0.0,0.1,563.0752280055943,311.1838086555361,0.0,1.0,0.0,0.0,2.0
33751,0.0007034157894968268,0.1519378105313146,0.0,0.1,566.3522597485404,307.8237447193675,0.0,1.0,0.0,0.0,2.0
33752,0.0005538210859592929,0.11962535456720726,0.0,0.1,566.472313364811,307.59172495567225,0.0,1.0,0.0,0.0,2.0
33753,0.0002494391312479531,0.053878852349557874,1.0,0.1,565.2135958274993,308.5347704117909,0.0,1.0,0.0,0.0,2.0
33754,0.0005126340381839435,0.1107289522477318,0.0,0.1,570.2455321268336,303.4033772677291,0.0,1.0,0.0,0.0,2.0
33755,0.0005700422624990515,0.12312912869979512,0.0,0.1,574.7278116758555,298.9202760778385,0.0,1.0,0.0,0.0,2.0
33756,0.0012721942100231008,0.2747939493649898,0.0,0.1,576.2422519656631,297.40622967505345,0.0,1.0,0.0,0.0,2.0
33757,0.0007563652362974623,0.16337489104025185,0.0,0.1,578.9367439010293,294.71300287180037,0.0,1.0,0.0,0.0,2.0
33758,0.0014627455595370366,0.3159530408599999,0.0,0.1,580.069401520242,293.6005593270077,0.0,1.0,0.0,0.0,2.0
33759,5.057278489632519e-05,0.010923721537606242,1.0,0.1,581.8367179351238,291.83427933040724,0.0,1.0,0.0,0.0,2.0
33760,0.0009478181784326502,0.20472872654145244,0.0,0.1,584.6166534682426,289.043689423061,0.0,1.0,0.0,0.0,2.0
33761,0.0013295557562885423,0.28718404335832515,0.0,0.1,586.0927742068477,287.5656368859835,0.0,1.0,0.0,0.0,2.0
33762,0.0010985800094378481,0.2372932820385752,0.0,0.1,588.3819152287356,285.27187678657646,0.0,1.0,0.0,0.0,2.0
33763,0.0003015305787455796,0.0651306050090452,1.0,0.1,591.3609925769666,282.29937399826974,0.0,1.0,0.0,0.0,2.0
33764,0.00024070286039875802,0.05199181784613173,1.0,0.1,599.9540749772164,273.75898393113795,0.0,1.0,0.0,0.0,2.0
33765,0.00014206446989380956,0.030685925497062866,1.0,0.1,603.0554852877399,270.69000495902895,0.0,1.0,0.0,0.0,2.0
33766,0.0005269413147987418,0.11381932399652823,0.0,0.1,611.6567817888862,262.1183207242655,0.0,1.0,0.0,0.0,2.0
33767,0.0004090604177944531,0.08835705024360188,1.0,0.1,619.0340521965835,254.71719543367496,0.0,1.0,0.0,0.0,2.0
33768,0.0002545189001588627,0.05497608243431435,1.0,0.1,621.4979484891008,252.24779804479542,0.0,1.0,0.0,0.0,2.0
33769,0.00018282090458193208,0.03948931538969733,1.0,0.1,621.5456014257693,252.41591187786554,0.0,1.0,0.0,0.0,2.0
33770,0.000319451348942523,0.06900149137158497,1.0,0.1,621.6580681823062,252.50064913382542,0.0,1.0,0.0,0.0,2.0
33771,0.00020097926654710687,0.043411521574175084,1.0,0.1,619.0048481449712,255.72762209349182,0.0,1.0,0.0,0.0,2.0
33772,0.0005381234028424425,0.11623465501396757,0.0,0.1,618.9966942000613,256.02971093756304,0.0,1.0,0.0,0.0,2.0
33773,0.00019790312072883278,0.04274707407742788,1.0,0.1,619.6902214015576,255.34155630666504,0.0,1.0,0.0,0.0,2.0
33774,0.00012588517913914536,0.0271911986940554,1.0,0.1,621.6643106045237,253.32328668677064,0.0,1.0,0.0,0.0,2.0
33775,0.0003442377036920607,0.0743553439974851,1.0,0.1,621.6885120314823,253.5308946676787,0.0,1.0,0.0,0.0,2.0
33776,0.00011760230608495212,0.025402098114349656,1.0,0.1,628.2276840053008,247.16761533500156,0.0,1.0,0.0,0.0,2.0
33777,0.0004302964763800691,0.09294403889809492,1.0,0.1,634.9555327211576,240.5621020482844,0.0,1.0,0.0,0.0,2.0
33778,0.00016699145173367514,0.03607015357447383,1.0,0.1,637.00918642346,238.26497450761863,0.0,1.0,0.0,0.0,2.0
33779,0.0002768102944888062,0.05979102360958215,1.0,0.1,639.9208295928171,235.54590929443887,0.0,1.0,0.0,0.0,2.0
33780,0.0005036939571887141,0.10879789475276225,0.0,0.1,647.5557869516039,228.37739498992616,0.0,1.0,0.0,0.0,2.0
33781,0.0005245642148208369,0.11330587040130079,0.0,0.1,659.9400120018302,216.28455385538547,0.0,1.0,0.0,0.0,2.0
33782,0.00015491947955479778,0.033462607583836325,1.0,0.1,665.1274654642498,211.4662798514963,0.0,1.0,0.0,0.0,2.0
33783,0.000553833838062315,0.11962810902146005,0.0,0.1,667.9074262203529,208.88615721699773,0.0,1.0,0.0,0.0,2.0
33784,7.43737369970045e-05,0.016064727191352973,1.0,0.1,671.4830374008136,204.91231328592943,0.0,1.0,0.0,0.0,2.0
33785,0.00025485197461798273,0.05504802651748427,1.0,0.1,674.9973483630589,201.5167861700415,0.0,1.0,0.0,0.0,2.0
33786,0.0004939265824543576,0.10668814181014125,0.0,0.1,680.6044888563812,195.82787319378852,0.0,1.0,0.0,0.0,2.0
33787,0.00019696135459181565,0.04254365259183218,1.0,0.1,690.9587791173429,185.2331147528425,0.0,1.0,0.0,0.0,2.0
33788,0.00010463289718458426,0.0226007057918702,1.0,0.1,693.7747116191674,182.28426620433075,0.0,1.0,0.0,0.0,2.0
33789,0.00020440819953541084,0.044152171099648745,1.0,0.1,696.5170442732112,179.5060809722615,0.0,1.0,0.0,0.0,2.0
33790,0.000815430889133784,0.17613307205289733,0.0,0.1,698.3816321109568,177.69483347858804,0.0,1.0,0.0,0.0,2.0
33791,0.00041967497289605656,0.09064979414554822,1.0,0.1,697.8660348167327,178.85196890694422,0.0,1.0,0.0,0.0,2.0
33792,0.0007221454444853913,0.15598341600884452,0.0,0.1,699.8232988807322,177.06716308237606,0.0,1.0,0.0,0.0,2.0
33793,0.0003610233894035595,0.07798105211116886,1.0,0.1,702.3738826738754,175.09248340377036,0.0,1.0,0.0,0.0,2.0
33794,0.00011693686959031541,0.025258363831508132,1.0,0.1,703.5239218786791,174.45173478276212,0.0,1.0,0.0,0.0,2.0
33795,0.00043848472595846695,0.09471270080702886,1.0,0.1,706.3102654299888,171.49754810917815,0.0,1.0,0.0,0.0,2.0
33796,0.00015368455251499224,0.033195863343238326,1.0,0.1,706.0692939255846,171.69178044151207,0.0,1.0,0.0,0.0,2.0
33797,0.00046227203099796294,0.09985075869556,1.0,0.1,705.7179108584512,171.93999619529427,0.0,1.0,0.0,0.0,2.0
33798,0.0005532400090694153,0.11949984195899371,0.0,0.1,707.1827459425224,170.27677465880492,0.0,1.0,0.0,0.0,2.0
33799,2.0680634534996465e-05,0.004467017059559236,1.0,0.1,706.8976170469448,170.39496308406436,0.0,1.0,0.0,0.0,2.0
33800,0.00013029488658677254,0.028143695502742868,1.0,0.1,706.430729773093,170.68024664187823,0.0,1.0,0.0,0.0,2.0
33801,0.0004691033637770174,0.10132632657583576,0.0,0.1,706.0129578851249,171.0118368879962,0.0,1.0,0.0,0.0,2.0
33802,0.000532877947253834,0.11510163660682816,0.0,0.1,705.4765938084953,171.74967444432733,0.0,1.0,0.0,0.0,2.0
33803,0.0005533269176789702,0.11951861421865755,0.0,0.1,705.4023646904766,172.50503544342726,0.0,1.0,0.0,0.0,2.0
33804,3.3114285829264745e-05,0.007152685739121185,1.0,0.1,702.9119675171984,175.86538444213457,0.0,1.0,0.0,0.0,2.0
33805,7.784151071438738e-05,0.016813766314307674,1.0,0.1,703.4257313163113,175.69416194235458,0.0,1.0,0.0,0.0,2.0
33806,0.00019589697021613246,0.042313745566684616,1.0,0.1,703.4718178450603,175.44615658705104,0.0,1.0,0.0,0.0,2.0
33807,7.016285238447414e-05,0.015155176115046416,1.0,0.1,703.6908534457831,174.8438391758233,0.0,1.0,0.0,0.0,2.0
33808,5.826039296104645e-05,0.012584244879586032,1.0,0.1,701.9542232259121,176.58131549155553,0.0,1.0,0.0,0.0,2.0
33809,5.148522818413667e-05,0.011120809287773521,1.0,0.1,703.4636222480198,175.313403766909,0.0,1.0,0.0,0.0,2.0
33810,0.00033111042621327514,0.07151985206206743,1.0,0.1,704.2936189582465,174.34663452560324,0.0,1.0,0.0,0.0,2.0
33811,0.0001499359247364514,0.0323861597430735,1.0,0.1,705.8536039325942,172.3947435305266,0.0,1.0,0.0,0.0,2.0
33812,0.0001532470617269677,0.033101365333025025,1.0,0.1,705.8067464802259,172.31150623481366,0.0,1.0,0.0,0.0,2.0
33813,0.00048717642661820444,0.10523010814953217,0.0,0.1,705.5617319720601,172.4686539932308,0.0,1.0,0.0,0.0,2.0
33814,0.00011353223371284324,0.02452296248197414,1.0,0.1,707.1507669148243,171.6158139468244,0.0,1.0,0.0,0.0,2.0
33815,0.0006034456585849202,0.13034426225434276,0.0,0.1,707.517472787257,171.84109529622768,0.0,1.0,0.0,0.0,2.0
33816,0.00011266427206592001,0.02433548276623872,1.0,0.1,707.0824488073458,173.00812571422503,0.0,1.0,0.0,0.0,2.0
33817,0.000210390890773615,0.04544443240710084,1.0,0.1,706.9053815650462,173.80745501125392,0.0,1.0,0.0,0.0,2.0
33818,0.0004217688050620738,0.09110206189340794,1.0,0.1,707.8776742485063,172.44875262152485,0.0,1.0,0.0,0.0,2.0
33819,0.00030157481902674533,0.06514016090977699,1.0,0.1,707.9038740697684,172.62332009594192,0.0,1.0,0.0,0.0,2.0
33820,9.430305460718869e-05,0.020369459795152756,1.0,0.1,708.439526651277,172.52653369800413,0.0,1.0,0.0,0.0,2.0
33821,0.0003009068740853274,0.06499588480243071,1.0,0.1,710.8460129896371,170.1057724074211,0.0,1.0,0.0,0.0,2.0
33822,0.00023421772288378394,0.050591028142897336,1.0,0.1,713.396345595388,167.5600147543784,0.0,1.0,0.0,0.0,2.0
33823,0.00012770686019149692,0.027584681801363333,1.0,0.1,714.9332003321381,166.0150457468137,0.0,1.0,0.0,0.0,2.0
33824,0.00011264685254866944,0.0243317201505126,1.0,0.1,713.9941563167218,166.72539699648328,0.0,1.0,0.0,0.0,2.0
33825,6.736316758897014e-05,0.01455044419921755,1.0,0.1,714.4991693820765,166.20859799559642,0.0,1.0,0.0,0.0,2.0
33826,0.00015863541995198068,0.034265250709627826,1.0,0.1,715.1657914827339,165.40433543237006,0.0,1.0,0.0,0.0,2.0
33827,0.0005662033182375758,0.12229991673931635,0.0,0.1,720.1233922684363,159.73778792795952,0.0,1.0,0.0,0.0,2.0
33828,0.0004785101487334204,0.10335819212641881,0.0,0.1,722.9846279103407,156.06418446562523,0.0,1.0,0.0,0.0,2.0
33829,0.0003293090679392905,0.07113075867488675,1.0,0.1,724.9133617509375,153.16927210313173,0.0,1.0,0.0,0.0,2.0
33830,0.0005550384285973105,0.11988830057701906,0.0,0.1,724.5410797976009,153.56579005735608,0.0,1.0,0.0,0.0,2.0
33831,0.0009822602298548398,0.21216820964864538,0.0,0.1,724.706428011394,153.56190497119735,0.0,1.0,0.0,0.0,2.0
33832,0.0002766060157364432,0.05974689939907174,1.0,0.1,723.9737708641899,154.97930266800356,0.0,1.0,0.0,0.0,2.0
33833,0.0004363543022038073,0.09425252927602239,1.0,0.1,724.4743247131144,155.07335905443443,0.0,1.0,0.0,0.0,2.0
33834,0.0003090028092843012,0.06674460680540906,1.0,0.1,725.1889284338966,154.87147733457223,0.0,1.0,0.0,0.0,2.0
33835,0.00012908863091539956,0.027883144277726306,1.0,0.1,726.9243204078462,153.53020834755048,0.0,1.0,0.0,0.0,2.0
33836,6.749939103716459e-05,0.014579868464027552,1.0,0.1,726.3678805201656,153.81570650460995,0.0,1.0,0.0,0.0,2.0
33837,0.00023674136845737374,0.051136135586792725,1.0,0.1,726.4455879733689,153.52679557374614,0.0,1.0,0.0,0.0,2.0
33838,0.000354766108338474,0.07662947940111038,1.0,0.1,725.8579817293455,155.23864429076556,0.0,1.0,0.0,0.0,2.0
33839,0.0009231242241900456,0.19939483242504985,0.0,0.1,724.7090152622669,157.01045361164685,0.0,1.0,0.0,0.0,2.0
33840,0.0005358564090072052,0.11574498434555634,0.0,0.1,725.8465582227624,156.1654927648961,0.0,1.0,0.0,0.0,2.0
33841,0.00018782089597046283,0.040569313529619976,1.0,0.1,724.3436824394628,158.49342037760925,0.0,1.0,0.0,0.0,2.0
33842,0.00015680626740120058,0.03387015375865932,1.0,0.1,724.4541089697822,158.76021063709933,0.0,1.0,0.0,0.0,2.0
33843,0.00017395466280389454,0.03757420716564122,1.0,0.1,724.2962259298232,159.35490956989733,0.0,1.0,0.0,0.0,2.0
33844,0.00014287997540848974,0.030862074688233782,1.0,0.1,722.7133377001076,161.55335637068376,0.0,1.0,0.0,0.0,2.0
33845,0.0003460138380751406,0.07473898902423037,1.0,0.1,723.0887365823223,161.84644965384783,0.0,1.0,0.0,0.0,2.0
33846,0.00024427488295201955,0.05276337471763622,1.0,0.1,722.7314854376837,162.40821621961658,0.0,1.0,0.0,0.0,2.0
33847,0.00024681106554697696,0.053311190158147025,1.0,0.1,722.6774029153919,162.76602994153995,0.0,1.0,0.0,0.0,2.0
33848,0.0003035043893187858,0.06555694809285773,1.0,0.1,722.2425487680052,162.79543829118595,0.0,1.0,0.0,0.0,2.0
33849,0.0004968931123975562,0.10732891227787214,0.0,0.1,720.4855518111318,164.79587279349172,0.0,1.0,0.0,0.0,2.0
33850,0.00044844430594409644,0.09686397008392483,1.0,0.1,720.3944164663814,164.57972706184796,0.0,1.0,0.0,0.0,2.0
33851,0.00017238268641417613,0.037234660265462044,1.0,0.1,722.9700422634199,161.62432537147578,0.0,1.0,0.0,0.0,2.0
33852,0.0001735739888952242,0.03749198160136843,1.0,0.1,724.3803580662485,159.70170617489188,0.0,1.0,0.0,0.0,2.0
33853,0.0002652897016325351,0.057302575552627584,1.0,0.1,722.2907827276747,161.41146401964698,0.0,1.0,0.0,0.0,2.0
33854,0.0003649795380215585,0.07883558021265663,1.0,0.1,722.5204262535701,160.96658246620208,0.0,1.0,0.0,0.0,2.0
33855,0.00027060501692851825,0.05845068365655994,1.0,0.1,724.0928174246694,159.60838423158626,0.0,1.0,0.0,0.0,2.0
33856,0.0004430584125046232,0.09570061710099861,1.0,0.1,723.9497373203983,160.9054573157377,0.0,1.0,0.0,0.0,2.0
33857,0.00027210977141579017,0.058775710625810676,1.0,0.1,724.6085118917609,161.30988932052446,0.0,1.0,0.0,0.0,2.0
33858,0.00025003560332374953,0.0540076903179299,1.0,0.1,725.0207436115421,160.97670322664075,0.0,1.0,0.0,0.0,2.0
33859,0.00017423322540433572,0.03763437668733652,1.0,0.1,724.7318517404643,161.34750081474928,0.0,1.0,0.0,0.0,2.0
33860,0.00024544896856825717,0.05301697721074355,1.0,0.1,724.5847097361261,161.18374260828114,0.0,1.0,0.0,0.0,2.0
33861,0.00010339871814058391,0.022334123118366123,1.0,0.1,724.0697943152499,160.9209989537218,0.0,1.0,0.0,0.0,2.0
33862,0.0004979001165176663,0.10754642516781593,0.0,0.1,724.9789541490311,159.94083228517783,0.0,1.0,0.0,0.0,2.0
33863,0.0005447967501166623,0.11767609802519907,0.0,0.1,728.2392828646241,156.78718920716065,0.0,1.0,0.0,0.0,2.0
33864,0.00016875156553725944,0.03645033815604804,1.0,0.1,729.5141751278984,155.50387896402165,0.0,1.0,0.0,0.0,2.0
33865,0.001445174664363555,0.3121577275025279,0.0,0.1,728.5294705482108,158.08856613108975,0.0,1.0,0.0,0.0,2.0
33866,6.0922908901809065e-05,0.013159348322790757,1.0,0.1,729.3763346155354,158.09103911294244,0.0,1.0,0.0,0.0,2.0
33867,0.0003978410480277784,0.08593366637400013,1.0,0.1,730.3172282574872,157.43169861937918,0.0,1.0,0.0,0.0,2.0
33868,0.00017035887730714114,0.03679751749834249,1.0,0.1,731.2410638014702,157.0637721315991,0.0,1.0,0.0,0.0,2.0
33869,0.00020415855190596512,0.044098247211688466,1.0,0.1,735.5741352099038,153.2048208877661,0.0,1.0,0.0,0.0,2.0
33870,0.0001882027825790365,0.04065180103707189,1.0,0.1,742.3500615405543,146.93379342951576,0.0,1.0,0.0,0.0,2.0
33871,0.00030336013217464706,0.06552578854972377,1.0,0.1,746.2097313948328,143.24737959936064,0.0,1.0,0.0,0.0,2.0
33872,0.000192973415773982,0.041682257807180115,1.0,0.1,747.8093970417638,141.45656009466617,0.0,1.0,0.0,0.0,2.0
33873,0.00032096218935188557,0.06932783290000728,1.0,0.1,748.9311112982912,140.66155086353697,0.0,1.0,0.0,0.0,2.0
33874,0.00032360809063550254,0.06989934757726855,1.0,0.1,751.1376252619556,138.684600498334,0.0,1.0,0.0,0.0,2.0
33875,0.0009535027549329835,0.20595659506552444,0.0,0.1,755.8048054959611,134.91930599168992,0.0,1.0,0.0,0.0,2.0
33876,0.0006181723910551378,0.13352523646790976,0.0,0.1,758.6180787862975,132.61911650528626,0.0,1.0,0.0,0.0,2.0
33877,0.0002038586290018695,0.044033463864403814,1.0,0.1,761.5256363569553,130.34945769213934,0.0,1.0,0.0,0.0,2.0
33878,,,,0.1,762.986454717009,128.71173786720547,0.0,1.0,0.0,0.0,2.0
33879,,,,0.1,764.4979642793633,127.4610585464361,,,0.0,0.0,2.0
33880,,,,0.1,765.2262571897293,127.39013066648288,,,0.0,0.0,2.0
33881,,,,0.1,770.7455627689307,122.24464542349477,,,0.0,0.0,2.0
33882,,,,0.1,772.2482660097155,120.7880354968486,,,0.0,0.0,2.0
33883,,,,0.1,774.6831760342469,118.67819342232436,0.0,1.0,0.0,0.0,2.0
33884,,,,0.1,775.6866903113048,117.76732510351428,,,0.0,0.0,2.0
33885,,,,0.1,774.5988938990866,119.52431161341624,,,0.0,0.0,2.0
33886,,,,0.1,772.5315195554816,121.92086049242873,,,0.0,0.0,2.0
33887,,,,0.1,771.3406185798294,123.37163102827998,,,0.0,0.0,2.0
33888,0.00023490083946574506,0.050738581324600934,1.0,0.1,768.0801720158927,127.71383420211514,0.0,1.0,0.0,0.0,2.0
33889,0.0012100328751051925,0.2613671010227216,0.0,0.1,765.5630616101826,130.19704256931203,0.0,1.0,0.0,0.0,2.0
33890,0.00026752523494781447,0.057785450748727936,1.0,0.1,766.3617248164426,130.88989355629556,0.0,1.0,0.0,0.0,2.0
33891,0.0005426223993138773,0.11720643825179751,0.0,0.1,765.95725156586,132.43618662260792,0.0,1.0,0.0,0.0,2.0
33892,0.0025526807855186726,0.5513790496720333,0.0,0.1,765.9682525783375,134.20839717425372,0.0,1.0,0.0,0.0,2.0
33893,,,,0.1,765.4393368559449,135.95425230562472,0.0,1.0,0.0,0.0,2.0
33894,,,,0.1,765.7898634500791,138.33920864130164,,,0.0,0.0,2.0
33895,,,,0.1,764.555334165757,142.56478780082108,,,0.0,0.0,2.0
33896,,,,0.1,764.9288184285941,143.9842052817444,,,0.0,0.0,2.0
33897,0.0016250938337968148,0.351020268100112,0.0,0.1,771.0930544876572,146.34232168832716,0.0,1.0,0.0,0.0,2.0
33898,0.0023291896001602632,0.5031049536346168,0.0,0.1,773.5200496838789,150.9030241950783,0.0,1.0,0.0,0.0,2.0
33899,0.00032001090442335643,0.06912235535544499,1.0,0.1,779.9860025867965,153.52181631906302,0.0,1.0,0.0,0.0,2.0
33900,0.0028057488800724987,0.6060417580956597,0.0,0.1,783.7363712415075,155.9678306808542,0.0,1.0,0.0,0.0,2.0
33901,0.0021043794698911117,0.4545459654964802,0.0,0.1,788.5750256419113,160.15487949073372,0.0,1.0,0.0,0.0,2.0
33902,0.002178321307205711,0.4705174023564336,0.0,0.1,796.845687815982,162.61126508747859,0.0,1.0,0.0,0.0,2.0
33903,0.0019916802210956258,0.43020292775665514,0.0,0.1,802.3000341102551,165.19467965053528,0.0,1.0,0.0,0.0,2.0
33904,0.0015949084560482984,0.34450022650643247,0.0,0.1,805.4606019304872,169.16704807612984,0.0,1.0,0.0,0.0,2.0
33905,0.002797553567021139,0.6042715704765661,0.0,0.1,807.4385492794318,169.64246180830443,0.0,1.0,0.0,0.0,2.0
33906,0.002218002575172814,0.4790885562373278,0.0,0.1,811.71924463886,171.45818517801487,0.0,1.0,0.0,0.0,2.0
33907,0.002196896762071413,0.47452970060742533,0.0,0.1,816.035565550354,175.1768157252287,0.0,1.0,0.0,0.0,2.0
33908,,,,0.1,817.6403164981829,177.96934779542357,0.0,1.0,0.0,0.0,2.0
33909,,,,0.1,819.0727078919845,178.60792001202194,,,0.0,0.0,2.0
33910,0.00019447843103587812,0.04200734110374968,1.0,0.1,820.5477253463916,177.9864310326756,0.0,1.0,0.0,0.0,2.0
33911,0.0012348535534299713,0.2667283675408738,0.0,0.1,826.9726885900862,173.6302868949789,0.0,1.0,0.0,0.0,2.0
33912,0.0014155545836725277,0.30575979007326604,0.0,0.1,833.5301920890226,170.42008861677644,0.0,1.0,0.0,0.0,2.0
33913,0.000489162928666299,0.1056591925919206,0.0,0.1,838.7962991099259,168.90677860162518,0.0,1.0,0.0,0.0,2.0
33914,0.0010910011494957362,0.235656248291079,0.0,0.1,840.2726845072042,169.4837295028986,0.0,1.0,0.0,0.0,2.0
33915,0.001140985061186386,0.24645277321625939,0.0,0.1,843.5861125856646,170.44956373052173,0.0,1.0,0.0,0.0,2.0
33916,0.0003804193113904113,0.08217057126032884,1.0,0.1,844.6099686093128,170.14512511436607,0.0,1.0,0.0,0.0,2.0
33917,0.0011885503672420372,0.25672687932428,0.0,0.1,845.0108470963678,173.832541446484,0.0,1.0,0.0,0.0,2.0
33918,0.002301516540809212,0.4971275728147898,0.0,0.1,844.6112453218834,175.73664376854057,0.0,1.0,0.0,0.0,2.0
33919,0.001153382088516094,0.2491305311194763,0.0,0.1,845.0033763931256,181.23260517055388,0.0,1.0,0.0,0.0,2.0
33920,0.0010630331766974094,0.22961516616664046,0.0,0.1,846.4523284336703,185.84562881523124,0.0,1.0,0.0,0.0,2.0
33921,0.001274173787966539,0.27522153820077244,0.0,0.1,848.1203441982822,189.94071103159513,0.0,1.0,0.0,0.0,2.0
33922,0.0015837920142000128,0.3420990750672028,0.0,0.1,848.1520670291571,197.73846508466974,0.0,1.0,0.0,0.0,2.0
33923,0.00030371160097778546,0.06560170581120166,1.0,0.1,849.3180681162069,200.96389675527126,0.0,1.0,0.0,0.0,2.0
33924,0.002308842044233274,0.49870988155438717,0.0,0.1,851.831871182563,207.41747209807784,0.0,1.0,0.0,0.0,2.0
33925,0.003077234137300646,0.6646825736569395,0.0,0.1,856.0511133378543,214.68930883398667,0.0,1.0,0.0,0.0,2.0
33926,0.00033512622652956755,0.0723872649303866,1.0,0.1,858.2925690260129,220.04368586194056,0.0,1.0,0.0,0.0,2.0
33927,0.00197249713439767,0.42605938102989677,0.0,0.1,859.882804299172,223.14329350662027,0.0,1.0,0.0,0.0,2.0
33928,0.0005514523647124443,0.11911371077788796,0.0,0.1,864.2660772244585,225.50797127200713,0.0,1.0,0.0,0.0,2.0
33929,0.0022878379552189712,0.4941729983272978,0.0,0.1,867.6365093227535,227.6793624301189,0.0,1.0,0.0,0.0,2.0
33930,0.0011020336643689714,0.23803927150369783,0.0,0.1,870.3856112631445,228.34585967283715,0.0,1.0,0.0,0.0,2.0
33931,0.0010468604790607244,0.22612186347711646,0.0,0.1,872.1977091889163,228.44944231025062,0.0,1.0,0.0,0.0,2.0
33932,0.0024371982627016966,0.5264348247435665,0.0,0.1,873.6127542498103,228.71732551693626,0.0,1.0,0.0,0.0,2.0
33933,0.0013943135909851594,0.3011717356527944,0.0,0.1,876.9255820753133,228.32091004521058,0.0,1.0,0.0,0.0,2.0
33934,0.0011336486446531637,0.24486810724508334,0.0,0.1,882.3915244058686,221.29238338457515,0.0,1.0,0.0,0.0,2.0
33935,0.0005982057635884709,0.1292124449351097,0.0,0.1,891.1981949827713,214.25187842756395,0.0,1.0,0.0,0.0,2.0
33936,0.0006418762403392875,0.1386452679132861,0.0,0.1,894.8443406547062,211.58191523821228,0.0,1.0,0.0,0.0,2.0
33937,0.00040864926439139064,0.08826824110854038,1.0,0.1,901.0651974580527,203.52716246870065,0.0,1.0,0.0,0.0,2.0
33938,0.000705804517186569,0.15245377571229893,0.0,0.1,906.6833359056036,196.3086579285326,0.0,1.0,0.0,0.0,2.0
33939,0.0009569284830858398,0.2066965523465414,0.0,0.1,908.3676526863532,191.28984413490699,0.0,1.0,0.0,0.0,2.0
33940,0.0003807961313179302,0.08225196436467291,1.0,0.1,908.6968734848955,182.36548035370106,0.0,1.0,0.0,0.0,2.0
33941,0.00025009866047652176,0.0540213106629287,1.0,0.1,909.5430227870103,176.26840219325234,0.0,1.0,0.0,0.0,2.0
33942,0.00026141982109000435,0.05646668135544094,1.0,0.1,914.8726696399116,168.39240595334243,0.0,1.0,0.0,0.0,2.0
33943,0.0005856121368713137,0.12649222156420376,0.0,0.1,916.6293414285217,160.78517451141056,0.0,1.0,0.0,0.0,2.0
33944,0.0008318862037900291,0.1796874200186463,0.0,0.1,919.2059610121456,157.7852815916964,0.0,1.0,0.0,0.0,2.0
33945,0.0007109429065384725,0.1535636678123101,0.0,0.1,920.1587571773422,157.26549882054655,0.0,1.0,0.0,0.0,2.0
33946,0.0005206787199986822,0.11246660351971535,0.0,0.1,920.1632816103375,154.83919506135123,0.0,1.0,0.0,0.0,2.0
33947,0.0007889713551279759,0.1704178127076428,0.0,0.1,920.7952389549963,152.57878692710926,0.0,1.0,0.0,0.0,2.0
33948,0.00041044390841763736,0.08865588421820968,1.0,0.1,924.4578933314472,148.1181764930308,0.0,1.0,0.0,0.0,2.0
33949,0.0004556172600548707,0.09841332817185207,1.0,0.1,928.0943550928223,148.82789833016543,0.0,1.0,0.0,0.0,2.0
33950,0.0010978254761708393,0.2371303028529013,0.0,0.1,929.448512483615,149.93984917492713,0.0,1.0,0.0,0.0,2.0
33951,0.0002963161241066625,0.0640042828070391,1.0,0.1,931.5992010861617,150.80128846628546,0.0,1.0,0.0,0.0,2.0
33952,0.0004568000883714668,0.09866881908823684,1.0,0.1,931.1937719216509,150.11388491070645,0.0,1.0,0.0,0.0,2.0
33953,0.000385017977864221,0.08316388321867174,1.0,0.1,932.7381136956469,149.30095588077475,0.0,1.0,0.0,0.0,2.0
33954,0.0007851048198270148,0.16958264108263518,0.0,0.1,934.2423542546084,149.4616799350819,0.0,1.0,0.0,0.0,2.0
33955,0.00013659284474731105,0.029504054465419184,1.0,0.1,935.8089007750251,149.70748733800653,0.0,1.0,0.0,0.0,2.0
33956,0.00024736639660073,0.05343114166575769,1.0,0.1,936.746600929292,149.67807412030876,0.0,1.0,0.0,0.0,2.0
33957,0.0002779270778828337,0.060032248822692084,1.0,0.1,935.7464793967848,150.35211212547588,0.0,1.0,0.0,0.0,2.0
33958,0.000498970164023798,0.10777755542914037,0.0,0.1,935.7237221051265,150.92688887528072,0.0,1.0,0.0,0.0,2.0
33959,0.0005175073180935319,0.1117815807082029,0.0,0.1,935.3761214707654,150.90966035963447,0.0,1.0,0.0,0.0,2.0
33960,0.0013461609384648654,0.29077076270841096,0.0,0.1,935.1131569826696,151.05002316508595,0.0,1.0,0.0,0.0,2.0
33961,0.0007388596492912113,0.15959368424690165,0.0,0.1,934.5936693015476,151.22404245446972,0.0,1.0,0.0,0.0,2.0
33962,0.00030335309247044023,0.06552426797361509,1.0,0.1,936.2355248994262,156.54209323121825,0.0,1.0,0.0,0.0,2.0
33963,0.000686628808088641,0.14831182254714648,0.0,0.1,937.5647814374515,159.49734705504065,0.0,1.0,0.0,0.0,2.0
33964,0.0009334727092824009,0.2016301052049986,0.0,0.1,939.6773311327536,165.6538294091983,0.0,1.0,0.0,0.0,2.0
33965,0.0004903490136656083,0.1059153869517714,0.0,0.1,940.0567990107362,170.81624687118648,0.0,1.0,0.0,0.0,2.0
33966,0.0007220242901683583,0.1559572466763654,0.0,0.1,937.400530721044,172.7907397970701,0.0,1.0,0.0,0.0,2.0
33967,0.00037291644771026333,0.08054995270541689,1.0,0.1,934.7939030711397,172.19503553265338,0.0,1.0,0.0,0.0,2.0
33968,0.00028866697573670305,0.06235206675912786,1.0,0.1,933.2937718376396,172.26397218249755,0.0,1.0,0.0,0.0,2.0
33969,0.0008727712126030626,0.1885185819222615,0.0,0.1,929.3348769656468,169.8054587100422,0.0,1.0,0.0,0.0,2.0
33970,0.0010184653961863824,0.21998852557625861,0.0,0.1,922.1944250042158,166.88607127096154,0.0,1.0,0.0,0.0,2.0
33971,0.0005927873568094066,0.12804206907083182,0.0,0.1,916.8398287502165,159.39534025494117,0.0,1.0,0.0,0.0,2.0
33972,0.0004360339969844281,0.09418334334863648,1.0,0.1,915.5569242932876,157.3177751995863,0.0,1.0,0.0,0.0,2.0
33973,0.0014944409858724487,0.3227992529484489,0.0,0.1,912.7433345557131,153.88304347139896,0.0,1.0,0.0,0.0,2.0
33974,0.0009735759154553609,0.21029239773835795,0.0,0.1,909.1438312746162,150.2530266179174,0.0,1.0,0.0,0.0,2.0
33975,0.0001767997151049653,0.038188738462672504,1.0,0.1,906.769579798861,147.23019572609408,0.0,1.0,0.0,0.0,2.0
33976,0.00043458769986520513,0.0938709431708843,1.0,0.1,907.3314335416525,140.3462124316434,0.0,1.0,0.0,0.0,2.0
33977,0.0005467923091658263,0.1181071387798185,0.0,0.1,906.8423776909862,133.6140289928796,0.0,1.0,0.0,0.0,2.0
33978,0.0008961718189805468,0.19357311289979812,0.0,0.1,908.3117028602655,123.19952388616964,0.0,1.0,0.0,0.0,2.0
33979,0.0008429982337768771,0.18208761849580543,0.0,0.1,910.2911376214607,115.10823404956545,0.0,1.0,0.0,0.0,2.0
33980,0.00015763639613682016,0.034049461565553156,1.0,0.1,911.86649853514,109.68604261282246,0.0,1.0,0.0,0.0,2.0
33981,0.0011753917256969186,0.2538846127505344,0.0,0.1,911.5912543990439,106.93701219928198,0.0,1.0,0.0,0.0,2.0
33982,0.0009747697742979387,0.21055027124835476,0.0,0.1,909.4671459021338,103.29111987097241,0.0,1.0,0.0,0.0,2.0
33983,0.0003890541715908535,0.08403570106362436,1.0,0.1,906.6739954197142,96.80366655845702,0.0,1.0,0.0,0.0,2.0
33984,0.00024138601869214804,0.05213938003750398,1.0,0.1,904.2227251959279,90.72000378076734,0.0,1.0,0.0,0.0,2.0
33985,0.0003126806054041165,0.06753901076728916,1.0,0.1,902.5595235110242,88.6289630375906,0.0,1.0,0.0,0.0,2.0
33986,0.0003679052597722397,0.07946753611080377,1.0,0.1,900.6857014501057,87.86132093079527,0.0,1.0,0.0,0.0,2.0
33987,0.0002583616127537489,0.055806108354809765,1.0,0.1,903.5071503442921,87.97028496279252,0.0,1.0,0.0,0.0,2.0
33988,0.00035905830200617077,0.07755659323333289,1.0,0.1,906.6985598871792,86.76580740279448,0.0,1.0,0.0,0.0,2.0
33989,0.000256638157479723,0.055433842015620176,1.0,0.1,912.2405571062114,87.9350461974181,0.0,1.0,0.0,0.0,2.0
33990,0.0007064065442213085,0.15258381355180264,0.0,0.1,912.90607749374,88.17026128936607,0.0,1.0,0.0,0.0,2.0
33991,0.0011567299891065699,0.2498536776470191,0.0,0.1,910.1768024494454,86.71982858375853,0.0,1.0,0.0,0.0,2.0
33992,0.0011191895847476986,0.24174495030550291,0.0,0.1,907.3545952804565,87.9952627971814,0.0,1.0,0.0,0.0,2.0
33993,0.0003942692429379934,0.08516215647460657,1.0,0.1,907.2751913579299,90.33191155346337,0.0,1.0,0.0,0.0,2.0
33994,0.0006156914372085308,0.13298935043704266,0.0,0.1,906.5673984898629,91.30783804718466,0.0,1.0,0.0,0.0,2.0
33995,0.0007327512075647363,0.15827426083398302,0.0,0.1,906.1391446616195,92.72246467396013,0.0,1.0,0.0,0.0,2.0
33996,0.00022177168870314608,0.047902684759879556,1.0,0.1,903.4130373009734,100.64739908353599,0.0,1.0,0.0,0.0,2.0
33997,0.00023921319451916545,0.05167005001613974,1.0,0.1,899.7358236573582,104.30616626974502,0.0,1.0,0.0,0.0,2.0
33998,0.0003307956353987829,0.0714518572461371,1.0,0.1,893.8533270965523,104.93090939254135,0.0,1.0,0.0,0.0,2.0
33999,0.000244597451503101,0.05283304952466982,1.0,0.1,891.4129413511333,104.50940781180446,0.0,1.0,0.0,0.0,2.0
34000,0.0007904778813483301,0.1707432223712393,0.0,0.1,889.8279911823638,105.82017350580234,0.0,1.0,0.0,0.0,2.0
34001,0.000570223024789974,0.1231681733546344,0.0,0.1,887.4011313490416,107.79508104974568,0.0,1.0,0.0,0.0,2.0
34002,0.0007121756283083648,0.1538299357146068,0.0,0.1,887.1009354319531,108.10296523611176,0.0,1.0,0.0,0.0,2.0
34003,8.220919137666819e-05,0.01775718533736033,1.0,0.1,890.6955728006526,111.1142871264,0.0,1.0,0.0,0.0,2.0
34004,0.00026715097986923904,0.05770461165175563,1.0,0.1,893.9749717776779,113.25768480146019,0.0,1.0,0.0,0.0,2.0
34005,0.0013365934948493126,0.2887041948874516,0.0,0.1,897.4289072494137,117.0825074476706,0.0,1.0,0.0,0.0,2.0
34006,0.0010566333893658416,0.22823281210302176,0.0,0.1,898.2173926226228,120.67820010878768,0.0,1.0,0.0,0.0,2.0
34007,0.0011927136412460209,0.25762614650914056,0.0,0.1,899.2624269173788,126.73387525356706,0.0,1.0,0.0,0.0,2.0
34008,0.0009954286298309747,0.21501258404349055,0.0,0.1,901.5766687531666,132.05736088998864,0.0,1.0,0.0,0.0,2.0
34009,0.0004868164644304661,0.10515235631698067,0.0,0.1,905.3796657962537,137.6674488148216,0.0,1.0,0.0,0.0,2.0
34010,0.0015505240625872199,0.33491319751883947,0.0,0.1,910.06172502075,146.9137896798706,0.0,1.0,0.0,0.0,2.0
34011,0.0009346953862390275,0.20189420342762993,0.0,0.1,913.8722849124018,154.141167823118,0.0,1.0,0.0,0.0,2.0
34012,0.0007886076184139657,0.1703392455774166,0.0,0.1,919.732817644442,160.367151942084,0.0,1.0,0.0,0.0,2.0
34013,0.0006827889954568029,0.14748242301866943,0.0,0.1,923.9654290694835,166.0953184589464,0.0,1.0,0.0,0.0,2.0
34014,0.001348895491173169,0.29136142609340454,0.0,0.1,936.8608584043143,174.7007173172477,0.0,1.0,0.0,0.0,2.0
34015,0.0013525862547672466,0.2921586310297253,0.0,0.1,944.2171247293946,179.9209252335003,0.0,1.0,0.0,0.0,2.0
34016,0.00047795440024043926,0.10323815045193489,0.0,0.1,946.9280262279399,182.55166622170444,0.0,1.0,0.0,0.0,2.0
34017,0.001112416791675336,0.2402820270018726,0.0,0.1,947.5337253630348,183.30750104956616,0.0,1.0,0.0,0.0,2.0
34018,0.0004271449589427938,0.09226331113164346,1.0,0.1,949.7209135171313,181.68377749950736,0.0,1.0,0.0,0.0,2.0
34019,0.0006332832349484445,0.136789178748864,0.0,0.1,955.9326672851254,181.62496029013425,0.0,1.0,0.0,0.0,2.0
34020,0.0003712065484397479,0.08018061446298554,1.0,0.1,963.9346137784343,184.98347880178352,0.0,1.0,0.0,0.0,2.0
34021,0.0001277753104521029,0.027599467057654228,1.0,0.1,969.2440089384576,186.56332197788007,0.0,1.0,0.0,0.0,2.0
34022,0.0012111419134964482,0.2616066533152328,0.0,0.1,969.3094095260714,184.90542113258746,0.0,1.0,0.0,0.0,2.0
34023,0.0004073170379400921,0.0879804801950599,1.0,0.1,965.954682290769,179.80534461728226,0.0,1.0,0.0,0.0,2.0
34024,0.000493281193185215,0.10654873772800645,0.0,0.1,960.6978647497857,176.05346643568447,0.0,1.0,0.0,0.0,2.0
34025,0.0002481978780030319,0.0536107416486549,1.0,0.1,959.0645995481461,173.68678587394234,0.0,1.0,0.0,0.0,2.0
34026,0.000632425998930026,0.13660401576888562,0.0,0.1,959.9700196962847,173.2233899997337,0.0,1.0,0.0,0.0,2.0
34027,0.0002948635551591264,0.0636905279143713,1.0,0.1,963.6285133270708,172.3986056176561,0.0,1.0,0.0,0.0,2.0
34028,9.779771282995515e-05,0.021124305971270314,1.0,0.1,969.233206468041,174.77109225579898,0.0,1.0,0.0,0.0,2.0
34029,0.00021478866637661471,0.04639435193734878,1.0,0.1,973.6785893522185,176.85043439250643,0.0,1.0,0.0,0.0,2.0
34030,0.00014177472443093004,0.030623340477080888,1.0,0.1,974.4756920127259,176.4538440144583,0.0,1.0,0.0,0.0,2.0
34031,0.0006321955055835238,0.13655422920604116,0.0,0.1,973.9340617338979,175.12702023132567,0.0,1.0,0.0,0.0,2.0
34032,0.000532024898620647,0.11491737810205976,0.0,0.1,973.0486359722661,171.71485911882354,0.0,1.0,0.0,0.0,2.0
34033,0.00027106137263289704,0.058549256488705764,1.0,0.1,976.0901561035294,170.92328209585088,0.0,1.0,0.0,0.0,2.0
34034,0.00011382207108807277,0.02458556735502372,1.0,0.1,979.4374786670064,171.60220388079432,0.0,1.0,0.0,0.0,2.0
34035,0.00027318916107940477,0.059008858793151424,1.0,0.1,979.2161354730418,170.7835164092068,0.0,1.0,0.0,0.0,2.0
34036,0.00034034433189289996,0.0735143756888664,1.0,0.1,978.6154104215241,169.41186076602187,0.0,1.0,0.0,0.0,2.0
34037,0.0004787137491716156,0.10340216982106896,0.0,0.1,978.619409368232,167.33138950946247,0.0,1.0,0.0,0.0,2.0
34038,0.00013987815854195877,0.030213682245063097,1.0,0.1,981.4951877013367,167.6285607812729,0.0,1.0,0.0,0.0,2.0
34039,0.0004996279615240594,0.10791963968919684,0.0,0.1,982.7886971898214,166.89359659467823,0.0,1.0,0.0,0.0,2.0
34040,0.0016599889269633076,0.35855760822407445,0.0,0.1,983.4368036830729,166.97748197042606,0.0,1.0,0.0,0.0,2.0
34041,0.0005010134848625296,0.1082189127303064,0.0,0.1,982.7081763832027,166.23321477245295,0.0,1.0,0.0,0.0,2.0
34042,0.0013449914443540547,0.2905181519804758,0.0,0.1,980.9609551257925,162.999875820086,0.0,1.0,0.0,0.0,2.0
34043,0.0008946969701548084,0.19325454555343863,0.0,0.1,977.9628357500092,159.63738102804345,0.0,1.0,0.0,0.0,2.0
34044,0.0007387877924502323,0.1595781631692502,0.0,0.1,976.2464999161604,157.44802399085074,0.0,1.0,0.0,0.0,2.0
34045,0.0008228656962118332,0.17773899038175597,0.0,0.1,973.258682784139,154.88376653721383,0.0,1.0,0.0,0.0,2.0
34046,0.0007519709631495341,0.1624257280402994,0.0,0.1,970.077339993333,153.15574995885308,0.0,1.0,0.0,0.0,2.0
34047,9.399818148365557e-05,0.0203036072004696,1.0,0.1,968.2285614604411,151.87243589097983,0.0,1.0,0.0,0.0,2.0
34048,0.00028143880200382903,0.06079078123282707,1.0,0.1,967.9994665279454,151.07495057992168,0.0,1.0,0.0,0.0,2.0
34049,0.0001214266470999431,0.02622815577358771,1.0,0.1,967.3038961176136,150.05853846016583,0.0,1.0,0.0,0.0,2.0
34050,0.00033769403349159067,0.07294191123418359,1.0,0.1,965.825296710803,148.51822871240287,0.0,1.0,0.0,0.0,2.0
34051,0.0001269889556306677,0.027429614416224223,1.0,0.1,964.9351480569053,147.49259974502485,0.0,1.0,0.0,0.0,2.0
34052,0.00020322411196976677,0.043896408185469624,1.0,0.1,964.8000006323934,147.50357722435407,0.0,1.0,0.0,0.0,2.0
34053,0.00011370330204485612,0.02455991324168892,1.0,0.1,964.0839797569466,146.87390098084506,0.0,1.0,0.0,0.0,2.0
34054,4.662279279012397e-05,0.010070523242666777,1.0,0.1,963.0501063416435,146.76121037128564,0.0,1.0,0.0,0.0,2.0
34055,3.1733761970248503e-05,0.006854492585573677,1.0,0.1,963.1115804201665,146.71345956561464,0.0,1.0,0.0,0.0,2.0
34056,0.00011251407592373227,0.02430304039952617,1.0,0.1,964.4074351972033,148.55965355284465,0.0,1.0,0.0,0.0,2.0
34057,0.00016707483451425972,0.036088164255080095,1.0,0.1,965.703423634994,150.56649918608395,0.0,1.0,0.0,0.0,2.0
34058,0.00020353345312176536,0.04396322587430132,1.0,0.1,966.68578038026,151.44533031671128,0.0,1.0,0.0,0.0,2.0
34059,0.00018697741735279865,0.04038712214820451,1.0,0.1,967.0021923764295,152.3001041364036,0.0,1.0,0.0,0.0,2.0
34060,0.00022140820251050295,0.04782417174226864,1.0,0.1,967.593485258976,153.043513978515,0.0,1.0,0.0,0.0,2.0
34061,0.0002677540264589194,0.057834869715126594,1.0,0.1,968.1141905849407,153.1906147167176,0.0,1.0,0.0,0.0,2.0
34062,9.081026339485163e-05,0.019615016893287953,1.0,0.1,967.7581485800603,153.00793890964886,0.0,1.0,0.0,0.0,2.0
34063,4.3011719856555995e-05,0.009290531489016094,1.0,0.1,967.84769237038,153.14037161321454,0.0,1.0,0.0,0.0,2.0
34064,8.501122982835345e-05,0.018362425642924347,1.0,0.1,967.9990681108096,153.76364658239262,0.0,1.0,0.0,0.0,2.0
34065,7.228546261415644e-05,0.015613659924657792,1.0,0.1,967.8848160446848,153.70368058331192,0.0,1.0,0.0,0.0,2.0
34066,6.68689961884599e-05,0.014443703176707338,1.0,0.1,967.727169286288,153.5105746111757,0.0,1.0,0.0,0.0,2.0
34067,0.00046228345372571387,0.0998532260047542,1.0,0.1,967.3893876602948,153.48124396688652,0.0,1.0,0.0,0.0,2.0
34068,0.0003342758295488793,0.07220357918255792,1.0,0.1,967.2476460521209,153.31229028544564,0.0,1.0,0.0,0.0,2.0
34069,2.9297768729352368e-05,0.006328318045540111,1.0,0.1,967.1124473303202,153.01495302907648,0.0,1.0,0.0,0.0,2.0
34070,8.849088966675764e-05,0.01911403216801965,1.0,0.1,966.8687915339134,152.69348448973892,0.0,1.0,0.0,0.0,2.0
34071,0.0003147893721265706,0.06799450437933925,1.0,0.1,966.6698848985989,152.65815589953738,0.0,1.0,0.0,0.0,2.0
34072,0.00016772627789018538,0.03622887602428004,1.0,0.1,966.776097381135,152.89086334126364,0.0,1.0,0.0,0.0,2.0
34073,0.0002628289764781964,0.05677105891929043,1.0,0.1,966.6109853403767,152.74500545244442,0.0,1.0,0.0,0.0,2.0
34074,0.0003221690788503414,0.06958852103167373,1.0,0.1,966.2524346851532,152.20507772737156,0.0,1.0,0.0,0.0,2.0
34075,0.00043846069816943297,0.09470751080459752,1.0,0.1,965.8436846595375,150.69238995874403,0.0,1.0,0.0,0.0,2.0
34076,0.0006538448571920705,0.14123048915348724,0.0,0.1,963.5498945576401,149.54856546188324,0.0,1.0,0.0,0.0,2.0
34077,0.0008392332566655123,0.18127438343975066,0.0,0.1,959.2360640293838,149.24213617745593,0.0,1.0,0.0,0.0,2.0
34078,0.0005708273206471768,0.12329870125979019,0.0,0.1,956.0509764268213,144.80379145046334,0.0,1.0,0.0,0.0,2.0
34079,0.0003972841331598313,0.08581337276252356,1.0,0.1,957.409638298252,142.66122491070232,0.0,1.0,0.0,0.0,2.0
34080,0.00043288915541676544,0.09350405757002134,1.0,0.1,957.418794978017,141.4795960706275,0.0,1.0,0.0,0.0,2.0
34081,0.0005752422711315917,0.12425233056442381,0.0,0.1,955.7667379695132,137.25322156745614,0.0,1.0,0.0,0.0,2.0
34082,0.0003656024786996948,0.07897013539913408,1.0,0.1,951.8112649104971,131.6862316883537,0.0,1.0,0.0,0.0,2.0
34083,0.0012526258804104982,0.27056719016866765,0.0,0.1,947.1262733373081,124.36199631242698,0.0,1.0,0.0,0.0,2.0
34084,0.0004841360534991765,0.10457338755582213,0.0,0.1,,,0.0,1.0,,,2.0
34085,0.0014638600462511815,0.3161937699902552,0.0,0.1,,,0.0,1.0,,,2.0
34086,0.0011724015901948082,0.25323874348207853,0.0,0.1,932.6568936819302,107.83000766435597,0.0,1.0,0.0,0.0,2.0
34087,0.001717503711273951,0.3709808016351734,0.0,0.1,,,0.0,1.0,,,2.0
34088,0.00039273393934802974,0.08483053089917442,1.0,0.1,,,0.0,1.0,,,2.0
34089,0.0011980858814544955,0.2587865503941711,0.0,0.1,,,0.0,1.0,,,2.0
34090,0.0013509677921552897,0.29180904310554256,0.0,0.1,,,0.0,1.0,,,2.0
34091,0.0006375465765957467,0.13771006054468132,0.0,0.1,,,0.0,1.0,,,2.0
34092,0.0012385502549843873,0.26752685507662766,0.0,0.1,,,0.0,1.0,,,2.0
34093,0.0007256678038908009,0.156744245640413,0.0,0.1,,,0.0,1.0,,,2.0
34094,0.0002555139706399818,0.05519101765823607,1.0,0.1,,,0.0,1.0,,,2.0
34095,0.0006833155680091385,0.14759616268997391,0.0,0.1,,,0.0,1.0,,,2.0
34096,0.0008913006057201024,0.19252093083554211,0.0,0.1,,,0.0,1.0,,,2.0
34097,0.0002930175958148275,0.06329180069600274,1.0,0.1,,,0.0,1.0,,,2.0
34098,0.0005204083193471065,0.112408196978975,0.0,0.1,,,0.0,1.0,,,2.0
34099,0.0008546991276999836,0.1846150115831965,0.0,0.1,,,0.0,1.0,,,2.0
34100,0.0006941825148600138,0.14994342320976298,0.0,0.1,,,0.0,1.0,,,2.0
34101,0.0001535542477168275,0.03316771750683474,1.0,0.1,,,0.0,1.0,,,2.0
34102,0.00034776626844345134,0.07511751398378548,1.0,0.1,,,0.0,1.0,,,2.0
34103,0.0007214465437437507,0.15583245344865015,0.0,0.1,,,0.0,1.0,,,2.0
34104,6.60066223107356e-05,0.014257430419118887,1.0,0.1,,,0.0,1.0,,,2.0
34105,0.0006035263685900486,0.1303616956154505,0.0,0.1,,,0.0,1.0,,,2.0
34106,,,,0.1,,,0.0,1.0,,,2.0
34107,,,,0.1,,,,,,,2.0
34108,,,,0.1,,,,,,,2.0
34109,,,,0.1,,,,,,,2.0
34110,,,,0.1,,,,,,,2.0
34111,0.00017856318266319394,0.03856964745524989,1.0,0.1,,,0.0,1.0,,,2.0
34112,0.0005344725935598716,0.11544608020893227,0.0,0.1,,,0.0,1.0,,,2.0
34113,0.00036186431957318046,0.07816269302780698,1.0,0.1,,,0.0,1.0,,,2.0
34114,0.0006674744896559608,0.14417448976568753,0.0,0.1,,,0.0,1.0,,,2.0
34115,0.00014169111167140397,0.030605280121023256,1.0,0.1,,,0.0,1.0,,,2.0
34116,0.00020613091165866285,0.044524276918271176,1.0,0.1,,,0.0,1.0,,,2.0
34117,0.0004217351983886875,0.0910948028519565,1.0,0.1,,,0.0,1.0,,,2.0
34118,0.0011598317447706534,0.25052365687046113,0.0,0.1,,,0.0,1.0,,,2.0
34119,0.0006945143224914347,0.1500150936581499,0.0,0.1,,,0.0,1.0,,,2.0
34120,0.0005983925436756313,0.12925278943393637,0.0,0.1,,,0.0,1.0,,,2.0
34121,0.0002543186196662872,0.054932821847918034,1.0,0.1,,,0.0,1.0,,,2.0
34122,0.00024945642428963224,0.053882587646560565,1.0,0.1,,,0.0,1.0,,,2.0
34123,0.00018856344233062063,0.040729703543414056,1.0,0.1,,,0.0,1.0,,,2.0
34124,0.0003151667356823209,0.06807601490738131,1.0,0.1,,,0.0,1.0,,,2.0
34125,0.0009212934811965999,0.19899939193846558,0.0,0.1,,,0.0,1.0,,,2.0
34126,0.0004295622795815791,0.09278545238962109,1.0,0.1,,,0.0,1.0,,,2.0
34127,0.00039240723086771535,0.08475996186742651,1.0,0.1,,,0.0,1.0,,,2.0
34128,0.0003920875224249853,0.08469090484379684,1.0,0.1,,,0.0,1.0,,,2.0
34129,0.00023137639485687887,0.04997730128908584,1.0,0.1,,,0.0,1.0,,,2.0
34130,0.0007038376734114922,0.1520289374568823,0.0,0.1,,,0.0,1.0,,,2.0
34131,0.0003429010038504668,0.07406661683170083,1.0,0.1,,,0.0,1.0,,,2.0
34132,0.00036065359934800276,0.07790117745916861,1.0,0.1,,,0.0,1.0,,,2.0
34133,0.00022450962633530053,0.04849407928842492,1.0,0.1,,,0.0,1.0,,,2.0
34134,0.0003984761666320609,0.08607085199252516,1.0,0.1,,,0.0,1.0,,,2.0
34135,0.0006781151300144703,0.1464728680831256,0.0,0.1,,,0.0,1.0,,,2.0
34136,0.0004888399085069179,0.10558942023749428,0.0,0.1,,,0.0,1.0,,,2.0
34137,,,,0.1,,,0.0,1.0,,,2.0
34138,,,,0.1,,,,,,,2.0
34139,,,,0.1,,,,,,,2.0
34140,,,,0.1,,,,,,,2.0
34141,,,,0.1,,,,,,,2.0
34142,,,,0.1,,,,,,,2.0
34143,,,,0.1,,,,,,,2.0
34144,,,,0.1,,,,,,,2.0
34145,,,,0.1,,,,,,,2.0
34146,,,,0.1,,,,,,,2.0
34147,,,,0.1,,,,,,,2.0
34148,,,,0.1,,,,,,,2.0
34149,,,,0.1,,,,,,,2.0
34150,,,,0.1,,,,,,,2.0
34151,,,,0.1,819.6182807684892,75.35722518052165,,,0.0,0.0,2.0
34152,,,,0.1,,,,,,,2.0
34153,,,,0.1,,,,,,,2.0
34154,,,,0.1,,,,,,,2.0
34155,,,,0.1,,,,,,,2.0
34156,,,,0.1,,,,,,,2.0
34157,,,,0.1,,,,,,,2.0
34158,,,,0.1,,,,,,,2.0
34159,,,,0.1,,,,,,,2.0
34160,,,,0.1,,,,,,,2.0
34161,,,,0.1,,,,,,,2.0
34162,,,,0.1,,,,,,,2.0
34163,,,,0.1,,,,,,,2.0
34164,,,,0.1,,,,,,,2.0
34165,,,,0.1,,,,,,,2.0
34166,,,,0.1,,,,,,,2.0
34167,,,,0.1,,,,,,,2.0
34168,,,,0.1,,,,,,,2.0
34169,,,,0.1,685.1128075583586,203.87971557468393,,,0.0,0.0,2.0
34170,,,,0.1,684.9281595054725,204.38016750984715,,,0.0,0.0,2.0
34171,,,,0.1,686.6846550822085,202.36759674814684,,,0.0,0.0,2.0
34172,,,,0.1,687.7778653572522,201.3154405809551,,,0.0,0.0,2.0
34173,,,,0.1,688.5442564121104,201.82646391274298,,,0.0,0.0,2.0
34174,,,,0.1,688.1123641744526,203.44608407628488,,,0.0,0.0,2.0
34175,,,,0.1,,,,,,,2.0
34176,,,,0.1,,,,,,,2.0
34177,,,,0.1,,,,,,,2.0
34178,,,,0.1,,,,,,,2.0
34179,,,,0.1,,,,,,,2.0
34180,,,,0.1,,,,,,,2.0
34181,,,,0.1,,,,,,,2.0
34182,,,,0.1,,,,,,,2.0
34183,,,,0.1,893.0313806679825,110.52458592002783,,,0.0,0.0,2.0
34184,,,,0.1,899.5333768363662,115.72936640584719,,,0.0,0.0,2.0
34185,0.002587962384339805,0.5589998750173979,0.0,0.1,910.3591566858082,123.49310948467296,0.0,1.0,0.0,0.0,2.0
34186,0.00045448997235537014,0.09816983402875995,1.0,0.1,920.5422280120741,132.7485347260619,0.0,1.0,0.0,0.0,2.0
34187,0.0009721600625177909,0.20998657350384284,0.0,0.1,925.4831629295722,136.96199505280276,0.0,1.0,0.0,0.0,2.0
34188,0.0018483921253342505,0.3992526990721981,0.0,0.1,926.5693315358511,136.68618410647466,0.0,1.0,0.0,0.0,2.0
34189,0.00019576401736310755,0.042285027750431234,1.0,0.1,926.6900870333867,137.46659669179562,0.0,1.0,0.0,0.0,2.0
34190,0.0005436037568374493,0.11741841147688906,0.0,0.1,926.7501701858711,141.44916303557486,0.0,1.0,0.0,0.0,2.0
34191,0.0003656048920022456,0.07897065667248505,1.0,0.1,924.6692484476853,144.04759044202655,0.0,1.0,0.0,0.0,2.0
34192,0.0004109381093262815,0.08876263161447681,1.0,0.1,924.3217102403923,145.09226055154105,0.0,1.0,0.0,0.0,2.0
34193,0.00038493203277419026,0.0831453190792251,1.0,0.1,924.6990082484084,143.94060703511107,0.0,1.0,0.0,0.0,2.0
34194,0.00040117558038177224,0.0866539253624628,1.0,0.1,924.9443481634544,143.45674764710316,0.0,1.0,0.0,0.0,2.0
34195,0.0004288254008102744,0.09262628657501927,1.0,0.1,922.2223752050135,143.41343230115112,0.0,1.0,0.0,0.0,2.0
34196,0.0004768110318630411,0.10299118288241688,0.0,0.1,916.6474807637395,142.21954310470966,0.0,1.0,0.0,0.0,2.0
34197,0.0008214513393467542,0.1774334892988989,0.0,0.1,911.6834681395311,140.7837541971916,0.0,1.0,0.0,0.0,2.0
34198,0.001148836378796333,0.24814865782000795,0.0,0.1,905.7180939337674,141.25621544747568,0.0,1.0,0.0,0.0,2.0
34199,0.0009894585020792646,0.21372303644912116,0.0,0.1,901.8126547727559,141.92916766932564,0.0,1.0,0.0,0.0,2.0
34200,0.001211241787507589,0.2616282261016392,0.0,0.1,898.9234766081236,139.63596379757934,0.0,1.0,0.0,0.0,2.0
34201,0.0002915457391538644,0.06297387965723471,1.0,0.1,901.9660870670679,137.27717714138387,0.0,1.0,0.0,0.0,2.0
34202,0.0009758812077656172,0.2107903408773733,0.0,0.1,901.7919487138261,136.66029721882904,0.0,1.0,0.0,0.0,2.0
34203,0.0005898872276969168,0.127415641182534,0.0,0.1,902.371122174487,135.3742026341772,0.0,1.0,0.0,0.0,2.0
34204,0.00046399618164687803,0.10022317523572566,0.0,0.1,909.2212629726688,136.7411444682168,0.0,1.0,0.0,0.0,2.0
34205,0.00020922438246660102,0.04519246661278582,1.0,0.1,920.147096229325,141.15962041925542,0.0,1.0,0.0,0.0,2.0
34206,0.00033993648297776146,0.07342628032319647,1.0,0.1,925.0430247148471,143.37434044772928,0.0,1.0,0.0,0.0,2.0
34207,0.00023876696698349698,0.05157366486843535,1.0,0.1,927.3264674858904,144.12880413312237,0.0,1.0,0.0,0.0,2.0
34208,0.0012876489300979197,0.2781321689011506,0.0,0.1,927.9277095842248,144.49905981168197,0.0,1.0,0.0,0.0,2.0
34209,0.0008134851274458485,0.1757127875283033,0.0,0.1,922.7893296374295,140.34615188646438,0.0,1.0,0.0,0.0,2.0
34210,0.0005343096123942742,0.11541087627716323,0.0,0.1,909.5542753316362,132.7238031620646,0.0,1.0,0.0,0.0,2.0
34211,0.0005657968313683767,0.12221211557556937,0.0,0.1,907.1974731399905,130.76045194141844,0.0,1.0,0.0,0.0,2.0
34212,0.0005661790751042058,0.12229468022250846,0.0,0.1,903.4962233846935,126.77206658815264,0.0,1.0,0.0,0.0,2.0
34213,0.0008553762771833843,0.18476127587161104,0.0,0.1,905.2136234079433,122.54230825920101,0.0,1.0,0.0,0.0,2.0
34214,0.0007947275514777053,0.17166115111918434,0.0,0.1,903.922004438264,122.26391346444959,0.0,1.0,0.0,0.0,2.0
34215,0.0002549247186768734,0.055063739234204656,1.0,0.1,904.3434374656738,120.47712408293225,0.0,1.0,0.0,0.0,2.0
34216,0.00022836010423548902,0.04932578251486563,1.0,0.1,905.4745325568549,121.2014408547811,0.0,1.0,0.0,0.0,2.0
34217,0.00030972715433431614,0.06690106533621229,1.0,0.1,,,0.0,1.0,,,2.0
34218,0.000337063580439874,0.07280573337501278,1.0,0.1,,,0.0,1.0,,,2.0
34219,0.0001367446247527207,0.029536838946587672,1.0,0.1,,,0.0,1.0,,,2.0
34220,0.00030110406430505863,0.06503847788989267,1.0,0.1,,,0.0,1.0,,,2.0
34221,9.698045623821435e-05,0.0209477785474543,1.0,0.1,,,0.0,1.0,,,2.0
34222,0.00020334588207643139,0.04392271052850918,1.0,0.1,904.3672560703662,105.7165601551751,0.0,1.0,0.0,0.0,2.0
34223,0.00044922528677719334,0.09703266194387376,1.0,0.1,905.6630223309926,103.29704385698061,0.0,1.0,0.0,0.0,2.0
34224,0.0002759414529219182,0.05960335383113434,1.0,0.1,906.7741751060857,102.5713190995184,0.0,1.0,0.0,0.0,2.0
34225,0.00021695209857055167,0.04686165329123916,1.0,0.1,911.7244933122361,99.64583676900374,0.0,1.0,0.0,0.0,2.0
34226,0.0005203465345549718,0.1123948514638739,0.0,0.1,913.2987183480894,101.45283490758877,0.0,1.0,0.0,0.0,2.0
34227,0.0001259502252986013,0.02720524866449788,1.0,0.1,914.5170012954252,101.89121390929934,0.0,1.0,0.0,0.0,2.0
34228,0.0004552973016135145,0.09834421714851913,1.0,0.1,919.2014896542302,101.9713982920237,0.0,1.0,0.0,0.0,2.0
34229,8.783193246325038e-05,0.018971697412062085,1.0,0.1,923.3968167373453,104.70431149785264,0.0,1.0,0.0,0.0,2.0
34230,0.00018483344245748563,0.0399240235708169,1.0,0.1,933.3975616365559,111.28496669892534,0.0,1.0,0.0,0.0,2.0
34231,0.0004680607578444937,0.10110112369441064,0.0,0.1,938.5577756547133,114.73546012514699,0.0,1.0,0.0,0.0,2.0
34232,9.757719851422717e-05,0.021076674879073068,1.0,0.1,939.6412189100694,114.92215466820252,0.0,1.0,0.0,0.0,2.0
34233,0.0005695276391051773,0.12301797004671831,0.0,0.1,939.8270704869213,114.96387342988932,0.0,1.0,0.0,0.0,2.0
34234,0.0004184182725753043,0.09037834687626572,1.0,0.1,942.5342696141099,115.50935752449412,0.0,1.0,0.0,0.0,2.0
34235,0.0006751462956035053,0.14583159985035715,0.0,0.1,947.7970799156762,117.38825717309349,0.0,1.0,0.0,0.0,2.0
34236,0.00019042929999111435,0.041132728798080706,1.0,0.1,950.515680460944,117.81226329395498,0.0,1.0,0.0,0.0,2.0
34237,0.00041022969325743146,0.0886096137436052,1.0,0.1,949.1357106748753,114.06905530638532,0.0,1.0,0.0,0.0,2.0
34238,0.0003898087127128976,0.08419868194598588,1.0,0.1,947.765869051644,112.18585934760911,0.0,1.0,0.0,0.0,2.0
34239,0.00047005133491549906,0.1015310883417478,0.0,0.1,941.6669262446522,105.17051843572501,0.0,1.0,0.0,0.0,2.0
34240,0.0009214404679905433,0.19903114108595735,0.0,0.1,937.3891232207909,97.3772900187402,0.0,1.0,0.0,0.0,2.0
34241,0.0004470815787781125,0.0965696210160723,1.0,0.1,933.2298632843116,89.57072601988173,0.0,1.0,0.0,0.0,2.0
34242,0.000683235006136327,0.14757876132544664,0.0,0.1,932.1768530923811,86.44976166138885,0.0,1.0,0.0,0.0,2.0
34243,0.0004632203433273354,0.10005559415870445,0.0,0.1,,,0.0,1.0,,,2.0
34244,0.0005387295304063997,0.11636557856778235,0.0,0.1,,,0.0,1.0,,,2.0
34245,0.00038238144517498064,0.08259439215779582,1.0,0.1,,,0.0,1.0,,,2.0
34246,0.0007535633468221076,0.16276968291357524,0.0,0.1,,,0.0,1.0,,,2.0
34247,0.0009341585474966233,0.20177824625927063,0.0,0.1,,,0.0,1.0,,,2.0
34248,0.0005442007450848711,0.11754736093833217,0.0,0.1,,,0.0,1.0,,,2.0
34249,0.00022957037254758554,0.04958720047027848,1.0,0.1,,,0.0,1.0,,,2.0
34250,0.0004026533247130067,0.08697311813800945,1.0,0.1,,,0.0,1.0,,,2.0
34251,0.0005685432374771303,0.12280533929506017,0.0,0.1,,,0.0,1.0,,,2.0
34252,0.000391364882495322,0.08453481461898955,1.0,0.1,,,0.0,1.0,,,2.0
34253,0.0006439880081622977,0.13910140976305632,0.0,0.1,,,0.0,1.0,,,2.0
34254,0.0006421440055180064,0.1387031051918894,0.0,0.1,,,0.0,1.0,,,2.0
34255,0.000595487880856295,0.12862538226495973,0.0,0.1,,,0.0,1.0,,,2.0
34256,0.00038595847778072475,0.08336703120063654,1.0,0.1,,,0.0,1.0,,,2.0
34257,0.0005792370544858215,0.12511520376893745,0.0,0.1,,,0.0,1.0,,,2.0
34258,0.0004325458564358366,0.0934299049901407,1.0,0.1,,,0.0,1.0,,,2.0
34259,0.00021670025693671565,0.046807255498330584,1.0,0.1,,,0.0,1.0,,,2.0
34260,0.0006019425339133696,0.13001958732528784,0.0,0.1,,,0.0,1.0,,,2.0
34261,0.00011518191387680314,0.024879293397389476,1.0,0.1,,,0.0,1.0,,,2.0
34262,0.00045181058576072955,0.09759108652431758,1.0,0.1,,,0.0,1.0,,,2.0
34263,0.00027939611125313686,0.06034956003067756,1.0,0.1,,,0.0,1.0,,,2.0
34264,0.0003504810375499613,0.07570390411079164,1.0,0.1,,,0.0,1.0,,,2.0
34265,0.0005527092032386762,0.11938518789955406,0.0,0.1,,,0.0,1.0,,,2.0
34266,0.00015487603365572542,0.03345322326963669,1.0,0.1,,,0.0,1.0,,,2.0
34267,0.00029474829302392414,0.06366563129316762,1.0,0.1,,,0.0,1.0,,,2.0
34268,2.2740307368874977e-05,0.004911906391676995,1.0,0.1,,,0.0,1.0,,,2.0
34269,0.0002958474419257789,0.06390304745596824,1.0,0.1,,,0.0,1.0,,,2.0
34270,7.28134762708278e-05,0.015727710874498806,1.0,0.1,,,0.0,1.0,,,2.0
34271,0.00025592286638075973,0.0552793391382441,1.0,0.1,,,0.0,1.0,,,2.0
34272,0.0002715865423535628,0.05866269314836957,1.0,0.1,,,0.0,1.0,,,2.0
34273,0.00018408971193376275,0.03976337777769275,1.0,0.1,,,0.0,1.0,,,2.0
34274,0.0003836428923773296,0.08286686475350319,1.0,0.1,,,0.0,1.0,,,2.0
34275,0.000308043985107642,0.06653750078325067,1.0,0.1,,,0.0,1.0,,,2.0
34276,0.0005161186776937005,0.1114816343818393,0.0,0.1,,,0.0,1.0,,,2.0
34277,0.00013183143707539566,0.028475590408285463,1.0,0.1,,,0.0,1.0,,,2.0
34278,0.00021710811151137553,0.04689535208645712,1.0,0.1,,,0.0,1.0,,,2.0
34279,0.00030541531228981685,0.06596970745460044,1.0,0.1,,,0.0,1.0,,,2.0
34280,5.198964698512868e-05,0.011229763748787796,1.0,0.1,,,0.0,1.0,,,2.0
34281,5.187744908889223e-05,0.011205529003200721,1.0,0.1,,,0.0,1.0,,,2.0
34282,8.672902305669712e-05,0.018733468980246578,1.0,0.1,,,0.0,1.0,,,2.0
34283,0.0003086264750036049,0.06666331860077866,1.0,0.1,,,0.0,1.0,,,2.0
34284,0.00021164109257729825,0.045714475996696424,1.0,0.1,,,0.0,1.0,,,2.0
34285,0.00024161169980465514,0.05218812715780551,1.0,0.1,,,0.0,1.0,,,2.0
34286,0.00012587720061184914,0.027189475332159416,1.0,0.1,,,0.0,1.0,,,2.0
34287,0.0001680227663449355,0.03629291753050607,1.0,0.1,,,0.0,1.0,,,2.0
34288,8.553741133560884e-05,0.01847608084849151,1.0,0.1,,,0.0,1.0,,,2.0
34289,3.627862813933624e-05,0.007836183678096627,1.0,0.1,,,0.0,1.0,,,2.0
34290,0.00020818030427630297,0.04496694572368144,1.0,0.1,,,0.0,1.0,,,2.0
34291,0.0001141265168916389,0.024651327648594006,1.0,0.1,,,0.0,1.0,,,2.0
34292,0.00014092388053392322,0.030439558195327412,1.0,0.1,,,0.0,1.0,,,2.0
34293,0.00030007509142943614,0.0648162197487582,1.0,0.1,,,0.0,1.0,,,2.0
34294,0.00029627127313952155,0.06399459499813666,1.0,0.1,,,0.0,1.0,,,2.0
34295,0.0001943246064512188,0.04197411499346326,1.0,0.1,,,0.0,1.0,,,2.0
34296,0.00013866479013960214,0.029951594670154062,1.0,0.1,,,0.0,1.0,,,2.0
34297,6.67443325366932e-05,0.014416775827925733,1.0,0.1,,,0.0,1.0,,,2.0
34298,0.0002272555966147153,0.04908720886877851,1.0,0.1,,,0.0,1.0,,,2.0
34299,0.00034441681209436474,0.07439403141238278,1.0,0.1,,,0.0,1.0,,,2.0
34300,0.0005880156397626889,0.1270113781887408,0.0,0.1,,,0.0,1.0,,,2.0
34301,0.0004087426315391788,0.08828840841246262,1.0,0.1,,,0.0,1.0,,,2.0
34302,0.0005089322097154902,0.1099293572985459,0.0,0.1,,,0.0,1.0,,,2.0
34303,0.00023791841346287832,0.05139037730798172,1.0,0.1,,,0.0,1.0,,,2.0
34304,0.00022771493088746423,0.049186425071692276,1.0,0.1,,,0.0,1.0,,,2.0
34305,0.00020394527756378982,0.0440521799537786,1.0,0.1,,,0.0,1.0,,,2.0
34306,0.0008042045390324682,0.17370818043101313,0.0,0.1,,,0.0,1.0,,,2.0
34307,,,,0.1,,,0.0,1.0,,,2.0
34308,,,,0.1,,,,,,,2.0
34309,,,,0.1,,,,,,,2.0
34310,0.0005030787503468229,0.10866501007491375,0.0,0.1,,,0.0,1.0,,,2.0
34311,,,,0.1,,,0.0,1.0,,,2.0
34312,,,,0.1,,,,,,,2.0
34313,,,,0.1,,,,,,,2.0
34314,,,,0.1,,,,,,,2.0
34315,,,,0.1,,,,,,,2.0
34316,,,,0.1,,,0.0,1.0,,,2.0
34317,,,,0.1,,,,,,,2.0
34318,,,,0.1,,,,,,,2.0
34319,,,,0.1,,,,,,,2.0
34320,,,,0.1,,,,,,,2.0
34321,,,,0.1,,,,,,,2.0
34322,,,,0.1,,,,,,,2.0
34323,,,,0.1,,,,,,,2.0
34324,,,,0.1,,,,,,,2.0
34325,,,,0.1,,,,,,,2.0
34326,,,,0.1,,,,,,,2.0
34327,,,,0.1,786.012291689231,177.2276939018501,,,0.0,0.0,2.0
34328,,,,0.1,782.7210624569746,178.50212762437877,,,0.0,0.0,2.0
34329,,,,0.1,,,,,,,2.0
34330,,,,0.1,768.8305794870058,186.52006283133895,,,0.0,0.0,2.0
34331,,,,0.1,,,,,,,2.0
34332,,,,0.1,,,,,,,2.0
34333,,,,0.1,,,,,,,2.0
34334,,,,0.1,868.8910402792503,97.99220661895184,,,0.0,0.0,2.0
34335,0.0016016549447129846,0.34595746805800465,0.0,0.1,871.287835157114,107.2478791911845,0.0,1.0,0.0,0.0,2.0
34336,0.0012415210262816136,0.2681685416768285,0.0,0.1,874.0661682502707,115.3904598386799,0.0,1.0,0.0,0.0,2.0
34337,0.0009892388898200162,0.2136756002011235,0.0,0.1,871.9695120159606,118.2100787219668,0.0,1.0,0.0,0.0,2.0
34338,0.0023581072170450273,0.5093511588817259,0.0,0.1,865.336474442728,127.71792986382248,0.0,1.0,0.0,0.0,2.0
34339,0.0011590936828380293,0.25036423549301434,0.0,0.1,853.2017732665332,138.46962358621656,0.0,1.0,0.0,0.0,2.0
34340,0.0008107089567023038,0.17511313464769762,0.0,0.1,837.5700718175095,148.0555423461712,0.0,1.0,0.0,0.0,2.0
34341,0.0010112128851777688,0.21842198319839806,0.0,0.1,830.0097104092088,154.2333997826738,0.0,1.0,0.0,0.0,2.0
34342,0.00039044036087764155,0.08433511794957058,1.0,0.1,822.275478276838,165.36339102405455,0.0,1.0,0.0,0.0,2.0
34343,0.0013367544958111967,0.2887389710952185,0.0,0.1,817.461936213365,172.1147344088117,0.0,1.0,0.0,0.0,2.0
34344,0.00010737517183079691,0.023193037115452134,1.0,0.1,813.5925623400815,177.26470144829005,0.0,1.0,0.0,0.0,2.0
34345,0.0008332886401138061,0.17999034626458213,0.0,0.1,809.5150002339803,180.07160576106014,0.0,1.0,0.0,0.0,2.0
34346,0.0008817711473565109,0.19046256782900636,0.0,0.1,809.67015500242,181.33654443184767,0.0,1.0,0.0,0.0,2.0
34347,0.0005155649638861156,0.11136203219940097,0.0,0.1,,,0.0,1.0,,,2.0
34348,0.0008503961931432325,0.18368557771893823,0.0,0.1,,,0.0,1.0,,,2.0
34349,0.0007923868203549199,0.1711555531966627,0.0,0.1,814.0527277307665,189.1412545140114,0.0,1.0,0.0,0.0,2.0
34350,0.00018931616490427733,0.0408922916193239,1.0,0.1,815.5390022840578,191.0408415834286,0.0,1.0,0.0,0.0,2.0
34351,0.0001424419980438405,0.030767471577469552,1.0,0.1,817.9982645421991,197.7928560716382,0.0,1.0,0.0,0.0,2.0
34352,0.0012493392652170427,0.26985728128688125,0.0,0.1,819.2621234468374,198.33162063119195,0.0,1.0,0.0,0.0,2.0
34353,0.0009429304397289825,0.20367297498146023,0.0,0.1,818.9893670486912,200.24294201195198,0.0,1.0,0.0,0.0,2.0
34354,0.0007676021457062106,0.1658020634725415,0.0,0.1,819.4157740212788,204.02024784830343,0.0,1.0,0.0,0.0,2.0
34355,0.0008151582609156497,0.17607418435778033,0.0,0.1,819.8826534235736,205.22498957839952,0.0,1.0,0.0,0.0,2.0
34356,0.001079379119142887,0.23314588973486358,0.0,0.1,820.2030733829687,202.596773169452,0.0,1.0,0.0,0.0,2.0
34357,0.00040158013022795555,0.0867413081292384,1.0,0.1,811.8552377016636,204.2518203594701,0.0,1.0,0.0,0.0,2.0
34358,0.0007568392082027449,0.1634772689717929,0.0,0.1,,,0.0,1.0,,,2.0
34359,0.001402377937992224,0.30291363460632037,0.0,0.1,,,0.0,1.0,,,2.0
34360,0.000938139471679043,0.2026381258826733,0.0,0.1,,,0.0,1.0,,,2.0
34361,0.0014930359359292245,0.3224957621607125,0.0,0.1,,,0.0,1.0,,,2.0
34362,0.003494147452080967,0.7547358496494888,0.0,0.1,,,0.0,1.0,,,2.0
34363,0.0008933253061835089,0.19295826613563793,0.0,0.1,,,0.0,1.0,,,2.0
34364,0.0014917965789445662,0.32222806105202634,0.0,0.1,,,0.0,1.0,,,2.0
34365,0.0014459660746670522,0.31232867212808324,0.0,0.1,,,0.0,1.0,,,2.0
34366,0.0007843893348858437,0.16942809633534225,0.0,0.1,,,0.0,1.0,,,2.0
34367,0.000669327006752,0.144574633458432,0.0,0.1,,,0.0,1.0,,,2.0
34368,0.0006386293752097101,0.1379439450452974,0.0,0.1,,,0.0,1.0,,,2.0
34369,0.0004462797418730807,0.09639642424458543,1.0,0.1,,,0.0,1.0,,,2.0
34370,0.00022952363401682177,0.0495771049476335,1.0,0.1,,,0.0,1.0,,,2.0
34371,0.0004706211800859506,0.10165417489856533,0.0,0.1,,,0.0,1.0,,,2.0
34372,0.0001225773201179819,0.02647670114548409,1.0,0.1,787.4809429571578,172.55140829453816,0.0,1.0,0.0,0.0,2.0
34373,0.0005250084608317613,0.11340182753966044,0.0,0.1,789.75328818818,171.50174838678603,0.0,1.0,0.0,0.0,2.0
34374,0.0010001894972061479,0.21604093139652794,0.0,0.1,796.4531642574987,167.83881562384602,0.0,1.0,0.0,0.0,2.0
34375,0.00018936488990027727,0.04090281621845989,1.0,0.1,798.6852176717015,167.85461411139053,0.0,1.0,0.0,0.0,2.0
34376,0.0002105403464843568,0.045476714840621074,1.0,0.1,802.3607193416391,167.6160408709447,0.0,1.0,0.0,0.0,2.0
34377,0.0012201374859770382,0.26354969697104025,0.0,0.1,802.2173045324153,168.0555947499602,0.0,1.0,0.0,0.0,2.0
34378,0.0004299835810065325,0.09287645349741101,1.0,0.1,808.6547932127731,167.38219690181853,0.0,1.0,0.0,0.0,2.0
34379,0.001561551377721916,0.33729509758793386,0.0,0.1,814.2799747616524,163.5363733569693,0.0,1.0,0.0,0.0,2.0
34380,0.0009280700341438751,0.20046312737507704,0.0,0.1,821.8533163451237,163.71083634496733,0.0,1.0,0.0,0.0,2.0
34381,0.0007241805677884839,0.15642300264231251,0.0,0.1,824.4060198697919,166.4457557409227,0.0,1.0,0.0,0.0,2.0
34382,0.0004688281708090358,0.10126688489475175,0.0,0.1,824.531510594258,169.57344206685974,0.0,1.0,0.0,0.0,2.0
34383,0.0002060548736086494,0.04450785269946827,1.0,0.1,824.149763114135,170.3166327170199,0.0,1.0,0.0,0.0,2.0
34384,0.0008515547597380978,0.18393582810342912,0.0,0.1,819.6389658552504,170.94254478288482,0.0,1.0,0.0,0.0,2.0
34385,0.0005592792350728512,0.12080431477573587,0.0,0.1,817.5464783138768,171.44887840729535,0.0,1.0,0.0,0.0,2.0
34386,0.00033325852604802037,0.0719838416263724,1.0,0.1,817.3681918976115,171.7787108429817,0.0,1.0,0.0,0.0,2.0
34387,0.00022100213696373846,0.04773646158416751,1.0,0.1,818.334372913943,172.61227478288657,0.0,1.0,0.0,0.0,2.0
34388,0.00018991735266027493,0.04102214817461938,1.0,0.1,819.488693807683,173.64327184055733,0.0,1.0,0.0,0.0,2.0
34389,0.00037468167188701345,0.08093124112759491,1.0,0.1,816.6292334927883,174.6574825831143,0.0,1.0,0.0,0.0,2.0
34390,0.0003865588672884266,0.08349671533430014,1.0,0.1,813.7870020077364,174.1294956235917,0.0,1.0,0.0,0.0,2.0
34391,0.0005348707983481865,0.11553209244320829,0.0,0.1,814.4148312223481,173.35122082943198,0.0,1.0,0.0,0.0,2.0
34392,0.0005369476449362323,0.11598069130622618,0.0,0.1,812.8272029633762,172.00982533146225,0.0,1.0,0.0,0.0,2.0
34393,0.0004820132519169293,0.10411486241405674,0.0,0.1,809.6087569993457,172.0233508338231,0.0,1.0,0.0,0.0,2.0
34394,0.0005620161155304116,0.1213954809545689,0.0,0.1,809.1136413816228,171.15412460597994,0.0,1.0,0.0,0.0,2.0
34395,0.00020823710913939233,0.04497921557410874,1.0,0.1,808.456838818754,170.2591446242637,0.0,1.0,0.0,0.0,2.0
34396,9.155080270799673e-05,0.019774973384927293,1.0,0.1,808.8292918832259,169.53770921879067,0.0,1.0,0.0,0.0,2.0
34397,0.0002296003119871859,0.049593667389232154,1.0,0.1,809.8750315030182,169.58738393755874,0.0,1.0,0.0,0.0,2.0
34398,0.0005550549075657051,0.1198918600341923,0.0,0.1,810.4296177004878,169.89750348669045,0.0,1.0,0.0,0.0,2.0
34399,0.0002732600192449356,0.059024164156906096,1.0,0.1,809.7193574220117,171.06952935795977,0.0,1.0,0.0,0.0,2.0
34400,0.0003465683029803758,0.07485875344376118,1.0,0.1,809.3904617745308,171.50813214437312,0.0,1.0,0.0,0.0,2.0
34401,0.0002695560155813836,0.05822409936557886,1.0,0.1,809.2082239588018,172.76170654662542,0.0,1.0,0.0,0.0,2.0
34402,0.00015430456093186104,0.03332978516128199,1.0,0.1,807.965863201939,173.19133408365963,0.0,1.0,0.0,0.0,2.0
34403,0.0002737255747459522,0.059124724145125686,1.0,0.1,807.8734493481646,174.79207480018482,0.0,1.0,0.0,0.0,2.0
34404,0.00020223654601721653,0.043683093939718774,1.0,0.1,808.5072684821369,175.12951143357733,0.0,1.0,0.0,0.0,2.0
34405,9.911046495039983e-05,0.02140786042928636,1.0,0.1,809.8205640315849,177.3263219434173,0.0,1.0,0.0,0.0,2.0
34406,0.00034498078492676475,0.07451584954418118,1.0,0.1,810.0268396156013,179.987860779466,0.0,1.0,0.0,0.0,2.0
34407,7.344531134316774e-05,0.015864187250124232,1.0,0.1,810.7543698067709,179.8543391907668,0.0,1.0,0.0,0.0,2.0
34408,0.0003242943090101817,0.07004757074619924,1.0,0.1,816.6360854760051,179.14039404284816,0.0,1.0,0.0,0.0,2.0
34409,0.0012755983456124568,0.2755292426522907,0.0,0.1,823.425840759154,181.54749483722048,0.0,1.0,0.0,0.0,2.0
34410,0.0018760846889455268,0.40523429281223383,0.0,0.1,839.5042831866659,185.6781992045512,0.0,1.0,0.0,0.0,2.0
34411,0.0018829881319348397,0.40672543649792536,0.0,0.1,853.890672711636,191.13523633695877,0.0,1.0,0.0,0.0,2.0
34412,0.001293235185743925,0.27933880012068785,0.0,0.1,862.1479931363942,193.85153047394346,0.0,1.0,0.0,0.0,2.0
34413,0.0025458611215844295,0.5499060022622368,0.0,0.1,868.936282847815,192.48775680428628,0.0,1.0,0.0,0.0,2.0
34414,0.0021945495371709913,0.47402270002893415,0.0,0.1,884.5324272144306,192.91872155679505,0.0,1.0,0.0,0.0,2.0
34415,0.0025014958574609046,0.5403231052115554,0.0,0.1,900.0731989921112,196.68925239603314,0.0,1.0,0.0,0.0,2.0
34416,0.0027197059371738917,0.5874564824295606,0.0,0.1,912.6452801211282,200.46161114231688,0.0,1.0,0.0,0.0,2.0
34417,0.0013451836671395023,0.2905596721021325,0.0,0.1,921.5242199612902,202.6819673577775,0.0,1.0,0.0,0.0,2.0
34418,0.0032123607033854398,0.693869911931255,0.0,0.1,924.9929277489027,202.96805634372726,0.0,1.0,0.0,0.0,2.0
34419,0.002020086520990209,0.4363386885338851,0.0,0.1,934.746572533066,206.96347134231976,0.0,1.0,0.0,0.0,2.0
34420,0.0023264838043811024,0.5025205017463181,0.0,0.1,946.1889776718198,209.873343711559,0.0,1.0,0.0,0.0,2.0
34421,0.0010156104807297918,0.21937186383763504,0.0,0.1,956.2336570888336,214.40536719225977,0.0,1.0,0.0,0.0,2.0
34422,0.0014652272702647337,0.3164890903771825,0.0,0.1,959.2961567682022,215.94496216988293,0.0,1.0,0.0,0.0,2.0
34423,0.0008069321122781873,0.17429733625208846,0.0,0.1,963.0548387861301,215.31149337517502,0.0,1.0,0.0,0.0,2.0
34424,0.0010824187323128823,0.2338024461795826,0.0,0.1,964.8718198693522,212.65738686156797,0.0,1.0,0.0,0.0,2.0
34425,0.0010056721128542479,0.21722517637651753,0.0,0.1,964.0395272025362,209.1232992269532,0.0,1.0,0.0,0.0,2.0
34426,0.0005875634103994372,0.12691369664627844,0.0,0.1,961.2796776912154,206.4127635157026,0.0,1.0,0.0,0.0,2.0
34427,0.0009706578970609461,0.20966210576516436,0.0,0.1,959.5816024191969,204.92131458286553,0.0,1.0,0.0,0.0,2.0
34428,0.00094252484962303,0.20358536751857448,0.0,0.1,955.6279039093943,201.8619988568005,0.0,1.0,0.0,0.0,2.0
34429,0.0009802476640510065,0.2117334954350174,0.0,0.1,949.4008137304827,195.15053713757985,0.0,1.0,0.0,0.0,2.0
34430,0.0009637817460470737,0.2081768571461679,0.0,0.1,941.1767779759474,189.84355047420527,0.0,1.0,0.0,0.0,2.0
34431,0.0014530448359484822,0.3138576845648722,0.0,0.1,938.5501551818232,189.42180992719437,0.0,1.0,0.0,0.0,2.0
34432,0.0006031546591440285,0.13028140637511015,0.0,0.1,935.9978605898455,187.12810186169028,0.0,1.0,0.0,0.0,2.0
34433,0.0009903264217517975,0.21391050709838824,0.0,0.1,938.7392710341697,187.0702343198482,0.0,1.0,0.0,0.0,2.0
34434,0.0016722545462464719,0.3612069819892379,0.0,0.1,937.8160045718322,184.2976521597809,0.0,1.0,0.0,0.0,2.0
34435,0.0005932146670093092,0.1281343680740108,0.0,0.1,932.1997925130182,182.6121696953313,0.0,1.0,0.0,0.0,2.0
34436,0.0017475418787405528,0.37746904580795937,0.0,0.1,926.3670091022128,178.86193604984936,0.0,1.0,0.0,0.0,2.0
34437,0.00151569467081799,0.3273900488966859,0.0,0.1,915.427543711253,173.70750770139142,0.0,1.0,0.0,0.0,2.0
34438,0.0016322618802342619,0.35256856613060056,0.0,0.1,901.6918584204137,168.46898692240336,0.0,1.0,0.0,0.0,2.0
34439,0.0005607249043082817,0.12111657933058885,0.0,0.1,893.0424715419043,160.99374200580004,0.0,1.0,0.0,0.0,2.0
34440,0.001518749592611045,0.32804991200398576,0.0,0.1,,,0.0,1.0,,,2.0
34441,0.0012002139711281593,0.25924621776368245,0.0,0.1,,,0.0,1.0,,,2.0
34442,0.000561417403553085,0.12126615916746636,0.0,0.1,,,0.0,1.0,,,2.0
34443,0.000493218657632489,0.10653523004861762,0.0,0.1,892.9425911125945,160.54840630777903,0.0,1.0,0.0,0.0,2.0
34444,0.0006015663140411303,0.12993832383288415,0.0,0.1,898.6914423528657,161.46019926774306,0.0,1.0,0.0,0.0,2.0
34445,0.00146380416933955,0.3161817005773428,0.0,0.1,901.1997876683145,162.20059882586227,0.0,1.0,0.0,0.0,2.0
34446,0.0008541943300335864,0.18450597528725465,0.0,0.1,906.3692517638882,163.6064099275148,0.0,1.0,0.0,0.0,2.0
34447,0.001007761640911766,0.21767651443694144,0.0,0.1,909.5895427559932,165.72204937348886,0.0,1.0,0.0,0.0,2.0
34448,0.0007793764258473821,0.16834530798303454,0.0,0.1,916.2056964209224,168.38444738144605,0.0,1.0,0.0,0.0,2.0
34449,0.0012718484815198556,0.27471927200828883,0.0,0.1,918.5623240209296,170.16935497471778,0.0,1.0,0.0,0.0,2.0
34450,0.001696098346848415,0.36635724291925764,0.0,0.1,921.6611427722372,172.39595079636007,0.0,1.0,0.0,0.0,2.0
34451,0.00028875432320095803,0.06237093381140694,1.0,0.1,922.5683328272893,176.0547423605773,0.0,1.0,0.0,0.0,2.0
34452,0.001039514719332239,0.22453517937576362,0.0,0.1,928.3536570926545,175.74588720579314,0.0,1.0,0.0,0.0,2.0
34453,4.4928146206009126e-05,0.009704479580497971,1.0,0.1,932.138470067004,178.83308815204782,0.0,1.0,0.0,0.0,2.0
34454,0.0005491222912767377,0.11861041491577536,0.0,0.1,932.7630676866088,180.71490732122652,0.0,1.0,0.0,0.0,2.0
34455,0.00044656780332648555,0.09645864551852089,1.0,0.1,931.6581505527064,182.12142446382697,0.0,1.0,0.0,0.0,2.0
34456,0.0005535492868767938,0.11956664596538746,0.0,0.1,925.4854274635637,185.5926449610803,0.0,1.0,0.0,0.0,2.0
34457,0.0004945816623947543,0.10682963907726693,0.0,0.1,921.6160813371818,191.1520356546279,0.0,1.0,0.0,0.0,2.0
34458,0.0002672515223813621,0.05772632883437422,1.0,0.1,918.0736480897724,191.5750682382927,0.0,1.0,0.0,0.0,2.0
34459,0.0011881429344930419,0.25663887385049705,0.0,0.1,915.7590960755929,194.9581415243509,0.0,1.0,0.0,0.0,2.0
34460,0.0009488981245487808,0.20496199490253664,0.0,0.1,911.2519243400977,200.3821535318267,0.0,1.0,0.0,0.0,2.0
34461,0.0005645587645479004,0.12194469314234649,0.0,0.1,905.8918643558262,204.70693603381838,0.0,1.0,0.0,0.0,2.0
34462,0.0001625354193689515,0.03510765058369353,1.0,0.1,900.9163790654723,208.92941923117658,0.0,1.0,0.0,0.0,2.0
34463,,,,0.1,899.2336081549211,211.41672814493313,0.0,1.0,0.0,0.0,2.0
34464,,,,0.1,897.5354203807776,214.79065652461222,,,0.0,0.0,2.0
34465,,,,0.1,896.9759939002195,216.1237824146137,,,0.0,0.0,2.0
34466,,,,0.1,900.5265617847326,218.4638418048504,,,0.0,0.0,2.0
34467,,,,0.1,903.5947262852145,218.26166848051955,,,0.0,0.0,2.0
34468,,,,0.1,909.4160308680999,218.10324654456966,,,0.0,0.0,2.0
34469,,,,0.1,909.673173027998,220.69504426906084,,,0.0,0.0,2.0
34470,,,,0.1,910.8140756253558,222.26337568676848,,,0.0,0.0,2.0
34471,0.00031642070136685704,0.06834687149524112,1.0,0.1,910.9602035054625,218.56061712442872,0.0,1.0,0.0,0.0,2.0
34472,0.0001967622823118957,0.04250065297936947,1.0,0.1,908.8537826940799,218.4213568127893,0.0,1.0,0.0,0.0,2.0
34473,8.434132653121477e-05,0.01821772653074239,1.0,0.1,906.3119441741839,218.30696133667527,0.0,1.0,0.0,0.0,2.0
34474,,,,0.1,903.4525130067434,220.98496640112998,0.0,1.0,0.0,0.0,2.0
34475,,,,0.1,902.6629595662528,222.51612458881323,,,0.0,0.0,2.0
34476,,,,0.1,905.8019493515238,220.92817174641158,,,0.0,0.0,2.0
34477,,,,0.1,911.0344507098341,218.9159450905436,0.0,1.0,0.0,0.0,2.0
34478,,,,0.1,914.6332818805416,219.17159768956105,,,0.0,0.0,2.0
34479,,,,0.1,917.2636178523971,218.10639981921443,,,0.0,0.0,2.0
34480,,,,0.1,917.1515589615988,218.92170409879526,,,0.0,0.0,2.0
34481,,,,0.1,917.0007858394224,218.37229133831522,,,0.0,0.0,2.0
34482,,,,0.1,915.2913950569312,215.59012246290564,,,0.0,0.0,2.0
34483,,,,0.1,912.8645218106205,209.75421025458948,,,0.0,0.0,2.0
34484,,,,0.1,910.0768216911207,206.62388985363063,,,0.0,0.0,2.0
34485,,,,0.1,909.0601008174096,206.28233007722878,,,0.0,0.0,2.0
34486,,,,0.1,908.017034881704,205.80495919281998,,,0.0,0.0,2.0
34487,,,,0.1,908.0701988931881,202.8160228563253,,,0.0,0.0,2.0
34488,,,,0.1,906.2325326294877,197.33465222933654,,,0.0,0.0,2.0
34489,,,,0.1,901.1796786724834,196.31333090831913,,,0.0,0.0,2.0
34490,,,,0.1,899.8776328506732,195.65098456264354,,,0.0,0.0,2.0
34491,,,,0.1,898.1466608568207,197.23184666519933,,,0.0,0.0,2.0
34492,,,,0.1,903.121790520229,192.2548689187791,,,0.0,0.0,2.0
34493,,,,0.1,910.5189850062211,186.3158623785728,,,0.0,0.0,2.0
34494,,,,0.1,915.3778566525492,183.82064969026692,,,0.0,0.0,2.0
34495,,,,0.1,920.9893535107796,179.40048158769847,,,0.0,0.0,2.0
34496,,,,0.1,924.5656043811792,176.62629481408663,,,0.0,0.0,2.0
34497,8.943137925207939e-05,0.019317177918449148,1.0,0.1,926.8957482572295,174.37729825642512,0.0,1.0,0.0,0.0,2.0
34498,0.0006759612775079214,0.146007635941711,0.0,0.1,930.9882812399884,175.07679687725656,0.0,1.0,0.0,0.0,2.0
34499,0.0018641724490804788,0.40266124900138345,0.0,0.1,934.431224983633,175.76308654636995,0.0,1.0,0.0,0.0,2.0
34500,0.0010649466165365616,0.23002846917189732,0.0,0.1,941.3956755600547,177.00227051452595,0.0,1.0,0.0,0.0,2.0
34501,0.00021390792860105377,0.04620411257782761,1.0,0.1,946.4058572912968,179.44826561858955,0.0,1.0,0.0,0.0,2.0
34502,0.0001687511483910959,0.036450248052476715,1.0,0.1,950.2110307168768,182.39165055992473,0.0,1.0,0.0,0.0,2.0
34503,0.0007387533496262861,0.1595707235192778,0.0,0.1,950.9902957677878,182.87296659507138,0.0,1.0,0.0,0.0,2.0
34504,0.0006840059222230586,0.14774527920018066,0.0,0.1,953.3246849671632,184.55655268752346,0.0,1.0,0.0,0.0,2.0
34505,0.0007283127394245497,0.15731555171570274,0.0,0.1,953.3327867135723,184.13721549823032,0.0,1.0,0.0,0.0,2.0
34506,0.00013538148550303451,0.02924240086865546,1.0,0.1,950.4712113595741,182.78427109184938,0.0,1.0,0.0,0.0,2.0
34507,0.0002429115647264219,0.052468897980907134,1.0,0.1,947.4941311341204,183.36433375861387,0.0,1.0,0.0,0.0,2.0
34508,0.00025573407291668265,0.055238559750003455,1.0,0.1,946.7581193247397,183.4859153369445,0.0,1.0,0.0,0.0,2.0
34509,0.00029766153170062435,0.06429489084733486,1.0,0.1,946.3980121225994,182.6581155148993,0.0,1.0,0.0,0.0,2.0
34510,0.0009101312558339561,0.19658835126013452,0.0,0.1,947.1512090934135,183.06459284831217,0.0,1.0,0.0,0.0,2.0
34511,0.0007334956718974523,0.1584350651298497,0.0,0.1,948.0525743644121,185.25636590321182,0.0,1.0,0.0,0.0,2.0
34512,0.0003075122028316862,0.06642263581164422,1.0,0.1,949.3593743576326,186.48767274726248,0.0,1.0,0.0,0.0,2.0
34513,0.00017630673805129387,0.038082255419079475,1.0,0.1,950.1271132799618,187.33594821063048,0.0,1.0,0.0,0.0,2.0
34514,0.00021241463010007006,0.045881560101615135,1.0,0.1,949.0542816453312,188.44227181350482,0.0,1.0,0.0,0.0,2.0
34515,0.00045500303553646585,0.09828065567587663,1.0,0.1,951.8466270248875,188.1529509387882,0.0,1.0,0.0,0.0,2.0
34516,0.0012628476731473533,0.2727750973998283,0.0,0.1,952.5801215702305,187.21309824159334,0.0,1.0,0.0,0.0,2.0
34517,0.0007509850836616722,0.16221277807092122,0.0,0.1,953.112370034017,186.30901174518394,0.0,1.0,0.0,0.0,2.0
34518,0.0002782707572150734,0.06010648355845586,1.0,0.1,954.2124162602182,187.17263019886929,0.0,1.0,0.0,0.0,2.0
34519,7.977864126977384e-05,0.01723218651427115,1.0,0.1,955.0479578706955,188.73369595526844,0.0,1.0,0.0,0.0,2.0
34520,0.00040207040635185877,0.0868472077720015,1.0,0.1,954.0069090581446,188.31986942968092,0.0,1.0,0.0,0.0,2.0
34521,0.0006529295974105116,0.1410327930406705,0.0,0.1,954.1450900358021,188.6492800181034,0.0,1.0,0.0,0.0,2.0
34522,0.0003463769377513195,0.07481741855428502,1.0,0.1,952.6221055901518,188.2403022862586,0.0,1.0,0.0,0.0,2.0
34523,0.0006521695035333308,0.14086861276319945,0.0,0.1,952.4745063066192,190.04823953169765,0.0,1.0,0.0,0.0,2.0
34524,0.000865052521095282,0.18685134455658092,0.0,0.1,951.9184857470905,191.38395448023314,0.0,1.0,0.0,0.0,2.0
34525,0.00010514943945612803,0.022712278922523654,1.0,0.1,951.7019178370372,193.93112205427087,0.0,1.0,0.0,0.0,2.0
34526,0.0004936110818907433,0.10661999368840057,0.0,0.1,950.3675755368035,193.84223036779224,0.0,1.0,0.0,0.0,2.0
34527,0.00040031403847285715,0.08646783231013715,1.0,0.1,951.1148717942974,193.45028307780453,0.0,1.0,0.0,0.0,2.0
34528,0.0008439652239913076,0.18229648838212245,0.0,0.1,948.9259177374165,192.99349376803278,0.0,1.0,0.0,0.0,2.0
34529,0.0002496507444364858,0.05392456079828093,1.0,0.1,946.1170499897106,193.78153053157115,0.0,1.0,0.0,0.0,2.0
34530,0.0001809086774260471,0.039076274324026175,1.0,0.1,945.2394151210469,194.7970081553731,0.0,1.0,0.0,0.0,2.0
34531,3.8331097464987486e-05,0.008279517052437296,1.0,0.1,942.4128598218737,197.32667772041336,0.0,1.0,0.0,0.0,2.0
34532,0.0001724157707987782,0.03724180649253609,1.0,0.1,943.9293767784153,195.76129000088827,0.0,1.0,0.0,0.0,2.0
34533,0.00024334381453962415,0.052562263940558816,1.0,0.1,944.1512270970272,195.86874752923862,0.0,1.0,0.0,0.0,2.0
34534,0.0002937913582556653,0.06345893338322371,1.0,0.1,944.9743130336084,197.10551665575647,0.0,1.0,0.0,0.0,2.0
34535,0.0006824757511145081,0.14741476224073377,0.0,0.1,944.9508591309749,197.91556733374563,0.0,1.0,0.0,0.0,2.0
34536,0.00032973425165362766,0.07122259835718357,1.0,0.1,945.638903207189,201.25283982438307,0.0,1.0,0.0,0.0,2.0
34537,0.00038067447965484065,0.08222568760544559,1.0,0.1,943.6995031623181,203.92687636400063,0.0,1.0,0.0,0.0,2.0
34538,0.0001622804432432075,0.03505257574053282,1.0,0.1,942.6406390382379,204.84407982763307,0.0,1.0,0.0,0.0,2.0
34539,0.000829761250653715,0.17922843014120243,0.0,0.1,942.1039017165446,204.37554458146786,0.0,1.0,0.0,0.0,2.0
34540,0.0009487267072030639,0.2049249687558618,0.0,0.1,938.8627215100228,205.7505032781553,0.0,1.0,0.0,0.0,2.0
34541,0.0007094540516947384,0.1532420751660635,0.0,0.1,934.0934890731902,206.17489736964566,0.0,1.0,0.0,0.0,2.0
34542,0.00014393142636707744,0.03108918809528873,1.0,0.1,932.3413638725713,207.5184893879037,0.0,1.0,0.0,0.0,2.0
34543,0.00011800322563796765,0.025488696737801013,1.0,0.1,927.9140641037736,209.8496814297098,0.0,1.0,0.0,0.0,2.0
34544,0.00019198135884381645,0.04146797351026436,1.0,0.1,927.9641842776772,210.04424433468867,0.0,1.0,0.0,0.0,2.0
34545,0.00022290135066319256,0.04814669174324959,1.0,0.1,927.7054307117369,209.00539790984652,0.0,1.0,0.0,0.0,2.0
34546,0.0003442900278342526,0.07436664601219857,1.0,0.1,926.1787027211757,203.0778191149513,0.0,1.0,0.0,0.0,2.0
34547,0.0009183003288385286,0.1983528710291222,0.0,0.1,925.4557837280141,201.06053424185123,0.0,1.0,0.0,0.0,2.0
34548,0.0005501004208702747,0.11882169090797935,0.0,0.1,924.431342027075,200.90789097824884,0.0,1.0,0.0,0.0,2.0
34549,0.0006012137899355233,0.12986217862607305,0.0,0.1,924.2974477518138,201.0713000210118,0.0,1.0,0.0,0.0,2.0
34550,0.0007603935622677998,0.16424500944984474,0.0,0.1,924.0843626284194,206.74907112756182,0.0,1.0,0.0,0.0,2.0
34551,0.0004906748203294256,0.10598576119115592,0.0,0.1,926.1664524903251,213.13407634163963,0.0,1.0,0.0,0.0,2.0
34552,0.00012577009664867608,0.027166340876114033,1.0,0.1,923.9636518087962,216.7545950437855,0.0,1.0,0.0,0.0,2.0
34553,0.0009499664328531659,0.20519274949628383,0.0,0.1,921.8356818664305,219.4605479725663,0.0,1.0,0.0,0.0,2.0
34554,0.0009661027027580611,0.20867818379574118,0.0,0.1,915.7537851328717,222.9212824151983,0.0,1.0,0.0,0.0,2.0
34555,0.000352827294591377,0.07621069563173744,1.0,0.1,911.0434607441691,225.8241202367133,0.0,1.0,0.0,0.0,2.0
34556,0.0005789893157179776,0.12506169219508317,0.0,0.1,907.8542777434708,225.98253693378274,0.0,1.0,0.0,0.0,2.0
34557,0.0015116017272746773,0.32650597309133034,0.0,0.1,904.804381057937,225.62854071431804,0.0,1.0,0.0,0.0,2.0
34558,0.0006027220303035042,0.1301879585455569,0.0,0.1,901.4484424659566,225.751534816275,0.0,1.0,0.0,0.0,2.0
34559,0.0010945584842406099,0.23642463259597177,0.0,0.1,897.5375968749825,226.54573141411132,0.0,1.0,0.0,0.0,2.0
34560,0.0005174056985623532,0.1117596308894683,0.0,0.1,894.5799031457605,224.66799645788092,0.0,1.0,0.0,0.0,2.0
34561,0.0008385465554034249,0.18112605596713977,0.0,0.1,890.4788671013599,220.5327056910305,0.0,1.0,0.0,0.0,2.0
34562,0.0005568488454933653,0.12027935062656692,0.0,0.1,889.0303136779214,218.6596509283059,0.0,1.0,0.0,0.0,2.0
34563,0.0010777544681838838,0.2327949651277189,0.0,0.1,889.2965695059362,218.02824615717043,0.0,1.0,0.0,0.0,2.0
34564,0.00010066549399624158,0.021743746703188183,1.0,0.1,892.0209685437213,218.4123910998328,0.0,1.0,0.0,0.0,2.0
34565,0.00018005346751996562,0.038891548984312574,1.0,0.1,895.3439265990565,220.25849309172122,0.0,1.0,0.0,0.0,2.0
34566,0.0014930987021945024,0.32250931967401253,0.0,0.1,898.3841832400129,221.9370492007343,0.0,1.0,0.0,0.0,2.0
34567,0.0013880663978861189,0.2998223419434017,0.0,0.1,903.4110675441315,222.85614009191954,0.0,1.0,0.0,0.0,2.0
34568,0.0008490127076726594,0.18338674485729442,0.0,0.1,908.5570512951609,226.56822396213474,0.0,1.0,0.0,0.0,2.0
34569,0.0013054965359461375,0.2819872517643657,0.0,0.1,912.1819948761904,231.05623281606233,0.0,1.0,0.0,0.0,2.0
34570,0.0005266904582284525,0.11376513897734573,0.0,0.1,918.2261225553689,234.44937940721942,0.0,1.0,0.0,0.0,2.0
34571,0.0024315693584753125,0.5252189814306675,0.0,0.1,922.3721732281463,235.84748684455315,0.0,1.0,0.0,0.0,2.0
34572,0.001613198484511779,0.3484508726545443,0.0,0.1,931.0150202984394,242.16770727692807,0.0,1.0,0.0,0.0,2.0
34573,0.001804978462828933,0.3898753479710495,0.0,0.1,940.6058391666952,250.2028919140092,0.0,1.0,0.0,0.0,2.0
34574,0.0005841349178426099,0.12617314225400375,0.0,0.1,951.7499758148964,260.53794257184734,0.0,1.0,0.0,0.0,2.0
34575,0.0021694731673502668,0.4686062041476577,0.0,0.1,955.4347731427919,262.82033514385336,0.0,1.0,0.0,0.0,2.0
34576,0.0026051910279029297,0.5627212620270329,0.0,0.1,969.186807479628,270.06316843063365,0.0,1.0,0.0,0.0,2.0
34577,0.001397825452792348,0.3019302978031472,0.0,0.1,981.0483573527255,277.0424017331057,0.0,1.0,0.0,0.0,2.0
34578,0.0011247084855572095,0.24293703288035726,0.0,0.1,990.3340716703547,285.9026227755464,0.0,1.0,0.0,0.0,2.0
34579,0.000651859123504485,0.14080157067696877,0.0,0.1,996.4386368581503,289.6729374907342,0.0,1.0,0.0,0.0,2.0
34580,0.0007750535433356687,0.16741156536050444,0.0,0.1,999.0664075078283,292.54483108793266,0.0,1.0,0.0,0.0,2.0
34581,0.0010992524844382699,0.23743853663866632,0.0,0.1,994.5688894022193,291.3683001806606,0.0,1.0,0.0,0.0,2.0
34582,0.0005946050171891206,0.12843468371285005,0.0,0.1,988.1071930728908,290.41459485345587,0.0,1.0,0.0,0.0,2.0
34583,0.0009175399467491618,0.19818862849781896,0.0,0.1,985.5045773738195,291.97973437690706,0.0,1.0,0.0,0.0,2.0
34584,,,,0.1,984.8733202531058,294.32469030854935,0.0,1.0,0.0,0.0,2.0
34585,,,,0.1,985.3572344142136,299.29759821895266,,,0.0,0.0,2.0
34586,,,,0.1,988.4235239401511,303.64624672722596,,,0.0,0.0,2.0
34587,,,,0.1,993.3615198283399,308.7719725508333,,,0.0,0.0,2.0
34588,,,,0.1,998.5625427164921,308.3882628868278,,,0.0,0.0,2.0
34589,,,,0.1,1001.7154856212954,308.6959725582614,,,0.0,0.0,2.0
34590,,,,0.1,1004.6915033293102,308.263099240217,,,0.0,0.0,2.0
34591,,,,0.1,1007.8237251838582,310.8008503494289,,,0.0,0.0,2.0
34592,,,,0.1,1010.9593848968882,318.32500909472157,,,0.0,0.0,2.0
34593,,,,0.1,1014.2417479588461,325.10650260621486,,,0.0,0.0,2.0
34594,0.0020985399728938457,0.4532846341450707,0.0,0.1,1018.1146517648705,335.5471634676607,0.0,1.0,0.0,0.0,2.0
34595,0.0024597539127389646,0.5313068451516164,0.0,0.1,1017.136423395023,342.8611313496105,0.0,1.0,0.0,0.0,2.0
34596,0.0007792261474206268,0.16831284784285538,0.0,0.1,1018.5293062001977,349.0931477013746,0.0,1.0,0.0,0.0,2.0
34597,0.0009576627851179896,0.20685516158548575,0.0,0.1,1013.7151026983764,354.8986031867609,0.0,1.0,0.0,0.0,2.0
34598,0.0014825392318127291,0.3202284740715495,0.0,0.1,1010.6378642585239,356.5016658953739,0.0,1.0,0.0,0.0,2.0
34599,0.0008973029989725226,0.1938174477780649,0.0,0.1,1002.5574270485881,358.4271152620857,0.0,1.0,0.0,0.0,2.0
34600,0.0011387605216472887,0.24597227267581434,0.0,0.1,998.2495379274308,358.3850707401544,0.0,1.0,0.0,0.0,2.0
34601,0.000698902426672735,0.15096292416131077,0.0,0.1,991.3437892517782,354.8973849462535,0.0,1.0,0.0,0.0,2.0
34602,0.0006033788052787344,0.13032982194020665,0.0,0.1,985.1667166616832,351.6924056141053,0.0,1.0,0.0,0.0,2.0
34603,0.0008648295795487537,0.1868031891825308,0.0,0.1,972.661432710737,345.21635510122167,0.0,1.0,0.0,0.0,2.0
34604,0.0017246292679441986,0.3725199218759469,0.0,0.1,961.6649575549153,340.1265998183967,0.0,1.0,0.0,0.0,2.0
34605,0.0006705108044008856,0.1448303337505913,0.0,0.1,952.494124127686,338.79711748575954,0.0,1.0,0.0,0.0,2.0
34606,5.623110737873749e-05,0.012145919193807298,1.0,0.1,950.5008829654978,336.3157778488077,0.0,1.0,0.0,0.0,2.0
34607,0.0009073991751419867,0.19599822183066912,0.0,0.1,950.4117404232583,335.2043044897044,0.0,1.0,0.0,0.0,2.0
34608,0.0005296959951947864,0.11441433496207389,0.0,0.1,941.6673394649454,332.371189673822,0.0,1.0,0.0,0.0,2.0
34609,0.0009085688775654457,0.19625087755413625,0.0,0.1,929.1464053038502,330.12751424409134,0.0,1.0,0.0,0.0,2.0
34610,0.0002177927691784695,0.04704323814254941,1.0,0.1,922.93210737379,329.2978378979201,0.0,1.0,0.0,0.0,2.0
34611,,,,0.1,921.8922476101544,328.6446613408008,0.0,1.0,0.0,0.0,2.0
34612,,,,0.1,915.8363643478965,324.29408791139224,,,0.0,0.0,2.0
34613,0.0008058475824121772,0.17406307780103028,0.0,0.1,909.2640225863162,318.98220201673496,0.0,1.0,0.0,0.0,2.0
34614,0.0004882968717338628,0.10547212429451436,0.0,0.1,905.510153980115,316.7786607396826,0.0,1.0,0.0,0.0,2.0
34615,,,,0.1,901.121019849717,316.80409120528304,0.0,1.0,0.0,0.0,2.0
34616,,,,0.1,899.3977419463238,316.9012238274656,,,0.0,0.0,2.0
34617,0.0007707943399078902,0.1664915774201043,0.0,0.1,896.2635061996455,316.4608594931478,0.0,1.0,0.0,0.0,2.0
34618,0.00018522964193868748,0.0400096026587565,1.0,0.1,888.5258123998263,316.08053551157496,0.0,1.0,0.0,0.0,2.0
34619,0.0005571557164643291,0.12034563475629509,0.0,0.1,883.5659964254356,315.7342101203065,0.0,1.0,0.0,0.0,2.0
34620,,,,0.1,880.100077826042,315.6686178220244,0.0,1.0,0.0,0.0,2.0
34621,,,,0.1,881.6676875488048,315.4154486332528,,,0.0,0.0,2.0
34622,0.0015276204746984834,0.32996602253487245,0.0,0.1,885.8886220299707,313.48325401948733,0.0,1.0,0.0,0.0,2.0
34623,0.0011940947798158065,0.2579244724402142,0.0,0.1,,,0.0,1.0,,,2.0
34624,0.0013543427174006147,0.29253802695853276,0.0,0.1,,,0.0,1.0,,,2.0
34625,0.0013192772250665784,0.284963880614381,0.0,0.1,,,0.0,1.0,,,2.0
34626,0.0010749390076591951,0.23218682565438614,0.0,0.1,,,0.0,1.0,,,2.0
34627,0.00048179416403002287,0.10406753943048494,0.0,0.1,,,0.0,1.0,,,2.0
34628,0.0002896425324398852,0.0625627870070152,1.0,0.1,882.3586775024685,302.17892446557585,0.0,1.0,0.0,0.0,2.0
34629,0.00019800726182276954,0.04276956855371822,1.0,0.1,883.7505855631309,303.7925895286106,0.0,1.0,0.0,0.0,2.0
34630,9.875724147424464e-05,0.021331564158436844,1.0,0.1,885.9221619506825,304.9450131645971,0.0,1.0,0.0,0.0,2.0
34631,0.00029835230099690496,0.06444409701533146,1.0,0.1,886.9588207368367,305.06775414564254,0.0,1.0,0.0,0.0,2.0
34632,0.0006210899608649012,0.13415543154681867,0.0,0.1,886.5808103095055,304.438168383733,0.0,1.0,0.0,0.0,2.0
34633,0.0003746483586630639,0.08092404547122181,1.0,0.1,886.8536086949691,306.5963097578675,0.0,1.0,0.0,0.0,2.0
34634,,,,0.1,887.3921067179205,308.0577962465812,0.0,1.0,0.0,0.0,2.0
34635,,,,0.1,888.3783747801125,313.00349668952487,,,0.0,0.0,2.0
34636,,,,0.1,889.175226283438,320.7805872578251,,,0.0,0.0,2.0
34637,0.0013912706053744674,0.30051445076088495,0.0,0.1,887.2405688394514,323.87298988665276,0.0,1.0,0.0,0.0,2.0
34638,0.00077799919992212,0.16804782718317793,0.0,0.1,887.2557399590189,325.48784145748414,0.0,1.0,0.0,0.0,2.0
34639,0.0013297878415304467,0.2872341737705765,0.0,0.1,886.9218359228839,329.7837801141523,0.0,1.0,0.0,0.0,2.0
34640,0.0010252743022417933,0.22145924928422736,0.0,0.1,888.5868351259312,339.05836319463725,0.0,1.0,0.0,0.0,2.0
34641,,,,0.1,891.930528018665,346.3304732404914,0.0,1.0,0.0,0.0,2.0
34642,,,,0.1,892.6556189820519,350.17046911972227,,,0.0,0.0,2.0
34643,,,,0.1,893.3977647386316,350.01041755136083,0.0,1.0,0.0,0.0,2.0
34644,,,,0.1,900.6206632147068,355.8169115951012,,,0.0,0.0,2.0
34645,0.0001324982897804023,0.0286196305925669,1.0,0.1,910.1640047638064,363.7034095580809,0.0,1.0,0.0,0.0,2.0
34646,0.0005318344144056224,0.11487623351161443,0.0,0.1,923.4050633116153,366.90802351726273,0.0,1.0,0.0,0.0,2.0
34647,0.0006878680701427945,0.14857950315084362,0.0,0.1,930.4970102119382,368.19146600959925,0.0,1.0,0.0,0.0,2.0
34648,0.0017011011903303602,0.36743785711135785,0.0,0.1,940.8354115710587,368.53185222367654,0.0,1.0,0.0,0.0,2.0
34649,0.001890705539481454,0.40839239652799403,0.0,0.1,949.2819694289417,371.460784700697,0.0,1.0,0.0,0.0,2.0
34650,0.0009728688711694812,0.21013967617260793,0.0,0.1,953.556960154577,369.23852352454213,0.0,1.0,0.0,0.0,2.0
34651,0.00027220040994699416,0.05879528854855074,1.0,0.1,956.0188288357064,367.0874376430747,0.0,1.0,0.0,0.0,2.0
34652,0.00010570886716702113,0.022833115308076565,1.0,0.1,959.2410437447074,366.8018844558977,0.0,1.0,0.0,0.0,2.0
34653,0.00039787074524715585,0.08594008097338567,1.0,0.1,964.3341813652767,364.73554143522296,0.0,1.0,0.0,0.0,2.0
34654,0.0005499473245973114,0.11878862211301928,0.0,0.1,966.540667889879,365.6323775923473,0.0,1.0,0.0,0.0,2.0
34655,0.0005068378875237197,0.10947698370512345,0.0,0.1,967.9076542645754,366.76817249599645,0.0,1.0,0.0,0.0,2.0
34656,0.0007536420932369621,0.16278669213918381,0.0,0.1,968.8734485358805,368.57143223659614,0.0,1.0,0.0,0.0,2.0
34657,0.00016660834029860638,0.03598740150449898,1.0,0.1,970.5157067921612,370.0395745769726,0.0,1.0,0.0,0.0,2.0
34658,0.0004090504900990709,0.08835490586139932,1.0,0.1,970.9130834247337,368.9243254068224,0.0,1.0,0.0,0.0,2.0
34659,0.00036099435303191344,0.07797478025489331,1.0,0.1,968.8162179262417,368.12485062384854,0.0,1.0,0.0,0.0,2.0
34660,0.00015986125296039205,0.03453003063944468,1.0,0.1,968.7667212569451,363.67516122716626,0.0,1.0,0.0,0.0,2.0
34661,0.0009674729580902605,0.20897415894749627,0.0,0.1,970.9791822355103,361.003068667479,0.0,1.0,0.0,0.0,2.0
34662,0.0005661395746206954,0.12228614811807022,0.0,0.1,974.9426366866031,358.18127002773014,0.0,1.0,0.0,0.0,2.0
34663,0.0011547925658250608,0.2494351942182131,0.0,0.1,974.2491390382556,355.90287389271015,0.0,1.0,0.0,0.0,2.0
34664,0.0009354585347384243,0.20205904350349968,0.0,0.1,975.5076994115875,350.837295408571,0.0,1.0,0.0,0.0,2.0
34665,0.0012514569801860744,0.27031470772019206,0.0,0.1,977.6225792747994,349.04485382244286,0.0,1.0,0.0,0.0,2.0
34666,0.001135061182999152,0.24517321552781687,0.0,0.1,984.125689411013,345.6445543496487,0.0,1.0,0.0,0.0,2.0
34667,0.0006133922030218251,0.13249271585271422,0.0,0.1,985.4432496714904,342.2933484043981,0.0,1.0,0.0,0.0,2.0
34668,0.0005389827514631057,0.11642027431603084,0.0,0.1,989.6306350596917,339.83533528043347,0.0,1.0,0.0,0.0,2.0
34669,0.00012105044864384941,0.026146896907071473,1.0,0.1,991.6008040549518,336.94900137693486,0.0,1.0,0.0,0.0,2.0
34670,0.0001787707846495538,0.03861448948430363,1.0,0.1,993.8364267850493,335.7732686090546,0.0,1.0,0.0,0.0,2.0
34671,0.0006530230151069908,0.14105297126311,0.0,0.1,998.020091154155,336.9929377536165,0.0,1.0,0.0,0.0,2.0
34672,0.0005695513082712864,0.12302308258659786,0.0,0.1,1001.4095862796406,338.22493100089486,0.0,1.0,0.0,0.0,2.0
34673,0.00012214931819694904,0.026384252730540993,1.0,0.1,1000.8446382805176,339.9838951851856,0.0,1.0,0.0,0.0,2.0
34674,0.00042957592463350043,0.09278839972083609,1.0,0.1,999.9112676502564,339.2674552467555,0.0,1.0,0.0,0.0,2.0
34675,0.00019852454783699454,0.042881302332790826,1.0,0.1,1001.0784471792026,336.4588157120909,0.0,1.0,0.0,0.0,2.0
34676,0.0003474363774003014,0.0750462575184651,1.0,0.1,1001.3633297570901,336.6831309446898,0.0,1.0,0.0,0.0,2.0
34677,0.00195763770177149,0.4228497435826418,0.0,0.1,1002.9138469314059,340.75885764105556,0.0,1.0,0.0,0.0,2.0
34678,0.0009126202791865139,0.19712598030428702,0.0,0.1,1004.462564044255,346.8938469751969,0.0,1.0,0.0,0.0,2.0
34679,0.0008991989613433808,0.19422697565017027,0.0,0.1,1005.745818906596,351.1281500500751,0.0,1.0,0.0,0.0,2.0
34680,0.0015433249977965708,0.3333581995240593,0.0,0.1,1007.9273624407394,353.96772504308547,0.0,1.0,0.0,0.0,2.0
34681,0.00021437967479941085,0.04630600975667274,1.0,0.1,1011.664831396199,358.48819324056336,0.0,1.0,0.0,0.0,2.0
34682,0.0008258391856749348,0.17838126410578592,0.0,0.1,1015.8503535779801,361.5051832615482,0.0,1.0,0.0,0.0,2.0
34683,0.0013459704846671536,0.2907296246881052,0.0,0.1,1016.9618230298564,362.67273143714687,0.0,1.0,0.0,0.0,2.0
34684,0.001037087928850501,0.2240109926317082,0.0,0.1,1016.456645798197,363.65557113021333,0.0,1.0,0.0,0.0,2.0
34685,0.0014146881999730905,0.30557265119418753,0.0,0.1,1018.1691201899115,366.0477965453191,0.0,1.0,0.0,0.0,2.0
34686,0.0018718845067926797,0.4043270534672188,0.0,0.1,1015.0611830136719,363.3442325139612,0.0,1.0,0.0,0.0,2.0
34687,0.0005181241178003404,0.11191480944487352,0.0,0.1,1011.2203972325791,359.67504367040476,0.0,1.0,0.0,0.0,2.0
34688,0.002271114240160515,0.4905606758746713,0.0,0.1,1009.356407176896,357.1758506039207,0.0,1.0,0.0,0.0,2.0
34689,0.0015694520434798615,0.33900164139165007,0.0,0.1,1006.3957183585412,349.29088973019816,0.0,1.0,0.0,0.0,2.0
34690,0.0005250472770506172,0.11341021184293332,0.0,0.1,1003.8330794199326,342.64923420474355,0.0,1.0,0.0,0.0,2.0
34691,0.0005024917704494518,0.10853822241708161,0.0,0.1,1004.1611155923579,338.0759389597734,0.0,1.0,0.0,0.0,2.0
34692,0.0003557383358646342,0.07683948054676099,1.0,0.1,1004.495801397621,336.4163140189501,0.0,1.0,0.0,0.0,2.0
34693,0.000498074763095615,0.10758414882865283,0.0,0.1,1005.3394690591555,333.5017345600867,0.0,1.0,0.0,0.0,2.0
34694,0.0002715330123783153,0.058651130673716106,1.0,0.1,1002.6971088872176,330.4942321507875,0.0,1.0,0.0,0.0,2.0
34695,0.0001860461237137071,0.04018596272216073,1.0,0.1,1003.4271841485769,325.7639336844276,0.0,1.0,0.0,0.0,2.0
34696,0.00021730247380183614,0.04693733434119661,1.0,0.1,1003.4667528768161,322.10388152850925,0.0,1.0,0.0,0.0,2.0
34697,0.000323540360786699,0.06988471792992698,1.0,0.1,1002.0330347014351,319.94311180997425,0.0,1.0,0.0,0.0,2.0
34698,0.0007348754275373937,0.15873309234807703,0.0,0.1,1001.5998189626592,318.1378589128333,0.0,1.0,0.0,0.0,2.0
34699,0.00041450831000086705,0.08953379496018729,1.0,0.1,999.3540186108644,317.4932033172018,0.0,1.0,0.0,0.0,2.0
34700,0.00014768984736568234,0.03190100703098739,1.0,0.1,996.5967376762047,315.6965730693349,0.0,1.0,0.0,0.0,2.0
34701,0.00017230353845718596,0.03721756430675217,1.0,0.1,995.4672989668713,314.8942603190998,0.0,1.0,0.0,0.0,2.0
34702,0.00017862118980284405,0.03858217699741432,1.0,0.1,993.6672715410746,314.2331112872132,0.0,1.0,0.0,0.0,2.0
34703,0.0003615169146464843,0.07808765356364061,1.0,0.1,994.7971231266017,315.5458884224069,0.0,1.0,0.0,0.0,2.0
34704,,,,0.1,995.9104279348245,318.3320347648082,0.0,1.0,0.0,0.0,2.0
34705,,,,0.1,996.3964252710327,320.3976227907457,,,0.0,0.0,2.0
34706,,,,0.1,996.4715196104772,319.4226551342145,,,0.0,0.0,2.0
34707,,,,0.1,997.6676201716147,319.60960822965836,0.0,1.0,0.0,0.0,2.0
34708,,,,0.1,998.8836539228766,319.9243886404068,,,0.0,0.0,2.0
34709,,,,0.1,999.1596815598525,320.50856048375823,,,0.0,0.0,2.0
34710,,,,0.1,999.1179425987076,319.8561316428937,,,0.0,0.0,2.0
34711,,,,0.1,999.1712176970647,316.6814396473187,,,0.0,0.0,2.0
34712,,,,0.1,1002.1004828301162,313.9793780829095,,,0.0,0.0,2.0
34713,,,,0.1,1003.3192192166973,311.6296235499315,,,0.0,0.0,2.0
34714,,,,0.1,1002.0896840196843,301.1307658253055,,,0.0,0.0,2.0
34715,,,,0.1,1000.6629026051457,295.3004891092506,0.0,1.0,0.0,0.0,2.0
34716,,,,0.1,999.5839401259881,284.9122271907403,,,0.0,0.0,2.0
34717,,,,0.1,1000.4829101830312,280.5737695602677,,,0.0,0.0,2.0
34718,,,,0.1,1003.7089625996053,281.18887763508366,,,0.0,0.0,2.0
34719,0.0009030215587556143,0.1950526566912127,0.0,0.1,1005.4559363561201,281.43910224463974,0.0,1.0,0.0,0.0,2.0
34720,,,,0.1,1009.6935409147429,280.93121109005654,0.0,1.0,0.0,0.0,2.0
34721,,,,0.1,1014.8528454398469,280.07289678859934,,,0.0,0.0,2.0
34722,0.0011891162624902897,0.25684911269790256,0.0,0.1,1020.195116423324,277.0998618597485,0.0,1.0,0.0,0.0,2.0
34723,0.0007350471830559696,0.15877019154008945,0.0,0.1,1023.8448504984633,275.43294535869353,0.0,1.0,0.0,0.0,2.0
34724,0.0016676179435813534,0.3602054758135723,0.0,0.1,1026.3366049301665,276.61956675603,0.0,1.0,0.0,0.0,2.0
34725,0.0006418117835966901,0.13863134525688506,0.0,0.1,1030.2213063973484,277.103126106969,0.0,1.0,0.0,0.0,2.0
34726,0.001068924049174305,0.23088759462164987,0.0,0.1,1032.0577714502513,275.36094040964963,0.0,1.0,0.0,0.0,2.0
34727,0.0005233715512478366,0.11304825506953269,0.0,0.1,1033.8511485592496,274.917148610952,0.0,1.0,0.0,0.0,2.0
34728,0.0002659094641333076,0.057436444252794455,1.0,0.1,1033.1772198022932,272.6388545737786,0.0,1.0,0.0,0.0,2.0
34729,0.0002098592180920295,0.045329591107878375,1.0,0.1,1034.5399624214454,271.11634055412804,0.0,1.0,0.0,0.0,2.0
34730,0.0007357496426819166,0.158921922819294,0.0,0.1,1035.2066545511134,270.54275732024297,0.0,1.0,0.0,0.0,2.0
34731,0.0001662011840210547,0.03589945574854782,1.0,0.1,1037.29528109032,272.47259565530624,0.0,1.0,0.0,0.0,2.0
34732,0.0004273398663032868,0.09230541112150996,1.0,0.1,1038.6179077668203,275.43452567932786,0.0,1.0,0.0,0.0,2.0
34733,0.00025472774104417844,0.05502119206554255,1.0,0.1,1039.108192125108,276.4569847471383,0.0,1.0,0.0,0.0,2.0
34734,0.0010578999560048096,0.22850639049703886,0.0,0.1,1041.2304861766354,280.38297022050557,0.0,1.0,0.0,0.0,2.0
34735,0.0007918511314167034,0.17103984438600792,0.0,0.1,1043.5096822280834,285.8001245649483,0.0,1.0,0.0,0.0,2.0
34736,0.00022143929350667099,0.04783088739744093,1.0,0.1,1046.5840634411759,289.54480198349717,0.0,1.0,0.0,0.0,2.0
34737,0.00029950702557933717,0.06469351752513683,1.0,0.1,1046.9752147614122,290.25015635564756,0.0,1.0,0.0,0.0,2.0
34738,0.0008214785768538117,0.17743937260042333,0.0,0.1,1048.327102838328,293.5752031690916,0.0,1.0,0.0,0.0,2.0
34739,0.0010963979670407164,0.23682196088079474,0.0,0.1,1047.7335062422453,297.00040413095695,0.0,1.0,0.0,0.0,2.0
34740,0.001095053036459279,0.2365314558752043,0.0,0.1,1046.2944124696357,299.6189413334413,0.0,1.0,0.0,0.0,2.0
34741,0.0005023831201213876,0.10851475394621972,0.0,0.1,1047.709294390364,304.8851709070086,0.0,1.0,0.0,0.0,2.0
34742,0.0007307292861331274,0.15783752580475555,0.0,0.1,1048.0888834323835,305.63284019299834,0.0,1.0,0.0,0.0,2.0
34743,0.0014442259486113793,0.3119528049000579,0.0,0.1,1052.6403111483814,313.3431248824588,0.0,1.0,0.0,0.0,2.0
34744,0.0015627195588766227,0.3375474247173505,0.0,0.1,1059.3403687540551,319.67938700843536,0.0,1.0,0.0,0.0,2.0
34745,0.00022647293429602672,0.048918153807941775,1.0,0.1,1071.279794861793,330.04445622143464,0.0,1.0,0.0,0.0,2.0
34746,,,,0.1,1078.895549094124,336.1574337600412,0.0,1.0,0.0,0.0,2.0
34747,,,,0.1,1089.5253834970085,345.92097224943905,,,0.0,0.0,2.0
34748,0.0023581319137127594,0.5093564933619561,0.0,0.1,1106.2808526806316,358.5181981868312,0.0,1.0,0.0,0.0,2.0
34749,0.0025601106028523978,0.5529838902161179,0.0,0.1,,,0.0,1.0,,,2.0
34750,0.0014659755230042892,0.31665071296892644,0.0,0.1,,,0.0,1.0,,,2.0
34751,0.001608376711041421,0.34740936958494695,0.0,0.1,,,0.0,1.0,,,2.0
34752,0.0017050674464324628,0.368294568429412,0.0,0.1,,,0.0,1.0,,,2.0
34753,0.0004948662072946067,0.10689110077563505,0.0,0.1,1140.8447325130392,389.3626089116384,0.0,1.0,0.0,0.0,2.0
34754,0.0008649023010233994,0.18681889702105428,0.0,0.1,,,0.0,1.0,,,2.0
34755,0.0012977833793160753,0.2803212099322723,0.0,0.1,,,0.0,1.0,,,2.0
34756,0.000726112717133156,0.1568403469007617,0.0,0.1,,,0.0,1.0,,,2.0
34757,0.0005479714571819646,0.11836183475130437,0.0,0.1,1148.93444188355,394.5821311029871,0.0,1.0,0.0,0.0,2.0
34758,0.0009239454219504924,0.19957221114130635,0.0,0.1,1149.0887048185866,395.9953555971738,0.0,1.0,0.0,0.0,2.0
34759,0.0010159372846774374,0.21944245349032648,0.0,0.1,,,0.0,1.0,,,2.0
34760,0.0021136533775860007,0.45654912955857624,0.0,0.1,,,0.0,1.0,,,2.0
34761,0.0024983209162491647,0.5396373179098196,0.0,0.1,,,0.0,1.0,,,2.0
34762,0.002663314757763434,0.5752759876769017,0.0,0.1,1164.0836784668982,414.712280358972,0.0,1.0,0.0,0.0,2.0
34763,0.0004539426666366841,0.09805161599352377,1.0,0.1,,,0.0,1.0,,,2.0
34764,0.0010060766379167345,0.21731255379001466,0.0,0.1,,,0.0,1.0,,,2.0
34765,0.0006918093319100643,0.14943081569257388,0.0,0.1,,,0.0,1.0,,,2.0
34766,0.0003872963988624796,0.08365602215429559,1.0,0.1,,,0.0,1.0,,,2.0
34767,0.0009257987540573869,0.19997253087639558,0.0,0.1,,,0.0,1.0,,,2.0
34768,0.0005947818907547991,0.1284728884030366,0.0,0.1,,,0.0,1.0,,,2.0
34769,0.0006110661773022382,0.13199029429728346,0.0,0.1,,,0.0,1.0,,,2.0
34770,0.0012207587746009274,0.2636838953138003,0.0,0.1,,,0.0,1.0,,,2.0
34771,0.00025131794298006825,0.054284675683694744,1.0,0.1,,,0.0,1.0,,,2.0
34772,7.015945328636641e-05,0.015154441909855147,1.0,0.1,,,0.0,1.0,,,2.0
34773,0.0006747298059251968,0.1457416380798425,0.0,0.1,,,0.0,1.0,,,2.0
34774,0.0005179130415581717,0.11186921697656509,0.0,0.1,1170.7009085152158,448.1162841741225,0.0,1.0,0.0,0.0,2.0
34775,0.001018848821049909,0.22007134534678033,0.0,0.1,1171.8722846762416,451.4720671582317,0.0,1.0,0.0,0.0,2.0
34776,0.0006423903858000182,0.13875632333280394,0.0,0.1,1169.8417064110936,454.8061352275707,0.0,1.0,0.0,0.0,2.0
34777,0.00024115379142766613,0.052089218948375884,1.0,0.1,1170.373777892757,462.6482180174742,0.0,1.0,0.0,0.0,2.0
34778,0.00041459265329162504,0.08955201311099101,1.0,0.1,1169.4827271582253,465.4697332473338,0.0,1.0,0.0,0.0,2.0
34779,0.00019966132755344946,0.043126846751545087,1.0,0.1,1172.14520653285,470.645862715885,0.0,1.0,0.0,0.0,2.0
34780,0.00027040657573692883,0.05840782035917663,1.0,0.1,1172.245927190598,471.40374622268405,0.0,1.0,0.0,0.0,2.0
34781,9.017379782880674e-05,0.019477540331022256,1.0,0.1,1170.5414590542687,469.5536280180811,0.0,1.0,0.0,0.0,2.0
34782,0.00020184130973554038,0.04359772290287672,1.0,0.1,1168.3038581697108,467.80807793872566,0.0,1.0,0.0,0.0,2.0
34783,0.00031537838193133893,0.06812173049716921,1.0,0.1,1162.8897720713157,463.6403983470166,0.0,1.0,0.0,0.0,2.0
34784,0.0009470529166971306,0.20456343000658023,0.0,0.1,1153.0048404377972,454.32591782278604,0.0,1.0,0.0,0.0,2.0
34785,0.001049744197839213,0.22674474673327,0.0,0.1,1147.6121611439685,449.1941787692788,0.0,1.0,0.0,0.0,2.0
34786,0.0001159203347398802,0.025038792303814124,1.0,0.1,1139.2968143124954,439.3016968211134,0.0,1.0,0.0,0.0,2.0
34787,0.001679747348126401,0.36282542719530264,0.0,0.1,1134.7853743016049,434.8222108296776,0.0,1.0,0.0,0.0,2.0
34788,0.00036349593149446975,0.07851512120280547,1.0,0.1,1128.6436665677984,428.16483402335814,0.0,1.0,0.0,0.0,2.0
34789,0.0010303086737357922,0.2225466735269311,0.0,0.1,1124.0467862267315,424.16194662242,0.0,1.0,0.0,0.0,2.0
34790,0.00039170860278027225,0.08460905820053881,1.0,0.1,1120.2410578130398,424.5127171848017,0.0,1.0,0.0,0.0,2.0
34791,0.0008453756567007206,0.18260114184735565,0.0,0.1,1122.621284735823,424.9916451230739,0.0,1.0,0.0,0.0,2.0
34792,0.000787184634843477,0.17003188112619103,0.0,0.1,1118.296664663974,422.61746847614705,0.0,1.0,0.0,0.0,2.0
34793,0.0012069786380066348,0.26070738580943315,0.0,0.1,1114.4916006865953,418.85613641061155,0.0,1.0,0.0,0.0,2.0
34794,0.00021894811657582831,0.04729279318037891,1.0,0.1,1112.1299969078195,413.60752308462986,0.0,1.0,0.0,0.0,2.0
34795,9.115533141194367e-05,0.01968955158497983,1.0,0.1,1110.872742782009,413.847068947459,0.0,1.0,0.0,0.0,2.0
34796,0.0003586824050286607,0.07747539948619071,1.0,0.1,1110.8716418268982,414.55487682869267,0.0,1.0,0.0,0.0,2.0
34797,0.0002808719532000453,0.06066834189120979,1.0,0.1,1112.4984901482019,416.567659855936,0.0,1.0,0.0,0.0,2.0
34798,0.0006036592322264126,0.13039039416090512,0.0,0.1,1114.8198368109563,418.6570957959333,0.0,1.0,0.0,0.0,2.0
34799,0.00033908681622117973,0.07324275230377482,1.0,0.1,1116.7254827970032,419.90128122956315,0.0,1.0,0.0,0.0,2.0
34800,0.0003878057359173779,0.08376603895815363,1.0,0.1,1116.6280929837308,420.18390241965574,0.0,1.0,0.0,0.0,2.0
34801,5.909531703557001e-05,0.012764588479683123,1.0,0.1,1116.6178655918854,420.3193763566958,0.0,1.0,0.0,0.0,2.0
34802,6.677286975096402e-05,0.014422939866208228,1.0,0.1,1116.7913495307696,420.2578480440234,0.0,1.0,0.0,0.0,2.0
34803,0.0003009825522912346,0.06501223129490667,1.0,0.1,1116.770506687905,420.41435966766875,0.0,1.0,0.0,0.0,2.0
34804,0.00031947274764071546,0.06900611349039454,1.0,0.1,1117.24432222382,420.8381611520853,0.0,1.0,0.0,0.0,2.0
34805,7.872417058799309e-05,0.01700442084700651,1.0,0.1,1117.493565966425,419.36293925406216,0.0,1.0,0.0,0.0,2.0
34806,0.0002990331263864021,0.06459115529946285,1.0,0.1,1117.4878791745127,420.58913509077735,0.0,1.0,0.0,0.0,2.0
34807,0.000980256539997557,0.2117354126394723,0.0,0.1,1119.1220636978999,420.11442495143183,0.0,1.0,0.0,0.0,2.0
34808,0.000542595969109162,0.117200729327579,0.0,0.1,1126.8413217391126,421.7431627418135,0.0,1.0,0.0,0.0,2.0
34809,0.0011864664343832175,0.256276749826775,0.0,0.1,1129.5601642416166,423.4500999439446,0.0,1.0,0.0,0.0,2.0
34810,0.0006442860100835404,0.13916577817804474,0.0,0.1,1138.7885782127819,430.6396301330297,0.0,1.0,0.0,0.0,2.0
34811,0.0009316562713517268,0.201237754611973,0.0,0.1,1145.422866812197,436.0743853885138,0.0,1.0,0.0,0.0,2.0
34812,0.0003998871967194545,0.08637563449140218,1.0,0.1,1151.8451236538838,440.6173903571494,0.0,1.0,0.0,0.0,2.0
34813,0.00031408486044513415,0.06784232985614898,1.0,0.1,1151.328496071931,440.61475759996296,0.0,1.0,0.0,0.0,2.0
34814,0.0015490822285246944,0.33460176136133396,0.0,0.1,1152.7585727580797,441.7464025313687,0.0,1.0,0.0,0.0,2.0
34815,0.0009105663175977646,0.19668232460111718,0.0,0.1,,,0.0,1.0,,,2.0
34816,0.0019415582035233344,0.4193765719610403,0.0,0.1,,,0.0,1.0,,,2.0
34817,0.0008121313297356855,0.17542036722290807,0.0,0.1,1174.8346874570216,460.2526107789442,0.0,1.0,0.0,0.0,2.0
34818,,,,0.1,,,0.0,1.0,,,2.0
34819,,,,0.1,,,,,,,2.0
34820,0.0014943806958022646,0.3227862302932892,0.0,0.1,,,0.0,1.0,,,2.0
34821,0.002384693426799374,0.5150937801886648,0.0,0.1,,,0.0,1.0,,,2.0
34822,0.0007820143637598043,0.16891510257211773,0.0,0.1,1195.8752199502976,474.68011715301293,0.0,1.0,0.0,0.0,2.0
34823,0.0018337293887686452,0.3960855479740274,0.0,0.1,1196.1603318844911,475.0859130600895,0.0,1.0,0.0,0.0,2.0
34824,0.002343773404001594,0.5062550552643442,0.0,0.1,1206.2989378010218,489.14069324242587,0.0,1.0,0.0,0.0,2.0
34825,0.0011817685458208088,0.2552620058972947,0.0,0.1,1215.722729704655,500.7137139629189,0.0,1.0,0.0,0.0,2.0
34826,0.0006809785972159216,0.14709137699863908,0.0,0.1,1217.326067216676,500.2916840541145,0.0,1.0,0.0,0.0,2.0
34827,0.0018087074473204213,0.390680808621211,0.0,0.1,1221.6248065762463,504.3261053260754,0.0,1.0,0.0,0.0,2.0
34828,0.0012377242283960349,0.2673484333335436,0.0,0.1,1219.6675989996174,501.1890267699777,0.0,1.0,0.0,0.0,2.0
34829,0.0014038563570266172,0.3032329731177493,0.0,0.1,1228.8710573770209,505.47333146759155,0.0,1.0,0.0,0.0,2.0
34830,0.002079870576263812,0.4492520444729834,0.0,0.1,,,0.0,1.0,,,2.0
34831,0.0007420631113677694,0.1602856320554382,0.0,0.1,,,0.0,1.0,,,2.0
34832,0.0008040030765749463,0.1736646645401884,0.0,0.1,,,0.0,1.0,,,2.0
34833,0.0019814226139776734,0.42798728461917745,0.0,0.1,1251.9307681806815,525.3354048388202,0.0,1.0,0.0,0.0,2.0
34834,0.0012603625199070622,0.2722383042999254,0.0,0.1,,,0.0,1.0,,,2.0
34835,0.0013966695629475416,0.30168062559666897,0.0,0.1,,,0.0,1.0,,,2.0
34836,0.001426606484321653,0.30814700061347705,0.0,0.1,,,0.0,1.0,,,2.0
34837,0.0007688722370865794,0.16607640321070116,0.0,0.1,,,0.0,1.0,,,2.0
34838,0.0010538785844790965,0.22763777424748483,0.0,0.1,,,0.0,1.0,,,2.0
34839,0.002044506567944376,0.44161341867598525,0.0,0.1,,,0.0,1.0,,,2.0
34840,0.0007086871697063277,0.1530764286565668,0.0,0.1,,,0.0,1.0,,,2.0
34841,0.000632253117612051,0.136566673404203,0.0,0.1,,,0.0,1.0,,,2.0
34842,0.0011723152928673057,0.253220103259338,0.0,0.1,,,0.0,1.0,,,2.0
34843,0.0014030308237197929,0.30305465792347525,0.0,0.1,,,0.0,1.0,,,2.0
34844,0.0005070226601078117,0.10951689458328734,0.0,0.1,,,0.0,1.0,,,2.0
34845,0.0005942001155776364,0.12834722496476947,0.0,0.1,,,0.0,1.0,,,2.0
34846,0.0004999002549917103,0.10797845507820943,0.0,0.1,,,0.0,1.0,,,2.0
34847,0.0006532635024598132,0.14110491653131965,0.0,0.1,1289.4564558842828,561.6600606229487,0.0,1.0,0.0,0.0,2.0
34848,0.00030048863131157226,0.06490554436329961,1.0,0.1,,,0.0,1.0,,,2.0
34849,0.00016428958414842657,0.035486550176060144,1.0,0.1,,,0.0,1.0,,,2.0
34850,0.00034082463128425956,0.07361812035740008,1.0,0.1,,,0.0,1.0,,,2.0
34851,2.285616683857333e-05,0.00493693203713184,1.0,0.1,,,0.0,1.0,,,2.0
34852,0.0020469554836703586,0.44214238447279747,0.0,0.1,,,0.0,1.0,,,2.0
34853,0.00016939353283198673,0.036589003091709135,1.0,0.1,,,0.0,1.0,,,2.0
34854,0.0010455300839813408,0.22583449813996959,0.0,0.1,,,0.0,1.0,,,2.0
34855,0.0002735401290007096,0.05908466786415328,1.0,0.1,,,0.0,1.0,,,2.0
34856,0.0005260908726215388,0.11363562848625239,0.0,0.1,,,0.0,1.0,,,2.0
34857,0.0010564954368261687,0.22820301435445242,0.0,0.1,,,0.0,1.0,,,2.0
34858,0.0005590254923550805,0.12074950634869741,0.0,0.1,,,0.0,1.0,,,2.0
34859,0.0006339198548692426,0.1369266886517564,0.0,0.1,,,0.0,1.0,,,2.0
34860,0.0012446444859201323,0.2688432089587486,0.0,0.1,,,0.0,1.0,,,2.0
34861,0.004215376102898336,0.9105212382260407,0.0,0.1,1262.144250939071,558.7351988518857,0.0,1.0,0.0,0.0,2.0
34862,0.001230013685233065,0.26568295601034203,0.0,0.1,1255.2972306353054,554.9204743349546,0.0,1.0,0.0,0.0,2.0
34863,0.004133856362581936,0.8929129743176981,0.0,0.1,1251.5524332179823,552.7289524260067,0.0,1.0,0.0,0.0,2.0
34864,,,,0.1,1243.0500154404338,547.9266530576051,0.0,1.0,0.0,0.0,2.0
34865,,,,0.1,1230.390149362247,538.748547179746,,,0.0,0.0,2.0
34866,0.0020945449811140206,0.45242171592062846,0.0,0.1,1220.011511415307,530.4223105503886,0.0,1.0,0.0,0.0,2.0
34867,0.001417176051321999,0.3061100270855518,0.0,0.1,1207.490049481402,520.9073182708331,0.0,1.0,0.0,0.0,2.0
34868,0.0013649879667823551,0.2948374008249887,0.0,0.1,1202.7813896599837,518.4672832373313,0.0,1.0,0.0,0.0,2.0
34869,0.0013218803525393813,0.28552615614850635,0.0,0.1,1188.9618339455437,510.8295398844054,0.0,1.0,0.0,0.0,2.0
34870,0.002525257075564027,0.5454555283218299,0.0,0.1,1176.3031002329385,504.35895961801583,0.0,1.0,0.0,0.0,2.0
34871,0.0006509894660822904,0.14061372467377473,0.0,0.1,1161.2005888717915,500.69948863008284,0.0,1.0,0.0,0.0,2.0
34872,0.0015821056627918955,0.34173482316304943,0.0,0.1,1153.878799065085,496.2395911126855,0.0,1.0,0.0,0.0,2.0
34873,0.0010693321874536317,0.23097575248998445,0.0,0.1,1138.769653993063,490.68309750808015,0.0,1.0,0.0,0.0,2.0
34874,0.0015814640009812501,0.34159622421195,0.0,0.1,1125.858266932018,485.0006633066136,0.0,1.0,0.0,0.0,2.0
34875,0.0012281328130256848,0.26527668761354795,0.0,0.1,1114.9445916543784,479.107418195289,0.0,1.0,0.0,0.0,2.0
34876,0.0006160743271648359,0.13307205466760455,0.0,0.1,1107.666284648364,472.6963130540183,0.0,1.0,0.0,0.0,2.0
34877,0.0015455529391286832,0.33383943485179557,0.0,0.1,1104.5210096014075,470.0555336843491,0.0,1.0,0.0,0.0,2.0
34878,0.0006277245117899499,0.1355884945466292,0.0,0.1,1093.441461886954,469.3213094353531,0.0,1.0,0.0,0.0,2.0
34879,0.0005834645144794703,0.1260283351275656,0.0,0.1,1069.1362917529636,458.150627558115,0.0,1.0,0.0,0.0,2.0
34880,0.00032404533310926285,0.06999379195160078,1.0,0.1,1066.750575773465,456.6152092268694,0.0,1.0,0.0,0.0,2.0
34881,0.000896351200345893,0.1936118592747129,0.0,0.1,1062.090883806334,456.611402143244,0.0,1.0,0.0,0.0,2.0
34882,0.0005834107424757159,0.12601672037475464,0.0,0.1,1058.8555560443663,460.39205772741195,0.0,1.0,0.0,0.0,2.0
34883,0.0003488371467636396,0.07534882370094616,1.0,0.1,,,0.0,1.0,,,2.0
34884,0.0006543564028068456,0.14134098300627868,0.0,0.1,1045.351658322909,459.15312001502497,0.0,1.0,0.0,0.0,2.0
34885,0.0001471098549584665,0.03177572867102876,1.0,0.1,1040.2434794956805,454.96557781099983,0.0,1.0,0.0,0.0,2.0
34886,0.00014069586021756545,0.03039030580699414,1.0,0.1,1037.8430997926191,453.08163499925,0.0,1.0,0.0,0.0,2.0
34887,0.0002560391088391734,0.05530444750926146,1.0,0.1,1032.703730523444,451.4840001696359,0.0,1.0,0.0,0.0,2.0
34888,0.0004889002848340754,0.1056024615241603,0.0,0.1,1024.0498359408468,447.65864549384116,0.0,1.0,0.0,0.0,2.0
34889,0.00025375503041652275,0.054811086569968914,1.0,0.1,,,0.0,1.0,,,2.0
34890,0.0006909812437153472,0.149251948642515,0.0,0.1,,,0.0,1.0,,,2.0
34891,0.0017774345847075186,0.383925870296824,0.0,0.1,,,0.0,1.0,,,2.0
34892,0.00044164557189097257,0.09539544352845007,1.0,0.1,,,0.0,1.0,,,2.0
34893,0.0002828037535665631,0.06108561077037763,1.0,0.1,,,0.0,1.0,,,2.0
34894,0.00031521685504007433,0.06808684068865606,1.0,0.1,,,0.0,1.0,,,2.0
34895,0.000496793138722696,0.10730731796410234,0.0,0.1,,,0.0,1.0,,,2.0
34896,0.000628106140977804,0.13567092645120568,0.0,0.1,1007.1332480399119,434.80541407017915,0.0,1.0,0.0,0.0,2.0
34897,0.0007410125521631557,0.1600587112672416,0.0,0.1,,,0.0,1.0,,,2.0
34898,0.0008289906829682637,0.17906198752114497,0.0,0.1,992.2512941749417,432.0339228476205,0.0,1.0,0.0,0.0,2.0
34899,0.0005249597690512592,0.11339131011507199,0.0,0.1,,,0.0,1.0,,,2.0
34900,0.0003729787861165904,0.08056341780118352,1.0,0.1,975.1586911953298,420.6902155315292,0.0,1.0,0.0,0.0,2.0
34901,0.0021678489138872293,0.4682553653996415,0.0,0.1,966.7088545255823,417.45324900386544,0.0,1.0,0.0,0.0,2.0
34902,0.0014257465231160237,0.3079612489930611,0.0,0.1,955.5137132195409,408.18279210528993,0.0,1.0,0.0,0.0,2.0
34903,0.0011805455393187369,0.2549978364928472,0.0,0.1,949.8545160132609,405.5487676914585,0.0,1.0,0.0,0.0,2.0
34904,0.003067865195011777,0.6626588821225439,0.0,0.1,948.8578453098826,404.76740577210677,0.0,1.0,0.0,0.0,2.0
34905,0.0018923461500825658,0.4087467684178342,0.0,0.1,944.1595643051132,401.413609643451,0.0,1.0,0.0,0.0,2.0
34906,0.0017540441241904992,0.37887353082514785,0.0,0.1,936.6321775632991,392.7923940593808,0.0,1.0,0.0,0.0,2.0
34907,0.00022619139321344858,0.0488573409341049,1.0,0.1,930.5073677682468,388.27248547001193,0.0,1.0,0.0,0.0,2.0
34908,0.0011736523889266293,0.25350891600815195,0.0,0.1,922.0337192488215,383.13206655584554,0.0,1.0,0.0,0.0,2.0
34909,0.0008335444042514405,0.18004559131831116,0.0,0.1,909.292466093437,370.609208736446,0.0,1.0,0.0,0.0,2.0
34910,0.0005493215995709986,0.1186534655073357,0.0,0.1,895.0814731564913,355.12276229892734,0.0,1.0,0.0,0.0,2.0
34911,0.000463259814033455,0.10006411983122629,0.0,0.1,881.7085604553359,344.45648634170965,0.0,1.0,0.0,0.0,2.0
34912,0.0004990276195037874,0.10778996581281809,0.0,0.1,872.0362424111552,334.26789075392776,0.0,1.0,0.0,0.0,2.0
34913,0.00037863999298766985,0.0817862384853367,1.0,0.1,866.8087428448661,329.3117990068718,0.0,1.0,0.0,0.0,2.0
34914,0.00020360427237538087,0.04397852283308227,1.0,0.1,857.3359029926647,323.6001242901325,0.0,1.0,0.0,0.0,2.0
34915,0.0005612263442439856,0.12122489035670089,0.0,0.1,849.7709573605339,321.15451674122636,0.0,1.0,0.0,0.0,2.0
34916,0.00037848025825626825,0.08175173578335394,1.0,0.1,838.6318081415567,316.8534643731476,0.0,1.0,0.0,0.0,2.0
34917,0.000721416979042935,0.155826067473274,0.0,0.1,833.314865497495,316.8446964826803,0.0,1.0,0.0,0.0,2.0
34918,0.0009330752907949872,0.20154426281171722,0.0,0.1,820.5154996905032,315.2621497467582,0.0,1.0,0.0,0.0,2.0
34919,0.0020133615578818644,0.4348860965024827,0.0,0.1,809.1270358568556,305.63137816834774,0.0,1.0,0.0,0.0,2.0
34920,0.001868293491919691,0.40355139425465325,0.0,0.1,795.7893762698734,300.0546181626523,0.0,1.0,0.0,0.0,2.0
34921,0.002061980239936665,0.44538773182631963,0.0,0.1,787.2428599734558,298.8628058464965,0.0,1.0,0.0,0.0,2.0
34922,0.00220155906931225,0.47553675897144604,0.0,0.1,779.4067625262751,297.925108098369,0.0,1.0,0.0,0.0,2.0
34923,0.001974624360535308,0.42651886187562654,0.0,0.1,765.9298108276499,298.99002026557935,0.0,1.0,0.0,0.0,2.0
34924,0.001315284238921453,0.2841013956070339,0.0,0.1,754.153906579614,301.0030083708018,0.0,1.0,0.0,0.0,2.0
34925,0.0016440043525855963,0.3551049401584888,0.0,0.1,739.964724327871,299.36525649003926,0.0,1.0,0.0,0.0,2.0
34926,0.0030450721818790333,0.6577355912858712,0.0,0.1,735.2455834872624,299.7700544452326,0.0,1.0,0.0,0.0,2.0
34927,0.0019835466798886247,0.42844608285594293,0.0,0.1,726.7054182683173,298.61973895859256,0.0,1.0,0.0,0.0,2.0
34928,0.0019235550846637094,0.4154878982873612,0.0,0.1,715.7447461582032,298.2439304430095,0.0,1.0,0.0,0.0,2.0
34929,0.0019915302825707164,0.4301705410352748,0.0,0.1,702.9705409564239,300.84432406696743,0.0,1.0,0.0,0.0,2.0
34930,0.00162449658741717,0.35089126288210876,0.0,0.1,692.5528941846004,302.5865688005969,0.0,1.0,0.0,0.0,2.0
34931,0.0014236256673902886,0.3075031441563023,0.0,0.1,687.1286198146224,305.2849589485055,0.0,1.0,0.0,0.0,2.0
34932,0.0008116426220023292,0.1753148063525031,0.0,0.1,679.9802166514633,308.52062850540455,0.0,1.0,0.0,0.0,2.0
34933,0.0033234755499013256,0.7178707187786864,0.0,0.1,676.659281309952,309.9553826727932,0.0,1.0,0.0,0.0,2.0
34934,0.00011764472533000577,0.025411260671281247,1.0,0.1,669.2789218541332,313.1648321154172,0.0,1.0,0.0,0.0,2.0
34935,0.0011123425376804723,0.24026598813898203,0.0,0.1,664.3481950658844,315.83015222098874,0.0,1.0,0.0,0.0,2.0
34936,0.0033254576841500526,0.7182988597764114,0.0,0.1,653.7237639255562,322.8299703441021,0.0,1.0,0.0,0.0,2.0
34937,0.00409012572373318,0.883467156326367,0.0,0.1,646.9112689688435,326.96240088689717,0.0,1.0,0.0,0.0,2.0
34938,0.0023589516627167753,0.5095335591468235,0.0,0.1,636.3022770242899,336.7616348245092,0.0,1.0,0.0,0.0,2.0
34939,0.0010663775401606901,0.23033754867470907,0.0,0.1,,,0.0,1.0,,,2.0
34940,0.002084707280795813,0.4502967726518956,0.0,0.1,620.8600457113112,352.343353867176,0.0,1.0,0.0,0.0,2.0
34941,0.0032388200618352425,0.6995851333564124,0.0,0.1,612.4477145461299,359.39567370588424,0.0,1.0,0.0,0.0,2.0
34942,0.0020744986774297054,0.44809171432481637,0.0,0.1,607.9979918816474,365.3542878131018,0.0,1.0,0.0,0.0,2.0
34943,0.0012666995626866287,0.2736071055403118,0.0,0.1,608.8962350237605,371.9275292517611,0.0,1.0,0.0,0.0,2.0
34944,0.0011989592301868805,0.2589751937203662,0.0,0.1,608.1626206081443,377.0125028051403,0.0,1.0,0.0,0.0,2.0
34945,0.0019599028438112196,0.42333901426322346,0.0,0.1,610.0406596523375,384.3969779289195,0.0,1.0,0.0,0.0,2.0
34946,0.0015726952068060762,0.3397021646701125,0.0,0.1,608.6882183448188,386.78788195193454,0.0,1.0,0.0,0.0,2.0
34947,0.0011215957393311817,0.24226467969553525,0.0,0.1,607.0067653797702,387.71628635394273,0.0,1.0,0.0,0.0,2.0
34948,0.00029198534025406963,0.06306883349487905,1.0,0.1,603.8753116662068,391.1308704370914,0.0,1.0,0.0,0.0,2.0
34949,0.0005676720422086644,0.12261716111707152,0.0,0.1,603.8200220349105,391.1922348103583,0.0,1.0,0.0,0.0,2.0
34950,0.0018655573043846083,0.40296037774707544,0.0,0.1,603.1383915651815,392.96491128990436,0.0,1.0,0.0,0.0,2.0
34951,0.0010810028580553444,0.23349661733995442,0.0,0.1,603.2641341028291,394.28817449924935,0.0,1.0,0.0,0.0,2.0
34952,0.000319034792674018,0.0689115152175879,1.0,0.1,603.4746574164001,395.330526326034,0.0,1.0,0.0,0.0,2.0
34953,0.0005075653360078433,0.10963411257769415,0.0,0.1,603.1221344105559,396.5056930910052,0.0,1.0,0.0,0.0,2.0
34954,0.0006195006028967615,0.1338121302257005,0.0,0.1,600.8056950874263,399.0027939491653,0.0,1.0,0.0,0.0,2.0
34955,0.0006335639297624747,0.13684980882869452,0.0,0.1,600.126363579732,402.39038017466066,0.0,1.0,0.0,0.0,2.0
34956,0.0007907364670094248,0.17079907687403578,0.0,0.1,602.2853960520998,407.1278908582155,0.0,1.0,0.0,0.0,2.0
34957,0.0006464971095561135,0.13964337566412052,0.0,0.1,600.1102962889859,411.8908974677345,0.0,1.0,0.0,0.0,2.0
34958,0.0008187875725634101,0.17685811567369658,0.0,0.1,598.6607055357781,413.5434151987378,0.0,1.0,0.0,0.0,2.0
34959,0.0013124614209705273,0.2834916669296339,0.0,0.1,595.5606741522217,415.74869787921455,0.0,1.0,0.0,0.0,2.0
34960,0.002104150516007755,0.4544965114576751,0.0,0.1,594.8772731205637,417.57581659498373,0.0,1.0,0.0,0.0,2.0
34961,0.0006116832237417908,0.13212357632822683,0.0,0.1,593.1996228197467,418.902136469411,0.0,1.0,0.0,0.0,2.0
34962,0.0015908941129291433,0.34363312839269494,0.0,0.1,592.8252951680882,419.5818771258435,0.0,1.0,0.0,0.0,2.0
34963,0.001636377186998827,0.35345747239174663,0.0,0.1,590.3868452141329,421.16273813636155,0.0,1.0,0.0,0.0,2.0
34964,0.0010175919088853372,0.21979985231923285,0.0,0.1,587.7386756207457,421.90733914432155,0.0,1.0,0.0,0.0,2.0
34965,0.0008822640647887345,0.19056903799436667,0.0,0.1,586.8380991319478,421.1942110236915,0.0,1.0,0.0,0.0,2.0
34966,0.00022821025282390654,0.04929341460996381,1.0,0.1,586.4877439323282,420.85153316792804,0.0,1.0,0.0,0.0,2.0
34967,0.0003893354700222744,0.08409646152481126,1.0,0.1,585.7370842297121,420.2651524295746,0.0,1.0,0.0,0.0,2.0
34968,0.00032094008988759257,0.06932305941571999,1.0,0.1,583.2158945818111,420.8130697001762,0.0,1.0,0.0,0.0,2.0
34969,0.0006434884421428164,0.13899350350284834,0.0,0.1,581.042057621194,420.1045079392571,0.0,1.0,0.0,0.0,2.0
34970,0.00031443509764014744,0.06791798109027185,1.0,0.1,577.8615726087207,418.2035396384536,0.0,1.0,0.0,0.0,2.0
34971,0.0007843280750717516,0.16941486421549834,0.0,0.1,576.0423112581498,417.9225984384164,0.0,1.0,0.0,0.0,2.0
34972,0.0005880920102780232,0.12702787422005302,0.0,0.1,574.7257425198668,418.6088890356961,0.0,1.0,0.0,0.0,2.0
34973,0.0012241745568422238,0.26442170427792033,0.0,0.1,573.487750369709,419.0252715898603,0.0,1.0,0.0,0.0,2.0
34974,0.0006788886971261908,0.1466399585792572,0.0,0.1,570.5969106093316,421.57915342027775,0.0,1.0,0.0,0.0,2.0
34975,0.0009072059739382499,0.19595649037066198,0.0,0.1,567.6293751253824,423.9280491691758,0.0,1.0,0.0,0.0,2.0
34976,0.0008144209818954111,0.17591493208940878,0.0,0.1,565.5246023355055,424.8117542819078,0.0,1.0,0.0,0.0,2.0
34977,0.0005892477571230223,0.12727751553857283,0.0,0.1,558.9602946049631,429.6245915042546,0.0,1.0,0.0,0.0,2.0
34978,0.001446359423457422,0.3124136354668032,0.0,0.1,556.7093471843201,433.1409250811734,0.0,1.0,0.0,0.0,2.0
34979,0.0013721351272720497,0.29638118749076275,0.0,0.1,551.1708733986176,438.6649770451669,0.0,1.0,0.0,0.0,2.0
34980,0.0011004354544227875,0.2376940581553221,0.0,0.1,549.2027972949829,442.1508937709036,0.0,1.0,0.0,0.0,2.0
34981,0.0019561539850522515,0.4225292607712864,0.0,0.1,542.9217871654137,448.6878851001558,0.0,1.0,0.0,0.0,2.0
34982,0.0016367918888956995,0.35354704800147113,0.0,0.1,538.6017058022044,453.65127984493023,0.0,1.0,0.0,0.0,2.0
34983,0.0025003023880117463,0.5400653158105373,0.0,0.1,535.3436496763063,457.5930419022518,0.0,1.0,0.0,0.0,2.0
34984,0.0009117385266025905,0.19693552174615955,0.0,0.1,531.4772720150531,464.7032937205312,0.0,1.0,0.0,0.0,2.0
34985,0.0025187137417040087,0.5440421682080658,0.0,0.1,529.146960633156,469.25331678779713,0.0,1.0,0.0,0.0,2.0
34986,0.001419565215312447,0.30662608650748857,0.0,0.1,520.2316262031347,478.43293584570426,0.0,1.0,0.0,0.0,2.0
34987,0.0034739608247549994,0.7503755381470799,0.0,0.1,511.08102983586707,489.8502041148461,0.0,1.0,0.0,0.0,2.0
34988,0.0013138053749202079,0.2837819609827649,0.0,0.1,500.1156614461201,501.90459465961766,0.0,1.0,0.0,0.0,2.0
34989,0.003138273394290177,0.6778670531666783,0.0,0.1,496.29699995278736,506.68272797949595,0.0,1.0,0.0,0.0,2.0
34990,0.0024331322408970954,0.5255565640337726,0.0,0.1,485.99254738195935,519.1886824579437,0.0,1.0,0.0,0.0,2.0
34991,0.0032345694328932803,0.6986669975049485,0.0,0.1,477.9415731191681,531.6638910897384,0.0,1.0,0.0,0.0,2.0
34992,0.0050364258914697485,1.0878679925574657,0.0,0.1,472.1545428952236,539.9092796956417,0.0,1.0,0.0,0.0,2.0
34993,0.002262610933188472,0.48872396156871006,0.0,0.1,463.85655909390385,546.9258335552395,0.0,1.0,0.0,0.0,2.0
34994,0.002172286504445121,0.46921388496014615,0.0,0.1,461.2340617956359,550.2680039520601,0.0,1.0,0.0,0.0,2.0
34995,0.003235405154213359,0.6988475133100855,0.0,0.1,454.93065235650073,557.6514167444258,0.0,1.0,0.0,0.0,2.0
34996,0.0030983333511274986,0.6692400038435398,0.0,0.1,449.77923391366875,564.6427484361938,0.0,1.0,0.0,0.0,2.0
34997,0.0010128445714750673,0.21877442743861453,0.0,0.1,444.07205109788526,569.4332495247054,0.0,1.0,0.0,0.0,2.0
34998,0.0031097499903784886,0.6717059979217536,0.0,0.1,441.81243227921095,571.5305444851926,0.0,1.0,0.0,0.0,2.0
34999,0.002395719647234293,0.5174754438026072,0.0,0.1,438.2015316673962,574.5149008641652,0.0,1.0,0.0,0.0,2.0
35000,0.002013847424523547,0.43499104369708613,0.0,0.1,435.061898355236,576.8227747420233,0.0,1.0,0.0,0.0,2.0
35001,0.0014615927460153752,0.31570403313932105,0.0,0.1,430.133664190674,582.387905546808,0.0,1.0,0.0,0.0,2.0
35002,0.0006193032251257676,0.1337694966271658,0.0,0.1,421.6482324245833,586.5747824364964,0.0,1.0,0.0,0.0,2.0
35003,0.0022931652428906523,0.4953236924643809,0.0,0.1,417.82027889197525,589.6671517298557,0.0,1.0,0.0,0.0,2.0
35004,0.002119110858873973,0.45772794551677815,0.0,0.1,408.00310856192493,598.7984306829095,0.0,1.0,0.0,0.0,2.0
35005,0.0027349863061191314,0.5907570421217324,0.0,0.1,399.65796312353143,604.9440946833643,0.0,1.0,0.0,0.0,2.0
35006,0.0009033190547107846,0.1951169158175295,0.0,0.1,393.10524337820567,614.2839530990999,0.0,1.0,0.0,0.0,2.0
35007,0.0016504830437790554,0.35650433745627597,0.0,0.1,,,0.0,1.0,,,2.0
35008,0.00290450128937441,0.6273722785048726,0.0,0.1,,,0.0,1.0,,,2.0
35009,0.0023747212230702374,0.5129397841831713,0.0,0.1,,,0.0,1.0,,,2.0
35010,0.003877395352659581,0.8375173961744695,0.0,0.1,364.89447674002497,645.2431573107879,0.0,1.0,0.0,0.0,2.0
35011,0.0014189852988678708,0.30650082455546007,0.0,0.1,358.58756870706884,651.1585550921285,0.0,1.0,0.0,0.0,2.0
35012,0.003278919977733962,0.7082467151905358,0.0,0.1,353.96919706554246,654.9640853284534,0.0,1.0,0.0,0.0,2.0
35013,0.0028080822247985894,0.6065457605564953,0.0,0.1,345.94173227903286,662.3721693869778,0.0,1.0,0.0,0.0,2.0
35014,0.002223415262155389,0.480257696625564,0.0,0.1,338.58472464331646,669.1523906295937,0.0,1.0,0.0,0.0,2.0
35015,0.0014125986951639444,0.305121318155412,0.0,0.1,332.33650213975267,673.2019433639801,0.0,1.0,0.0,0.0,2.0
35016,0.002374795577314632,0.5129558446999606,0.0,0.1,328.677905599655,675.1310877650908,0.0,1.0,0.0,0.0,2.0
35017,0.0032694448410874443,0.706200085674888,0.0,0.1,323.78228830342914,679.0154584863882,1.0,0.0,0.0,0.0,2.0
35018,0.0017428706291530342,0.3764600558970554,0.0,0.1,317.00719939333646,683.1670881716287,1.0,0.0,0.0,0.0,2.0
35019,0.0022388681778748813,0.48359552642097436,0.0,0.1,309.58428950948934,689.4346762200104,1.0,0.0,0.0,0.0,2.0
35020,0.0009903633139675843,0.21391847581699822,0.0,0.1,299.60657181822916,696.0665307922158,1.0,0.0,0.0,0.0,2.0
35021,0.0018431687817513029,0.39812445685828146,0.0,0.1,297.01454287640206,701.3673226674533,1.0,0.0,0.0,0.0,2.0
35022,0.0017137350475078905,0.37016677026170436,0.0,0.1,285.6298394829562,709.9931201511766,1.0,0.0,0.0,0.0,2.0
35023,0.0007881701406206045,0.17024475037405057,0.0,0.1,280.762390146219,714.3343594334415,1.0,0.0,0.0,0.0,2.0
35024,0.0006231612623927606,0.1346028326768363,0.0,0.1,274.16463553521874,719.5210708955608,1.0,0.0,0.0,0.0,2.0
35025,0.003759329428225793,0.8120151564967713,0.0,0.1,268.9853782104666,724.2086524719618,1.0,0.0,0.0,0.0,2.0
35026,0.002616095990388891,0.5650767339240005,0.0,0.1,,,1.0,0.0,,,2.0
35027,0.0013395351847365288,0.28933959990309027,0.0,0.1,,,1.0,0.0,,,2.0
35028,0.0022902390208371023,0.4946916285008141,0.0,0.1,,,1.0,0.0,,,2.0
35029,0.0007441328693686966,0.16073269978363847,0.0,0.1,,,1.0,0.0,,,2.0
35030,0.0019746656376277752,0.4265277777275995,0.0,0.1,,,1.0,0.0,,,2.0
35031,0.0016648823116639953,0.359614579319423,0.0,0.1,243.16381882434723,738.6324137943699,1.0,0.0,0.0,0.0,2.0
35032,0.0011153874302955009,0.2409236849438282,0.0,0.1,,,1.0,0.0,,,2.0
35033,0.0010786560121077698,0.23298969861527827,0.0,0.1,,,1.0,0.0,,,2.0
35034,0.0003907402960009178,0.08439990393619824,1.0,0.1,234.07509525967572,739.919726610141,1.0,0.0,0.0,0.0,2.0
35035,0.0009442670190891433,0.20396167612325494,0.0,0.1,234.9706691620475,739.9667139699992,1.0,0.0,0.0,0.0,2.0
35036,0.0011420310382913473,0.246678704270931,0.0,0.1,236.36402938850745,738.8963145825219,1.0,0.0,0.0,0.0,2.0
35037,0.0007332916136992295,0.15839098855903358,0.0,0.1,242.5650369926666,740.6491193332571,1.0,0.0,0.0,0.0,2.0
35038,0.0008661295265851771,0.18708397774239827,0.0,0.1,244.8344689131114,743.614587800122,1.0,0.0,0.0,0.0,2.0
35039,0.0007401143015270013,0.1598646891298323,0.0,0.1,245.40676787485373,745.6396584904452,1.0,0.0,0.0,0.0,2.0
35040,0.00037284163844082045,0.08053379390321722,1.0,0.1,249.89195970208831,747.7353220620713,1.0,0.0,0.0,0.0,2.0
35041,0.00020468228856433153,0.04421137432989561,1.0,0.1,258.67600791906415,748.733263659049,1.0,0.0,0.0,0.0,2.0
35042,0.00018823851689917816,0.040659519650222485,1.0,0.1,263.88459868585653,750.4517144894112,1.0,0.0,0.0,0.0,2.0
35043,0.0003821642210914107,0.08254747175574471,1.0,0.1,266.43861748797065,750.7829448102589,1.0,0.0,0.0,0.0,2.0
35044,0.0012561531904255064,0.2713290891319094,0.0,0.1,268.75747908734024,752.4964928799251,1.0,0.0,0.0,0.0,2.0
35045,0.0008836334127655532,0.1908648171573595,0.0,0.1,272.247074571377,753.6098382398062,1.0,0.0,0.0,0.0,2.0
35046,0.0010673748087049444,0.23055295868026798,0.0,0.1,277.87952207338367,756.8445374353294,1.0,0.0,0.0,0.0,2.0
35047,0.0005862455887413831,0.12662904716813875,0.0,0.1,280.42729339163486,758.9683409558181,1.0,0.0,0.0,0.0,2.0
35048,0.001111163775103192,0.24001137542228948,0.0,0.1,280.70376564168964,760.4336794244307,1.0,0.0,0.0,0.0,2.0
35049,0.0014949289915301466,0.32290466217051167,0.0,0.1,282.86190461911775,763.2141111193451,1.0,0.0,0.0,0.0,2.0
35050,0.0010794586718032065,0.23316307310949264,0.0,0.1,284.14610703420067,766.6008286067147,1.0,0.0,0.0,0.0,2.0
35051,0.0008166549038826324,0.1763974592386486,0.0,0.1,287.7178120366952,768.3975350148042,1.0,0.0,0.0,0.0,2.0
35052,0.0005147101608463681,0.1111773947428155,0.0,0.1,288.7540303063128,769.6726354360405,1.0,0.0,0.0,0.0,2.0
35053,0.0004967156015965178,0.10729056994484786,0.0,0.1,289.45362986826916,769.6287434944308,1.0,0.0,0.0,0.0,2.0
35054,0.000460331149654945,0.09943152832546812,1.0,0.1,287.3315347458766,769.279169049348,1.0,0.0,0.0,0.0,2.0
35055,0.0006004211564175741,0.12969096978619601,0.0,0.1,284.35218610805083,769.1004158744928,1.0,0.0,0.0,0.0,2.0
35056,0.0009189198622146108,0.19848669023835594,0.0,0.1,281.7847206609387,767.5632546906749,1.0,0.0,0.0,0.0,2.0
35057,0.0004969857320983571,0.10734891813324514,0.0,0.1,282.1962561418847,766.1528698341411,1.0,0.0,0.0,0.0,2.0
35058,0.0006110822822101608,0.13199377295739476,0.0,0.1,278.00476180414506,763.0556274862736,1.0,0.0,0.0,0.0,2.0
35059,0.0007236341311426463,0.15630497232681162,0.0,0.1,274.1165331395836,760.3670190032976,1.0,0.0,0.0,0.0,2.0
35060,0.000426174445172526,0.09205368015726562,1.0,0.1,268.70994659991976,760.2083421891189,1.0,0.0,0.0,0.0,2.0
35061,0.0006069030557701624,0.1310910600463551,0.0,0.1,267.0970485532348,760.7193316599785,1.0,0.0,0.0,0.0,2.0
35062,0.0007645347437903701,0.16513950465871993,0.0,0.1,266.9267445222224,757.2186318810694,1.0,0.0,0.0,0.0,2.0
35063,0.00038329915755506327,0.08279261803189367,1.0,0.1,265.8672805040442,756.8751871961872,1.0,0.0,0.0,0.0,2.0
35064,0.0003934644138107741,0.0849883133831272,1.0,0.1,262.60309056414775,756.3328165452414,1.0,0.0,0.0,0.0,2.0
35065,4.097781613511315e-05,0.008851208285184441,1.0,0.1,259.8002316270821,758.2805150901316,1.0,0.0,0.0,0.0,2.0
35066,0.0006596116048979256,0.14247610665795193,0.0,0.1,255.59047928098235,761.4127558669028,1.0,0.0,0.0,0.0,2.0
35067,0.0002904872369396471,0.06274524317896377,1.0,0.1,253.4483997377435,768.7089994448297,1.0,0.0,0.0,0.0,2.0
35068,0.00018210263189951761,0.03933416849029581,1.0,0.1,250.04747553762172,774.1019233462368,1.0,0.0,0.0,0.0,2.0
35069,0.00048503955903508937,0.1047685447515793,0.0,0.1,,,1.0,0.0,,,2.0
35070,0.000379013283173254,0.08186686916542286,1.0,0.1,248.73102549931312,774.2715821068306,1.0,0.0,0.0,0.0,2.0
35071,0.000590854004917822,0.1276244650622496,0.0,0.1,,,1.0,0.0,,,2.0
35072,0.0003076716367187806,0.06645707353125661,1.0,0.1,246.15857086233018,771.3792588006567,1.0,0.0,0.0,0.0,2.0
35073,7.061896147202688e-05,0.015253695677957806,1.0,0.1,239.23069159528814,770.346227650807,1.0,0.0,0.0,0.0,2.0
35074,0.0002960216789054695,0.06394068264358141,1.0,0.1,228.9786463066931,767.4271568734089,1.0,0.0,0.0,0.0,2.0
35075,0.00030956600605919866,0.06686625730878691,1.0,0.1,229.22398072393784,766.3541061694411,1.0,0.0,0.0,0.0,2.0
35076,0.0006509290817796658,0.1406006816644078,0.0,0.1,,,1.0,0.0,,,2.0
35077,0.0005461979450675742,0.11797875613459603,0.0,0.1,238.05082669942098,763.7828277076673,1.0,0.0,0.0,0.0,2.0
35078,0.0004576152528882184,0.09884489462385518,1.0,0.1,,,1.0,0.0,,,2.0
35079,0.00020268427894556176,0.04377980425224134,1.0,0.1,,,1.0,0.0,,,2.0
35080,0.0007985089982891474,0.17247794363045585,0.0,0.1,238.54082951712545,751.4385035320418,1.0,0.0,0.0,0.0,2.0
35081,0.0005162851911995074,0.1115176012990936,0.0,0.1,,,1.0,0.0,,,2.0
35082,0.00024771483311645707,0.05350640395315473,1.0,0.1,243.89391103022726,749.6791218514009,1.0,0.0,0.0,0.0,2.0
35083,2.6933965030348124e-05,0.005817736446555194,1.0,0.1,246.64676523961032,750.794220089808,1.0,0.0,0.0,0.0,2.0
35084,0.00016745423043229452,0.03617011377337562,1.0,0.1,247.1981549941018,752.2429692943099,1.0,0.0,0.0,0.0,2.0
35085,0.00042155109940646753,0.091055037471797,1.0,0.1,248.7964691130005,754.3078932175339,1.0,0.0,0.0,0.0,2.0
35086,0.0007941701699686137,0.17154075671322055,0.0,0.1,251.29085983317464,752.8693623182198,1.0,0.0,0.0,0.0,2.0
35087,0.00041020603103173364,0.08860450270285447,1.0,0.1,253.648454230122,752.8395481789952,1.0,0.0,0.0,0.0,2.0
35088,0.0003428093884648071,0.07404682790839834,1.0,0.1,255.92491405300748,752.8795934008687,1.0,0.0,0.0,0.0,2.0
35089,0.0005593410952516559,0.1208176765743577,0.0,0.1,259.71905072796466,752.442624894838,1.0,0.0,0.0,0.0,2.0
35090,0.0005479079492779217,0.11834811704403109,0.0,0.1,263.53689737796486,750.6243480516188,1.0,0.0,0.0,0.0,2.0
35091,0.00020107679310076297,0.0434325873097648,1.0,0.1,264.9962097060116,746.3916547269068,1.0,0.0,0.0,0.0,2.0
35092,9.33178525418975e-05,0.02015665614904986,1.0,0.1,267.21808197983336,744.2225001113217,1.0,0.0,0.0,0.0,2.0
35093,0.00024361952689266387,0.0526218178088154,1.0,0.1,266.70374775822546,743.227059299128,1.0,0.0,0.0,0.0,2.0
35094,0.0001664707869136824,0.035957689973355404,1.0,0.1,273.4303581233234,740.3562310424721,1.0,0.0,0.0,0.0,2.0
35095,0.0003154042276996471,0.06812731318312377,1.0,0.1,277.2811895309973,736.3121606668112,1.0,0.0,0.0,0.0,2.0
35096,0.00032054693763164355,0.06923813852843501,1.0,0.1,278.540655582069,734.6745048806457,1.0,0.0,0.0,0.0,2.0
35097,0.00025362567376622613,0.05478314553350484,1.0,0.1,279.5197258504171,734.2404722897153,1.0,0.0,0.0,0.0,2.0
35098,0.00041592217483672414,0.08983918976473242,1.0,0.1,284.5889226431428,732.9384673366387,1.0,0.0,0.0,0.0,2.0
35099,0.0003163887809700386,0.06833997668952835,1.0,0.1,295.83309025660736,731.250332975322,1.0,0.0,0.0,0.0,2.0
35100,0.0004354357192192703,0.09405411535136239,1.0,0.1,307.56569258844735,728.4523937275685,1.0,0.0,0.0,0.0,2.0
35101,0.00026550905615524303,0.05734995612953249,1.0,0.1,317.07184484196597,723.2563734896864,1.0,0.0,0.0,0.0,2.0
35102,0.0003255110481808715,0.07031038640706826,1.0,0.1,318.4906763072383,722.9167024184607,1.0,0.0,0.0,0.0,2.0
35103,0.0007599455408474195,0.1641482368230426,0.0,0.1,320.82914458177834,721.8767496912284,1.0,0.0,0.0,0.0,2.0
35104,0.00015448164720273264,0.03336803579579025,1.0,0.1,322.94700815885557,719.9968895425319,1.0,0.0,0.0,0.0,2.0
35105,0.00012938443122758467,0.02794703714515829,1.0,0.1,324.6398567382859,717.6571640515695,1.0,0.0,0.0,0.0,2.0
35106,0.00040256248642026976,0.08695349706677827,1.0,0.1,323.45604288093466,717.7283471054211,1.0,0.0,0.0,0.0,2.0
35107,0.0005397975125521053,0.11659626271125476,0.0,0.1,320.11074599606917,718.621249955957,1.0,0.0,0.0,0.0,2.0
35108,0.0005745850611486842,0.12411037320811578,0.0,0.1,319.39725500787216,719.8036589098227,1.0,0.0,0.0,0.0,2.0
35109,0.0008298890310226134,0.1792560307008845,0.0,0.1,320.2045675475025,723.3738229534434,1.0,0.0,0.0,0.0,2.0
35110,0.0007622401152219561,0.16464386488794253,0.0,0.1,321.65272448114285,729.1532695928469,1.0,0.0,0.0,0.0,2.0
35111,0.0005251947478258063,0.11344206553037416,0.0,0.1,325.3824914467649,729.2014329585974,1.0,0.0,0.0,0.0,2.0
35112,0.00051666040316686,0.11159864708404177,0.0,0.1,325.3324367766055,733.1636984670273,1.0,0.0,0.0,0.0,2.0
35113,0.0007082560214768963,0.1529833006390096,0.0,0.1,326.33863458663063,734.6040498250975,1.0,0.0,0.0,0.0,2.0
35114,0.00029661910216590586,0.06406972606783568,1.0,0.1,327.77019165647283,737.0953610996226,1.0,0.0,0.0,0.0,2.0
35115,0.0005573987473068291,0.12039812941827509,0.0,0.1,328.6674832523737,738.1756434134381,1.0,0.0,0.0,0.0,2.0
35116,0.00024106721936919067,0.05207051938374519,1.0,0.1,327.5320089198753,743.9516624221147,1.0,0.0,0.0,0.0,2.0
35117,0.00027478400481667845,0.059353345040402544,1.0,0.1,325.09056465534627,750.3722940537393,1.0,0.0,0.0,0.0,2.0
35118,0.00028354781751199987,0.06124632858259197,1.0,0.1,323.5954170666012,752.6402757710822,1.0,0.0,0.0,0.0,2.0
35119,0.00018549441199315606,0.04006679299052171,1.0,0.1,321.2529219193055,751.2187173237829,1.0,0.0,0.0,0.0,2.0
35120,0.0004957661529409762,0.10708548903525086,0.0,0.1,320.4374643493753,748.4796825091067,1.0,0.0,0.0,0.0,2.0
35121,0.0001257435722272895,0.027160611601094533,1.0,0.1,321.2463993217797,745.2204806903884,1.0,0.0,0.0,0.0,2.0
35122,0.00014222950048973804,0.03072157210578342,1.0,0.1,320.3618198370071,743.5955870299514,1.0,0.0,0.0,0.0,2.0
35123,0.0008570915065133225,0.18513176540687767,0.0,0.1,318.52391601814946,742.4910465182427,1.0,0.0,0.0,0.0,2.0
35124,0.00013645985868527682,0.029475329476019795,1.0,0.1,318.0760371057729,742.1620391349421,1.0,0.0,0.0,0.0,2.0
35125,0.0003939821613487157,0.0851001468513226,1.0,0.1,319.5325387772962,741.2073360659591,1.0,0.0,0.0,0.0,2.0
35126,0.0004254541257799355,0.09189809116846606,1.0,0.1,325.79029688137393,737.309429742667,1.0,0.0,0.0,0.0,2.0
35127,0.00032612848292341384,0.07044375231145739,1.0,0.1,332.48668106013514,729.9506850568903,1.0,0.0,0.0,0.0,2.0
35128,0.00010874012442046618,0.023487866874820695,1.0,0.1,334.2249374643562,726.4430124518651,1.0,0.0,0.0,0.0,2.0
35129,0.00040860196851769787,0.08825802519982275,1.0,0.1,335.8977507491843,724.1533050279891,1.0,0.0,0.0,0.0,2.0
35130,0.00041534724322268217,0.08971500453609935,1.0,0.1,337.67593248927005,722.0461187033491,1.0,0.0,0.0,0.0,2.0
35131,0.0005866044384012564,0.12670655869467137,0.0,0.1,338.2630084725021,718.54955249791,1.0,0.0,0.0,0.0,2.0
35132,0.0004938068690394686,0.10666228371252523,0.0,0.1,341.38620778937144,712.1448372447887,1.0,0.0,0.0,0.0,2.0
35133,0.0006743560691722598,0.14566091094120814,0.0,0.1,340.86758959140417,709.0685700735532,1.0,0.0,0.0,0.0,2.0
35134,0.0002784539508121746,0.06014605337542972,1.0,0.1,338.93152787488384,707.6224918750033,1.0,0.0,0.0,0.0,2.0
35135,0.0002391109878389332,0.05164797337320957,1.0,0.1,338.05114755286553,707.1875706335286,1.0,0.0,0.0,0.0,2.0
35136,0.00032691405067313803,0.07061343494539782,1.0,0.1,337.0765429950757,711.4190183590479,1.0,0.0,0.0,0.0,2.0
35137,0.00037350064538636417,0.08067613940345467,1.0,0.1,340.0473581685849,712.7146824939858,1.0,0.0,0.0,0.0,2.0
35138,0.000252508188764302,0.054541768773089236,1.0,0.1,340.75301679646844,713.3184270509583,1.0,0.0,0.0,0.0,2.0
35139,0.0005663503104867877,0.12233166706514616,0.0,0.1,341.74841216608354,715.0076690374091,1.0,0.0,0.0,0.0,2.0
35140,0.00034984259635436916,0.07556600081254373,1.0,0.1,340.1362063819132,717.5415003833131,1.0,0.0,0.0,0.0,2.0
35141,0.00020388594955889102,0.04403936510472046,1.0,0.1,340.889389537584,716.9939954343789,1.0,0.0,0.0,0.0,2.0
35142,0.00040938041399584145,0.08842616942310176,1.0,0.1,342.5206329900123,716.8884530439684,1.0,0.0,0.0,0.0,2.0
35143,0.00024927737903591204,0.053843913871757,1.0,0.1,343.3889676690458,722.4849814819393,1.0,0.0,0.0,0.0,2.0
35144,0.0003543417633253592,0.0765378208782776,1.0,0.1,346.4171133889401,725.7734652250218,1.0,0.0,0.0,0.0,2.0
35145,0.0008063089239553555,0.1741627275743568,0.0,0.1,350.9516286510724,728.3057240627364,1.0,0.0,0.0,0.0,2.0
35146,0.0004313306249123885,0.09316741498107592,1.0,0.1,352.59454711621885,728.8360697131427,1.0,0.0,0.0,0.0,2.0
35147,0.0003217448102921607,0.06949687902310671,1.0,0.1,353.33658820908164,728.9425589680634,1.0,0.0,0.0,0.0,2.0
35148,0.0004285135761951059,0.09255893245814288,1.0,0.1,355.412975977592,729.1288637807086,1.0,0.0,0.0,0.0,2.0
35149,0.0005058838591835025,0.10927091358363654,0.0,0.1,359.1508825940139,725.915422307239,1.0,0.0,0.0,0.0,2.0
35150,0.00017023951886401928,0.036771736074628164,1.0,0.1,360.2969358526434,726.169714850498,1.0,0.0,0.0,0.0,2.0
35151,0.00016371617838449611,0.03536269453105116,1.0,0.1,359.444654524754,726.7735955441802,1.0,0.0,0.0,0.0,2.0
35152,0.00037714103818320177,0.08146246424757159,1.0,0.1,360.39383928657236,725.2733507903691,1.0,0.0,0.0,0.0,2.0
35153,0.0005575356644048267,0.12042770351144258,0.0,0.1,361.54635096755635,724.2767273112215,1.0,0.0,0.0,0.0,2.0
35154,0.000769592236088609,0.16623192299513956,0.0,0.1,362.5457154868194,721.4040047910061,1.0,0.0,0.0,0.0,2.0
35155,0.00011863979774090858,0.025626196312036255,1.0,0.1,361.45353549322704,718.0889023593967,1.0,0.0,0.0,0.0,2.0
35156,0.00023198817320075013,0.05010944541136203,1.0,0.1,359.5207100397361,717.7057588314904,1.0,0.0,0.0,0.0,2.0
35157,0.000501222661172077,0.10826409481316863,0.0,0.1,359.3326666307968,716.7936074025595,1.0,0.0,0.0,0.0,2.0
35158,0.0005373501792885286,0.11606763872632217,0.0,0.1,360.00523138447574,718.1582617584053,1.0,0.0,0.0,0.0,2.0
35159,0.0003680702835885953,0.07950318125513658,1.0,0.1,359.33466236483537,721.9575488202814,1.0,0.0,0.0,0.0,2.0
35160,0.00044531033387263687,0.09618703211648956,1.0,0.1,358.1991615017319,723.5019907456671,1.0,0.0,0.0,0.0,2.0
35161,0.0003829848010395909,0.08272471702455164,1.0,0.1,358.87915325560607,724.9636136945114,1.0,0.0,0.0,0.0,2.0
35162,0.0002483231550917926,0.0536378014998272,1.0,0.1,358.44686879862377,726.6122751106769,1.0,0.0,0.0,0.0,2.0
35163,0.00019432252568559865,0.04197366554808931,1.0,0.1,356.1224495888788,728.5833900918435,1.0,0.0,0.0,0.0,2.0
35164,0.000133189683586907,0.028768971654771915,1.0,0.1,360.78526228563373,728.4383714606893,1.0,0.0,0.0,0.0,2.0
35165,0.00016767336310143793,0.036217446429910594,1.0,0.1,363.49712085674076,729.6125596355087,1.0,0.0,0.0,0.0,2.0
35166,0.0009867484834437312,0.21313767242384593,0.0,0.1,366.92362819392355,736.2023646239901,1.0,0.0,0.0,0.0,2.0
35167,0.0005942976340897875,0.1283682889633941,0.0,0.1,372.3160083092449,740.6152274506924,1.0,0.0,0.0,0.0,2.0
35168,0.00014369704648099766,0.031038562039895492,1.0,0.1,372.9647759704576,744.082932706871,1.0,0.0,0.0,0.0,2.0
35169,0.00042740613111498526,0.09231972432083682,1.0,0.1,373.7256986577527,745.1640211895688,1.0,0.0,0.0,0.0,2.0
35170,0.0006796987657316835,0.14681493339804363,0.0,0.1,373.834356872096,747.0713987110818,1.0,0.0,0.0,0.0,2.0
35171,0.000643973817628935,0.13909834460784995,0.0,0.1,377.37435755972325,750.2615639244516,1.0,0.0,0.0,0.0,2.0
35172,0.00013576985054118034,0.029326287716894953,1.0,0.1,378.9525547077216,753.6894095564863,1.0,0.0,0.0,0.0,2.0
35173,0.00028305066709431135,0.06113894409237126,1.0,0.1,380.22130460203584,757.2729922266856,1.0,0.0,0.0,0.0,2.0
35174,0.0007392840185708971,0.1596853480113138,0.0,0.1,380.404768994045,758.2913290488049,1.0,0.0,0.0,0.0,2.0
35175,0.000616940623571805,0.13325917469150989,0.0,0.1,380.411758452112,759.2216499171881,1.0,0.0,0.0,0.0,2.0
35176,0.0006285592104327946,0.1357687894534836,0.0,0.1,383.2354815616583,758.5705320671041,1.0,0.0,0.0,0.0,2.0
35177,0.0007129734302175335,0.15400226092698724,0.0,0.1,386.50709307467764,758.7216035808019,1.0,0.0,0.0,0.0,2.0
35178,0.0005647090356538192,0.12197715170122497,0.0,0.1,390.5553326650973,758.4167783157835,1.0,0.0,0.0,0.0,2.0
35179,0.0002920855721426166,0.06309048358280518,1.0,0.1,390.906336723443,759.3903839839222,1.0,0.0,0.0,0.0,2.0
35180,0.0011255406587279055,0.24311678228522757,0.0,0.1,384.06811207474937,760.670352187636,1.0,0.0,0.0,0.0,2.0
35181,0.003671043917607654,0.7929454862032532,0.0,0.1,374.1925556273018,763.2908454824477,1.0,0.0,0.0,0.0,2.0
35182,0.005479958081789037,1.183670945666432,0.0,0.1,366.85633411560286,763.6616881787725,1.0,0.0,0.0,0.0,2.0
35183,0.003586036281773615,0.774583836863101,0.0,0.1,363.2142857163266,762.6682106560244,1.0,0.0,0.0,0.0,2.0
35184,0.0004179354047666378,0.09027404742959377,1.0,0.1,355.4052248289446,759.8627803863691,1.0,0.0,0.0,0.0,2.0
35185,0.0003150137562813101,0.06804297135676297,1.0,0.1,346.08293610681574,756.6164460384241,1.0,0.0,0.0,0.0,2.0
35186,0.0009956594384319555,0.2150624387013024,0.0,0.1,337.15816707528023,749.1853379606312,1.0,0.0,0.0,0.0,2.0
35187,0.0014840191484532612,0.32054813606590443,0.0,0.1,332.66579429273634,747.6892255947782,1.0,0.0,0.0,0.0,2.0
35188,0.0006093595750167111,0.1316216682036096,0.0,0.1,327.75345387710314,745.749159797368,1.0,0.0,0.0,0.0,2.0
35189,0.001137313634533799,0.2456597450593006,0.0,0.1,323.05014318326556,745.780814958828,1.0,0.0,0.0,0.0,2.0
35190,0.000489024180098661,0.10562922290131078,0.0,0.1,317.1487309565163,746.5505358679069,1.0,0.0,0.0,0.0,2.0
35191,0.0008495875306235616,0.18351090661468933,0.0,0.1,312.3378817984807,749.7043752612856,1.0,0.0,0.0,0.0,2.0
35192,0.0007733572511255944,0.1670451662431284,0.0,0.1,310.2840014581811,751.6837578194363,1.0,0.0,0.0,0.0,2.0
35193,0.0007141132016643644,0.1542484515595027,0.0,0.1,304.59192133771313,754.0422104203819,1.0,0.0,0.0,0.0,2.0
35194,0.0014583526561694757,0.31500417373260675,0.0,0.1,297.2251078322581,758.211499406822,1.0,0.0,0.0,0.0,2.0
35195,0.0008891896912055397,0.1920649733003966,0.0,0.1,290.70546279275794,767.1942449078585,1.0,0.0,0.0,0.0,2.0
35196,0.0016825682658491276,0.3634347454234116,0.0,0.1,288.5327576157724,772.1918701079018,1.0,0.0,0.0,0.0,2.0
35197,0.0011478995538003812,0.24794630362088232,0.0,0.1,283.84949408818625,784.9590051635404,1.0,0.0,0.0,0.0,2.0
35198,0.0019599293751126463,0.4233447450243316,0.0,0.1,278.9453187374453,800.5684087995327,1.0,0.0,0.0,0.0,2.0
35199,0.0020281931137607154,0.43808971257231455,0.0,0.1,277.578741945979,817.4295148408111,1.0,0.0,0.0,0.0,2.0
35200,0.002412656273618757,0.5211337551016515,0.0,0.1,280.17905012373143,832.3781618694416,1.0,0.0,0.0,0.0,2.0
35201,0.0025674884934830467,0.5545775145923381,0.0,0.1,281.2670286075661,839.07330547836,1.0,0.0,0.0,0.0,2.0
35202,0.003129856816517685,0.67604907236782,0.0,0.1,282.38275904510493,850.9657781216773,1.0,0.0,0.0,0.0,2.0
35203,0.002963522556419983,0.6401208721867164,0.0,0.1,283.2225091404471,862.5974685437367,1.0,0.0,0.0,0.0,2.0
35204,0.0016094678931786667,0.34764506492659203,0.0,0.1,287.97261627368806,877.8276000555035,1.0,0.0,0.0,0.0,2.0
35205,0.003439614421144698,0.7429567149672548,0.0,0.1,288.63404040638795,883.0692760390356,1.0,0.0,0.0,0.0,2.0
35206,0.0030585483936385553,0.660646453025928,0.0,0.1,290.71572172272914,893.8381662235794,1.0,0.0,0.0,0.0,2.0
35207,0.0035714694791032,0.7714374074862912,0.0,0.1,292.89509849424974,900.6846722829557,1.0,0.0,0.0,0.0,2.0
35208,0.003137021600065081,0.6775966656140575,0.0,0.1,294.0792538039291,906.6801148918402,1.0,0.0,0.0,0.0,2.0
35209,0.0009052179327481707,0.1955270734736049,0.0,0.1,296.28024674615403,915.3994166631827,1.0,0.0,0.0,0.0,2.0
35210,0.0024360353126985854,0.5261836275428945,0.0,0.1,298.98089446734997,920.6882998718285,1.0,0.0,0.0,0.0,2.0
35211,0.0032581220342841437,0.703754359405375,0.0,0.1,303.0603934935456,924.4280562099663,1.0,0.0,0.0,0.0,2.0
35212,0.0007244397388911108,0.15647898360047996,0.0,0.1,308.49288354977307,931.6395517778133,1.0,0.0,0.0,0.0,2.0
35213,0.0013372761614562478,0.2888516508745495,0.0,0.1,310.60653443574944,932.8101639337538,1.0,0.0,0.0,0.0,2.0
35214,0.0011847045313078716,0.25589617876250026,0.0,0.1,308.7071363480439,933.4517358828613,1.0,0.0,0.0,0.0,2.0
35215,0.0018635062618208903,0.40251735255331234,0.0,0.1,307.3447976221176,934.8630452888603,1.0,0.0,0.0,0.0,2.0
35216,0.001282564964065885,0.27703403223823114,0.0,0.1,305.95540247947827,937.1954228962761,1.0,0.0,0.0,0.0,2.0
35217,0.0006592714823537862,0.1424026401884178,0.0,0.1,306.03480347629403,940.84471238455,1.0,0.0,0.0,0.0,2.0
35218,0.0009109135449257218,0.1967573257039559,0.0,0.1,307.0550263041276,946.1141217699961,1.0,0.0,0.0,0.0,2.0
35219,0.0009032322476203353,0.1950981654859924,0.0,0.1,306.4207319926057,947.9732482036521,1.0,0.0,0.0,0.0,2.0
35220,0.0014096867332681134,0.3044923343859125,0.0,0.1,304.1599676841377,951.387831827413,1.0,0.0,0.0,0.0,2.0
35221,0.001096975862101595,0.23694678621394452,0.0,0.1,302.54922620277335,960.097445561326,1.0,0.0,0.0,0.0,2.0
35222,0.0005306634473427849,0.11462330462604153,0.0,0.1,299.3144736740987,967.1731823195488,1.0,0.0,0.0,0.0,2.0
35223,0.0021239199494176185,0.45876670907420564,0.0,0.1,299.79902593409975,970.9345238014289,1.0,0.0,0.0,0.0,2.0
35224,0.000805715498509729,0.17403454767810148,0.0,0.1,298.09428385801766,974.5061167444723,1.0,0.0,0.0,0.0,2.0
35225,0.0007104914393690969,0.15346615090372492,0.0,0.1,298.8465281176392,978.3118655411954,1.0,0.0,0.0,0.0,2.0
35226,0.0005296708451526816,0.11440890255297921,0.0,0.1,299.5797537996408,982.0460497105305,1.0,0.0,0.0,0.0,2.0
35227,0.000649559646322525,0.1403048836056654,0.0,0.1,301.2873201435468,986.5247088359322,1.0,0.0,0.0,0.0,2.0
35228,0.0010881888636466647,0.23504879454767957,0.0,0.1,302.1253507770148,987.0753936225761,1.0,0.0,0.0,0.0,2.0
35229,0.0006793326726349116,0.1467358572891409,0.0,0.1,301.3801330257856,989.4094269731264,1.0,0.0,0.0,0.0,2.0
35230,0.00129378621232313,0.2794578218617961,0.0,0.1,298.8130128588307,990.4226242623791,1.0,0.0,0.0,0.0,2.0
35231,0.00047944449031420746,0.10356000990786882,0.0,0.1,298.1236319363718,989.6609884546971,1.0,0.0,0.0,0.0,2.0
35232,0.0009589998242902732,0.207143962046699,0.0,0.1,298.0366918737848,989.1188967187651,1.0,0.0,0.0,0.0,2.0
35233,0.001797486850152356,0.3882571596329089,0.0,0.1,298.40671996284766,986.4906749064751,1.0,0.0,0.0,0.0,2.0
35234,0.0013983428927527948,0.30204206483460366,0.0,0.1,298.36433194338633,985.1413957843098,1.0,0.0,0.0,0.0,2.0
35235,0.0010216937963529943,0.22068586001224677,0.0,0.1,297.86063921234546,979.7607039881564,1.0,0.0,0.0,0.0,2.0
35236,0.0004280079272436674,0.09244971228463217,1.0,0.1,297.171752494444,975.7736879289762,1.0,0.0,0.0,0.0,2.0
35237,0.001150610184908354,0.24853179994020447,0.0,0.1,295.6192931001484,974.3439375406468,1.0,0.0,0.0,0.0,2.0
35238,0.0007422925693071723,0.16033519497034923,0.0,0.1,293.732850797344,971.9978306793656,1.0,0.0,0.0,0.0,2.0
35239,0.0009048616425496927,0.19545011479073363,0.0,0.1,289.97895152032993,968.8762980023531,1.0,0.0,0.0,0.0,2.0
35240,0.0005121043357885878,0.11061453653033496,0.0,0.1,287.695994503465,966.3319385839383,1.0,0.0,0.0,0.0,2.0
35241,0.00022536322536097222,0.04867845667797,1.0,0.1,287.7022454823322,966.0929563735364,1.0,0.0,0.0,0.0,2.0
35242,0.00018704954746998428,0.04040270225351661,1.0,0.1,284.85372575806224,966.2272413390962,1.0,0.0,0.0,0.0,2.0
35243,0.0006431537779724593,0.1389212160420512,0.0,0.1,284.74439194420137,966.5801652890661,1.0,0.0,0.0,0.0,2.0
35244,0.0008066610109125853,0.17423877835711843,0.0,0.1,285.69673798349254,965.8144512735107,1.0,0.0,0.0,0.0,2.0
35245,0.00030767740862719297,0.06645832026347369,1.0,0.1,285.82949303122666,965.9242282331488,1.0,0.0,0.0,0.0,2.0
35246,0.0005129714816140014,0.1108018400286243,0.0,0.1,285.70636377544014,964.8864300301723,1.0,0.0,0.0,0.0,2.0
35247,0.00024475110541905985,0.05286623877051693,1.0,0.1,285.48376604774523,964.4402739890809,1.0,0.0,0.0,0.0,2.0
35248,0.0006485756384472336,0.14009233790460246,0.0,0.1,286.16761343125046,963.7272774471478,1.0,0.0,0.0,0.0,2.0
35249,0.0006300783479000698,0.13609692314641508,0.0,0.1,285.99824509922274,964.1571231712518,1.0,0.0,0.0,0.0,2.0
35250,0.00018578771566302797,0.04013014658321404,1.0,0.1,285.6584250214606,964.0539948345486,1.0,0.0,0.0,0.0,2.0
35251,0.0006443525481871334,0.13918015040842083,0.0,0.1,287.6726430081994,962.8521285454435,1.0,0.0,0.0,0.0,2.0
35252,0.0003209695343860196,0.06932941942738023,1.0,0.1,288.98640658432663,960.3365461653674,1.0,0.0,0.0,0.0,2.0
35253,0.00032968634533110674,0.07121225059151906,1.0,0.1,291.1016997224428,958.8229121981312,1.0,0.0,0.0,0.0,2.0
35254,0.0001657339594325096,0.035798535237422074,1.0,0.1,296.8745505739939,959.4049353571612,1.0,0.0,0.0,0.0,2.0
35255,0.0005190383143007783,0.11211227588896812,0.0,0.1,298.1463244904968,959.3473218984784,1.0,0.0,0.0,0.0,2.0
35256,0.00016548861407444785,0.03574554064008074,1.0,0.1,299.68685863773555,959.0524407401527,1.0,0.0,0.0,0.0,2.0
35257,0.0003109716624781068,0.06716987909527107,1.0,0.1,300.20542552487746,957.8426995931184,1.0,0.0,0.0,0.0,2.0
35258,0.0001361997693859099,0.029419150187356535,1.0,0.1,301.84218991794233,950.8359258403957,1.0,0.0,0.0,0.0,2.0
35259,0.00071888323067794,0.15527877782643504,0.0,0.1,302.8540615503983,947.2459523662158,1.0,0.0,0.0,0.0,2.0
35260,0.0007129908862946214,0.15400603143963823,0.0,0.1,304.4658417543553,945.3877319603619,1.0,0.0,0.0,0.0,2.0
35261,0.0010041840618289102,0.2169037573550446,0.0,0.1,306.21895600707444,942.7754764577709,1.0,0.0,0.0,0.0,2.0
35262,0.0002746345505238485,0.05932106291315128,1.0,0.1,306.4007240986907,940.2223528912134,1.0,0.0,0.0,0.0,2.0
35263,0.00021931633043660844,0.047372327374307424,1.0,0.1,306.70142071010673,937.3105510293316,1.0,0.0,0.0,0.0,2.0
35264,0.0007874714227603112,0.17009382731622724,0.0,0.1,307.63442042233754,935.0947214351753,1.0,0.0,0.0,0.0,2.0
35265,0.0006385969057596913,0.13793693164409332,0.0,0.1,309.5357618885316,931.3531564506414,1.0,0.0,0.0,0.0,2.0
35266,0.0016321323434092302,0.3525405861763937,0.0,0.1,310.30538725881513,928.5426662340521,1.0,0.0,0.0,0.0,2.0
35267,0.0004197953342437282,0.0906757921966453,1.0,0.1,312.56410738952985,926.5075416832691,1.0,0.0,0.0,0.0,2.0
35268,0.0005353130152253878,0.11562761128868378,0.0,0.1,313.7517160434499,926.3562768733578,1.0,0.0,0.0,0.0,2.0
35269,0.00018005008314711505,0.03889081795977685,1.0,0.1,315.6686818398489,926.8716379352838,1.0,0.0,0.0,0.0,2.0
35270,0.0003563129932838002,0.07696360654930086,1.0,0.1,315.44541147578155,927.0998852606259,1.0,0.0,0.0,0.0,2.0
35271,0.0007631519288397185,0.1648408166293792,0.0,0.1,314.24206223722575,924.6771734320553,1.0,0.0,0.0,0.0,2.0
35272,0.00042803367394528096,0.09245527357218068,1.0,0.1,314.2436787783797,920.5003983200471,1.0,0.0,0.0,0.0,2.0
35273,0.0013779490536761948,0.2976369955940581,0.0,0.1,313.58857115703995,919.9424518030153,1.0,0.0,0.0,0.0,2.0
35274,0.00034617600876813136,0.07477401789391638,1.0,0.1,310.3140089881011,919.1487271399923,1.0,0.0,0.0,0.0,2.0
35275,0.00018445118624614868,0.03984145622916812,1.0,0.1,305.4270887614677,919.44762133469,1.0,0.0,0.0,0.0,2.0
35276,0.00034896175414244696,0.07537573889476853,1.0,0.1,304.1861982032256,918.0942966730386,1.0,0.0,0.0,0.0,2.0
35277,0.0002967899491052991,0.06410662900674462,1.0,0.1,302.76600947629805,918.112233578331,1.0,0.0,0.0,0.0,2.0
35278,0.0002735288078716081,0.059082222500267345,1.0,0.1,302.3401973805072,912.7820819624361,1.0,0.0,0.0,0.0,2.0
35279,0.0008816195114683004,0.19042981447715288,0.0,0.1,299.499878372593,910.9165406393671,1.0,0.0,0.0,0.0,2.0
35280,0.0005589182607102675,0.12072634431341779,0.0,0.1,296.6430981763395,912.0867288179888,1.0,0.0,0.0,0.0,2.0
35281,0.00022879567316755678,0.04941986540419226,1.0,0.1,295.72004254788897,911.2256874621894,1.0,0.0,0.0,0.0,2.0
35282,0.0003337960590217456,0.07209994874869705,1.0,0.1,295.86166961529653,911.2370473824031,1.0,0.0,0.0,0.0,2.0
35283,0.0006761034201459623,0.14603833875152789,0.0,0.1,294.4735193757012,906.529067704156,1.0,0.0,0.0,0.0,2.0
35284,0.0003530797117374083,0.07626521773528018,1.0,0.1,293.938557677183,901.7227421920974,1.0,0.0,0.0,0.0,2.0
35285,0.00018703278688326065,0.0403990819667843,1.0,0.1,292.72977473228207,900.9488952279697,1.0,0.0,0.0,0.0,2.0
35286,0.00017700289783279433,0.038232625931883576,1.0,0.1,292.264726595204,899.5343115826643,1.0,0.0,0.0,0.0,2.0
35287,0.0005811487755208805,0.12552813551251019,0.0,0.1,290.3792083422991,897.1130363228398,1.0,0.0,0.0,0.0,2.0
35288,0.0005943526981581765,0.12838018280216612,0.0,0.1,288.6983137164747,891.7651564809572,1.0,0.0,0.0,0.0,2.0
35289,,,,0.1,288.5303893797486,884.3798553128396,1.0,0.0,0.0,0.0,2.0
35290,,,,0.1,283.7150991125208,879.6671471676328,,,0.0,0.0,2.0
35291,,,,0.1,281.35093685977034,877.7186245565908,,,0.0,0.0,2.0
35292,,,,0.1,280.5862348825591,874.531829371415,,,0.0,0.0,2.0
35293,,,,0.1,282.3180915256961,867.7211402941998,,,0.0,0.0,2.0
35294,,,,0.1,290.0038520742646,857.9574850277605,,,0.0,0.0,2.0
35295,0.0,0.0,0.0,0.0,0.0,0.0,,,0.0,0.0,0.0
